<?xml version="1.0" encoding="utf-8"?>
<COLLADA xmlns="http://www.collada.org/2005/11/COLLADASchema" version="1.4.1">
  <asset><contributor><author></author><authoring_tool>FBX COLLADA exporter</authoring_tool><comments></comments></contributor><created>2019-12-09T16:41:08Z</created><keywords></keywords><modified>2019-12-09T16:41:08Z</modified><revision></revision><subject></subject><title></title><unit meter="0.010000" name="centimeter"></unit><up_axis>Y_UP</up_axis></asset>
  <library_animations>
    <animation id="spine1_jnt-anim" name="spine1_jnt"><animation><source id="spine1_jnt-Matrix-animation-input"><float_array id="spine1_jnt-Matrix-animation-input-array" count="13">

0.000000 0.033333 0.066667 0.100000 0.133333 0.166667 0.200000 0.233333 0.266667 0.300000 0.333333 0.366667 0.400000</float_array><technique_common><accessor source="#spine1_jnt-Matrix-animation-input-array" count="13"><param name="TIME" type="float"/></accessor></technique_common></source><source id="spine1_jnt-Matrix-animation-output-transform"><float_array id="spine1_jnt-Matrix-animation-output-transform-array" count="208">

0.976621 -0.048284 -0.209475 0.199987 0.210891 0.404078 0.890082 0.298457 0.041668 -0.913449 0.404813 -0.347926 0.000000 0.000000 0.000000 1.000000
0.976621 -0.048284 -0.209475 0.199987 0.210891 0.404078 0.890082 0.298457 0.041668 -0.913449 0.404813 -0.347926 0.000000 0.000000 0.000000 1.000000
0.976621 -0.048284 -0.209475 0.199987 0.210891 0.404078 0.890082 0.298457 0.041668 -0.913449 0.404813 -0.347926 0.000000 0.000000 0.000000 1.000000
0.976621 -0.048284 -0.209475 0.199987 0.210891 0.404078 0.890082 0.298457 0.041668 -0.913449 0.404813 -0.347926 0.000000 0.000000 0.000000 1.000000
0.976621 -0.048284 -0.209475 0.199987 0.210891 0.404078 0.890082 0.298457 0.041668 -0.913449 0.404813 -0.347926 0.000000 0.000000 0.000000 1.000000
0.976621 -0.048284 -0.209475 0.199987 0.210891 0.404078 0.890082 0.298457 0.041668 -0.913449 0.404813 -0.347926 0.000000 0.000000 0.000000 1.000000
0.976621 -0.048284 -0.209475 0.199987 0.210891 0.404078 0.890082 0.298457 0.041668 -0.913449 0.404813 -0.347926 0.000000 0.000000 0.000000 1.000000
0.976621 -0.048284 -0.209475 0.199987 0.210891 0.404078 0.890082 0.298457 0.041668 -0.913449 0.404813 -0.347926 0.000000 0.000000 0.000000 1.000000
0.976621 -0.048284 -0.209475 0.199987 0.210891 0.404078 0.890082 0.298457 0.041668 -0.913449 0.404813 -0.347926 0.000000 0.000000 0.000000 1.000000
0.976621 -0.048284 -0.209475 0.199987 0.210891 0.404078 0.890082 0.298457 0.041668 -0.913449 0.404813 -0.347926 0.000000 0.000000 0.000000 1.000000
0.976621 -0.048284 -0.209475 0.199987 0.210891 0.404078 0.890082 0.298457 0.041668 -0.913449 0.404813 -0.347926 0.000000 0.000000 0.000000 1.000000
0.976621 -0.048284 -0.209475 0.199987 0.210891 0.404078 0.890082 0.298457 0.041668 -0.913449 0.404813 -0.347926 0.000000 0.000000 0.000000 1.000000
0.976621 -0.048284 -0.209475 0.199987 0.210891 0.404078 0.890082 0.298457 0.041668 -0.913449 0.404813 -0.347926 0.000000 0.000000 0.000000 1.000000</float_array><technique_common><accessor source="#spine1_jnt-Matrix-animation-output-transform-array" count="13" stride="16"><param type="float4x4"/></accessor></technique_common></source><source id="spine1_jnt-Interpolations"><Name_array id="spine1_jnt-Interpolations-array" count="13">
 LINEAR LINEAR LINEAR LINEAR LINEAR LINEAR LINEAR LINEAR LINEAR LINEAR LINEAR
LINEAR LINEAR</Name_array><technique_common><accessor source="#spine1_jnt-Interpolations-array" count="13"><param type="name"/></accessor></technique_common></source><sampler id="spine1_jnt-Matrix-animation-transform"><input semantic="INPUT" source="#spine1_jnt-Matrix-animation-input"/><input semantic="OUTPUT" source="#spine1_jnt-Matrix-animation-output-transform"/><input semantic="INTERPOLATION" source="#spine1_jnt-Interpolations"/></sampler><channel source="#spine1_jnt-Matrix-animation-transform" target="spine1_jnt/matrix"/></animation></animation>
    <animation id="r_uleg1_jnt-anim" name="r_uleg1_jnt"><animation><source id="r_uleg1_jnt-Matrix-animation-input"><float_array id="r_uleg1_jnt-Matrix-animation-input-array" count="13">

0.000000 0.033333 0.066667 0.100000 0.133333 0.166667 0.200000 0.233333 0.266667 0.300000 0.333333 0.366667 0.400000</float_array><technique_common><accessor source="#r_uleg1_jnt-Matrix-animation-input-array" count="13"><param name="TIME" type="float"/></accessor></technique_common></source><source id="r_uleg1_jnt-Matrix-animation-output-transform"><float_array id="r_uleg1_jnt-Matrix-animation-output-transform-array" count="208">

-0.033974 -0.230889 -0.972387 -0.413257 -0.950651 0.307693 -0.039845 -0.379657 0.308396 0.923047 -0.229949 0.248367 0.000000 0.000000 0.000000 1.000000
-0.033974 -0.230889 -0.972387 -0.413257 -0.950651 0.307693 -0.039845 -0.379657 0.308396 0.923047 -0.229949 0.248367 0.000000 0.000000 0.000000 1.000000
-0.033974 -0.230889 -0.972387 -0.413257 -0.950651 0.307693 -0.039845 -0.379657 0.308396 0.923047 -0.229949 0.248367 0.000000 0.000000 0.000000 1.000000
-0.033974 -0.230889 -0.972387 -0.413257 -0.950651 0.307693 -0.039845 -0.379657 0.308396 0.923047 -0.229949 0.248367 0.000000 0.000000 0.000000 1.000000
-0.033974 -0.230889 -0.972387 -0.413257 -0.950651 0.307693 -0.039845 -0.379657 0.308396 0.923047 -0.229949 0.248367 0.000000 0.000000 0.000000 1.000000
-0.033974 -0.230889 -0.972387 -0.413257 -0.950651 0.307693 -0.039845 -0.379657 0.308396 0.923047 -0.229949 0.248367 0.000000 0.000000 0.000000 1.000000
-0.033974 -0.230889 -0.972387 -0.413257 -0.950651 0.307693 -0.039845 -0.379657 0.308396 0.923047 -0.229949 0.248367 0.000000 0.000000 0.000000 1.000000
-0.033974 -0.230889 -0.972387 -0.413257 -0.950651 0.307693 -0.039845 -0.379657 0.308396 0.923047 -0.229949 0.248367 0.000000 0.000000 0.000000 1.000000
-0.033974 -0.230889 -0.972387 -0.413257 -0.950651 0.307693 -0.039845 -0.379657 0.308396 0.923047 -0.229949 0.248367 0.000000 0.000000 0.000000 1.000000
-0.033974 -0.230889 -0.972387 -0.413257 -0.950651 0.307693 -0.039845 -0.379657 0.308396 0.923047 -0.229949 0.248367 0.000000 0.000000 0.000000 1.000000
-0.033974 -0.230889 -0.972387 -0.413257 -0.950651 0.307693 -0.039845 -0.379657 0.308396 0.923047 -0.229949 0.248367 0.000000 0.000000 0.000000 1.000000
-0.033974 -0.230889 -0.972387 -0.413257 -0.950651 0.307693 -0.039845 -0.379657 0.308396 0.923047 -0.229949 0.248367 0.000000 0.000000 0.000000 1.000000
-0.033974 -0.230889 -0.972387 -0.413257 -0.950651 0.307693 -0.039845 -0.379657 0.308396 0.923047 -0.229949 0.248367 0.000000 0.000000 0.000000 1.000000</float_array><technique_common><accessor source="#r_uleg1_jnt-Matrix-animation-output-transform-array" count="13" stride="16"><param type="float4x4"/></accessor></technique_common></source><source id="r_uleg1_jnt-Interpolations"><Name_array id="r_uleg1_jnt-Interpolations-array" count="13">
 LINEAR LINEAR LINEAR LINEAR LINEAR LINEAR LINEAR LINEAR LINEAR LINEAR LINEAR
LINEAR LINEAR</Name_array><technique_common><accessor source="#r_uleg1_jnt-Interpolations-array" count="13"><param type="name"/></accessor></technique_common></source><sampler id="r_uleg1_jnt-Matrix-animation-transform"><input semantic="INPUT" source="#r_uleg1_jnt-Matrix-animation-input"/><input semantic="OUTPUT" source="#r_uleg1_jnt-Matrix-animation-output-transform"/><input semantic="INTERPOLATION" source="#r_uleg1_jnt-Interpolations"/></sampler><channel source="#r_uleg1_jnt-Matrix-animation-transform" target="r_uleg1_jnt/matrix"/></animation></animation>
    <animation id="r_leg1_jnt-anim" name="r_leg1_jnt"><animation><source id="r_leg1_jnt-Matrix-animation-input"><float_array id="r_leg1_jnt-Matrix-animation-input-array" count="13">

0.000000 0.033333 0.066667 0.100000 0.133333 0.166667 0.200000 0.233333 0.266667 0.300000 0.333333 0.366667 0.400000</float_array><technique_common><accessor source="#r_leg1_jnt-Matrix-animation-input-array" count="13"><param name="TIME" type="float"/></accessor></technique_common></source><source id="r_leg1_jnt-Matrix-animation-output-transform"><float_array id="r_leg1_jnt-Matrix-animation-output-transform-array" count="208">

0.743581 0.000000 0.668646 -0.000000 0.000000 1.000000 -0.000000 0.000000 -0.668646 0.000000 0.743581 0.230000 0.000000 0.000000 0.000000 1.000000
0.743581 0.000000 0.668646 -0.000000 0.000000 1.000000 -0.000000 0.000000 -0.668646 0.000000 0.743581 0.230000 0.000000 0.000000 0.000000 1.000000
0.743581 0.000000 0.668646 -0.000000 0.000000 1.000000 -0.000000 0.000000 -0.668646 0.000000 0.743581 0.230000 0.000000 0.000000 0.000000 1.000000
0.743581 0.000000 0.668646 -0.000000 0.000000 1.000000 -0.000000 0.000000 -0.668646 0.000000 0.743581 0.230000 0.000000 0.000000 0.000000 1.000000
0.743581 0.000000 0.668646 -0.000000 0.000000 1.000000 -0.000000 0.000000 -0.668646 0.000000 0.743581 0.230000 0.000000 0.000000 0.000000 1.000000
0.743581 0.000000 0.668646 -0.000000 0.000000 1.000000 -0.000000 0.000000 -0.668646 0.000000 0.743581 0.230000 0.000000 0.000000 0.000000 1.000000
0.743581 0.000000 0.668646 -0.000000 0.000000 1.000000 -0.000000 0.000000 -0.668646 0.000000 0.743581 0.230000 0.000000 0.000000 0.000000 1.000000
0.743581 0.000000 0.668646 -0.000000 0.000000 1.000000 -0.000000 0.000000 -0.668646 0.000000 0.743581 0.230000 0.000000 0.000000 0.000000 1.000000
0.743581 0.000000 0.668646 -0.000000 0.000000 1.000000 -0.000000 0.000000 -0.668646 0.000000 0.743581 0.230000 0.000000 0.000000 0.000000 1.000000
0.743581 0.000000 0.668646 -0.000000 0.000000 1.000000 -0.000000 0.000000 -0.668646 0.000000 0.743581 0.230000 0.000000 0.000000 0.000000 1.000000
0.743581 0.000000 0.668646 -0.000000 0.000000 1.000000 -0.000000 0.000000 -0.668646 0.000000 0.743581 0.230000 0.000000 0.000000 0.000000 1.000000
0.743581 0.000000 0.668646 -0.000000 0.000000 1.000000 -0.000000 0.000000 -0.668646 0.000000 0.743581 0.230000 0.000000 0.000000 0.000000 1.000000
0.743581 0.000000 0.668646 -0.000000 0.000000 1.000000 -0.000000 0.000000 -0.668646 0.000000 0.743581 0.230000 0.000000 0.000000 0.000000 1.000000</float_array><technique_common><accessor source="#r_leg1_jnt-Matrix-animation-output-transform-array" count="13" stride="16"><param type="float4x4"/></accessor></technique_common></source><source id="r_leg1_jnt-Interpolations"><Name_array id="r_leg1_jnt-Interpolations-array" count="13">
 LINEAR LINEAR LINEAR LINEAR LINEAR LINEAR LINEAR LINEAR LINEAR LINEAR LINEAR
LINEAR LINEAR</Name_array><technique_common><accessor source="#r_leg1_jnt-Interpolations-array" count="13"><param type="name"/></accessor></technique_common></source><sampler id="r_leg1_jnt-Matrix-animation-transform"><input semantic="INPUT" source="#r_leg1_jnt-Matrix-animation-input"/><input semantic="OUTPUT" source="#r_leg1_jnt-Matrix-animation-output-transform"/><input semantic="INTERPOLATION" source="#r_leg1_jnt-Interpolations"/></sampler><channel source="#r_leg1_jnt-Matrix-animation-transform" target="r_leg1_jnt/matrix"/></animation></animation>
    <animation id="r_leg2_jnt-anim" name="r_leg2_jnt"><animation><source id="r_leg2_jnt-Matrix-animation-input"><float_array id="r_leg2_jnt-Matrix-animation-input-array" count="13">

0.000000 0.033333 0.066667 0.100000 0.133333 0.166667 0.200000 0.233333 0.266667 0.300000 0.333333 0.366667 0.400000</float_array><technique_common><accessor source="#r_leg2_jnt-Matrix-animation-input-array" count="13"><param name="TIME" type="float"/></accessor></technique_common></source><source id="r_leg2_jnt-Matrix-animation-output-transform"><float_array id="r_leg2_jnt-Matrix-animation-output-transform-array" count="208">

-0.656359 -0.675875 -0.335240 -0.380766 -0.492698 0.720509 -0.487970 -0.436460 0.571350 -0.155111 -0.805915 -0.094663 0.000000 0.000000 0.000000 1.000000
-0.655238 -0.667143 -0.354378 -0.380766 -0.479209 0.729724 -0.487711 -0.436460 0.583971 -0.149746 -0.797843 -0.094663 0.000000 0.000000 0.000000 1.000000
-0.650785 -0.646198 -0.398631 -0.380766 -0.447413 0.750569 -0.486280 -0.436460 0.613433 -0.138111 -0.777577 -0.094663 0.000000 0.000000 0.000000 1.000000
-0.642469 -0.621226 -0.448678 -0.380766 -0.410376 0.773386 -0.483183 -0.436460 0.647167 -0.126303 -0.751812 -0.094663 0.000000 0.000000 0.000000 1.000000
-0.633297 -0.600555 -0.488127 -0.380766 -0.380308 0.790819 -0.479553 -0.436460 0.674018 -0.118061 -0.729219 -0.094663 0.000000 0.000000 0.000000 1.000000
-0.628925 -0.592000 -0.503973 -0.380766 -0.367996 0.797687 -0.477781 -0.436460 0.684859 -0.115029 -0.719539 -0.094663 0.000000 0.000000 0.000000 1.000000
-0.648812 -0.641722 -0.408945 -0.380766 -0.439824 0.754805 -0.486647 -0.436460 0.620966 -0.135878 -0.771971 -0.094663 0.000000 0.000000 0.000000 1.000000
-0.644431 -0.746954 -0.163611 -0.380766 -0.607150 0.629905 -0.484343 -0.436460 0.464842 -0.212789 -0.859443 -0.094663 0.000000 0.000000 0.000000 1.000000
-0.564452 -0.819980 0.095012 -0.380766 -0.759554 0.470859 -0.448742 -0.436460 0.323222 -0.325460 -0.888596 -0.094663 0.000000 0.000000 0.000000 1.000000
-0.508790 -0.836578 0.203150 -0.380766 -0.815775 0.393122 -0.424224 -0.436460 0.275034 -0.381566 -0.882476 -0.094663 0.000000 0.000000 0.000000 1.000000
-0.575820 -0.814528 0.070533 -0.380766 -0.746227 0.488362 -0.452380 -0.436460 0.334031 -0.313123 -0.889032 -0.094663 0.000000 0.000000 0.000000 1.000000
-0.650762 -0.733458 -0.196337 -0.380766 -0.586255 0.649699 -0.483939 -0.436460 0.482509 -0.199825 -0.852793 -0.094663 0.000000 0.000000 0.000000 1.000000
-0.656359 -0.675875 -0.335240 -0.380766 -0.492698 0.720509 -0.487970 -0.436460 0.571350 -0.155111 -0.805915 -0.094663 0.000000 0.000000 0.000000 1.000000</float_array><technique_common><accessor source="#r_leg2_jnt-Matrix-animation-output-transform-array" count="13" stride="16"><param type="float4x4"/></accessor></technique_common></source><source id="r_leg2_jnt-Interpolations"><Name_array id="r_leg2_jnt-Interpolations-array" count="13">
 LINEAR LINEAR LINEAR LINEAR LINEAR LINEAR LINEAR LINEAR LINEAR LINEAR LINEAR
LINEAR LINEAR</Name_array><technique_common><accessor source="#r_leg2_jnt-Interpolations-array" count="13"><param type="name"/></accessor></technique_common></source><sampler id="r_leg2_jnt-Matrix-animation-transform"><input semantic="INPUT" source="#r_leg2_jnt-Matrix-animation-input"/><input semantic="OUTPUT" source="#r_leg2_jnt-Matrix-animation-output-transform"/><input semantic="INTERPOLATION" source="#r_leg2_jnt-Interpolations"/></sampler><channel source="#r_leg2_jnt-Matrix-animation-transform" target="r_leg2_jnt/matrix"/></animation></animation>
    <animation id="r_leg3_jnt-anim" name="r_leg3_jnt"><animation><source id="r_leg3_jnt-Matrix-animation-input"><float_array id="r_leg3_jnt-Matrix-animation-input-array" count="13">

0.000000 0.033333 0.066667 0.100000 0.133333 0.166667 0.200000 0.233333 0.266667 0.300000 0.333333 0.366667 0.400000</float_array><technique_common><accessor source="#r_leg3_jnt-Matrix-animation-input-array" count="13"><param name="TIME" type="float"/></accessor></technique_common></source><source id="r_leg3_jnt-Matrix-animation-output-transform"><float_array id="r_leg3_jnt-Matrix-animation-output-transform-array" count="208">

-0.887320 -0.300539 -0.349769 -0.336837 -0.167821 0.916904 -0.362109 -0.444096 0.429533 -0.262607 -0.864025 -0.403838 0.000000 0.000000 0.000000 1.000000
-0.883444 -0.296203 -0.363029 -0.336837 -0.158991 0.918362 -0.362400 -0.444096 0.440735 -0.262442 -0.858415 -0.403838 0.000000 0.000000 0.000000 1.000000
-0.873449 -0.286092 -0.394002 -0.336837 -0.138202 0.921566 -0.362790 -0.444096 0.466890 -0.262426 -0.844480 -0.403838 0.000000 0.000000 0.000000 1.000000
-0.860242 -0.274485 -0.429700 -0.336837 -0.113939 0.924909 -0.362714 -0.444096 0.496993 -0.263062 -0.826920 -0.403838 0.000000 0.000000 0.000000 1.000000
-0.848223 -0.265177 -0.458475 -0.336837 -0.094121 0.927327 -0.362223 -0.444096 0.521210 -0.264094 -0.811538 -0.403838 0.000000 0.000000 0.000000 1.000000
-0.842950 -0.261392 -0.470222 -0.336837 -0.085958 0.928242 -0.361908 -0.444096 0.531080 -0.264651 -0.804931 -0.403838 0.000000 0.000000 0.000000 1.000000
-0.870673 -0.284261 -0.401403 -0.336837 -0.133376 0.921958 -0.363599 -0.444096 0.473433 -0.263038 -0.840638 -0.403838 0.000000 0.000000 0.000000 1.000000
-0.910930 -0.340599 -0.232806 -0.336837 -0.244959 0.900584 -0.359086 -0.444096 0.331966 -0.270074 -0.903802 -0.403838 0.000000 0.000000 0.000000 1.000000
-0.915105 -0.399788 -0.052465 -0.336837 -0.359585 0.868018 -0.342408 -0.444096 0.182431 -0.294474 -0.938085 -0.403838 0.000000 0.000000 0.000000 1.000000
-0.904526 -0.425460 0.028580 -0.336837 -0.410158 0.849743 -0.331221 -0.444096 0.116635 -0.311320 -0.943120 -0.403838 0.000000 0.000000 0.000000 1.000000
-0.916594 -0.393615 -0.070164 -0.336837 -0.348199 0.872114 -0.343765 -0.444096 0.196502 -0.290662 -0.936431 -0.403838 0.000000 0.000000 0.000000 1.000000
-0.908219 -0.332004 -0.254778 -0.336837 -0.230174 0.904729 -0.358450 -0.444096 0.349511 -0.266908 -0.898110 -0.403838 0.000000 0.000000 0.000000 1.000000
-0.887320 -0.300539 -0.349769 -0.336837 -0.167821 0.916904 -0.362109 -0.444096 0.429533 -0.262607 -0.864025 -0.403838 0.000000 0.000000 0.000000 1.000000</float_array><technique_common><accessor source="#r_leg3_jnt-Matrix-animation-output-transform-array" count="13" stride="16"><param type="float4x4"/></accessor></technique_common></source><source id="r_leg3_jnt-Interpolations"><Name_array id="r_leg3_jnt-Interpolations-array" count="13">
 LINEAR LINEAR LINEAR LINEAR LINEAR LINEAR LINEAR LINEAR LINEAR LINEAR LINEAR
LINEAR LINEAR</Name_array><technique_common><accessor source="#r_leg3_jnt-Interpolations-array" count="13"><param type="name"/></accessor></technique_common></source><sampler id="r_leg3_jnt-Matrix-animation-transform"><input semantic="INPUT" source="#r_leg3_jnt-Matrix-animation-input"/><input semantic="OUTPUT" source="#r_leg3_jnt-Matrix-animation-output-transform"/><input semantic="INTERPOLATION" source="#r_leg3_jnt-Interpolations"/></sampler><channel source="#r_leg3_jnt-Matrix-animation-transform" target="r_leg3_jnt/matrix"/></animation></animation>
    <animation id="fin_jnt-anim" name="fin_jnt"><animation><source id="fin_jnt-Matrix-animation-input"><float_array id="fin_jnt-Matrix-animation-input-array" count="13">

0.000000 0.033333 0.066667 0.100000 0.133333 0.166667 0.200000 0.233333 0.266667 0.300000 0.333333 0.366667 0.400000</float_array><technique_common><accessor source="#fin_jnt-Matrix-animation-input-array" count="13"><param name="TIME" type="float"/></accessor></technique_common></source><source id="fin_jnt-Matrix-animation-output-transform"><float_array id="fin_jnt-Matrix-animation-output-transform-array" count="208">

0.830901 0.556421 -0.000000 0.184134 -0.556421 0.830901 -0.000000 0.724213 -0.000000 0.000000 1.000000 0.339920 0.000000 0.000000 0.000000 1.000000
0.830901 0.556421 -0.000000 0.184134 -0.556421 0.830901 -0.000000 0.724213 -0.000000 0.000000 1.000000 0.339920 0.000000 0.000000 0.000000 1.000000
0.830901 0.556421 -0.000000 0.184134 -0.556421 0.830901 -0.000000 0.724213 -0.000000 0.000000 1.000000 0.339920 0.000000 0.000000 0.000000 1.000000
0.830901 0.556421 -0.000000 0.184134 -0.556421 0.830901 -0.000000 0.724213 -0.000000 0.000000 1.000000 0.339920 0.000000 0.000000 0.000000 1.000000
0.830901 0.556421 -0.000000 0.184134 -0.556421 0.830901 -0.000000 0.724213 -0.000000 0.000000 1.000000 0.339920 0.000000 0.000000 0.000000 1.000000
0.830901 0.556421 -0.000000 0.184134 -0.556421 0.830901 -0.000000 0.724213 -0.000000 0.000000 1.000000 0.339920 0.000000 0.000000 0.000000 1.000000
0.830901 0.556421 -0.000000 0.184134 -0.556421 0.830901 -0.000000 0.724213 -0.000000 0.000000 1.000000 0.339920 0.000000 0.000000 0.000000 1.000000
0.830901 0.556421 -0.000000 0.184134 -0.556421 0.830901 -0.000000 0.724213 -0.000000 0.000000 1.000000 0.339920 0.000000 0.000000 0.000000 1.000000
0.830901 0.556421 -0.000000 0.184134 -0.556421 0.830901 -0.000000 0.724213 -0.000000 0.000000 1.000000 0.339920 0.000000 0.000000 0.000000 1.000000
0.830901 0.556421 -0.000000 0.184134 -0.556421 0.830901 -0.000000 0.724213 -0.000000 0.000000 1.000000 0.339920 0.000000 0.000000 0.000000 1.000000
0.830901 0.556421 -0.000000 0.184134 -0.556421 0.830901 -0.000000 0.724213 -0.000000 0.000000 1.000000 0.339920 0.000000 0.000000 0.000000 1.000000
0.830901 0.556421 -0.000000 0.184134 -0.556421 0.830901 -0.000000 0.724213 -0.000000 0.000000 1.000000 0.339920 0.000000 0.000000 0.000000 1.000000
0.830901 0.556421 -0.000000 0.184134 -0.556421 0.830901 -0.000000 0.724213 -0.000000 0.000000 1.000000 0.339920 0.000000 0.000000 0.000000 1.000000</float_array><technique_common><accessor source="#fin_jnt-Matrix-animation-output-transform-array" count="13" stride="16"><param type="float4x4"/></accessor></technique_common></source><source id="fin_jnt-Interpolations"><Name_array id="fin_jnt-Interpolations-array" count="13">
 LINEAR LINEAR LINEAR LINEAR LINEAR LINEAR LINEAR LINEAR LINEAR LINEAR LINEAR
LINEAR LINEAR</Name_array><technique_common><accessor source="#fin_jnt-Interpolations-array" count="13"><param type="name"/></accessor></technique_common></source><sampler id="fin_jnt-Matrix-animation-transform"><input semantic="INPUT" source="#fin_jnt-Matrix-animation-input"/><input semantic="OUTPUT" source="#fin_jnt-Matrix-animation-output-transform"/><input semantic="INTERPOLATION" source="#fin_jnt-Interpolations"/></sampler><channel source="#fin_jnt-Matrix-animation-transform" target="fin_jnt/matrix"/></animation></animation>
    <animation id="head_jnt-anim" name="head_jnt"><animation><source id="head_jnt-Matrix-animation-input"><float_array id="head_jnt-Matrix-animation-input-array" count="13">

0.000000 0.033333 0.066667 0.100000 0.133333 0.166667 0.200000 0.233333 0.266667 0.300000 0.333333 0.366667 0.400000</float_array><technique_common><accessor source="#head_jnt-Matrix-animation-input-array" count="13"><param name="TIME" type="float"/></accessor></technique_common></source><source id="head_jnt-Matrix-animation-output-transform"><float_array id="head_jnt-Matrix-animation-output-transform-array" count="208">

0.778560 0.000000 0.627570 0.000000 0.572207 0.410675 -0.709877 -0.367949 -0.257727 0.911782 0.319735 0.414658 0.000000 0.000000 0.000000 1.000000
0.788096 0.000002 0.615552 0.000000 0.561403 0.410119 -0.718770 -0.367949 -0.252451 0.912032 0.323212 0.414658 0.000000 0.000000 0.000000 1.000000
0.811171 -0.000038 0.584808 0.000000 0.533640 0.409117 -0.740170 -0.367949 -0.239227 0.912482 0.331884 0.414658 0.000000 0.000000 0.000000 1.000000
0.839467 -0.000121 0.543410 0.000000 0.496008 0.408648 -0.766148 -0.367949 -0.221970 0.912692 0.343106 0.414658 0.000000 0.000000 0.000000 1.000000
0.865742 -0.000149 0.500491 0.000000 0.456741 0.409120 -0.789942 -0.367949 -0.204644 0.912480 0.354260 0.414658 0.000000 0.000000 0.000000 1.000000
0.884515 -0.000068 0.466512 0.000000 0.425499 0.410121 -0.806692 -0.367949 -0.191271 0.912031 0.362787 0.414658 0.000000 0.000000 0.000000 1.000000
0.891663 -0.000000 0.452700 0.000000 0.412764 0.410675 -0.813002 -0.367949 -0.185912 0.911782 0.366183 0.414658 0.000000 0.000000 0.000000 1.000000
0.884515 -0.000068 0.466512 0.000000 0.425499 0.410121 -0.806692 -0.367949 -0.191271 0.912031 0.362787 0.414658 0.000000 0.000000 0.000000 1.000000
0.865742 -0.000149 0.500491 0.000000 0.456741 0.409120 -0.789942 -0.367949 -0.204644 0.912480 0.354260 0.414658 0.000000 0.000000 0.000000 1.000000
0.839467 -0.000121 0.543410 0.000000 0.496008 0.408648 -0.766148 -0.367949 -0.221970 0.912692 0.343106 0.414658 0.000000 0.000000 0.000000 1.000000
0.811171 -0.000038 0.584808 0.000000 0.533640 0.409117 -0.740170 -0.367949 -0.239227 0.912482 0.331884 0.414658 0.000000 0.000000 0.000000 1.000000
0.788096 0.000002 0.615552 0.000000 0.561403 0.410119 -0.718770 -0.367949 -0.252451 0.912032 0.323212 0.414658 0.000000 0.000000 0.000000 1.000000
0.778560 0.000000 0.627570 0.000000 0.572207 0.410675 -0.709877 -0.367949 -0.257727 0.911782 0.319735 0.414658 0.000000 0.000000 0.000000 1.000000</float_array><technique_common><accessor source="#head_jnt-Matrix-animation-output-transform-array" count="13" stride="16"><param type="float4x4"/></accessor></technique_common></source><source id="head_jnt-Interpolations"><Name_array id="head_jnt-Interpolations-array" count="13">
 LINEAR LINEAR LINEAR LINEAR LINEAR LINEAR LINEAR LINEAR LINEAR LINEAR LINEAR
LINEAR LINEAR</Name_array><technique_common><accessor source="#head_jnt-Interpolations-array" count="13"><param type="name"/></accessor></technique_common></source><sampler id="head_jnt-Matrix-animation-transform"><input semantic="INPUT" source="#head_jnt-Matrix-animation-input"/><input semantic="OUTPUT" source="#head_jnt-Matrix-animation-output-transform"/><input semantic="INTERPOLATION" source="#head_jnt-Interpolations"/></sampler><channel source="#head_jnt-Matrix-animation-transform" target="head_jnt/matrix"/></animation></animation>
    <animation id="r_antenna1_jnt-anim" name="r_antenna1_jnt"><animation><source id="r_antenna1_jnt-Matrix-animation-input"><float_array id="r_antenna1_jnt-Matrix-animation-input-array" count="13">

0.000000 0.033333 0.066667 0.100000 0.133333 0.166667 0.200000 0.233333 0.266667 0.300000 0.333333 0.366667 0.400000</float_array><technique_common><accessor source="#r_antenna1_jnt-Matrix-animation-input-array" count="13"><param name="TIME" type="float"/></accessor></technique_common></source><source id="r_antenna1_jnt-Matrix-animation-output-transform"><float_array id="r_antenna1_jnt-Matrix-animation-output-transform-array" count="208">

0.889292 0.132196 0.437818 -0.248546 0.220379 0.714971 -0.663513 0.276260 -0.400741 0.686542 0.606685 0.377659 0.000000 0.000000 0.000000 1.000000
0.889292 0.132196 0.437818 -0.248546 0.220379 0.714971 -0.663513 0.276260 -0.400741 0.686542 0.606685 0.377659 0.000000 0.000000 0.000000 1.000000
0.889292 0.132196 0.437818 -0.248546 0.220379 0.714971 -0.663513 0.276260 -0.400741 0.686542 0.606685 0.377659 0.000000 0.000000 0.000000 1.000000
0.889292 0.132196 0.437818 -0.248546 0.220379 0.714971 -0.663513 0.276260 -0.400741 0.686542 0.606685 0.377659 0.000000 0.000000 0.000000 1.000000
0.889292 0.132196 0.437818 -0.248546 0.220379 0.714971 -0.663513 0.276260 -0.400741 0.686542 0.606685 0.377659 0.000000 0.000000 0.000000 1.000000
0.889292 0.132196 0.437818 -0.248546 0.220379 0.714971 -0.663513 0.276260 -0.400741 0.686542 0.606685 0.377659 0.000000 0.000000 0.000000 1.000000
0.889292 0.132196 0.437818 -0.248546 0.220379 0.714971 -0.663513 0.276260 -0.400741 0.686542 0.606685 0.377659 0.000000 0.000000 0.000000 1.000000
0.889292 0.132196 0.437818 -0.248546 0.220379 0.714971 -0.663513 0.276260 -0.400741 0.686542 0.606685 0.377659 0.000000 0.000000 0.000000 1.000000
0.889292 0.132196 0.437818 -0.248546 0.220379 0.714971 -0.663513 0.276260 -0.400741 0.686542 0.606685 0.377659 0.000000 0.000000 0.000000 1.000000
0.889292 0.132196 0.437818 -0.248546 0.220379 0.714971 -0.663513 0.276260 -0.400741 0.686542 0.606685 0.377659 0.000000 0.000000 0.000000 1.000000
0.889292 0.132196 0.437818 -0.248546 0.220379 0.714971 -0.663513 0.276260 -0.400741 0.686542 0.606685 0.377659 0.000000 0.000000 0.000000 1.000000
0.889292 0.132196 0.437818 -0.248546 0.220379 0.714971 -0.663513 0.276260 -0.400741 0.686542 0.606685 0.377659 0.000000 0.000000 0.000000 1.000000
0.889292 0.132196 0.437818 -0.248546 0.220379 0.714971 -0.663513 0.276260 -0.400741 0.686542 0.606685 0.377659 0.000000 0.000000 0.000000 1.000000</float_array><technique_common><accessor source="#r_antenna1_jnt-Matrix-animation-output-transform-array" count="13" stride="16"><param type="float4x4"/></accessor></technique_common></source><source id="r_antenna1_jnt-Interpolations"><Name_array id="r_antenna1_jnt-Interpolations-array" count="13">
 LINEAR LINEAR LINEAR LINEAR LINEAR LINEAR LINEAR LINEAR LINEAR LINEAR LINEAR
LINEAR LINEAR</Name_array><technique_common><accessor source="#r_antenna1_jnt-Interpolations-array" count="13"><param type="name"/></accessor></technique_common></source><sampler id="r_antenna1_jnt-Matrix-animation-transform"><input semantic="INPUT" source="#r_antenna1_jnt-Matrix-animation-input"/><input semantic="OUTPUT" source="#r_antenna1_jnt-Matrix-animation-output-transform"/><input semantic="INTERPOLATION" source="#r_antenna1_jnt-Interpolations"/></sampler><channel source="#r_antenna1_jnt-Matrix-animation-transform" target="r_antenna1_jnt/matrix"/></animation></animation>
    <animation id="r_antenna2_jnt-anim" name="r_antenna2_jnt"><animation><source id="r_antenna2_jnt-Matrix-animation-input"><float_array id="r_antenna2_jnt-Matrix-animation-input-array" count="13">

0.000000 0.033333 0.066667 0.100000 0.133333 0.166667 0.200000 0.233333 0.266667 0.300000 0.333333 0.366667 0.400000</float_array><technique_common><accessor source="#r_antenna2_jnt-Matrix-animation-input-array" count="13"><param name="TIME" type="float"/></accessor></technique_common></source><source id="r_antenna2_jnt-Matrix-animation-output-transform"><float_array id="r_antenna2_jnt-Matrix-animation-output-transform-array" count="208">

0.896318 -0.437585 -0.071650 -0.000000 0.437358 0.899073 -0.019663 0.000000 0.073022 -0.013712 0.997236 -0.779776 0.000000 0.000000 0.000000 1.000000
0.896318 -0.437585 -0.071650 -0.000000 0.437358 0.899073 -0.019663 0.000000 0.073022 -0.013712 0.997236 -0.779776 0.000000 0.000000 0.000000 1.000000
0.896318 -0.437585 -0.071650 -0.000000 0.437358 0.899073 -0.019663 0.000000 0.073022 -0.013712 0.997236 -0.779776 0.000000 0.000000 0.000000 1.000000
0.896318 -0.437585 -0.071650 -0.000000 0.437358 0.899073 -0.019663 0.000000 0.073022 -0.013712 0.997236 -0.779776 0.000000 0.000000 0.000000 1.000000
0.896318 -0.437585 -0.071650 0.000000 0.437358 0.899073 -0.019663 0.000000 0.073022 -0.013712 0.997236 -0.779776 0.000000 0.000000 0.000000 1.000000
0.896318 -0.437585 -0.071650 -0.000000 0.437358 0.899073 -0.019663 0.000000 0.073022 -0.013712 0.997236 -0.779776 0.000000 0.000000 0.000000 1.000000
0.896318 -0.437585 -0.071650 -0.000000 0.437358 0.899073 -0.019663 0.000000 0.073022 -0.013712 0.997236 -0.779776 0.000000 0.000000 0.000000 1.000000
0.896318 -0.437585 -0.071650 0.000000 0.437358 0.899073 -0.019663 0.000000 0.073022 -0.013712 0.997236 -0.779776 0.000000 0.000000 0.000000 1.000000
0.896318 -0.437585 -0.071650 0.000000 0.437358 0.899073 -0.019663 0.000000 0.073022 -0.013712 0.997236 -0.779776 0.000000 0.000000 0.000000 1.000000
0.896318 -0.437585 -0.071650 -0.000000 0.437358 0.899073 -0.019663 0.000000 0.073022 -0.013712 0.997236 -0.779776 0.000000 0.000000 0.000000 1.000000
0.896318 -0.437585 -0.071650 0.000000 0.437358 0.899073 -0.019663 0.000000 0.073022 -0.013712 0.997236 -0.779776 0.000000 0.000000 0.000000 1.000000
0.896318 -0.437585 -0.071650 -0.000000 0.437358 0.899073 -0.019663 0.000000 0.073022 -0.013712 0.997236 -0.779776 0.000000 0.000000 0.000000 1.000000
0.896318 -0.437585 -0.071650 0.000000 0.437358 0.899073 -0.019663 0.000000 0.073022 -0.013712 0.997236 -0.779776 0.000000 0.000000 0.000000 1.000000</float_array><technique_common><accessor source="#r_antenna2_jnt-Matrix-animation-output-transform-array" count="13" stride="16"><param type="float4x4"/></accessor></technique_common></source><source id="r_antenna2_jnt-Interpolations"><Name_array id="r_antenna2_jnt-Interpolations-array" count="13">
 LINEAR LINEAR LINEAR LINEAR LINEAR LINEAR LINEAR LINEAR LINEAR LINEAR LINEAR
LINEAR LINEAR</Name_array><technique_common><accessor source="#r_antenna2_jnt-Interpolations-array" count="13"><param type="name"/></accessor></technique_common></source><sampler id="r_antenna2_jnt-Matrix-animation-transform"><input semantic="INPUT" source="#r_antenna2_jnt-Matrix-animation-input"/><input semantic="OUTPUT" source="#r_antenna2_jnt-Matrix-animation-output-transform"/><input semantic="INTERPOLATION" source="#r_antenna2_jnt-Interpolations"/></sampler><channel source="#r_antenna2_jnt-Matrix-animation-transform" target="r_antenna2_jnt/matrix"/></animation></animation>
    <animation id="l_antenna1_jnt-anim" name="l_antenna1_jnt"><animation><source id="l_antenna1_jnt-Matrix-animation-input"><float_array id="l_antenna1_jnt-Matrix-animation-input-array" count="13">

0.000000 0.033333 0.066667 0.100000 0.133333 0.166667 0.200000 0.233333 0.266667 0.300000 0.333333 0.366667 0.400000</float_array><technique_common><accessor source="#l_antenna1_jnt-Matrix-animation-input-array" count="13"><param name="TIME" type="float"/></accessor></technique_common></source><source id="l_antenna1_jnt-Matrix-animation-output-transform"><float_array id="l_antenna1_jnt-Matrix-animation-output-transform-array" count="208">

0.889292 0.177642 0.421431 0.248546 -0.220379 -0.640991 0.735230 0.276260 0.400741 -0.746708 -0.530880 0.377658 0.000000 0.000000 0.000000 1.000000
0.889292 0.177642 0.421431 0.248546 -0.220379 -0.640991 0.735230 0.276260 0.400741 -0.746708 -0.530880 0.377658 0.000000 0.000000 0.000000 1.000000
0.889292 0.177642 0.421431 0.248546 -0.220379 -0.640991 0.735230 0.276260 0.400741 -0.746708 -0.530880 0.377658 0.000000 0.000000 0.000000 1.000000
0.889292 0.177642 0.421431 0.248546 -0.220379 -0.640991 0.735230 0.276260 0.400741 -0.746708 -0.530880 0.377658 0.000000 0.000000 0.000000 1.000000
0.889292 0.177642 0.421431 0.248546 -0.220379 -0.640991 0.735230 0.276260 0.400741 -0.746708 -0.530880 0.377658 0.000000 0.000000 0.000000 1.000000
0.889292 0.177642 0.421431 0.248546 -0.220379 -0.640991 0.735230 0.276260 0.400741 -0.746708 -0.530880 0.377658 0.000000 0.000000 0.000000 1.000000
0.889292 0.177642 0.421431 0.248546 -0.220379 -0.640991 0.735230 0.276260 0.400741 -0.746708 -0.530880 0.377658 0.000000 0.000000 0.000000 1.000000
0.889292 0.177642 0.421431 0.248546 -0.220379 -0.640991 0.735230 0.276260 0.400741 -0.746708 -0.530880 0.377658 0.000000 0.000000 0.000000 1.000000
0.889292 0.177642 0.421431 0.248546 -0.220379 -0.640991 0.735230 0.276260 0.400741 -0.746708 -0.530880 0.377658 0.000000 0.000000 0.000000 1.000000
0.889292 0.177642 0.421431 0.248546 -0.220379 -0.640991 0.735230 0.276260 0.400741 -0.746708 -0.530880 0.377658 0.000000 0.000000 0.000000 1.000000
0.889292 0.177642 0.421431 0.248546 -0.220379 -0.640991 0.735230 0.276260 0.400741 -0.746708 -0.530880 0.377658 0.000000 0.000000 0.000000 1.000000
0.889292 0.177642 0.421431 0.248546 -0.220379 -0.640991 0.735230 0.276260 0.400741 -0.746708 -0.530880 0.377658 0.000000 0.000000 0.000000 1.000000
0.889292 0.177642 0.421431 0.248546 -0.220379 -0.640991 0.735230 0.276260 0.400741 -0.746708 -0.530880 0.377658 0.000000 0.000000 0.000000 1.000000</float_array><technique_common><accessor source="#l_antenna1_jnt-Matrix-animation-output-transform-array" count="13" stride="16"><param type="float4x4"/></accessor></technique_common></source><source id="l_antenna1_jnt-Interpolations"><Name_array id="l_antenna1_jnt-Interpolations-array" count="13">
 LINEAR LINEAR LINEAR LINEAR LINEAR LINEAR LINEAR LINEAR LINEAR LINEAR LINEAR
LINEAR LINEAR</Name_array><technique_common><accessor source="#l_antenna1_jnt-Interpolations-array" count="13"><param type="name"/></accessor></technique_common></source><sampler id="l_antenna1_jnt-Matrix-animation-transform"><input semantic="INPUT" source="#l_antenna1_jnt-Matrix-animation-input"/><input semantic="OUTPUT" source="#l_antenna1_jnt-Matrix-animation-output-transform"/><input semantic="INTERPOLATION" source="#l_antenna1_jnt-Interpolations"/></sampler><channel source="#l_antenna1_jnt-Matrix-animation-transform" target="l_antenna1_jnt/matrix"/></animation></animation>
    <animation id="l_antenna2_jnt-anim" name="l_antenna2_jnt"><animation><source id="l_antenna2_jnt-Matrix-animation-input"><float_array id="l_antenna2_jnt-Matrix-animation-input-array" count="13">

0.000000 0.033333 0.066667 0.100000 0.133333 0.166667 0.200000 0.233333 0.266667 0.300000 0.333333 0.366667 0.400000</float_array><technique_common><accessor source="#l_antenna2_jnt-Matrix-animation-input-array" count="13"><param name="TIME" type="float"/></accessor></technique_common></source><source id="l_antenna2_jnt-Matrix-animation-output-transform"><float_array id="l_antenna2_jnt-Matrix-animation-output-transform-array" count="208">

0.896318 -0.437585 -0.071650 0.000000 0.437358 0.899073 -0.019663 -0.000002 0.073022 -0.013712 0.997236 0.779777 0.000000 0.000000 0.000000 1.000000
0.896318 -0.437585 -0.071650 0.000000 0.437358 0.899073 -0.019663 -0.000002 0.073022 -0.013712 0.997236 0.779777 0.000000 0.000000 0.000000 1.000000
0.896318 -0.437585 -0.071650 0.000000 0.437358 0.899073 -0.019663 -0.000002 0.073022 -0.013712 0.997236 0.779777 0.000000 0.000000 0.000000 1.000000
0.896318 -0.437585 -0.071650 0.000000 0.437358 0.899073 -0.019663 -0.000002 0.073022 -0.013712 0.997236 0.779777 0.000000 0.000000 0.000000 1.000000
0.896318 -0.437585 -0.071650 0.000000 0.437358 0.899073 -0.019663 -0.000002 0.073022 -0.013712 0.997236 0.779777 0.000000 0.000000 0.000000 1.000000
0.896318 -0.437585 -0.071650 0.000000 0.437358 0.899073 -0.019663 -0.000002 0.073022 -0.013712 0.997236 0.779777 0.000000 0.000000 0.000000 1.000000
0.896318 -0.437585 -0.071650 0.000000 0.437358 0.899073 -0.019663 -0.000002 0.073022 -0.013712 0.997236 0.779777 0.000000 0.000000 0.000000 1.000000
0.896318 -0.437585 -0.071650 0.000000 0.437358 0.899073 -0.019663 -0.000002 0.073022 -0.013712 0.997236 0.779777 0.000000 0.000000 0.000000 1.000000
0.896318 -0.437585 -0.071650 0.000000 0.437358 0.899073 -0.019663 -0.000002 0.073022 -0.013712 0.997236 0.779777 0.000000 0.000000 0.000000 1.000000
0.896318 -0.437585 -0.071650 0.000000 0.437358 0.899073 -0.019663 -0.000002 0.073022 -0.013712 0.997236 0.779777 0.000000 0.000000 0.000000 1.000000
0.896318 -0.437585 -0.071650 0.000000 0.437358 0.899073 -0.019663 -0.000002 0.073022 -0.013712 0.997236 0.779777 0.000000 0.000000 0.000000 1.000000
0.896318 -0.437585 -0.071650 0.000000 0.437358 0.899073 -0.019663 -0.000002 0.073022 -0.013712 0.997236 0.779777 0.000000 0.000000 0.000000 1.000000
0.896318 -0.437585 -0.071650 0.000000 0.437358 0.899073 -0.019663 -0.000002 0.073022 -0.013712 0.997236 0.779777 0.000000 0.000000 0.000000 1.000000</float_array><technique_common><accessor source="#l_antenna2_jnt-Matrix-animation-output-transform-array" count="13" stride="16"><param type="float4x4"/></accessor></technique_common></source><source id="l_antenna2_jnt-Interpolations"><Name_array id="l_antenna2_jnt-Interpolations-array" count="13">
 LINEAR LINEAR LINEAR LINEAR LINEAR LINEAR LINEAR LINEAR LINEAR LINEAR LINEAR
LINEAR LINEAR</Name_array><technique_common><accessor source="#l_antenna2_jnt-Interpolations-array" count="13"><param type="name"/></accessor></technique_common></source><sampler id="l_antenna2_jnt-Matrix-animation-transform"><input semantic="INPUT" source="#l_antenna2_jnt-Matrix-animation-input"/><input semantic="OUTPUT" source="#l_antenna2_jnt-Matrix-animation-output-transform"/><input semantic="INTERPOLATION" source="#l_antenna2_jnt-Interpolations"/></sampler><channel source="#l_antenna2_jnt-Matrix-animation-transform" target="l_antenna2_jnt/matrix"/></animation></animation>
    <animation id="spine2_jnt-anim" name="spine2_jnt"><animation><source id="spine2_jnt-Matrix-animation-input"><float_array id="spine2_jnt-Matrix-animation-input-array" count="13">

0.000000 0.033333 0.066667 0.100000 0.133333 0.166667 0.200000 0.233333 0.266667 0.300000 0.333333 0.366667 0.400000</float_array><technique_common><accessor source="#spine2_jnt-Matrix-animation-input-array" count="13"><param name="TIME" type="float"/></accessor></technique_common></source><source id="spine2_jnt-Matrix-animation-output-transform"><float_array id="spine2_jnt-Matrix-animation-output-transform-array" count="208">

-0.987326 0.000000 -0.158705 -0.000000 0.109111 0.726174 -0.678797 -0.193410 0.115247 -0.687511 -0.716971 -0.576051 0.000000 0.000000 0.000000 1.000000
-0.989640 -0.000013 -0.143568 -0.000000 0.098722 0.725998 -0.680574 -0.193410 0.104239 -0.687697 -0.718475 -0.576051 0.000000 0.000000 0.000000 1.000000
