<?xml version="1.0" encoding="utf-8"?>
<COLLADA xmlns="http://www.collada.org/2005/11/COLLADASchema" version="1.4.1">
  <asset><contributor><author></author><authoring_tool>FBX COLLADA exporter</authoring_tool><comments></comments></contributor><created>2019-12-09T16:37:23Z</created><keywords></keywords><modified>2019-12-09T16:37:23Z</modified><revision></revision><subject></subject><title></title><unit meter="0.010000" name="centimeter"></unit><up_axis>Y_UP</up_axis></asset>
  <library_animations>
    <animation id="spine1_jnt-anim" name="spine1_jnt"><animation><source id="spine1_jnt-Matrix-animation-input"><float_array id="spine1_jnt-Matrix-animation-input-array" count="21">

0.000000 0.033333 0.066667 0.100000 0.133333 0.166667 0.200000 0.233333 0.266667 0.300000 0.333333 0.366667 0.400000 0.433333 0.466667 0.500000
0.533333 0.566667 0.600000 0.633333 0.666667</float_array><technique_common><accessor source="#spine1_jnt-Matrix-animation-input-array" count="21"><param name="TIME" type="float"/></accessor></technique_common></source><source id="spine1_jnt-Matrix-animation-output-transform"><float_array id="spine1_jnt-Matrix-animation-output-transform-array" count="336">

0.976621 -0.048284 -0.209475 0.199987 0.210891 0.404078 0.890082 0.298457 0.041668 -0.913449 0.404813 -0.347926 0.000000 0.000000 0.000000 1.000000
0.976621 -0.048163 -0.209503 0.199987 0.210891 0.403564 0.890315 0.298457 0.041668 -0.913683 0.404287 -0.347926 0.000000 0.000000 0.000000 1.000000
0.976621 -0.047817 -0.209582 0.199987 0.210891 0.402095 0.890980 0.298457 0.041668 -0.914349 0.402779 -0.347926 0.000000 0.000000 0.000000 1.000000
0.976621 -0.047272 -0.209706 0.199987 0.210891 0.399773 0.892024 0.298457 0.041668 -0.915394 0.400396 -0.347926 0.000000 0.000000 0.000000 1.000000
0.976621 -0.046550 -0.209867 0.199987 0.210891 0.396703 0.893393 0.298457 0.041668 -0.916766 0.397246 -0.347926 0.000000 0.000000 0.000000 1.000000
0.976621 -0.045678 -0.210059 0.199987 0.210891 0.392988 0.895034 0.298457 0.041668 -0.918408 0.393434 -0.347926 0.000000 0.000000 0.000000 1.000000
0.976621 -0.044679 -0.210274 0.199987 0.210891 0.388731 0.896891 0.298457 0.041668 -0.920267 0.389066 -0.347926 0.000000 0.000000 0.000000 1.000000
0.976621 -0.043579 -0.210504 0.199987 0.210891 0.384037 0.898911 0.298457 0.041668 -0.922289 0.384249 -0.347926 0.000000 0.000000 0.000000 1.000000
0.976621 -0.042403 -0.210745 0.199987 0.210891 0.379010 0.901042 0.298457 0.041668 -0.924421 0.379092 -0.347926 0.000000 0.000000 0.000000 1.000000
0.976621 -0.041175 -0.210988 0.199987 0.210891 0.373756 0.903234 0.298457 0.041668 -0.926613 0.373701 -0.347926 0.000000 0.000000 0.000000 1.000000
0.976621 -0.039920 -0.211229 0.199987 0.210891 0.368381 0.905439 0.298457 0.041668 -0.928818 0.368187 -0.347926 0.000000 0.000000 0.000000 1.000000
0.976621 -0.038664 -0.211462 0.199987 0.210891 0.362992 0.907613 0.298457 0.041668 -0.930990 0.362660 -0.347926 0.000000 0.000000 0.000000 1.000000
0.976621 -0.037431 -0.211684 0.199987 0.210891 0.357700 0.909712 0.298457 0.041668 -0.933086 0.357231 -0.347926 0.000000 0.000000 0.000000 1.000000
0.976621 -0.036248 -0.211890 0.199987 0.210891 0.352613 0.911696 0.298457 0.041668 -0.935067 0.352014 -0.347926 0.000000 0.000000 0.000000 1.000000
0.976621 -0.035140 -0.212076 0.199987 0.210891 0.347842 0.913527 0.298457 0.041668 -0.936894 0.347120 -0.347926 0.000000 0.000000 0.000000 1.000000
0.976621 -0.034132 -0.212241 0.199987 0.210891 0.343498 0.915169 0.298457 0.041668 -0.938533 0.342665 -0.347926 0.000000 0.000000 0.000000 1.000000
0.976621 -0.033250 -0.212381 0.199987 0.210891 0.339693 0.916588 0.298457 0.041668 -0.939949 0.338763 -0.347926 0.000000 0.000000 0.000000 1.000000
0.976621 -0.032520 -0.212494 0.199987 0.210891 0.336539 0.917751 0.298457 0.041668 -0.941108 0.335529 -0.347926 0.000000 0.000000 0.000000 1.000000
0.976621 -0.031966 -0.212578 0.199987 0.210891 0.334147 0.918624 0.298457 0.041668 -0.941979 0.333077 -0.347926 0.000000 0.000000 0.000000 1.000000
0.976621 -0.031615 -0.212631 0.199987 0.210891 0.332631 0.919174 0.298457 0.041668 -0.942527 0.331522 -0.347926 0.000000 0.000000 0.000000 1.000000
0.976621 -0.031493 -0.212649 0.199987 0.210891 0.332101 0.919366 0.298457 0.041668 -0.942718 0.330979 -0.347926 0.000000 0.000000 0.000000 1.000000</float_array><technique_common><accessor source="#spine1_jnt-Matrix-animation-output-transform-array" count="21" stride="16"><param type="float4x4"/></accessor></technique_common></source><source id="spine1_jnt-Interpolations"><Name_array id="spine1_jnt-Interpolations-array" count="21">
 LINEAR LINEAR LINEAR LINEAR LINEAR LINEAR LINEAR LINEAR LINEAR LINEAR LINEAR
LINEAR LINEAR LINEAR LINEAR LINEAR LINEAR LINEAR LINEAR LINEAR LINEAR</Name_array><technique_common><accessor source="#spine1_jnt-Interpolations-array" count="21"><param type="name"/></accessor></technique_common></source><sampler id="spine1_jnt-Matrix-animation-transform"><input semantic="INPUT" source="#spine1_jnt-Matrix-animation-input"/><input semantic="OUTPUT" source="#spine1_jnt-Matrix-animation-output-transform"/><input semantic="INTERPOLATION" source="#spine1_jnt-Interpolations"/></sampler><channel source="#spine1_jnt-Matrix-animation-transform" target="spine1_jnt/matrix"/></animation></animation>
    <animation id="r_uleg1_jnt-anim" name="r_uleg1_jnt"><animation><source id="r_uleg1_jnt-Matrix-animation-input"><float_array id="r_uleg1_jnt-Matrix-animation-input-array" count="21">

0.000000 0.033333 0.066667 0.100000 0.133333 0.166667 0.200000 0.233333 0.266667 0.300000 0.333333 0.366667 0.400000 0.433333 0.466667 0.500000
0.533333 0.566667 0.600000 0.633333 0.666667</float_array><technique_common><accessor source="#r_uleg1_jnt-Matrix-animation-input-array" count="21"><param name="TIME" type="float"/></accessor></technique_common></source><source id="r_uleg1_jnt-Matrix-animation-output-transform"><float_array id="r_uleg1_jnt-Matrix-animation-output-transform-array" count="336">

-0.033974 -0.230889 -0.972387 -0.413257 -0.950651 0.307693 -0.039845 -0.379657 0.308396 0.923047 -0.229949 0.248367 0.000000 0.000000 0.000000 1.000000
-0.033363 -0.231240 -0.972325 -0.413257 -0.950882 0.306910 -0.040363 -0.379657 0.307750 0.923220 -0.230121 0.248367 0.000000 0.000000 0.000000 1.000000
-0.031603 -0.232242 -0.972145 -0.413257 -0.951538 0.304671 -0.041852 -0.379657 0.305904 0.923710 -0.230615 0.248367 0.000000 0.000000 0.000000 1.000000
-0.028797 -0.233820 -0.971853 -0.413257 -0.952555 0.301135 -0.044226 -0.379657 0.303000 0.924471 -0.231398 0.248367 0.000000 0.000000 0.000000 1.000000
-0.025039 -0.235898 -0.971455 -0.413257 -0.953867 0.296465 -0.047405 -0.379657 0.299185 0.925452 -0.232438 0.248367 0.000000 0.000000 0.000000 1.000000
-0.020418 -0.238398 -0.970953 -0.413257 -0.955400 0.290821 -0.051315 -0.379657 0.294607 0.926601 -0.233703 0.248367 0.000000 0.000000 0.000000 1.000000
-0.015024 -0.241244 -0.970348 -0.413257 -0.957086 0.284367 -0.055880 -0.379657 0.289416 0.927867 -0.235163 0.248367 0.000000 0.000000 0.000000 1.000000
-0.008950 -0.244359 -0.969643 -0.413257 -0.958854 0.277263 -0.061023 -0.379657 0.283758 0.929200 -0.236787 0.248367 0.000000 0.000000 0.000000 1.000000
-0.002299 -0.247669 -0.968842 -0.413257 -0.960642 0.269674 -0.066659 -0.379657 0.277780 0.930557 -0.238541 0.248367 0.000000 0.000000 0.000000 1.000000
0.004819 -0.251098 -0.967950 -0.413257 -0.962391 0.261761 -0.072695 -0.379657 0.271625 0.931897 -0.240393 0.248367 0.000000 0.000000 0.000000 1.000000
0.012280 -0.254574 -0.966975 -0.413257 -0.964052 0.253688 -0.079031 -0.379657 0.265429 0.933185 -0.242308 0.248367 0.000000 0.000000 0.000000 1.000000
0.019944 -0.258027 -0.965932 -0.413257 -0.965584 0.245618 -0.085548 -0.379657 0.259324 0.934395 -0.244248 0.248367 0.000000 0.000000 0.000000 1.000000
0.027659 -0.261388 -0.964837 -0.413257 -0.966957 0.237714 -0.092120 -0.379657 0.253434 0.935504 -0.246176 0.248367 0.000000 0.000000 0.000000 1.000000
0.035253 -0.264589 -0.963717 -0.413257 -0.968150 0.230138 -0.098599 -0.379657 0.247876 0.936498 -0.248049 0.248367 0.000000 0.000000 0.000000 1.000000
0.042539 -0.267566 -0.962600 -0.413257 -0.969153 0.223053 -0.104828 -0.379657 0.242759 0.937366 -0.249825 0.248367 0.000000 0.000000 0.000000 1.000000
0.049314 -0.270255 -0.961525 -0.413257 -0.969967 0.216619 -0.110632 -0.379657 0.238183 0.938104 -0.251457 0.248367 0.000000 0.000000 0.000000 1.000000
0.055363 -0.272594 -0.960535 -0.413257 -0.970601 0.210996 -0.115823 -0.379657 0.234242 0.938708 -0.252898 0.248367 0.000000 0.000000 0.000000 1.000000
0.060461 -0.274521 -0.959679 -0.413257 -0.971068 0.206345 -0.120205 -0.379657 0.231024 0.939180 -0.254102 0.248367 0.000000 0.000000 0.000000 1.000000
0.064377 -0.275974 -0.959007 -0.413257 -0.971386 0.202826 -0.123575 -0.379657 0.228615 0.939521 -0.255020 0.248367 0.000000 0.000000 0.000000 1.000000
0.066883 -0.276893 -0.958570 -0.413257 -0.971572 0.200597 -0.125734 -0.379657 0.227101 0.939729 -0.255604 0.248367 0.000000 0.000000 0.000000 1.000000
0.067763 -0.277213 -0.958416 -0.413257 -0.971634 0.199818 -0.126493 -0.379657 0.226574 0.939801 -0.255809 0.248367 0.000000 0.000000 0.000000 1.000000</float_array><technique_common><accessor source="#r_uleg1_jnt-Matrix-animation-output-transform-array" count="21" stride="16"><param type="float4x4"/></accessor></technique_common></source><source id="r_uleg1_jnt-Interpolations"><Name_array id="r_uleg1_jnt-Interpolations-array" count="21">
 LINEAR LINEAR LINEAR LINEAR LINEAR LINEAR LINEAR LINEAR LINEAR LINEAR LINEAR
LINEAR LINEAR LINEAR LINEAR LINEAR LINEAR LINEAR LINEAR LINEAR LINEAR</Name_array><technique_common><accessor source="#r_uleg1_jnt-Interpolations-array" count="21"><param type="name"/></accessor></technique_common></source><sampler id="r_uleg1_jnt-Matrix-animation-transform"><input semantic="INPUT" source="#r_uleg1_jnt-Matrix-animation-input"/><input semantic="OUTPUT" source="#r_uleg1_jnt-Matrix-animation-output-transform"/><input semantic="INTERPOLATION" source="#r_uleg1_jnt-Interpolations"/></sampler><channel source="#r_uleg1_jnt-Matrix-animation-transform" target="r_uleg1_jnt/matrix"/></animation></animation>
    <animation id="r_leg1_jnt-anim" name="r_leg1_jnt"><animation><source id="r_leg1_jnt-Matrix-animation-input"><float_array id="r_leg1_jnt-Matrix-animation-input-array" count="21">

0.000000 0.033333 0.066667 0.100000 0.133333 0.166667 0.200000 0.233333 0.266667 0.300000 0.333333 0.366667 0.400000 0.433333 0.466667 0.500000
0.533333 0.566667 0.600000 0.633333 0.666667</float_array><technique_common><accessor source="#r_leg1_jnt-Matrix-animation-input-array" count="21"><param name="TIME" type="float"/></accessor></technique_common></source><source id="r_leg1_jnt-Matrix-animation-output-transform"><float_array id="r_leg1_jnt-Matrix-animation-output-transform-array" count="336">

0.743581 0.000000 0.668646 -0.000000 0.000000 1.000000 -0.000000 0.000000 -0.668646 0.000000 0.743581 0.230000 0.000000 0.000000 0.000000 1.000000
0.744107 0.000000 0.668060 -0.000000 0.000000 1.000000 -0.000000 0.000000 -0.668060 0.000000 0.744107 0.230000 0.000000 0.000000 0.000000 1.000000
0.745620 0.000000 0.666371 -0.000000 -0.000000 1.000000 -0.000000 0.000000 -0.666371 0.000000 0.745620 0.230000 0.000000 0.000000 0.000000 1.000000
0.748026 0.000000 0.663670 -0.000000 0.000000 1.000000 -0.000000 0.000000 -0.663670 0.000000 0.748026 0.230000 0.000000 0.000000 0.000000 1.000000
0.751238 0.000000 0.660032 -0.000000 0.000000 1.000000 -0.000000 0.000000 -0.660032 0.000000 0.751238 0.230000 0.000000 0.000000 0.000000 1.000000
0.755171 0.000000 0.655528 -0.000000 0.000000 1.000000 -0.000000 0.000000 -0.655528 0.000000 0.755171 0.230000 0.000000 0.000000 0.000000 1.000000
0.759739 0.000000 0.650228 -0.000000 0.000000 1.000000 -0.000000 0.000000 -0.650228 0.000000 0.759739 0.230000 0.000000 0.000000 0.000000 1.000000
0.764852 0.000000 0.644205 -0.000000 0.000000 1.000000 -0.000000 0.000000 -0.644205 0.000000 0.764852 0.230000 0.000000 0.000000 0.000000 1.000000
0.770417 0.000000 0.637541 -0.000000 0.000000 1.000000 -0.000000 0.000000 -0.637541 0.000000 0.770417 0.230000 0.000000 0.000000 0.000000 1.000000
0.776328 0.000000 0.630329 -0.000000 0.000000 1.000000 -0.000000 0.000000 -0.630329 0.000000 0.776328 0.230000 0.000000 0.000000 0.000000 1.000000
0.782477 0.000000 0.622679 -0.000000 0.000000 1.000000 -0.000000 0.000000 -0.622679 0.000000 0.782477 0.230000 0.000000 0.000000 0.000000 1.000000
0.788743 0.000000 0.614723 -0.000000 0.000000 1.000000 -0.000000 0.000000 -0.614723 0.000000 0.788743 0.230000 0.000000 0.000000 0.000000 1.000000
0.794996 0.000000 0.606615 -0.000000 0.000000 1.000000 -0.000000 0.000000 -0.606615 0.000000 0.794996 0.230000 0.000000 0.000000 0.000000 1.000000
0.801098 0.000000 0.598533 -0.000000 0.000000 1.000000 -0.000000 0.000000 -0.598533 0.000000 0.801098 0.230000 0.000000 0.000000 0.000000 1.000000
0.806902 0.000000 0.590685 -0.000000 0.000000 1.000000 -0.000000 0.000000 -0.590685 0.000000 0.806902 0.230000 0.000000 0.000000 0.000000 1.000000
0.812254 0.000000 0.583304 -0.000000 0.000000 1.000000 -0.000000 0.000000 -0.583304 0.000000 0.812254 0.230000 0.000000 0.000000 0.000000 1.000000
0.816995 0.000000 0.576644 -0.000000 0.000000 1.000000 -0.000000 0.000000 -0.576644 0.000000 0.816995 0.230000 0.000000 0.000000 0.000000 1.000000
0.820962 0.000000 0.570982 -0.000000 0.000000 1.000000 -0.000000 0.000000 -0.570982 0.000000 0.820962 0.230000 0.000000 0.000000 0.000000 1.000000
0.823992 0.000000 0.566601 -0.000000 0.000000 1.000000 -0.000000 0.000000 -0.566601 0.000000 0.823992 0.230000 0.000000 0.000000 0.000000 1.000000
0.825923 0.000000 0.563783 -0.000000 -0.000000 1.000000 -0.000000 0.000000 -0.563783 0.000000 0.825923 0.230000 0.000000 0.000000 0.000000 1.000000
0.826600 0.000000 0.562790 -0.000000 -0.000000 1.000000 -0.000000 0.000000 -0.562790 0.000000 0.826600 0.230000 0.000000 0.000000 0.000000 1.000000</float_array><technique_common><accessor source="#r_leg1_jnt-Matrix-animation-output-transform-array" count="21" stride="16"><param type="float4x4"/></accessor></technique_common></source><source id="r_leg1_jnt-Interpolations"><Name_array id="r_leg1_jnt-Interpolations-array" count="21">
 LINEAR LINEAR LINEAR LINEAR LINEAR LINEAR LINEAR LINEAR LINEAR LINEAR LINEAR
LINEAR LINEAR LINEAR LINEAR LINEAR LINEAR LINEAR LINEAR LINEAR LINEAR</Name_array><technique_common><accessor source="#r_leg1_jnt-Interpolations-array" count="21"><param type="name"/></accessor></technique_common></source><sampler id="r_leg1_jnt-Matrix-animation-transform"><input semantic="INPUT" source="#r_leg1_jnt-Matrix-animation-input"/><input semantic="OUTPUT" source="#r_leg1_jnt-Matrix-animation-output-transform"/><input semantic="INTERPOLATION" source="#r_leg1_jnt-Interpolations"/></sampler><channel source="#r_leg1_jnt-Matrix-animation-transform" target="r_leg1_jnt/matrix"/></animation></animation>
    <animation id="r_leg2_jnt-anim" name="r_leg2_jnt"><animation><source id="r_leg2_jnt-Matrix-animation-input"><float_array id="r_leg2_jnt-Matrix-animation-input-array" count="21">

0.000000 0.033333 0.066667 0.100000 0.133333 0.166667 0.200000 0.233333 0.266667 0.300000 0.333333 0.366667 0.400000 0.433333 0.466667 0.500000
0.533333 0.566667 0.600000 0.633333 0.666667</float_array><technique_common><accessor source="#r_leg2_jnt-Matrix-animation-input-array" count="21"><param name="TIME" type="float"/></accessor></technique_common></source><source id="r_leg2_jnt-Matrix-animation-output-transform"><float_array id="r_leg2_jnt-Matrix-animation-output-transform-array" count="336">

-0.643416 -0.761039 -0.082671 -0.380766 -0.657722 0.604839 -0.448967 -0.436460 0.391685 -0.234498 -0.889716 -0.094663 0.000000 0.000000 0.000000 1.000000
-0.641904 -0.762408 -0.081810 -0.380766 -0.658501 0.602772 -0.450602 -0.436460 0.392856 -0.235371 -0.888968 -0.094663 0.000000 0.000000 0.000000 1.000000
-0.637555 -0.766309 -0.079334 -0.380766 -0.660692 0.596818 -0.455296 -0.436460 0.396245 -0.237861 -0.886799 -0.094663 0.000000 0.000000 0.000000 1.000000
-0.630629 -0.772414 -0.075390 -0.380766 -0.664032 0.587307 -0.462743 -0.436460 0.401706 -0.241758 -0.883281 -0.094663 0.000000 0.000000 0.000000 1.000000
-0.621372 -0.780372 -0.070117 -0.380766 -0.668217 0.574537 -0.472645 -0.436460 0.409124 -0.246835 -0.878459 -0.094663 0.000000 0.000000 0.000000 1.000000
-0.610030 -0.789817 -0.063651 -0.380766 -0.672912 0.558798 -0.484700 -0.436460 0.418393 -0.252850 -0.872361 -0.094663 0.000000 0.000000 0.000000 1.000000
-0.596862 -0.800378 -0.056135 -0.380766 -0.677772 0.540401 -0.498590 -0.436460 0.429396 -0.259543 -0.865018 -0.094663 0.000000 0.000000 0.000000 1.000000
-0.582151 -0.811679 -0.047723 -0.380766 -0.682459 0.519691 -0.513975 -0.436460 0.441984 -0.266642 -0.856477 -0.094663 0.000000 0.000000 0.000000 1.000000
-0.566209 -0.823358 -0.038586 -0.380766 -0.686662 0.497066 -0.530491 -0.436460 0.455963 -0.273873 -0.846812 -0.094663 0.000000 0.000000 0.000000 1.000000
-0.549380 -0.835072 -0.028910 -0.380766 -0.690117 0.472979 -0.547750 -0.436460 0.471085 -0.280971 -0.836143 -0.094663 0.000000 0.000000 0.000000 1.000000
-0.532037 -0.846510 -0.018902 -0.380766 -0.692624 0.447942 -0.565349 -0.436460 0.487041 -0.287695 -0.824635 -0.094663 0.000000 0.000000 0.000000 1.000000
-0.514572 -0.857402 -0.008781 -0.380766 -0.694069 0.422517 -0.582879 -0.436460 0.503472 -0.293839 -0.812512 -0.094663 0.000000 0.000000 0.000000 1.000000
-0.497392 -0.867525 0.001222 -0.380766 -0.694428 0.397302 -0.599934 -0.436460 0.519972 -0.299251 -0.800048 -0.094663 0.000000 0.000000 0.000000 1.000000
-0.480900 -0.876708 0.010870 -0.380766 -0.693774 0.372916 -0.616126 -0.436460 0.536109 -0.303836 -0.787573 -0.094663 0.000000 0.000000 0.000000 1.000000
-0.465491 -0.884828 0.019929 -0.380766 -0.692271 0.349977 -0.631092 -0.436460 0.551433 -0.307564 -0.775452 -0.094663 0.000000 0.000000 0.000000 1.000000
-0.451542 -0.891805 0.028168 -0.380766 -0.690158 0.329087 -0.644502 -0.436460 0.565501 -0.310461 -0.764083 -0.094663 0.000000 0.000000 0.000000 1.000000
-0.439407 -0.897591 0.035367 -0.380766 -0.687732 0.310823 -0.656059 -0.436460 0.577880 -0.312600 -0.753880 -0.094663 0.000000 0.000000 0.000000 1.000000
-0.429420 -0.902159 0.041314 -0.380766 -0.685321 0.295731 -0.665492 -0.436460 0.588162 -0.314089 -0.745261 -0.094663 0.000000 0.000000 0.000000 1.000000
-0.421899 -0.905485 0.045807 -0.380766 -0.683254 0.284330 -0.672548 -0.436460 0.595958 -0.315045 -0.738635 -0.094663 0.000000 0.000000 0.000000 1.000000
-0.417154 -0.907533 0.048647 -0.380766 -0.681838 0.277123 -0.676978 -0.436460 0.600898 -0.315574 -0.734394 -0.094663 0.000000 0.000000 0.000000 1.000000
-0.415500 -0.908238 0.049639 -0.380766 -0.681325 0.274608 -0.678518 -0.436460 0.602624 -0.315744 -0.732905 -0.094663 0.000000 0.000000 0.000000 1.000000</float_array><technique_common><accessor source="#r_leg2_jnt-Matrix-animation-output-transform-array" count="21" stride="16"><param type="float4x4"/></accessor></technique_common></source><source id="r_leg2_jnt-Interpolations"><Name_array id="r_leg2_jnt-Interpolations-array" count="21">
 LINEAR LINEAR LINEAR LINEAR LINEAR LINEAR LINEAR LINEAR LINEAR LINEAR LINEAR
LINEAR LINEAR LINEAR LINEAR LINEAR LINEAR LINEAR LINEAR LINEAR LINEAR</Name_array><technique_common><accessor source="#r_leg2_jnt-Interpolations-array" count="21"><param type="name"/></accessor></technique_common></source><sampler id="r_leg2_jnt-Matrix-animation-transform"><input semantic="INPUT" source="#r_leg2_jnt-Matrix-animation-input"/><input semantic="OUTPUT" source="#r_leg2_jnt-Matrix-animation-output-transform"/><input semantic="INTERPOLATION" source="#r_leg2_jnt-Interpolations"/></sampler><channel source="#r_leg2_jnt-Matrix-animation-transform" target="r_leg2_jnt/matrix"/></animation></animation>
    <animation id="r_leg3_jnt-anim" name="r_leg3_jnt"><animation><source id="r_leg3_jnt-Matrix-animation-input"><float_array id="r_leg3_jnt-Matrix-animation-input-array" count="21">

0.000000 0.033333 0.066667 0.100000 0.133333 0.166667 0.200000 0.233333 0.266667 0.300000 0.333333 0.366667 0.400000 0.433333 0.466667 0.500000
0.533333 0.566667 0.600000 0.633333 0.666667</float_array><technique_common><accessor source="#r_leg3_jnt-Matrix-animation-input-array" count="21"><param name="TIME" type="float"/></accessor></technique_common></source><source id="r_leg3_jnt-Matrix-animation-output-transform"><float_array id="r_leg3_jnt-Matrix-animation-output-transform-array" count="336">

-0.921942 -0.343426 -0.179114 -0.336837 -0.271872 0.903150 -0.332274 -0.444096 0.275879 -0.257641 -0.926019 -0.403838 0.000000 0.000000 0.000000 1.000000
-0.921686 -0.344352 -0.178653 -0.336837 -0.272723 0.902669 -0.332881 -0.444096 0.275893 -0.258089 -0.925891 -0.403838 0.000000 0.000000 0.000000 1.000000
-0.920947 -0.347005 -0.177327 -0.336837 -0.275163 0.901281 -0.334630 -0.444096 0.275940 -0.259383 -0.925515 -0.403838 0.000000 0.000000 0.000000 1.000000
-0.919756 -0.351211 -0.175212 -0.336837 -0.279025 0.899049 -0.337427 -0.444096 0.276032 -0.261462 -0.924902 -0.403838 0.000000 0.000000 0.000000 1.000000
-0.918140 -0.356797 -0.172378 -0.336837 -0.284144 0.896020 -0.341189 -0.444096 0.276189 -0.264279 -0.924054 -0.403838 0.000000 0.000000 0.000000 1.000000
-0.916120 -0.363592 -0.168893 -0.336837 -0.290357 0.892238 -0.345838 -0.444096 0.276436 -0.267790 -0.922969 -0.403838 0.000000 0.000000 0.000000 1.000000
-0.913717 -0.371423 -0.164823 -0.336837 -0.297496 0.887744 -0.351294 -0.444096 0.276799 -0.271949 -0.921643 -0.403838 0.000000 0.000000 0.000000 1.000000
-0.910955 -0.380111 -0.160240 -0.336837 -0.305392 0.882583 -0.357468 -0.444096 0.277303 -0.276701 -0.920076 -0.403838 0.000000 0.000000 0.000000 1.000000
-0.907866 -0.389469 -0.155222 -0.336837 -0.313868 0.876813 -0.364261 -0.444096 0.277969 -0.281981 -0.918270 -0.403838 0.000000 0.000000 0.000000 1.000000
-0.904489 -0.399305 -0.149854 -0.336837 -0.322743 0.870506 -0.371558 -0.444096 0.278814 -0.287706 -0.916236 -0.403838 0.000000 0.000000 0.000000 1.000000
-0.900875 -0.409415 -0.144232 -0.336837 -0.331831 0.863756 -0.379228 -0.444096 0.279843 -0.293777 -0.913993 -0.403838 0.000000 0.000000 0.000000 1.000000
-0.897090 -0.419592 -0.138465 -0.336837 -0.340940 0.856679 -0.387119 -0.444096 0.281052 -0.300072 -0.911573 -0.403838 0.000000 0.000000 0.000000 1.000000
-0.893211 -0.429620 -0.132671 -0.336837 -0.349877 0.849419 -0.395062 -0.444096 0.282420 -0.306455 -0.909024 -0.403838 0.000000 0.000000 0.000000 1.000000
-0.889331 -0.439279 -0.126983 -0.336837 -0.358448 0.842146 -0.402871 -0.444096 0.283911 -0.312769 -0.906405 -0.403838 0.000000 0.000000 0.000000 1.000000
-0.885557 -0.448349 -0.121543 -0.336837 -0.366462 0.835059 -0.410345 -0.444096 0.285473 -0.318843 -0.903794 -0.403838 0.000000 0.000000 0.000000 1.000000
-0.882006 -0.456610 -0.116502 -0.336837 -0.373730 0.828378 -0.417271 -0.444096 0.287038 -0.324495 -0.901284 -0.403838 0.000000 0.000000 0.000000 1.000000
-0.878807 -0.463843 -0.112019 -0.336837 -0.380070 0.822347 -0.423429 -0.444096 0.288523 -0.329537 -0.898977 -0.403838 0.000000 0.000000 0.000000 1.000000
-0.876091 -0.469835 -0.108255 -0.336837 -0.385303 0.817219 -0.428596 -0.444096 0.289838 -0.333779 -0.896987 -0.403838 0.000000 0.000000 0.000000 1.000000
-0.873995 -0.474373 -0.105373 -0.336837 -0.389254 0.813254 -0.432550 -0.444096 0.290885 -0.337030 -0.895431 -0.403838 0.000000 0.000000 0.000000 1.000000
-0.872649 -0.477248 -0.103533 -0.336837 -0.391752 0.810704 -0.435073 -0.444096 0.291572 -0.339107 -0.894423 -0.403838 0.000000 0.000000 0.000000 1.000000
-0.872175 -0.478252 -0.102888 -0.336837 -0.392624 0.809807 -0.435958 -0.444096 0.291817 -0.339835 -0.894066 -0.403838 0.000000 0.000000 0.000000 1.000000</float_array><technique_common><accessor source="#r_leg3_jnt-Matrix-animation-output-transform-array" count="21" stride="16"><param type="float4x4"/></accessor></technique_common></source><source id="r_leg3_jnt-Interpolations"><Name_array id="r_leg3_jnt-Interpolations-array" count="21">
 LINEAR LINEAR LINEAR LINEAR LINEAR LINEAR LINEAR LINEAR LINEAR LINEAR LINEAR
LINEAR LINEAR LINEAR LINEAR LINEAR LINEAR LINEAR LINEAR LINEAR LINEAR</Name_array><technique_common><accessor source="#r_leg3_jnt-Interpolations-array" count="21"><param type="name"/></accessor></technique_common></source><sampler id="r_leg3_jnt-Matrix-animation-transform"><input semantic="INPUT" source="#r_leg3_jnt-Matrix-animation-input"/><input semantic="OUTPUT" source="#r_leg3_jnt-Matrix-animation-output-transform"/><input semantic="INTERPOLATION" source="#r_leg3_jnt-Interpolations"/></sampler><channel source="#r_leg3_jnt-Matrix-animation-transform" target="r_leg3_jnt/matrix"/></animation></animation>
    <animation id="fin_jnt-anim" name="fin_jnt"><animation><source id="fin_jnt-Matrix-animation-input"><float_array id="fin_jnt-Matrix-animation-input-array" count="21">

0.000000 0.033333 0.066667 0.100000 0.133333 0.166667 0.200000 0.233333 0.266667 0.300000 0.333333 0.366667 0.400000 0.433333 0.466667 0.500000
0.533333 0.566667 0.600000 0.633333 0.666667</float_array><technique_common><accessor source="#fin_jnt-Matrix-animation-input-array" count="21"><param name="TIME" type="float"/></accessor></technique_common></source><source id="fin_jnt-Matrix-animation-output-transform"><float_array id="fin_jnt-Matrix-animation-output-transform-array" count="336">

0.830901 0.556421 -0.000000 0.184134 -0.556421 0.830901 -0.000000 0.724213 -0.000000 0.000000 1.000000 0.339920 0.000000 0.000000 0.000000 1.000000
0.830901 0.556421 -0.000000 0.184134 -0.556421 0.830901 -0.000000 0.724213 0.000000 -0.000000 1.000000 0.339920 0.000000 0.000000 0.000000 1.000000
0.830901 0.556421 0.000000 0.184134 -0.556421 0.830901 0.000000 0.724213 -0.000000 0.000000 1.000000 0.339920 0.000000 0.000000 0.000000 1.000000
0.830901 0.556421 0.000000 0.184134 -0.556421 0.830901 0.000000 0.724213 0.000000 0.000000 1.000000 0.339920 0.000000 0.000000 0.000000 1.000000
0.830901 0.556421 0.000000 0.184134 -0.556421 0.830901 0.000000 0.724213 0.000000 0.000000 1.000000 0.339920 0.000000 0.000000 0.000000 1.000000
0.830901 0.556421 0.000000 0.184134 -0.556421 0.830901 0.000000 0.724213 0.000000 0.000000 1.000000 0.339920 0.000000 0.000000 0.000000 1.000000
0.830901 0.556421 0.000000 0.184134 -0.556421 0.830901 0.000000 0.724213 0.000000 0.000000 1.000000 0.339920 0.000000 0.000000 0.000000 1.000000
0.830901 0.556421 -0.000000 0.184134 -0.556421 0.830901 0.000000 0.724213 -0.000000 -0.000000 1.000000 0.339920 0.000000 0.000000 0.000000 1.000000
0.830901 0.556421 -0.000000 0.184134 -0.556421 0.830901 0.000000 0.724213 0.000000 -0.000000 1.000000 0.339920 0.000000 0.000000 0.000000 1.000000
0.830901 0.556421 -0.000000 0.184134 -0.556421 0.830901 0.000000 0.724213 -0.000000 -0.000000 1.000000 0.339920 0.000000 0.000000 0.000000 1.000000
0.830901 0.556421 -0.000000 0.184134 -0.556421 0.830901 -0.000000 0.724213 -0.000000 0.000000 1.000000 0.339920 0.000000 0.000000 0.000000 1.000000
0.830901 0.556421 0.000000 0.184134 -0.556421 0.830901 -0.000000 0.724213 0.000000 0.000000 1.000000 0.339920 0.000000 0.000000 0.000000 1.000000
0.830901 0.556421 0.000000 0.184134 -0.556421 0.830901 0.000000 0.724213 0.000000 0.000000 1.000000 0.339920 0.000000 0.000000 0.000000 1.000000
0.830901 0.556421 -0.000000 0.184134 -0.556421 0.830901 0.000000 0.724213 -0.000000 0.000000 1.000000 0.339920 0.000000 0.000000 0.000000 1.000000
0.830901 0.556421 0.000000 0.184134 -0.556421 0.830901 -0.000000 0.724213 0.000000 0.000000 1.000000 0.339920 0.000000 0.000000 0.000000 1.000000
0.830901 0.556421 0.000000 0.184134 -0.556421 0.830901 0.000000 0.724213 -0.000000 0.000000 1.000000 0.339920 0.000000 0.000000 0.000000 1.000000
0.830901 0.556421 -0.000000 0.184134 -0.556421 0.830901 0.000000 0.724213 0.000000 0.000000 1.000000 0.339920 0.000000 0.000000 0.000000 1.000000
0.830901 0.556421 -0.000000 0.184134 -0.556421 0.830901 0.000000 0.724213 -0.000000 0.000000 1.000000 0.339920 0.000000 0.000000 0.000000 1.000000
0.830901 0.556421 0.000000 0.184134 -0.556421 0.830901 -0.000000 0.724213 -0.000000 0.000000 1.000000 0.339920 0.000000 0.000000 0.000000 1.000000
0.830901 0.556421 -0.000000 0.184134 -0.556421 0.830901 0.000000 0.724213 0.000000 0.000000 1.000000 0.339920 0.000000 0.000000 0.000000 1.000000
0.830901 0.556421 0.000000 0.184134 -0.556421 0.830901 0.000000 0.724213 -0.000000 0.000000 1.000000 0.339920 0.000000 0.000000 0.000000 1.000000</float_array><technique_common><accessor source="#fin_jnt-Matrix-animation-output-transform-array" count="21" stride="16"><param type="float4x4"/></accessor></technique_common></source><source id="fin_jnt-Interpolations"><Name_array id="fin_jnt-Interpolations-array" count="21">
 LINEAR LINEAR LINEAR LINEAR LINEAR LINEAR LINEAR LINEAR LINEAR LINEAR LINEAR
LINEAR LINEAR LINEAR LINEAR LINEAR LINEAR LINEAR LINEAR LINEAR LINEAR</Name_array><technique_common><accessor source="#fin_jnt-Interpolations-array" count="21"><param type="name"/></accessor></technique_common></source><sampler id="fin_jnt-Matrix-animation-transform"><input semantic="INPUT" source="#fin_jnt-Matrix-animation-input"/><input semantic="OUTPUT" source="#fin_jnt-Matrix-animation-output-transform"/><input semantic="INTERPOLATION" source="#fin_jnt-Interpolations"/></sampler><channel source="#fin_jnt-Matrix-animation-transform" target="fin_jnt/matrix"/></animation></animation>
    <animation id="head_jnt-anim" name="head_jnt"><animation><source id="head_jnt-Matrix-animation-input"><float_array id="head_jnt-Matrix-animation-input-array" count="21">

0.000000 0.033333 0.066667 0.100000 0.133333 0.166667 0.200000 0.233333 0.266667 0.300000 0.333333 0.366667 0.400000 0.433333 0.466667 0.500000
0.533333 0.566667 0.600000 0.633333 0.666667</float_array><technique_common><accessor source="#head_jnt-Matrix-animation-input-array" count="21"><param name="TIME" type="float"/></accessor></technique_common></source><source id="head_jnt-Matrix-animation-output-transform"><float_array id="head_jnt-Matrix-animation-output-transform-array" count="336">

1.000000 -0.000000 -0.000000 0.000000 -0.000000 0.410675 -0.911782 -0.367949 0.000000 0.911782 0.410675 0.414658 0.000000 0.000000 0.000000 1.000000
0.999996 0.000123 0.002675 0.000000 0.002387 0.412083 -0.911143 -0.367949 -0.001214 0.911146 0.412082 0.414658 0.000000 0.000000 0.000000 1.000000
0.999947 0.000427 0.010332 0.000000 0.009217 0.416126 -0.909260 -0.367949 -0.004688 0.909307 0.416100 0.414658 0.000000 0.000000 0.000000 1.000000
0.999748 0.000770 0.022420 0.000000 0.019995 0.422536 -0.906125 -0.367949 -0.010171 0.906346 0.422414 0.414658 0.000000 0.000000 0.000000 1.000000
0.999263 0.000960 0.038385 0.000000 0.034223 0.431052 -0.901678 -0.367949 -0.017411 0.902326 0.430702 0.414658 0.000000 0.000000 0.000000 1.000000
0.998336 0.000787 0.057662 0.000000 0.051394 0.441407 -0.895834 -0.367949 -0.026157 0.897307 0.440632 0.414658 0.000000 0.000000 0.000000 1.000000
0.996821 0.000044 0.079673 0.000000 0.070997 0.453317 -0.888517 -0.367949 -0.036156 0.891349 0.451873 0.414658 0.000000 0.000000 0.000000 1.000000
0.994595 -0.001453 0.103825 0.000000 0.092511 0.466483 -0.879679 -0.367949 -0.047155 0.884529 0.464096 0.414658 0.000000 0.000000 0.000000 1.000000
0.991570 -0.003846 0.129515 0.000000 0.115412 0.480587 -0.869320 -0.367949 -0.058900 0.876939 0.476979 0.414658 0.000000 0.000000 0.000000 1.000000
0.987710 -0.007223 0.156134 0.000000 0.139174 0.495291 -0.857507 -0.367949 -0.071137 0.868697 0.490209 0.414658 0.000000 0.000000 0.000000 1.000000
0.983031 -0.011603 0.183072 0.000000 0.163274 0.510250 -0.844385 -0.367949 -0.083615 0.859948 0.503486 0.414658 0.000000 0.000000 0.000000 1.000000
0.977612 -0.016930 0.209734 0.000000 0.187200 0.525115 -0.830187 -0.367949 -0.096079 0.850863 0.516528 0.414658 0.000000 0.000000 0.000000 1.000000
0.971590 -0.023071 0.235545 0.000000 0.210450 0.539545 -0.815231 -0.367949 -0.108279 0.841641 0.529071 0.414658 0.000000 0.000000 0.000000 1.000000
0.965159 -0.029816 0.259961 0.000000 0.232545 0.553213 -0.799924 -0.367949 -0.119964 0.832506 0.540872 0.414658 0.000000 0.000000 0.000000 1.000000
0.958565 -0.036885 0.282476 0.000000 0.253026 0.565819 -0.784746 -0.367949 -0.130885 0.823704 0.551708 0.414658 0.000000 0.000000 0.000000 1.000000
0.952096 -0.043942 0.302625 0.000000 0.271457 0.577090 -0.770245 -0.367949 -0.140796 0.815498 0.561374 0.414658 0.000000 0.000000 0.000000 1.000000
0.946072 -0.050603 0.319980 0.000000 0.287423 0.586781 -0.757018 -0.367949 -0.149451 0.808163 0.569682 0.414658 0.000000 0.000000 0.000000 1.000000
0.940829 -0.056460 0.334146 0.000000 0.300526 0.594675 -0.745685 -0.367949 -0.156607 0.801982 0.576455 0.414658 0.000000 0.000000 0.000000 1.000000
0.936705 -0.061101 0.344747 0.000000 0.310376 0.600568 -0.736875 -0.367949 -0.162020 0.797236 0.581519 0.414658 0.000000 0.000000 0.000000 1.000000
0.934024 -0.064133 0.351405 0.000000 0.316584 0.604263 -0.731192 -0.367949 -0.165447 0.794200 0.584699 0.414658 0.000000 0.000000 0.000000 1.000000
0.933076 -0.065209 0.353720 0.000000 0.318747 0.605546 -0.729187 -0.367949 -0.166644 0.793134 0.585805 0.414658 0.000000 0.000000 0.000000 1.000000</float_array><technique_common><accessor source="#head_jnt-Matrix-animation-output-transform-array" count="21" stride="16"><param type="float4x4"/></accessor></technique_common></source><source id="head_jnt-Interpolations"><Name_array id="head_jnt-Interpolations-array" count="21">
 LINEAR LINEAR LINEAR LINEAR LINEAR LINEAR LINEAR LINEAR LINEAR LINEAR LINEAR
LINEAR LINEAR LINEAR LINEAR LINEAR LINEAR LINEAR LINEAR LINEAR LINEAR</Name_array><technique_common><accessor source="#head_jnt-Interpolations-array" count="21"><param type="name"/></accessor></technique_common></source><sampler id="head_jnt-Matrix-animation-transform"><input semantic="INPUT" source="#head_jnt-Matrix-animation-input"/><input semantic="OUTPUT" source="#head_jnt-Matrix-animation-output-transform"/><input semantic="INTERPOLATION" source="#head_jnt-Interpolations"/></sampler><channel source="#head_jnt-Matrix-animation-transform" target="head_jnt/matrix"/></animation></animation>
    <animation id="r_antenna1_jnt-anim" name="r_antenna1_jnt"><animation><source id="r_antenna1_jnt-Matrix-animation-input"><float_array id="r_antenna1_jnt-Matrix-animation-input-array" count="21">

0.000000 0.033333 0.066667 0.100000 0.133333 0.166667 0.200000 0.233333 0.266667 0.300000 0.333333 0.366667 0.400000 0.433333 0.466667 0.500000
0.533333 0.566667 0.600000 0.633333 0.666667</float_array><technique_common><accessor source="#r_antenna1_jnt-Matrix-animation-input-array" count="21"><param name="TIME" type="float"/></accessor></technique_common></source><source id="r_antenna1_jnt-Matrix-animation-output-transform"><float_array id="r_antenna1_jnt-Matrix-animation-output-transform-array" count="336">

0.889292 0.132196 0.437818 -0.248546 0.220379 0.714971 -0.663513 0.276260 -0.400741 0.686542 0.606685 0.377659 0.000000 0.000000 0.000000 1.000000
0.889292 0.132196 0.437818 -0.248546 0.220379 0.714971 -0.663513 0.276260 -0.400741 0.686542 0.606685 0.377659 0.000000 0.000000 0.000000 1.000000
0.889292 0.132196 0.437818 -0.248546 0.220379 0.714971 -0.663513 0.276260 -0.400741 0.686542 0.606685 0.377659 0.000000 0.000000 0.000000 1.000000
0.889292 0.132196 0.437818 -0.248546 0.220379 0.714971 -0.663513 0.276260 -0.400741 0.686542 0.606685 0.377659 0.000000 0.000000 0.000000 1.000000
0.889292 0.132196 0.437818 -0.248546 0.220379 0.714971 -0.663513 0.276260 -0.400741 0.686542 0.606685 0.377659 0.000000 0.000000 0.000000 1.000000
0.889292 0.132196 0.437818 -0.248546 0.220379 0.714971 -0.663513 0.276260 -0.400741 0.686542 0.606685 0.377659 0.000000 0.000000 0.000000 1.000000
0.889292 0.132196 0.437818 -0.248546 0.220379 0.714971 -0.663513 0.276260 -0.400741 0.686542 0.606685 0.377659 0.000000 0.000000 0.000000 1.000000
0.889292 0.132196 0.437818 -0.248546 0.220379 0.714971 -0.663513 0.276260 -0.400741 0.686542 0.606685 0.377659 0.000000 0.000000 0.000000 1.000000
0.889292 0.132196 0.437818 -0.248546 0.220379 0.714971 -0.663513 0.276260 -0.400741 0.686542 0.606685 0.377659 0.000000 0.000000 0.000000 1.000000
0.889292 0.132196 0.437818 -0.248546 0.220379 0.714971 -0.663513 0.276260 -0.400741 0.686542 0.606685 0.377659 0.000000 0.000000 0.000000 1.000000
0.889292 0.132196 0.437818 -0.248546 0.220379 0.714971 -0.663513 0.276260 -0.400741 0.686542 0.606685 0.377659 0.000000 0.000000 0.000000 1.000000
0.889292 0.132196 0.437818 -0.248546 0.220379 0.714971 -0.663513 0.276260 -0.400741 0.686542 0.606685 0.377659 0.000000 0.000000 0.000000 1.000000
0.889292 0.132196 0.437818 -0.248546 0.220379 0.714971 -0.663513 0.276260 -0.400741 0.686542 0.606685 0.377659 0.000000 0.000000 0.000000 1.000000
0.889292 0.132196 0.437818 -0.248546 0.220379 0.714971 -0.663513 0.276260 -0.400741 0.686542 0.606685 0.377659 0.000000 0.000000 0.000000 1.000000
0.889292 0.132196 0.437818 -0.248546 0.220379 0.714971 -0.663513 0.276260 -0.400741 0.686542 0.606685 0.377659 0.000000 0.000000 0.000000 1.000000
0.889292 0.132196 0.437818 -0.248546 0.220379 0.714971 -0.663513 0.276260 -0.400741 0.686542 0.606685 0.377659 0.000000 0.000000 0.000000 1.000000
0.889292 0.132196 0.437818 -0.248546 0.220379 0.714971 -0.663513 0.276260 -0.400741 0.686542 0.606685 0.377659 0.000000 0.000000 0.000000 1.000000
0.889292 0.132196 0.437818 -0.248546 0.220379 0.714971 -0.663513 0.276260 -0.400741 0.686542 0.606685 0.377659 0.000000 0.000000 0.000000 1.000000
0.889292 0.132196 0.437818 -0.248546 0.220379 0.714971 -0.663513 0.276260 -0.400741 0.686542 0.606685 0.377659 0.000000 0.000000 0.000000 1.000000
0.889292 0.132196 0.437818 -0.248546 0.220379 0.714971 -0.663513 0.276260 -0.400741 0.686542 0.606685 0.377659 0.000000 0.000000 0.000000 1.000000
0.889292 0.132196 0.437818 -0.248546 0.220379 0.714971 -0.663513 0.276260 -0.400741 0.686542 0.606685 0.377659 0.000000 0.000000 0.000000 1.000000</float_array><technique_common><accessor source="#r_antenna1_jnt-Matrix-animation-output-transform-array" count="21" stride="16"><param type="float4x4"/></accessor></technique_common></source><source id="r_antenna1_jnt-Interpolations"><Name_array id="r_antenna1_jnt-Interpolations-array" count="21">
 LINEAR LINEAR LINEAR LINEAR LINEAR LINEAR LINEAR LINEAR LINEAR LINEAR LINEAR
LINEAR LINEAR LINEAR LINEAR LINEAR LINEAR LINEAR LINEAR LINEAR LINEAR</Name_array><technique_common><accessor source="#r_antenna1_jnt-Interpolations-array" count="21"><param type="name"/></accessor></technique_common></source><sampler id="r_antenna1_jnt-Matrix-animation-transform"><input semantic="INPUT" source="#r_antenna1_jnt-Matrix-animation-input"/><input semantic="OUTPUT" source="#r_antenna1_jnt-Matrix-animation-output-transform"/><input semantic="INTERPOLATION" source="#r_antenna1_jnt-Interpolations"/></sampler><channel source="#r_antenna1_jnt-Matrix-animation-transform" target="r_antenna1_jnt/matrix"/></animation></animation>
    <animation id="r_antenna2_jnt-anim" name="r_antenna2_jnt"><animation><source id="r_antenna2_jnt-Matrix-animation-input"><float_array id="r_antenna2_jnt-Matrix-animation-input-array" count="21">

0.000000 0.033333 0.066667 0.100000 0.133333 0.166667 0.200000 0.233333 0.266667 0.300000 0.333333 0.366667 0.400000 0.433333 0.466667 0.500000
0.533333 0.566667 0.600000 0.633333 0.666667</float_array><technique_common><accessor source="#r_antenna2_jnt-Matrix-animation-input-array" count="21"><param name="TIME" type="float"/></accessor></technique_common></source><source id="r_antenna2_jnt-Matrix-animation-output-transform"><float_array id="r_antenna2_jnt-Matrix-animation-output-transform-array" count="336">

0.896318 -0.437585 -0.071650 -0.000000 0.437358 0.899073 -0.019663 0.000000 0.073022 -0.013712 0.997236 -0.779776 0.000000 0.000000 0.000000 1.000000
0.896318 -0.437585 -0.071650 0.000000 0.437358 0.899073 -0.019663 0.000000 0.073022 -0.013712 0.997236 -0.779776 0.000000 0.000000 0.000000 1.000000
