<?xml version="1.0" encoding="utf-8"?>
<COLLADA xmlns="http://www.collada.org/2005/11/COLLADASchema" version="1.4.1">
  <asset><contributor><author></author><authoring_tool>FBX COLLADA exporter</authoring_tool><comments></comments></contributor><created>2019-12-09T16:37:04Z</created><keywords></keywords><modified>2019-12-09T16:37:04Z</modified><revision></revision><subject></subject><title></title><unit meter="0.010000" name="centimeter"></unit><up_axis>Y_UP</up_axis></asset>
  <library_animations>
    <animation id="spine1_jnt-anim" name="spine1_jnt"><animation><source id="spine1_jnt-Matrix-animation-input"><float_array id="spine1_jnt-Matrix-animation-input-array" count="21">

0.000000 0.033333 0.066667 0.100000 0.133333 0.166667 0.200000 0.233333 0.266667 0.300000 0.333333 0.366667 0.400000 0.433333 0.466667 0.500000
0.533333 0.566667 0.600000 0.633333 0.666667</float_array><technique_common><accessor source="#spine1_jnt-Matrix-animation-input-array" count="21"><param name="TIME" type="float"/></accessor></technique_common></source><source id="spine1_jnt-Matrix-animation-output-transform"><float_array id="spine1_jnt-Matrix-animation-output-transform-array" count="336">

0.976621 -0.048284 -0.209475 0.199987 0.210891 0.404078 0.890082 0.298457 0.041668 -0.913449 0.404813 -0.347926 0.000000 0.000000 0.000000 1.000000
0.976621 -0.048284 -0.209475 0.199987 0.210891 0.404078 0.890082 0.298457 0.041668 -0.913449 0.404813 -0.347926 0.000000 0.000000 0.000000 1.000000
0.976621 -0.048284 -0.209475 0.199987 0.210891 0.404078 0.890082 0.298457 0.041668 -0.913449 0.404813 -0.347926 0.000000 0.000000 0.000000 1.000000
0.976621 -0.048284 -0.209475 0.199987 0.210891 0.404078 0.890082 0.298457 0.041668 -0.913449 0.404813 -0.347926 0.000000 0.000000 0.000000 1.000000
0.976621 -0.048284 -0.209475 0.199987 0.210891 0.404078 0.890082 0.298457 0.041668 -0.913449 0.404813 -0.347926 0.000000 0.000000 0.000000 1.000000
0.976621 -0.048284 -0.209475 0.199987 0.210891 0.404078 0.890082 0.298457 0.041668 -0.913449 0.404813 -0.347926 0.000000 0.000000 0.000000 1.000000
0.976621 -0.048284 -0.209475 0.199987 0.210891 0.404078 0.890082 0.298457 0.041668 -0.913449 0.404813 -0.347926 0.000000 0.000000 0.000000 1.000000
0.976621 -0.048284 -0.209475 0.199987 0.210891 0.404078 0.890082 0.298457 0.041668 -0.913449 0.404813 -0.347926 0.000000 0.000000 0.000000 1.000000
0.976621 -0.048284 -0.209475 0.199987 0.210891 0.404078 0.890082 0.298457 0.041668 -0.913449 0.404813 -0.347926 0.000000 0.000000 0.000000 1.000000
0.976621 -0.048284 -0.209475 0.199987 0.210891 0.404078 0.890082 0.298457 0.041668 -0.913449 0.404813 -0.347926 0.000000 0.000000 0.000000 1.000000
0.976621 -0.048284 -0.209475 0.199987 0.210891 0.404078 0.890082 0.298457 0.041668 -0.913449 0.404813 -0.347926 0.000000 0.000000 0.000000 1.000000
0.976621 -0.048284 -0.209475 0.199987 0.210891 0.404078 0.890082 0.298457 0.041668 -0.913449 0.404813 -0.347926 0.000000 0.000000 0.000000 1.000000
0.976621 -0.048284 -0.209475 0.199987 0.210891 0.404078 0.890082 0.298457 0.041668 -0.913449 0.404813 -0.347926 0.000000 0.000000 0.000000 1.000000
0.976621 -0.048284 -0.209475 0.199987 0.210891 0.404078 0.890082 0.298457 0.041668 -0.913449 0.404813 -0.347926 0.000000 0.000000 0.000000 1.000000
0.976621 -0.048284 -0.209475 0.199987 0.210891 0.404078 0.890082 0.298457 0.041668 -0.913449 0.404813 -0.347926 0.000000 0.000000 0.000000 1.000000
0.976621 -0.048284 -0.209475 0.199987 0.210891 0.404078 0.890082 0.298457 0.041668 -0.913449 0.404813 -0.347926 0.000000 0.000000 0.000000 1.000000
0.976621 -0.048284 -0.209475 0.199987 0.210891 0.404078 0.890082 0.298457 0.041668 -0.913449 0.404813 -0.347926 0.000000 0.000000 0.000000 1.000000
0.976621 -0.048284 -0.209475 0.199987 0.210891 0.404078 0.890082 0.298457 0.041668 -0.913449 0.404813 -0.347926 0.000000 0.000000 0.000000 1.000000
0.976621 -0.048284 -0.209475 0.199987 0.210891 0.404078 0.890082 0.298457 0.041668 -0.913449 0.404813 -0.347926 0.000000 0.000000 0.000000 1.000000
0.976621 -0.048284 -0.209475 0.199987 0.210891 0.404078 0.890082 0.298457 0.041668 -0.913449 0.404813 -0.347926 0.000000 0.000000 0.000000 1.000000
0.976621 -0.048284 -0.209475 0.199987 0.210891 0.404078 0.890082 0.298457 0.041668 -0.913449 0.404813 -0.347926 0.000000 0.000000 0.000000 1.000000</float_array><technique_common><accessor source="#spine1_jnt-Matrix-animation-output-transform-array" count="21" stride="16"><param type="float4x4"/></accessor></technique_common></source><source id="spine1_jnt-Interpolations"><Name_array id="spine1_jnt-Interpolations-array" count="21">
 LINEAR LINEAR LINEAR LINEAR LINEAR LINEAR LINEAR LINEAR LINEAR LINEAR LINEAR
LINEAR LINEAR LINEAR LINEAR LINEAR LINEAR LINEAR LINEAR LINEAR LINEAR</Name_array><technique_common><accessor source="#spine1_jnt-Interpolations-array" count="21"><param type="name"/></accessor></technique_common></source><sampler id="spine1_jnt-Matrix-animation-transform"><input semantic="INPUT" source="#spine1_jnt-Matrix-animation-input"/><input semantic="OUTPUT" source="#spine1_jnt-Matrix-animation-output-transform"/><input semantic="INTERPOLATION" source="#spine1_jnt-Interpolations"/></sampler><channel source="#spine1_jnt-Matrix-animation-transform" target="spine1_jnt/matrix"/></animation></animation>
    <animation id="r_uleg1_jnt-anim" name="r_uleg1_jnt"><animation><source id="r_uleg1_jnt-Matrix-animation-input"><float_array id="r_uleg1_jnt-Matrix-animation-input-array" count="21">

0.000000 0.033333 0.066667 0.100000 0.133333 0.166667 0.200000 0.233333 0.266667 0.300000 0.333333 0.366667 0.400000 0.433333 0.466667 0.500000
0.533333 0.566667 0.600000 0.633333 0.666667</float_array><technique_common><accessor source="#r_uleg1_jnt-Matrix-animation-input-array" count="21"><param name="TIME" type="float"/></accessor></technique_common></source><source id="r_uleg1_jnt-Matrix-animation-output-transform"><float_array id="r_uleg1_jnt-Matrix-animation-output-transform-array" count="336">

-0.033974 -0.230889 -0.972387 -0.413257 -0.950651 0.307693 -0.039845 -0.379657 0.308396 0.923047 -0.229949 0.248367 0.000000 0.000000 0.000000 1.000000
-0.033974 -0.230889 -0.972387 -0.413257 -0.950651 0.307693 -0.039845 -0.379657 0.308396 0.923047 -0.229949 0.248367 0.000000 0.000000 0.000000 1.000000
-0.033974 -0.230889 -0.972387 -0.413257 -0.950651 0.307693 -0.039845 -0.379657 0.308396 0.923047 -0.229949 0.248367 0.000000 0.000000 0.000000 1.000000
-0.033974 -0.230889 -0.972387 -0.413257 -0.950651 0.307693 -0.039845 -0.379657 0.308396 0.923047 -0.229949 0.248367 0.000000 0.000000 0.000000 1.000000
-0.033974 -0.230889 -0.972387 -0.413257 -0.950651 0.307693 -0.039845 -0.379657 0.308396 0.923047 -0.229949 0.248367 0.000000 0.000000 0.000000 1.000000
-0.033974 -0.230889 -0.972387 -0.413257 -0.950651 0.307693 -0.039845 -0.379657 0.308396 0.923047 -0.229949 0.248367 0.000000 0.000000 0.000000 1.000000
-0.033974 -0.230889 -0.972387 -0.413257 -0.950651 0.307693 -0.039845 -0.379657 0.308396 0.923047 -0.229949 0.248367 0.000000 0.000000 0.000000 1.000000
-0.033974 -0.230889 -0.972387 -0.413257 -0.950651 0.307693 -0.039845 -0.379657 0.308396 0.923047 -0.229949 0.248367 0.000000 0.000000 0.000000 1.000000
-0.033974 -0.230889 -0.972387 -0.413257 -0.950651 0.307693 -0.039845 -0.379657 0.308396 0.923047 -0.229949 0.248367 0.000000 0.000000 0.000000 1.000000
-0.033974 -0.230889 -0.972387 -0.413257 -0.950651 0.307693 -0.039845 -0.379657 0.308396 0.923047 -0.229949 0.248367 0.000000 0.000000 0.000000 1.000000
-0.033974 -0.230889 -0.972387 -0.413257 -0.950651 0.307693 -0.039845 -0.379657 0.308396 0.923047 -0.229949 0.248367 0.000000 0.000000 0.000000 1.000000
-0.033974 -0.230889 -0.972387 -0.413257 -0.950651 0.307693 -0.039845 -0.379657 0.308396 0.923047 -0.229949 0.248367 0.000000 0.000000 0.000000 1.000000
-0.033974 -0.230889 -0.972387 -0.413257 -0.950651 0.307693 -0.039845 -0.379657 0.308396 0.923047 -0.229949 0.248367 0.000000 0.000000 0.000000 1.000000
-0.033974 -0.230889 -0.972387 -0.413257 -0.950651 0.307693 -0.039845 -0.379657 0.308396 0.923047 -0.229949 0.248367 0.000000 0.000000 0.000000 1.000000
-0.033974 -0.230889 -0.972387 -0.413257 -0.950651 0.307693 -0.039845 -0.379657 0.308396 0.923047 -0.229949 0.248367 0.000000 0.000000 0.000000 1.000000
-0.033974 -0.230889 -0.972387 -0.413257 -0.950651 0.307693 -0.039845 -0.379657 0.308396 0.923047 -0.229949 0.248367 0.000000 0.000000 0.000000 1.000000
-0.033974 -0.230889 -0.972387 -0.413257 -0.950651 0.307693 -0.039845 -0.379657 0.308396 0.923047 -0.229949 0.248367 0.000000 0.000000 0.000000 1.000000
-0.033974 -0.230889 -0.972387 -0.413257 -0.950651 0.307693 -0.039845 -0.379657 0.308396 0.923047 -0.229949 0.248367 0.000000 0.000000 0.000000 1.000000
-0.033974 -0.230889 -0.972387 -0.413257 -0.950651 0.307693 -0.039845 -0.379657 0.308396 0.923047 -0.229949 0.248367 0.000000 0.000000 0.000000 1.000000
-0.033974 -0.230889 -0.972387 -0.413257 -0.950651 0.307693 -0.039845 -0.379657 0.308396 0.923047 -0.229949 0.248367 0.000000 0.000000 0.000000 1.000000
-0.033974 -0.230889 -0.972387 -0.413257 -0.950651 0.307693 -0.039845 -0.379657 0.308396 0.923047 -0.229949 0.248367 0.000000 0.000000 0.000000 1.000000</float_array><technique_common><accessor source="#r_uleg1_jnt-Matrix-animation-output-transform-array" count="21" stride="16"><param type="float4x4"/></accessor></technique_common></source><source id="r_uleg1_jnt-Interpolations"><Name_array id="r_uleg1_jnt-Interpolations-array" count="21">
 LINEAR LINEAR LINEAR LINEAR LINEAR LINEAR LINEAR LINEAR LINEAR LINEAR LINEAR
LINEAR LINEAR LINEAR LINEAR LINEAR LINEAR LINEAR LINEAR LINEAR LINEAR</Name_array><technique_common><accessor source="#r_uleg1_jnt-Interpolations-array" count="21"><param type="name"/></accessor></technique_common></source><sampler id="r_uleg1_jnt-Matrix-animation-transform"><input semantic="INPUT" source="#r_uleg1_jnt-Matrix-animation-input"/><input semantic="OUTPUT" source="#r_uleg1_jnt-Matrix-animation-output-transform"/><input semantic="INTERPOLATION" source="#r_uleg1_jnt-Interpolations"/></sampler><channel source="#r_uleg1_jnt-Matrix-animation-transform" target="r_uleg1_jnt/matrix"/></animation></animation>
    <animation id="r_leg1_jnt-anim" name="r_leg1_jnt"><animation><source id="r_leg1_jnt-Matrix-animation-input"><float_array id="r_leg1_jnt-Matrix-animation-input-array" count="21">

0.000000 0.033333 0.066667 0.100000 0.133333 0.166667 0.200000 0.233333 0.266667 0.300000 0.333333 0.366667 0.400000 0.433333 0.466667 0.500000
0.533333 0.566667 0.600000 0.633333 0.666667</float_array><technique_common><accessor source="#r_leg1_jnt-Matrix-animation-input-array" count="21"><param name="TIME" type="float"/></accessor></technique_common></source><source id="r_leg1_jnt-Matrix-animation-output-transform"><float_array id="r_leg1_jnt-Matrix-animation-output-transform-array" count="336">

0.743581 0.000000 0.668646 -0.000000 0.000000 1.000000 -0.000000 0.000000 -0.668646 0.000000 0.743581 0.230000 0.000000 0.000000 0.000000 1.000000
0.743581 0.000000 0.668646 -0.000000 0.000000 1.000000 -0.000000 0.000000 -0.668646 0.000000 0.743581 0.230000 0.000000 0.000000 0.000000 1.000000
0.743581 0.000000 0.668646 -0.000000 0.000000 1.000000 -0.000000 0.000000 -0.668646 0.000000 0.743581 0.230000 0.000000 0.000000 0.000000 1.000000
0.743581 0.000000 0.668646 -0.000000 0.000000 1.000000 -0.000000 0.000000 -0.668646 0.000000 0.743581 0.230000 0.000000 0.000000 0.000000 1.000000
0.743581 0.000000 0.668646 -0.000000 0.000000 1.000000 -0.000000 0.000000 -0.668646 0.000000 0.743581 0.230000 0.000000 0.000000 0.000000 1.000000
0.743581 0.000000 0.668646 -0.000000 0.000000 1.000000 -0.000000 0.000000 -0.668646 0.000000 0.743581 0.230000 0.000000 0.000000 0.000000 1.000000
0.743581 0.000000 0.668646 -0.000000 0.000000 1.000000 -0.000000 0.000000 -0.668646 0.000000 0.743581 0.230000 0.000000 0.000000 0.000000 1.000000
0.743581 0.000000 0.668646 -0.000000 0.000000 1.000000 -0.000000 0.000000 -0.668646 0.000000 0.743581 0.230000 0.000000 0.000000 0.000000 1.000000
0.743581 0.000000 0.668646 -0.000000 0.000000 1.000000 -0.000000 0.000000 -0.668646 0.000000 0.743581 0.230000 0.000000 0.000000 0.000000 1.000000
0.743581 0.000000 0.668646 -0.000000 0.000000 1.000000 -0.000000 0.000000 -0.668646 0.000000 0.743581 0.230000 0.000000 0.000000 0.000000 1.000000
0.743581 0.000000 0.668646 -0.000000 0.000000 1.000000 -0.000000 0.000000 -0.668646 0.000000 0.743581 0.230000 0.000000 0.000000 0.000000 1.000000
0.743581 0.000000 0.668646 -0.000000 0.000000 1.000000 -0.000000 0.000000 -0.668646 0.000000 0.743581 0.230000 0.000000 0.000000 0.000000 1.000000
0.743581 0.000000 0.668646 -0.000000 0.000000 1.000000 -0.000000 0.000000 -0.668646 0.000000 0.743581 0.230000 0.000000 0.000000 0.000000 1.000000
0.743581 0.000000 0.668646 -0.000000 0.000000 1.000000 -0.000000 0.000000 -0.668646 0.000000 0.743581 0.230000 0.000000 0.000000 0.000000 1.000000
0.743581 0.000000 0.668646 -0.000000 0.000000 1.000000 -0.000000 0.000000 -0.668646 0.000000 0.743581 0.230000 0.000000 0.000000 0.000000 1.000000
0.743581 0.000000 0.668646 -0.000000 0.000000 1.000000 -0.000000 0.000000 -0.668646 0.000000 0.743581 0.230000 0.000000 0.000000 0.000000 1.000000
0.743581 0.000000 0.668646 -0.000000 0.000000 1.000000 -0.000000 0.000000 -0.668646 0.000000 0.743581 0.230000 0.000000 0.000000 0.000000 1.000000
0.743581 0.000000 0.668646 -0.000000 0.000000 1.000000 -0.000000 0.000000 -0.668646 0.000000 0.743581 0.230000 0.000000 0.000000 0.000000 1.000000
0.743581 0.000000 0.668646 -0.000000 0.000000 1.000000 -0.000000 0.000000 -0.668646 0.000000 0.743581 0.230000 0.000000 0.000000 0.000000 1.000000
0.743581 0.000000 0.668646 -0.000000 0.000000 1.000000 -0.000000 0.000000 -0.668646 0.000000 0.743581 0.230000 0.000000 0.000000 0.000000 1.000000
0.743581 0.000000 0.668646 -0.000000 0.000000 1.000000 -0.000000 0.000000 -0.668646 0.000000 0.743581 0.230000 0.000000 0.000000 0.000000 1.000000</float_array><technique_common><accessor source="#r_leg1_jnt-Matrix-animation-output-transform-array" count="21" stride="16"><param type="float4x4"/></accessor></technique_common></source><source id="r_leg1_jnt-Interpolations"><Name_array id="r_leg1_jnt-Interpolations-array" count="21">
 LINEAR LINEAR LINEAR LINEAR LINEAR LINEAR LINEAR LINEAR LINEAR LINEAR LINEAR
LINEAR LINEAR LINEAR LINEAR LINEAR LINEAR LINEAR LINEAR LINEAR LINEAR</Name_array><technique_common><accessor source="#r_leg1_jnt-Interpolations-array" count="21"><param type="name"/></accessor></technique_common></source><sampler id="r_leg1_jnt-Matrix-animation-transform"><input semantic="INPUT" source="#r_leg1_jnt-Matrix-animation-input"/><input semantic="OUTPUT" source="#r_leg1_jnt-Matrix-animation-output-transform"/><input semantic="INTERPOLATION" source="#r_leg1_jnt-Interpolations"/></sampler><channel source="#r_leg1_jnt-Matrix-animation-transform" target="r_leg1_jnt/matrix"/></animation></animation>
    <animation id="r_leg2_jnt-anim" name="r_leg2_jnt"><animation><source id="r_leg2_jnt-Matrix-animation-input"><float_array id="r_leg2_jnt-Matrix-animation-input-array" count="21">

0.000000 0.033333 0.066667 0.100000 0.133333 0.166667 0.200000 0.233333 0.266667 0.300000 0.333333 0.366667 0.400000 0.433333 0.466667 0.500000
0.533333 0.566667 0.600000 0.633333 0.666667</float_array><technique_common><accessor source="#r_leg2_jnt-Matrix-animation-input-array" count="21"><param name="TIME" type="float"/></accessor></technique_common></source><source id="r_leg2_jnt-Matrix-animation-output-transform"><float_array id="r_leg2_jnt-Matrix-animation-output-transform-array" count="336">

-0.349682 -0.936659 0.019804 -0.380766 -0.519607 0.176308 -0.836017 -0.436460 0.779571 -0.302630 -0.548346 -0.094663 0.000000 0.000000 0.000000 1.000000
-0.351921 -0.935838 0.018954 -0.380766 -0.522234 0.179500 -0.833697 -0.436460 0.776803 -0.303293 -0.551897 -0.094663 0.000000 0.000000 0.000000 1.000000
-0.358344 -0.933444 0.016521 -0.380766 -0.529631 0.188686 -0.826976 -0.436460 0.768818 -0.305091 -0.561995 -0.094663 0.000000 0.000000 0.000000 1.000000
-0.368524 -0.929532 0.012680 -0.380766 -0.540926 0.203324 -0.816124 -0.436460 0.756035 -0.307620 -0.577738 -0.094663 0.000000 0.000000 0.000000 1.000000
-0.382033 -0.924117 0.007614 -0.380766 -0.555111 0.222882 -0.801358 -0.436460 0.738852 -0.310372 -0.598136 -0.094663 0.000000 0.000000 0.000000 1.000000
-0.398423 -0.917200 0.001518 -0.380766 -0.571099 0.246785 -0.782907 -0.436460 0.717708 -0.312795 -0.622137 -0.094663 0.000000 0.000000 0.000000 1.000000
-0.417210 -0.908794 -0.005402 -0.380766 -0.587795 0.274370 -0.761064 -0.436460 0.693132 -0.314348 -0.648655 -0.094663 0.000000 0.000000 0.000000 1.000000
-0.437869 -0.898946 -0.012925 -0.380766 -0.604167 0.304871 -0.736231 -0.436460 0.665772 -0.314564 -0.676607 -0.094663 0.000000 0.000000 0.000000 1.000000
-0.459837 -0.887759 -0.020824 -0.380766 -0.619321 0.337423 -0.708934 -0.436460 0.636389 -0.313097 -0.704968 -0.094663 0.000000 0.000000 0.000000 1.000000
-0.482529 -0.875404 -0.028872 -0.380766 -0.632562 0.371094 -0.679819 -0.436460 0.605831 -0.309769 -0.732811 -0.094663 0.000000 0.000000 0.000000 1.000000
-0.505357 -0.862123 -0.036853 -0.380766 -0.643436 0.404937 -0.649628 -0.436460 0.574983 -0.304582 -0.759358 -0.094663 0.000000 0.000000 0.000000 1.000000
-0.527755 -0.848227 -0.044570 -0.380766 -0.651741 0.438038 -0.619158 -0.436460 0.544709 -0.297715 -0.784001 -0.094663 0.000000 0.000000 0.000000 1.000000
-0.549201 -0.834080 -0.051855 -0.380766 -0.657516 0.469574 -0.589214 -0.436460 0.515802 -0.289502 -0.806311 -0.094663 0.000000 0.000000 0.000000 1.000000
-0.569236 -0.820085 -0.058569 -0.380766 -0.660993 0.498842 -0.560576 -0.436460 0.488937 -0.280386 -0.826029 -0.094663 0.000000 0.000000 0.000000 1.000000
-0.587467 -0.806666 -0.064602 -0.380766 -0.662549 0.525274 -0.533962 -0.436460 0.464663 -0.270883 -0.843037 -0.094663 0.000000 0.000000 0.000000 1.000000
-0.603566 -0.794246 -0.069869 -0.380766 -0.662649 0.548429 -0.510021 -0.436460 0.443400 -0.261533 -0.857319 -0.094663 0.000000 0.000000 0.000000 1.000000
-0.617262 -0.783241 -0.074307 -0.380766 -0.661790 0.567971 -0.489328 -0.436460 0.425466 -0.252868 -0.868928 -0.094663 0.000000 0.000000 0.000000 1.000000
-0.628320 -0.774049 -0.077861 -0.380766 -0.660461 0.583635 -0.472400 -0.436460 0.411103 -0.245395 -0.877938 -0.094663 0.000000 0.000000 0.000000 1.000000
-0.636522 -0.767048 -0.080480 -0.380766 -0.659105 0.595182 -0.459715 -0.436460 0.400524 -0.239574 -0.884412 -0.094663 0.000000 0.000000 0.000000 1.000000
-0.641642 -0.762597 -0.082108 -0.380766 -0.658100 0.602358 -0.451741 -0.436460 0.393955 -0.235821 -0.888363 -0.094663 0.000000 0.000000 0.000000 1.000000
-0.643416 -0.761039 -0.082671 -0.380766 -0.657722 0.604839 -0.448967 -0.436460 0.391685 -0.234498 -0.889716 -0.094663 0.000000 0.000000 0.000000 1.000000</float_array><technique_common><accessor source="#r_leg2_jnt-Matrix-animation-output-transform-array" count="21" stride="16"><param type="float4x4"/></accessor></technique_common></source><source id="r_leg2_jnt-Interpolations"><Name_array id="r_leg2_jnt-Interpolations-array" count="21">
 LINEAR LINEAR LINEAR LINEAR LINEAR LINEAR LINEAR LINEAR LINEAR LINEAR LINEAR
LINEAR LINEAR LINEAR LINEAR LINEAR LINEAR LINEAR LINEAR LINEAR LINEAR</Name_array><technique_common><accessor source="#r_leg2_jnt-Interpolations-array" count="21"><param type="name"/></accessor></technique_common></source><sampler id="r_leg2_jnt-Matrix-animation-transform"><input semantic="INPUT" source="#r_leg2_jnt-Matrix-animation-input"/><input semantic="OUTPUT" source="#r_leg2_jnt-Matrix-animation-output-transform"/><input semantic="INTERPOLATION" source="#r_leg2_jnt-Interpolations"/></sampler><channel source="#r_leg2_jnt-Matrix-animation-transform" target="r_leg2_jnt/matrix"/></animation></animation>
    <animation id="r_leg3_jnt-anim" name="r_leg3_jnt"><animation><source id="r_leg3_jnt-Matrix-animation-input"><float_array id="r_leg3_jnt-Matrix-animation-input-array" count="21">

0.000000 0.033333 0.066667 0.100000 0.133333 0.166667 0.200000 0.233333 0.266667 0.300000 0.333333 0.366667 0.400000 0.433333 0.466667 0.500000
0.533333 0.566667 0.600000 0.633333 0.666667</float_array><technique_common><accessor source="#r_leg3_jnt-Matrix-animation-input-array" count="21"><param name="TIME" type="float"/></accessor></technique_common></source><source id="r_leg3_jnt-Matrix-animation-output-transform"><float_array id="r_leg3_jnt-Matrix-animation-output-transform-array" count="336">

-0.742873 -0.663604 -0.088143 -0.336837 -0.339336 0.486783 -0.804918 -0.444096 0.577053 -0.568042 -0.586803 -0.403838 0.000000 0.000000 0.000000 1.000000
-0.744716 -0.661403 -0.089134 -0.336837 -0.340314 0.491235 -0.801795 -0.444096 0.574095 -0.566776 -0.590915 -0.403838 0.000000 0.000000 0.000000 1.000000
-0.749963 -0.655057 -0.091953 -0.336837 -0.342948 0.503917 -0.792751 -0.444096 0.565634 -0.562999 -0.602570 -0.403838 0.000000 0.000000 0.000000 1.000000
-0.758160 -0.644912 -0.096340 -0.336837 -0.346616 0.523730 -0.778180 -0.444096 0.552314 -0.556592 -0.620608 -0.403838 0.000000 0.000000 0.000000 1.000000
-0.768806 -0.631293 -0.102008 -0.336837 -0.350548 0.549459 -0.758427 -0.444096 0.534839 -0.547324 -0.643726 -0.403838 0.000000 0.000000 0.000000 1.000000
-0.781365 -0.614543 -0.108649 -0.336837 -0.353944 0.579773 -0.733885 -0.444096 0.513996 -0.534977 -0.670528 -0.403838 0.000000 0.000000 0.000000 1.000000
-0.795272 -0.595062 -0.115944 -0.336837 -0.356071 0.613252 -0.705078 -0.444096 0.490668 -0.519444 -0.699587 -0.403838 0.000000 0.000000 0.000000 1.000000
-0.809957 -0.573322 -0.123576 -0.336837 -0.356366 0.648449 -0.672694 -0.444096 0.465803 -0.500815 -0.729528 -0.403838 0.000000 0.000000 0.000000 1.000000
-0.824871 -0.549874 -0.131248 -0.336837 -0.354493 0.683965 -0.637594 -0.444096 0.440365 -0.479407 -0.759110 -0.403838 0.000000 0.000000 0.000000 1.000000
-0.839519 -0.525329 -0.138703 -0.336837 -0.350375 0.718550 -0.600770 -0.444096 0.415266 -0.455759 -0.787298 -0.403838 0.000000 0.000000 0.000000 1.000000
-0.853480 -0.500334 -0.145733 -0.336837 -0.344177 0.751171 -0.563279 -0.444096 0.391298 -0.430590 -0.813313 -0.403838 0.000000 0.000000 0.000000 1.000000
-0.866432 -0.475537 -0.152186 -0.336837 -0.336264 0.781067 -0.526175 -0.444096 0.369084 -0.404720 -0.836647 -0.403838 0.000000 0.000000 0.000000 1.000000
-0.878149 -0.451553 -0.157968 -0.336837 -0.327130 0.807750 -0.490435 -0.444096 0.349056 -0.378999 -0.857041 -0.403838 0.000000 0.000000 0.000000 1.000000
-0.888499 -0.428941 -0.163030 -0.336837 -0.317333 0.830979 -0.456917 -0.444096 0.331465 -0.354236 -0.874441 -0.403838 0.000000 0.000000 0.000000 1.000000
-0.897423 -0.408193 -0.167362 -0.336837 -0.307437 0.850713 -0.426344 -0.444096 0.316407 -0.331158 -0.888944 -0.403838 0.000000 0.000000 0.000000 1.000000
-0.904918 -0.389730 -0.170977 -0.336837 -0.297973 0.867045 -0.399306 -0.444096 0.303866 -0.310393 -0.900734 -0.403838 0.000000 0.000000 0.000000 1.000000
-0.911013 -0.373917 -0.173901 -0.336837 -0.289418 0.880141 -0.376282 -0.444096 0.293756 -0.292468 -0.910039 -0.403838 0.000000 0.000000 0.000000 1.000000
-0.915747 -0.361074 -0.176164 -0.336837 -0.282188 0.890188 -0.357682 -0.444096 0.285968 -0.277835 -0.917077 -0.403838 0.000000 0.000000 0.000000 1.000000
-0.919151 -0.351502 -0.177787 -0.336837 -0.276646 0.897337 -0.343879 -0.444096 0.280409 -0.266893 -0.922030 -0.403838 0.000000 0.000000 0.000000 1.000000
-0.921229 -0.345508 -0.178776 -0.336837 -0.273111 0.901671 -0.335262 -0.444096 0.277032 -0.260027 -0.925008 -0.403838 0.000000 0.000000 0.000000 1.000000
-0.921942 -0.343426 -0.179114 -0.336837 -0.271872 0.903150 -0.332274 -0.444096 0.275879 -0.257641 -0.926019 -0.403838 0.000000 0.000000 0.000000 1.000000</float_array><technique_common><accessor source="#r_leg3_jnt-Matrix-animation-output-transform-array" count="21" stride="16"><param type="float4x4"/></accessor></technique_common></source><source id="r_leg3_jnt-Interpolations"><Name_array id="r_leg3_jnt-Interpolations-array" count="21">
 LINEAR LINEAR LINEAR LINEAR LINEAR LINEAR LINEAR LINEAR LINEAR LINEAR LINEAR
LINEAR LINEAR LINEAR LINEAR LINEAR LINEAR LINEAR LINEAR LINEAR LINEAR</Name_array><technique_common><accessor source="#r_leg3_jnt-Interpolations-array" count="21"><param type="name"/></accessor></technique_common></source><sampler id="r_leg3_jnt-Matrix-animation-transform"><input semantic="INPUT" source="#r_leg3_jnt-Matrix-animation-input"/><input semantic="OUTPUT" source="#r_leg3_jnt-Matrix-animation-output-transform"/><input semantic="INTERPOLATION" source="#r_leg3_jnt-Interpolations"/></sampler><channel source="#r_leg3_jnt-Matrix-animation-transform" target="r_leg3_jnt/matrix"/></animation></animation>
    <animation id="fin_jnt-anim" name="fin_jnt"><animation><source id="fin_jnt-Matrix-animation-input"><float_array id="fin_jnt-Matrix-animation-input-array" count="21">

0.000000 0.033333 0.066667 0.100000 0.133333 0.166667 0.200000 0.233333 0.266667 0.300000 0.333333 0.366667 0.400000 0.433333 0.466667 0.500000
0.533333 0.566667 0.600000 0.633333 0.666667</float_array><technique_common><accessor source="#fin_jnt-Matrix-animation-input-array" count="21"><param name="TIME" type="float"/></accessor></technique_common></source><source id="fin_jnt-Matrix-animation-output-transform"><float_array id="fin_jnt-Matrix-animation-output-transform-array" count="336">

0.830901 0.556421 -0.000000 0.184134 -0.556421 0.830901 -0.000000 0.724213 -0.000000 0.000000 1.000000 0.339920 0.000000 0.000000 0.000000 1.000000
0.830901 0.556421 -0.000000 0.184134 -0.556421 0.830901 -0.000000 0.724213 -0.000000 0.000000 1.000000 0.339920 0.000000 0.000000 0.000000 1.000000
0.830901 0.556421 -0.000000 0.184134 -0.556421 0.830901 -0.000000 0.724213 -0.000000 0.000000 1.000000 0.339920 0.000000 0.000000 0.000000 1.000000
0.830901 0.556421 -0.000000 0.184134 -0.556421 0.830901 -0.000000 0.724213 -0.000000 0.000000 1.000000 0.339920 0.000000 0.000000 0.000000 1.000000
0.830901 0.556421 -0.000000 0.184134 -0.556421 0.830901 -0.000000 0.724213 -0.000000 0.000000 1.000000 0.339920 0.000000 0.000000 0.000000 1.000000
0.830901 0.556421 -0.000000 0.184134 -0.556421 0.830901 -0.000000 0.724213 -0.000000 0.000000 1.000000 0.339920 0.000000 0.000000 0.000000 1.000000
0.830901 0.556421 -0.000000 0.184134 -0.556421 0.830901 -0.000000 0.724213 -0.000000 0.000000 1.000000 0.339920 0.000000 0.000000 0.000000 1.000000
0.830901 0.556421 -0.000000 0.184134 -0.556421 0.830901 -0.000000 0.724213 -0.000000 0.000000 1.000000 0.339920 0.000000 0.000000 0.000000 1.000000
0.830901 0.556421 -0.000000 0.184134 -0.556421 0.830901 -0.000000 0.724213 -0.000000 0.000000 1.000000 0.339920 0.000000 0.000000 0.000000 1.000000
0.830901 0.556421 -0.000000 0.184134 -0.556421 0.830901 -0.000000 0.724213 -0.000000 0.000000 1.000000 0.339920 0.000000 0.000000 0.000000 1.000000
0.830901 0.556421 -0.000000 0.184134 -0.556421 0.830901 -0.000000 0.724213 -0.000000 0.000000 1.000000 0.339920 0.000000 0.000000 0.000000 1.000000
0.830901 0.556421 -0.000000 0.184134 -0.556421 0.830901 -0.000000 0.724213 -0.000000 0.000000 1.000000 0.339920 0.000000 0.000000 0.000000 1.000000
0.830901 0.556421 -0.000000 0.184134 -0.556421 0.830901 -0.000000 0.724213 -0.000000 0.000000 1.000000 0.339920 0.000000 0.000000 0.000000 1.000000
0.830901 0.556421 -0.000000 0.184134 -0.556421 0.830901 -0.000000 0.724213 -0.000000 0.000000 1.000000 0.339920 0.000000 0.000000 0.000000 1.000000
0.830901 0.556421 -0.000000 0.184134 -0.556421 0.830901 -0.000000 0.724213 -0.000000 0.000000 1.000000 0.339920 0.000000 0.000000 0.000000 1.000000
0.830901 0.556421 -0.000000 0.184134 -0.556421 0.830901 -0.000000 0.724213 -0.000000 0.000000 1.000000 0.339920 0.000000 0.000000 0.000000 1.000000
0.830901 0.556421 -0.000000 0.184134 -0.556421 0.830901 -0.000000 0.724213 -0.000000 0.000000 1.000000 0.339920 0.000000 0.000000 0.000000 1.000000
0.830901 0.556421 -0.000000 0.184134 -0.556421 0.830901 -0.000000 0.724213 -0.000000 0.000000 1.000000 0.339920 0.000000 0.000000 0.000000 1.000000
0.830901 0.556421 -0.000000 0.184134 -0.556421 0.830901 -0.000000 0.724213 -0.000000 0.000000 1.000000 0.339920 0.000000 0.000000 0.000000 1.000000
0.830901 0.556421 -0.000000 0.184134 -0.556421 0.830901 -0.000000 0.724213 -0.000000 0.000000 1.000000 0.339920 0.000000 0.000000 0.000000 1.000000
0.830901 0.556421 -0.000000 0.184134 -0.556421 0.830901 -0.000000 0.724213 -0.000000 0.000000 1.000000 0.339920 0.000000 0.000000 0.000000 1.000000</float_array><technique_common><accessor source="#fin_jnt-Matrix-animation-output-transform-array" count="21" stride="16"><param type="float4x4"/></accessor></technique_common></source><source id="fin_jnt-Interpolations"><Name_array id="fin_jnt-Interpolations-array" count="21">
 LINEAR LINEAR LINEAR LINEAR LINEAR LINEAR LINEAR LINEAR LINEAR LINEAR LINEAR
LINEAR LINEAR LINEAR LINEAR LINEAR LINEAR LINEAR LINEAR LINEAR LINEAR</Name_array><technique_common><accessor source="#fin_jnt-Interpolations-array" count="21"><param type="name"/></accessor></technique_common></source><sampler id="fin_jnt-Matrix-animation-transform"><input semantic="INPUT" source="#fin_jnt-Matrix-animation-input"/><input semantic="OUTPUT" source="#fin_jnt-Matrix-animation-output-transform"/><input semantic="INTERPOLATION" source="#fin_jnt-Interpolations"/></sampler><channel source="#fin_jnt-Matrix-animation-transform" target="fin_jnt/matrix"/></animation></animation>
    <animation id="head_jnt-anim" name="head_jnt"><animation><source id="head_jnt-Matrix-animation-input"><float_array id="head_jnt-Matrix-animation-input-array" count="21">

0.000000 0.033333 0.066667 0.100000 0.133333 0.166667 0.200000 0.233333 0.266667 0.300000 0.333333 0.366667 0.400000 0.433333 0.466667 0.500000
0.533333 0.566667 0.600000 0.633333 0.666667</float_array><technique_common><accessor source="#head_jnt-Matrix-animation-input-array" count="21"><param name="TIME" type="float"/></accessor></technique_common></source><source id="head_jnt-Matrix-animation-output-transform"><float_array id="head_jnt-Matrix-animation-output-transform-array" count="336">

1.000000 -0.000000 -0.000000 0.000000 -0.000000 0.410675 -0.911782 -0.367949 0.000000 0.911782 0.410675 0.414658 0.000000 0.000000 0.000000 1.000000
1.000000 -0.000000 -0.000000 0.000000 -0.000000 0.410675 -0.911782 -0.367949 0.000000 0.911782 0.410675 0.414658 0.000000 0.000000 0.000000 1.000000
1.000000 -0.000000 -0.000000 0.000000 -0.000000 0.410675 -0.911782 -0.367949 0.000000 0.911782 0.410675 0.414658 0.000000 0.000000 0.000000 1.000000
1.000000 -0.000000 -0.000000 0.000000 -0.000000 0.410675 -0.911782 -0.367949 0.000000 0.911782 0.410675 0.414658 0.000000 0.000000 0.000000 1.000000
1.000000 -0.000000 -0.000000 0.000000 -0.000000 0.410675 -0.911782 -0.367949 0.000000 0.911782 0.410675 0.414658 0.000000 0.000000 0.000000 1.000000
1.000000 -0.000000 -0.000000 0.000000 -0.000000 0.410675 -0.911782 -0.367949 0.000000 0.911782 0.410675 0.414658 0.000000 0.000000 0.000000 1.000000
1.000000 -0.000000 -0.000000 0.000000 -0.000000 0.410675 -0.911782 -0.367949 0.000000 0.911782 0.410675 0.414658 0.000000 0.000000 0.000000 1.000000
1.000000 -0.000000 -0.000000 0.000000 -0.000000 0.410675 -0.911782 -0.367949 0.000000 0.911782 0.410675 0.414658 0.000000 0.000000 0.000000 1.000000
1.000000 -0.000000 -0.000000 0.000000 -0.000000 0.410675 -0.911782 -0.367949 0.000000 0.911782 0.410675 0.414658 0.000000 0.000000 0.000000 1.000000
1.000000 -0.000000 -0.000000 0.000000 -0.000000 0.410675 -0.911782 -0.367949 0.000000 0.911782 0.410675 0.414658 0.000000 0.000000 0.000000 1.000000
1.000000 -0.000000 -0.000000 0.000000 -0.000000 0.410675 -0.911782 -0.367949 0.000000 0.911782 0.410675 0.414658 0.000000 0.000000 0.000000 1.000000
1.000000 -0.000000 -0.000000 0.000000 -0.000000 0.410675 -0.911782 -0.367949 0.000000 0.911782 0.410675 0.414658 0.000000 0.000000 0.000000 1.000000
1.000000 -0.000000 -0.000000 0.000000 -0.000000 0.410675 -0.911782 -0.367949 0.000000 0.911782 0.410675 0.414658 0.000000 0.000000 0.000000 1.000000
1.000000 -0.000000 -0.000000 0.000000 -0.000000 0.410675 -0.911782 -0.367949 0.000000 0.911782 0.410675 0.414658 0.000000 0.000000 0.000000 1.000000
1.000000 -0.000000 -0.000000 0.000000 -0.000000 0.410675 -0.911782 -0.367949 0.000000 0.911782 0.410675 0.414658 0.000000 0.000000 0.000000 1.000000
1.000000 -0.000000 -0.000000 0.000000 -0.000000 0.410675 -0.911782 -0.367949 0.000000 0.911782 0.410675 0.414658 0.000000 0.000000 0.000000 1.000000
1.000000 -0.000000 -0.000000 0.000000 -0.000000 0.410675 -0.911782 -0.367949 0.000000 0.911782 0.410675 0.414658 0.000000 0.000000 0.000000 1.000000
1.000000 -0.000000 -0.000000 0.000000 -0.000000 0.410675 -0.911782 -0.367949 0.000000 0.911782 0.410675 0.414658 0.000000 0.000000 0.000000 1.000000
1.000000 -0.000000 -0.000000 0.000000 -0.000000 0.410675 -0.911782 -0.367949 0.000000 0.911782 0.410675 0.414658 0.000000 0.000000 0.000000 1.000000
1.000000 -0.000000 -0.000000 0.000000 -0.000000 0.410675 -0.911782 -0.367949 0.000000 0.911782 0.410675 0.414658 0.000000 0.000000 0.000000 1.000000
1.000000 -0.000000 -0.000000 0.000000 -0.000000 0.410675 -0.911782 -0.367949 0.000000 0.911782 0.410675 0.414658 0.000000 0.000000 0.000000 1.000000</float_array><technique_common><accessor source="#head_jnt-Matrix-animation-output-transform-array" count="21" stride="16"><param type="float4x4"/></accessor></technique_common></source><source id="head_jnt-Interpolations"><Name_array id="head_jnt-Interpolations-array" count="21">
 LINEAR LINEAR LINEAR LINEAR LINEAR LINEAR LINEAR LINEAR LINEAR LINEAR LINEAR
LINEAR LINEAR LINEAR LINEAR LINEAR LINEAR LINEAR LINEAR LINEAR LINEAR</Name_array><technique_common><accessor source="#head_jnt-Interpolations-array" count="21"><param type="name"/></accessor></technique_common></source><sampler id="head_jnt-Matrix-animation-transform"><input semantic="INPUT" source="#head_jnt-Matrix-animation-input"/><input semantic="OUTPUT" source="#head_jnt-Matrix-animation-output-transform"/><input semantic="INTERPOLATION" source="#head_jnt-Interpolations"/></sampler><channel source="#head_jnt-Matrix-animation-transform" target="head_jnt/matrix"/></animation></animation>
    <animation id="r_antenna1_jnt-anim" name="r_antenna1_jnt"><animation><source id="r_antenna1_jnt-Matrix-animation-input"><float_array id="r_antenna1_jnt-Matrix-animation-input-array" count="21">

0.000000 0.033333 0.066667 0.100000 0.133333 0.166667 0.200000 0.233333 0.266667 0.300000 0.333333 0.366667 0.400000 0.433333 0.466667 0.500000
0.533333 0.566667 0.600000 0.633333 0.666667</float_array><technique_common><accessor source="#r_antenna1_jnt-Matrix-animation-input-array" count="21"><param name="TIME" type="float"/></accessor></technique_common></source><source id="r_antenna1_jnt-Matrix-animation-output-transform"><float_array id="r_antenna1_jnt-Matrix-animation-output-transform-array" count="336">

0.889292 0.132196 0.437818 -0.248546 0.220379 0.714971 -0.663513 0.276260 -0.400741 0.686542 0.606685 0.377659 0.000000 0.000000 0.000000 1.000000
0.889292 0.105047 0.445113 -0.248546 0.220379 0.754386 -0.618333 0.276260 -0.400741 0.647972 0.647718 0.377659 0.000000 0.000000 0.000000 1.000000
0.889292 0.044070 0.455212 -0.248546 0.220379 0.830871 -0.510967 0.276260 -0.400741 0.554718 0.729174 0.377659 0.000000 0.000000 0.000000 1.000000
0.889292 -0.017712 0.456997 -0.248546 0.220379 0.892180 -0.394268 0.276260 -0.400741 0.451332 0.797312 0.377659 0.000000 0.000000 0.000000 1.000000
0.889292 -0.045755 0.455046 -0.248546 0.220379 0.914718 -0.338709 0.276260 -0.400741 0.401494 0.823535 0.377659 0.000000 0.000000 0.000000 1.000000
0.889292 -0.030268 0.456338 -0.248546 0.220379 0.902682 -0.369592 0.276260 -0.400741 0.429243 0.809418 0.377659 0.000000 0.000000 0.000000 1.000000
0.889292 0.010682 0.457216 -0.248546 0.220379 0.865994 -0.448873 0.276260 -0.400741 0.499940 0.767767 0.377659 0.000000 0.000000 0.000000 1.000000
0.889292 0.068353 0.452204 -0.248546 0.220379 0.802354 -0.554672 0.276260 -0.400741 0.592922 0.698463 0.377659 0.000000 0.000000 0.000000 1.000000
0.889292 0.133062 0.437555 -0.248546 0.220379 0.713656 -0.664927 0.276260 -0.400741 0.687742 0.605324 0.377659 0.000000 0.000000 0.000000 1.000000
0.889292 0.194971 0.413699 -0.248546 0.220379 0.609940 -0.761187 0.276260 -0.400741 0.768088 0.499447 0.377659 0.000000 0.000000 0.000000 1.000000
0.889292 0.245669 0.385755 -0.248546 0.220379 0.508898 -0.832139 0.276260 -0.400741 0.825027 0.398418 0.377659 0.000000 0.000000 0.000000 1.000000
0.889292 0.279197 0.362228 -0.248546 0.220379 0.432405 -0.874333 0.276260 -0.400741 0.857365 0.323005 0.377659 0.000000 0.000000 0.000000 1.000000
0.889292 0.291343 0.352533 -0.248546 0.220379 0.402450 -0.888520 0.276260 -0.400741 0.867844 0.293689 0.377659 0.000000 0.000000 0.000000 1.000000
0.889292 0.285281 0.357456 -0.248546 0.220379 0.417563 -0.881518 0.276260 -0.400741 0.862703 0.308465 0.377659 0.000000 0.000000 0.000000 1.000000
0.889292 0.268905 0.369933 -0.248546 0.220379 0.456811 -0.861833 0.276260 -0.400741 0.847947 0.346978 0.377659 0.000000 0.000000 0.000000 1.000000
0.889292 0.244831 0.386288 -0.248546 0.220379 0.510703 -0.831032 0.276260 -0.400741 0.824160 0.400209 0.377659 0.000000 0.000000 0.000000 1.000000
0.889292 0.216020 0.403107 -0.248546 0.220379 0.569925 -0.791592 0.276260 -0.400741 0.792793 0.459223 0.377659 0.000000 0.000000 0.000000 1.000000
0.889292 0.186060 0.417782 -0.248546 0.220379 0.626114 -0.747940 0.276260 -0.400741 0.757208 0.515794 0.377659 0.000000 0.000000 0.000000 1.000000
0.889292 0.159110 0.428771 -0.248546 0.220379 0.672418 -0.706602 0.276260 -0.400741 0.722867 0.562912 0.377659 0.000000 0.000000 0.000000 1.000000
0.889292 0.139653 0.435497 -0.248546 0.220379 0.703537 -0.675624 0.276260 -0.400741 0.696802 0.594873 0.377659 0.000000 0.000000 0.000000 1.000000
0.889292 0.132196 0.437818 -0.248546 0.220379 0.714971 -0.663513 0.276260 -0.400741 0.686542 0.606685 0.377659 0.000000 0.000000 0.000000 1.000000</float_array><technique_common><accessor source="#r_antenna1_jnt-Matrix-animation-output-transform-array" count="21" stride="16"><param type="float4x4"/></accessor></technique_common></source><source id="r_antenna1_jnt-Interpolations"><Name_array id="r_antenna1_jnt-Interpolations-array" count="21">
 LINEAR LINEAR LINEAR LINEAR LINEAR LINEAR LINEAR LINEAR LINEAR LINEAR LINEAR
LINEAR LINEAR LINEAR LINEAR LINEAR LINEAR LINEAR LINEAR LINEAR LINEAR</Name_array><technique_common><accessor source="#r_antenna1_jnt-Interpolations-array" count="21"><param type="name"/></accessor></technique_common></source><sampler id="r_antenna1_jnt-Matrix-animation-transform"><input semantic="INPUT" source="#r_antenna1_jnt-Matrix-animation-input"/><input semantic="OUTPUT" source="#r_antenna1_jnt-Matrix-animation-output-transform"/><input semantic="INTERPOLATION" source="#r_antenna1_jnt-Interpolations"/></sampler><channel source="#r_antenna1_jnt-Matrix-animation-transform" target="r_antenna1_jnt/matrix"/></animation></animation>
    <animation id="r_antenna2_jnt-anim" name="r_antenna2_jnt"><animation><source id="r_antenna2_jnt-Matrix-animation-input"><float_array id="r_antenna2_jnt-Matrix-animation-input-array" count="21">

0.000000 0.033333 0.066667 0.100000 0.133333 0.166667 0.200000 0.233333 0.266667 0.300000 0.333333 0.366667 0.400000 0.433333 0.466667 0.500000
0.533333 0.566667 0.600000 0.633333 0.666667</float_array><technique_common><accessor source="#r_antenna2_jnt-Matrix-animation-input-array" count="21"><param name="TIME" type="float"/></accessor></technique_common></source><source id="r_antenna2_jnt-Matrix-animation-output-transform"><float_array id="r_antenna2_jnt-Matrix-animation-output-transform-array" count="336">

0.896318 -0.437585 -0.071650 -0.000000 0.437358 0.899073 -0.019663 0.000000 0.073022 -0.013712 0.997236 -0.779776 0.000000 0.000000 0.000000 1.000000
