<?xml version="1.0" encoding="utf-8"?>
<COLLADA xmlns="http://www.collada.org/2005/11/COLLADASchema" version="1.4.1">
  <asset><contributor><author></author><authoring_tool>FBX COLLADA exporter</authoring_tool><comments></comments></contributor><created>2019-12-09T16:39:20Z</created><keywords></keywords><modified>2019-12-09T16:39:20Z</modified><revision></revision><subject></subject><title></title><unit meter="0.010000" name="centimeter"></unit><up_axis>Y_UP</up_axis></asset>
  <library_animations>
    <animation id="spine1_jnt-anim" name="spine1_jnt"><animation><source id="spine1_jnt-Matrix-animation-input"><float_array id="spine1_jnt-Matrix-animation-input-array" count="19">

0.000000 0.033333 0.066667 0.100000 0.133333 0.166667 0.200000 0.233333 0.266667 0.300000 0.333333 0.366667 0.400000 0.433333 0.466667 0.500000
0.533333 0.566667 0.600000</float_array><technique_common><accessor source="#spine1_jnt-Matrix-animation-input-array" count="19"><param name="TIME" type="float"/></accessor></technique_common></source><source id="spine1_jnt-Matrix-animation-output-transform"><float_array id="spine1_jnt-Matrix-animation-output-transform-array" count="304">

0.976621 -0.048284 -0.209475 0.213512 0.210891 0.404078 0.890082 0.240988 0.041668 -0.913449 0.404813 -0.374063 0.000000 0.000000 0.000000 1.000000
0.976621 -0.048284 -0.209475 0.218434 0.210891 0.404078 0.890082 0.181839 0.041668 -0.913449 0.404813 -0.308306 0.000000 0.000000 0.000000 1.000000
0.976621 -0.048284 -0.209475 0.221885 0.210891 0.404078 0.890082 0.122372 0.041668 -0.913449 0.404813 -0.242611 0.000000 0.000000 0.000000 1.000000
0.976621 -0.048284 -0.209475 0.214212 0.210891 0.404078 0.890082 0.143162 0.041668 -0.913449 0.404813 -0.238556 0.000000 0.000000 0.000000 1.000000
0.976621 -0.048284 -0.209475 0.200171 0.210891 0.404078 0.890082 0.193702 0.041668 -0.913449 0.404813 -0.228939 0.000000 0.000000 0.000000 1.000000
0.976621 -0.048284 -0.209475 0.184400 0.210891 0.404078 0.890082 0.254343 0.041668 -0.913449 0.404813 -0.217957 0.000000 0.000000 0.000000 1.000000
0.976621 -0.048284 -0.209475 0.171536 0.210891 0.404078 0.890082 0.305437 0.041668 -0.913449 0.404813 -0.209808 0.000000 0.000000 0.000000 1.000000
0.976621 -0.048284 -0.209475 0.166217 0.210891 0.404078 0.890082 0.327335 0.041668 -0.913449 0.404813 -0.208691 0.000000 0.000000 0.000000 1.000000
0.976621 -0.048284 -0.209475 0.186979 0.210891 0.404078 0.890082 0.297210 0.041668 -0.913449 0.404813 -0.289786 0.000000 0.000000 0.000000 1.000000
0.976621 -0.048284 -0.209475 0.213512 0.210891 0.404078 0.890082 0.240988 0.041668 -0.913449 0.404813 -0.374063 0.000000 0.000000 0.000000 1.000000
0.976621 -0.048284 -0.209475 0.221320 0.210891 0.404078 0.890082 0.168979 0.041668 -0.913449 0.404813 -0.310847 0.000000 0.000000 0.000000 1.000000
0.976621 -0.048284 -0.209475 0.221885 0.210891 0.404078 0.890082 0.122372 0.041668 -0.913449 0.404813 -0.242611 0.000000 0.000000 0.000000 1.000000
0.976621 -0.048284 -0.209475 0.214212 0.210891 0.404078 0.890082 0.143162 0.041668 -0.913449 0.404813 -0.238556 0.000000 0.000000 0.000000 1.000000
0.976621 -0.048284 -0.209475 0.200171 0.210891 0.404078 0.890082 0.193702 0.041668 -0.913449 0.404813 -0.228939 0.000000 0.000000 0.000000 1.000000
0.976621 -0.048284 -0.209475 0.184400 0.210891 0.404078 0.890082 0.254343 0.041668 -0.913449 0.404813 -0.217957 0.000000 0.000000 0.000000 1.000000
0.976621 -0.048284 -0.209475 0.171536 0.210891 0.404078 0.890082 0.305437 0.041668 -0.913449 0.404813 -0.209808 0.000000 0.000000 0.000000 1.000000
0.976621 -0.048284 -0.209475 0.166217 0.210891 0.404078 0.890082 0.327335 0.041668 -0.913449 0.404813 -0.208691 0.000000 0.000000 0.000000 1.000000
0.976621 -0.048284 -0.209475 0.189865 0.210891 0.404078 0.890082 0.284349 0.041668 -0.913449 0.404813 -0.292327 0.000000 0.000000 0.000000 1.000000
0.976621 -0.048284 -0.209475 0.213512 0.210891 0.404078 0.890082 0.240988 0.041668 -0.913449 0.404813 -0.374063 0.000000 0.000000 0.000000 1.000000</float_array><technique_common><accessor source="#spine1_jnt-Matrix-animation-output-transform-array" count="19" stride="16"><param type="float4x4"/></accessor></technique_common></source><source id="spine1_jnt-Interpolations"><Name_array id="spine1_jnt-Interpolations-array" count="19">
 LINEAR LINEAR LINEAR LINEAR LINEAR LINEAR LINEAR LINEAR LINEAR LINEAR LINEAR
LINEAR LINEAR LINEAR LINEAR LINEAR LINEAR LINEAR LINEAR</Name_array><technique_common><accessor source="#spine1_jnt-Interpolations-array" count="19"><param type="name"/></accessor></technique_common></source><sampler id="spine1_jnt-Matrix-animation-transform"><input semantic="INPUT" source="#spine1_jnt-Matrix-animation-input"/><input semantic="OUTPUT" source="#spine1_jnt-Matrix-animation-output-transform"/><input semantic="INTERPOLATION" source="#spine1_jnt-Interpolations"/></sampler><channel source="#spine1_jnt-Matrix-animation-transform" target="spine1_jnt/matrix"/></animation></animation>
    <animation id="r_uleg1_jnt-anim" name="r_uleg1_jnt"><animation><source id="r_uleg1_jnt-Matrix-animation-input"><float_array id="r_uleg1_jnt-Matrix-animation-input-array" count="19">

0.000000 0.033333 0.066667 0.100000 0.133333 0.166667 0.200000 0.233333 0.266667 0.300000 0.333333 0.366667 0.400000 0.433333 0.466667 0.500000
0.533333 0.566667 0.600000</float_array><technique_common><accessor source="#r_uleg1_jnt-Matrix-animation-input-array" count="19"><param name="TIME" type="float"/></accessor></technique_common></source><source id="r_uleg1_jnt-Matrix-animation-output-transform"><float_array id="r_uleg1_jnt-Matrix-animation-output-transform-array" count="304">

-0.196195 0.129975 -0.971913 -0.413257 -0.819709 0.522214 0.235306 -0.379657 0.538131 0.842852 0.004086 0.248367 0.000000 0.000000 0.000000 1.000000
-0.243294 -0.068816 -0.967508 -0.413257 -0.889124 0.414467 0.194103 -0.379657 0.387643 0.907459 -0.162023 0.248367 0.000000 0.000000 0.000000 1.000000
-0.107729 -0.260976 -0.959315 -0.413257 -0.957802 0.285882 0.029787 -0.379657 0.266478 0.922043 -0.280761 0.248367 0.000000 0.000000 0.000000 1.000000
-0.159226 -0.265814 -0.950784 -0.413257 -0.955884 0.282313 0.081152 -0.379657 0.246847 0.921760 -0.299039 0.248367 0.000000 0.000000 0.000000 1.000000
-0.267540 -0.270621 -0.924763 -0.413257 -0.941233 0.278750 0.190732 -0.379657 0.206162 0.921446 -0.329294 0.248367 0.000000 0.000000 0.000000 1.000000
-0.400312 -0.263062 -0.877809 -0.413257 -0.901611 0.284345 0.325954 -0.379657 0.163855 0.921925 -0.351006 0.248367 0.000000 0.000000 0.000000 1.000000
-0.534016 -0.227409 -0.814317 -0.413257 -0.832394 0.310174 0.459251 -0.379657 0.148142 0.923080 -0.354932 0.248367 0.000000 0.000000 0.000000 1.000000
-0.645429 -0.142914 -0.750331 -0.413257 -0.738451 0.367826 0.565150 -0.379657 0.195224 0.918847 -0.342941 0.248367 0.000000 0.000000 0.000000 1.000000
-0.508681 0.012704 -0.860861 -0.413257 -0.760674 0.461704 0.456294 -0.379657 0.403259 0.886943 -0.225197 0.248367 0.000000 0.000000 0.000000 1.000000
-0.196195 0.129975 -0.971913 -0.413257 -0.819709 0.522214 0.235306 -0.379657 0.538131 0.842852 0.004086 0.248367 0.000000 0.000000 0.000000 1.000000
-0.237682 -0.048283 -0.970142 -0.413257 -0.883066 0.426764 0.195109 -0.379657 0.404602 0.903073 -0.144071 0.248367 0.000000 0.000000 0.000000 1.000000
-0.107729 -0.260976 -0.959315 -0.413257 -0.957802 0.285882 0.029787 -0.379657 0.266478 0.922043 -0.280761 0.248367 0.000000 0.000000 0.000000 1.000000
-0.134044 -0.277849 -0.951227 -0.413257 -0.960311 0.273359 0.055477 -0.379657 0.244613 0.920910 -0.303463 0.248367 0.000000 0.000000 0.000000 1.000000
-0.175814 -0.314476 -0.932842 -0.413257 -0.964345 0.245430 0.099012 -0.379657 0.197810 0.916989 -0.346413 0.248367 0.000000 0.000000 0.000000 1.000000
-0.217747 -0.353160 -0.909871 -0.413257 -0.965434 0.214773 0.147682 -0.379657 0.143261 0.910577 -0.387719 0.248367 0.000000 0.000000 0.000000 1.000000
-0.264021 -0.376417 -0.888033 -0.413257 -0.959559 0.195737 0.202318 -0.379657 0.097665 0.905537 -0.412873 0.248367 0.000000 0.000000 0.000000 1.000000
-0.332323 -0.366120 -0.869205 -0.413257 -0.939982 0.204223 0.273362 -0.379657 0.077429 0.907882 -0.412014 0.248367 0.000000 0.000000 0.000000 1.000000
-0.249365 -0.242590 -0.937533 -0.413257 -0.938499 0.299288 0.172180 -0.379657 0.238824 0.922809 -0.302302 0.248367 0.000000 0.000000 0.000000 1.000000
-0.007394 -0.145093 -0.989390 -0.413257 -0.929280 0.366400 -0.046788 -0.379657 0.369301 0.919075 -0.137542 0.248367 0.000000 0.000000 0.000000 1.000000</float_array><technique_common><accessor source="#r_uleg1_jnt-Matrix-animation-output-transform-array" count="19" stride="16"><param type="float4x4"/></accessor></technique_common></source><source id="r_uleg1_jnt-Interpolations"><Name_array id="r_uleg1_jnt-Interpolations-array" count="19">
 LINEAR LINEAR LINEAR LINEAR LINEAR LINEAR LINEAR LINEAR LINEAR LINEAR LINEAR
LINEAR LINEAR LINEAR LINEAR LINEAR LINEAR LINEAR LINEAR</Name_array><technique_common><accessor source="#r_uleg1_jnt-Interpolations-array" count="19"><param type="name"/></accessor></technique_common></source><sampler id="r_uleg1_jnt-Matrix-animation-transform"><input semantic="INPUT" source="#r_uleg1_jnt-Matrix-animation-input"/><input semantic="OUTPUT" source="#r_uleg1_jnt-Matrix-animation-output-transform"/><input semantic="INTERPOLATION" source="#r_uleg1_jnt-Interpolations"/></sampler><channel source="#r_uleg1_jnt-Matrix-animation-transform" target="r_uleg1_jnt/matrix"/></animation></animation>
    <animation id="r_leg1_jnt-anim" name="r_leg1_jnt"><animation><source id="r_leg1_jnt-Matrix-animation-input"><float_array id="r_leg1_jnt-Matrix-animation-input-array" count="19">

0.000000 0.033333 0.066667 0.100000 0.133333 0.166667 0.200000 0.233333 0.266667 0.300000 0.333333 0.366667 0.400000 0.433333 0.466667 0.500000
0.533333 0.566667 0.600000</float_array><technique_common><accessor source="#r_leg1_jnt-Matrix-animation-input-array" count="19"><param name="TIME" type="float"/></accessor></technique_common></source><source id="r_leg1_jnt-Matrix-animation-output-transform"><float_array id="r_leg1_jnt-Matrix-animation-output-transform-array" count="304">

0.626828 0.000000 0.779158 -0.000000 0.000000 1.000000 -0.000000 0.000000 -0.779158 0.000000 0.626828 0.230000 0.000000 0.000000 0.000000 1.000000
0.549611 0.000000 0.835421 -0.000000 0.000000 1.000000 -0.000000 0.000000 -0.835421 0.000000 0.549611 0.230000 0.000000 0.000000 0.000000 1.000000
0.650979 0.000000 0.759095 -0.000000 0.000000 1.000000 -0.000000 0.000000 -0.759095 0.000000 0.650979 0.230000 0.000000 0.000000 0.000000 1.000000
0.609359 0.000000 0.792895 -0.000000 0.000000 1.000000 -0.000000 0.000000 -0.792895 0.000000 0.609359 0.230000 0.000000 0.000000 0.000000 1.000000
0.532766 0.000000 0.846263 -0.000000 0.000000 1.000000 -0.000000 0.000000 -0.846263 0.000000 0.532766 0.230000 0.000000 0.000000 0.000000 1.000000
0.443509 0.000000 0.896270 -0.000000 0.000000 1.000000 -0.000000 0.000000 -0.896270 0.000000 0.443509 0.230000 0.000000 0.000000 0.000000 1.000000
0.356770 0.000000 0.934192 -0.000000 -0.000000 1.000000 -0.000000 0.000000 -0.934192 0.000000 0.356770 0.230000 0.000000 0.000000 0.000000 1.000000
0.285480 0.000000 0.958385 -0.000000 0.000000 1.000000 -0.000000 0.000000 -0.958385 0.000000 0.285480 0.230000 0.000000 0.000000 0.000000 1.000000
0.382181 0.000000 0.924088 -0.000000 0.000000 1.000000 -0.000000 0.000000 -0.924088 0.000000 0.382181 0.230000 0.000000 0.000000 0.000000 1.000000
0.626828 0.000000 0.779158 -0.000000 0.000000 1.000000 -0.000000 0.000000 -0.779158 0.000000 0.626828 0.230000 0.000000 0.000000 0.000000 1.000000
0.551665 0.000000 0.834066 -0.000000 0.000000 1.000000 -0.000000 0.000000 -0.834066 0.000000 0.551665 0.230000 0.000000 0.000000 0.000000 1.000000
0.650979 0.000000 0.759095 -0.000000 0.000000 1.000000 -0.000000 0.000000 -0.759095 0.000000 0.650979 0.230000 0.000000 0.000000 0.000000 1.000000
0.631407 0.000000 0.775452 -0.000000 0.000000 1.000000 -0.000000 0.000000 -0.775452 0.000000 0.631407 0.230000 0.000000 0.000000 0.000000 1.000000
0.613790 0.000000 0.789469 -0.000000 -0.000000 1.000000 -0.000000 0.000000 -0.789469 0.000000 0.613790 0.230000 0.000000 0.000000 0.000000 1.000000
0.603987 0.000000 0.796994 -0.000000 0.000000 1.000000 -0.000000 0.000000 -0.796994 0.000000 0.603987 0.230000 0.000000 0.000000 0.000000 1.000000
0.588553 0.000000 0.808458 -0.000000 0.000000 1.000000 -0.000000 0.000000 -0.808458 0.000000 0.588553 0.230000 0.000000 0.000000 0.000000 1.000000
0.539996 0.000000 0.841668 -0.000000 0.000000 1.000000 -0.000000 0.000000 -0.841668 0.000000 0.539996 0.230000 0.000000 0.000000 0.000000 1.000000
0.568430 0.000000 0.822732 -0.000000 0.000000 1.000000 -0.000000 0.000000 -0.822732 0.000000 0.568430 0.230000 0.000000 0.000000 0.000000 1.000000
0.738482 0.000000 0.674273 -0.000000 0.000000 1.000000 -0.000000 0.000000 -0.674273 0.000000 0.738482 0.230000 0.000000 0.000000 0.000000 1.000000</float_array><technique_common><accessor source="#r_leg1_jnt-Matrix-animation-output-transform-array" count="19" stride="16"><param type="float4x4"/></accessor></technique_common></source><source id="r_leg1_jnt-Interpolations"><Name_array id="r_leg1_jnt-Interpolations-array" count="19">
 LINEAR LINEAR LINEAR LINEAR LINEAR LINEAR LINEAR LINEAR LINEAR LINEAR LINEAR
LINEAR LINEAR LINEAR LINEAR LINEAR LINEAR LINEAR LINEAR</Name_array><technique_common><accessor source="#r_leg1_jnt-Interpolations-array" count="19"><param type="name"/></accessor></technique_common></source><sampler id="r_leg1_jnt-Matrix-animation-transform"><input semantic="INPUT" source="#r_leg1_jnt-Matrix-animation-input"/><input semantic="OUTPUT" source="#r_leg1_jnt-Matrix-animation-output-transform"/><input semantic="INTERPOLATION" source="#r_leg1_jnt-Interpolations"/></sampler><channel source="#r_leg1_jnt-Matrix-animation-transform" target="r_leg1_jnt/matrix"/></animation></animation>
    <animation id="r_leg2_jnt-anim" name="r_leg2_jnt"><animation><source id="r_leg2_jnt-Matrix-animation-input"><float_array id="r_leg2_jnt-Matrix-animation-input-array" count="19">

0.000000 0.033333 0.066667 0.100000 0.133333 0.166667 0.200000 0.233333 0.266667 0.300000 0.333333 0.366667 0.400000 0.433333 0.466667 0.500000
0.533333 0.566667 0.600000</float_array><technique_common><accessor source="#r_leg2_jnt-Matrix-animation-input-array" count="19"><param name="TIME" type="float"/></accessor></technique_common></source><source id="r_leg2_jnt-Matrix-animation-output-transform"><float_array id="r_leg2_jnt-Matrix-animation-output-transform-array" count="304">

-0.594352 -0.798020 -0.099548 -0.380766 -0.640995 0.544842 -0.540623 -0.436460 0.485666 -0.257510 -0.835354 -0.094663 0.000000 0.000000 0.000000 1.000000
-0.554149 -0.824689 -0.113167 -0.380766 -0.616432 0.497916 -0.609993 -0.436460 0.559402 -0.268267 -0.784284 -0.094663 0.000000 0.000000 0.000000 1.000000
-0.438059 -0.889361 -0.130922 -0.380766 -0.514575 0.367499 -0.774698 -0.436460 0.737100 -0.271994 -0.618630 -0.094663 0.000000 0.000000 0.000000 1.000000
-0.520312 -0.849500 -0.087319 -0.380766 -0.615982 0.444159 -0.650606 -0.436460 0.591474 -0.284731 -0.754378 -0.094663 0.000000 0.000000 0.000000 1.000000
-0.639344 -0.767503 -0.046673 -0.380766 -0.679104 0.592091 -0.433874 -0.436460 0.360634 -0.245699 -0.899764 -0.094663 0.000000 0.000000 0.000000 1.000000
-0.711393 -0.702313 -0.025995 -0.380766 -0.667868 0.687092 -0.286108 -0.436460 0.218799 -0.186174 -0.957845 -0.094663 0.000000 0.000000 0.000000 1.000000
-0.751897 -0.659048 -0.017494 -0.380766 -0.643094 0.739023 -0.200685 -0.436460 0.145189 -0.139644 -0.979500 -0.094663 0.000000 0.000000 0.000000 1.000000
-0.777745 -0.628390 -0.015482 -0.380766 -0.619816 0.770766 -0.147471 -0.436460 0.104602 -0.105099 -0.988945 -0.094663 0.000000 0.000000 0.000000 1.000000
-0.710627 -0.701760 -0.050414 -0.380766 -0.657889 0.688179 -0.305927 -0.436460 0.249381 -0.184233 -0.950719 -0.094663 0.000000 0.000000 0.000000 1.000000
-0.594352 -0.798020 -0.099548 -0.380766 -0.640995 0.544842 -0.540623 -0.436460 0.485666 -0.257510 -0.835354 -0.094663 0.000000 0.000000 0.000000 1.000000
-0.539619 -0.833172 -0.120980 -0.380766 -0.603248 0.482875 -0.634763 -0.436460 0.587285 -0.269549 -0.763178 -0.094663 0.000000 0.000000 0.000000 1.000000
-0.438059 -0.889361 -0.130922 -0.380766 -0.514575 0.367499 -0.774698 -0.436460 0.737100 -0.271994 -0.618630 -0.094663 0.000000 0.000000 0.000000 1.000000
-0.523541 -0.847511 -0.087353 -0.380766 -0.617998 0.448326 -0.645819 -0.436460 0.586501 -0.284129 -0.758477 -0.094663 0.000000 0.000000 0.000000 1.000000
-0.645424 -0.762398 -0.046660 -0.380766 -0.678634 0.600402 -0.423053 -0.436460 0.350549 -0.241383 -0.904903 -0.094663 0.000000 0.000000 0.000000 1.000000
-0.717203 -0.696378 -0.026040 -0.380766 -0.664587 0.694747 -0.275049 -0.436460 0.209629 -0.179960 -0.961078 -0.094663 0.000000 0.000000 0.000000 1.000000
-0.755665 -0.654723 -0.017556 -0.380766 -0.639905 0.743746 -0.193295 -0.436460 0.139612 -0.134832 -0.980984 -0.094663 0.000000 0.000000 0.000000 1.000000
-0.777745 -0.628390 -0.015482 -0.380766 -0.619816 0.770766 -0.147471 -0.436460 0.104602 -0.105099 -0.988945 -0.094663 0.000000 0.000000 0.000000 1.000000
-0.707988 -0.704264 -0.052587 -0.380766 -0.658165 0.684976 -0.312452 -0.436460 0.256069 -0.186601 -0.948477 -0.094663 0.000000 0.000000 0.000000 1.000000
-0.594352 -0.798020 -0.099548 -0.380766 -0.640995 0.544842 -0.540623 -0.436460 0.485666 -0.257510 -0.835354 -0.094663 0.000000 0.000000 0.000000 1.000000</float_array><technique_common><accessor source="#r_leg2_jnt-Matrix-animation-output-transform-array" count="19" stride="16"><param type="float4x4"/></accessor></technique_common></source><source id="r_leg2_jnt-Interpolations"><Name_array id="r_leg2_jnt-Interpolations-array" count="19">
 LINEAR LINEAR LINEAR LINEAR LINEAR LINEAR LINEAR LINEAR LINEAR LINEAR LINEAR
LINEAR LINEAR LINEAR LINEAR LINEAR LINEAR LINEAR LINEAR</Name_array><technique_common><accessor source="#r_leg2_jnt-Interpolations-array" count="19"><param type="name"/></accessor></technique_common></source><sampler id="r_leg2_jnt-Matrix-animation-transform"><input semantic="INPUT" source="#r_leg2_jnt-Matrix-animation-input"/><input semantic="OUTPUT" source="#r_leg2_jnt-Matrix-animation-output-transform"/><input semantic="INTERPOLATION" source="#r_leg2_jnt-Interpolations"/></sampler><channel source="#r_leg2_jnt-Matrix-animation-transform" target="r_leg2_jnt/matrix"/></animation></animation>
    <animation id="r_leg3_jnt-anim" name="r_leg3_jnt"><animation><source id="r_leg3_jnt-Matrix-animation-input"><float_array id="r_leg3_jnt-Matrix-animation-input-array" count="19">

0.000000 0.033333 0.066667 0.100000 0.133333 0.166667 0.200000 0.233333 0.266667 0.300000 0.333333 0.366667 0.400000 0.433333 0.466667 0.500000
0.533333 0.566667 0.600000</float_array><technique_common><accessor source="#r_leg3_jnt-Matrix-animation-input-array" count="19"><param name="TIME" type="float"/></accessor></technique_common></source><source id="r_leg3_jnt-Matrix-animation-output-transform"><float_array id="r_leg3_jnt-Matrix-animation-output-transform-array" count="304">

-0.908678 -0.364217 -0.204085 -0.336837 -0.269838 0.885354 -0.378596 -0.444096 0.318579 -0.288952 -0.902781 -0.403838 0.000000 0.000000 0.000000 1.000000
-0.879831 -0.406660 -0.246016 -0.336837 -0.261083 0.846052 -0.464792 -0.444096 0.397155 -0.344708 -0.850556 -0.403838 0.000000 0.000000 0.000000 1.000000
-0.811553 -0.493270 -0.313156 -0.336837 -0.219920 0.754439 -0.618431 -0.444096 0.541310 -0.433020 -0.720747 -0.403838 0.000000 0.000000 0.000000 1.000000
-0.846393 -0.456386 -0.274465 -0.336837 -0.250345 0.795842 -0.551329 -0.444096 0.470049 -0.397930 -0.787849 -0.403838 0.000000 0.000000 0.000000 1.000000
-0.898485 -0.383523 -0.213624 -0.336837 -0.272613 0.868845 -0.413269 -0.444096 0.344104 -0.313079 -0.885197 -0.403838 0.000000 0.000000 0.000000 1.000000
-0.932324 -0.321710 -0.165148 -0.336837 -0.265752 0.919251 -0.290436 -0.444096 0.245248 -0.226892 -0.942535 -0.403838 0.000000 0.000000 0.000000 1.000000
-0.951005 -0.277359 -0.136610 -0.336837 -0.246906 0.947245 -0.204365 -0.444096 0.186086 -0.160622 -0.969316 -0.403838 0.000000 0.000000 0.000000 1.000000
-0.961782 -0.243624 -0.124992 -0.336837 -0.225048 0.963348 -0.145995 -0.444096 0.155978 -0.112286 -0.981358 -0.403838 0.000000 0.000000 0.000000 1.000000
-0.943722 -0.291399 -0.156448 -0.336837 -0.250127 0.938291 -0.238846 -0.444096 0.216393 -0.186272 -0.958372 -0.403838 0.000000 0.000000 0.000000 1.000000
-0.908678 -0.364217 -0.204085 -0.336837 -0.269838 0.885354 -0.378596 -0.444096 0.318579 -0.288952 -0.902781 -0.403838 0.000000 0.000000 0.000000 1.000000
-0.875591 -0.409567 -0.256116 -0.336837 -0.255524 0.842655 -0.473962 -0.444096 0.409936 -0.349553 -0.842476 -0.403838 0.000000 0.000000 0.000000 1.000000
-0.811553 -0.493270 -0.313156 -0.336837 -0.219920 0.754439 -0.618431 -0.444096 0.541310 -0.433020 -0.720747 -0.403838 0.000000 0.000000 0.000000 1.000000
-0.847808 -0.453872 -0.274267 -0.336837 -0.250313 0.798451 -0.547558 -0.444096 0.467510 -0.395571 -0.790543 -0.403838 0.000000 0.000000 0.000000 1.000000
-0.901138 -0.377634 -0.212939 -0.336837 -0.270734 0.873812 -0.403926 -0.444096 0.338605 -0.306343 -0.889663 -0.403838 0.000000 0.000000 0.000000 1.000000
-0.934743 -0.315024 -0.164361 -0.336837 -0.262082 0.923609 -0.279747 -0.444096 0.239932 -0.218416 -0.945900 -0.403838 0.000000 0.000000 0.000000 1.000000
-0.952459 -0.272582 -0.136090 -0.336837 -0.243662 0.949677 -0.196833 -0.444096 0.182894 -0.154315 -0.970946 -0.403838 0.000000 0.000000 0.000000 1.000000
-0.961782 -0.243624 -0.124992 -0.336837 -0.225048 0.963348 -0.145995 -0.444096 0.155978 -0.112286 -0.981358 -0.403838 0.000000 0.000000 0.000000 1.000000
-0.942892 -0.291550 -0.161100 -0.336837 -0.248621 0.937848 -0.242133 -0.444096 0.221682 -0.188252 -0.956775 -0.403838 0.000000 0.000000 0.000000 1.000000
-0.908678 -0.364217 -0.204085 -0.336837 -0.269838 0.885354 -0.378596 -0.444096 0.318579 -0.288952 -0.902781 -0.403838 0.000000 0.000000 0.000000 1.000000</float_array><technique_common><accessor source="#r_leg3_jnt-Matrix-animation-output-transform-array" count="19" stride="16"><param type="float4x4"/></accessor></technique_common></source><source id="r_leg3_jnt-Interpolations"><Name_array id="r_leg3_jnt-Interpolations-array" count="19">
 LINEAR LINEAR LINEAR LINEAR LINEAR LINEAR LINEAR LINEAR LINEAR LINEAR LINEAR
LINEAR LINEAR LINEAR LINEAR LINEAR LINEAR LINEAR LINEAR</Name_array><technique_common><accessor source="#r_leg3_jnt-Interpolations-array" count="19"><param type="name"/></accessor></technique_common></source><sampler id="r_leg3_jnt-Matrix-animation-transform"><input semantic="INPUT" source="#r_leg3_jnt-Matrix-animation-input"/><input semantic="OUTPUT" source="#r_leg3_jnt-Matrix-animation-output-transform"/><input semantic="INTERPOLATION" source="#r_leg3_jnt-Interpolations"/></sampler><channel source="#r_leg3_jnt-Matrix-animation-transform" target="r_leg3_jnt/matrix"/></animation></animation>
    <animation id="fin_jnt-anim" name="fin_jnt"><animation><source id="fin_jnt-Matrix-animation-input"><float_array id="fin_jnt-Matrix-animation-input-array" count="19">

0.000000 0.033333 0.066667 0.100000 0.133333 0.166667 0.200000 0.233333 0.266667 0.300000 0.333333 0.366667 0.400000 0.433333 0.466667 0.500000
0.533333 0.566667 0.600000</float_array><technique_common><accessor source="#fin_jnt-Matrix-animation-input-array" count="19"><param name="TIME" type="float"/></accessor></technique_common></source><source id="fin_jnt-Matrix-animation-output-transform"><float_array id="fin_jnt-Matrix-animation-output-transform-array" count="304">

0.830901 0.556421 -0.000000 0.184134 -0.556421 0.830901 -0.000000 0.724213 -0.000000 0.000000 1.000000 0.339920 0.000000 0.000000 0.000000 1.000000
0.830901 0.556421 -0.000000 0.184134 -0.556421 0.830901 -0.000000 0.724213 -0.000000 0.000000 1.000000 0.339920 0.000000 0.000000 0.000000 1.000000
0.830901 0.556421 -0.000000 0.184134 -0.556421 0.830901 -0.000000 0.724213 -0.000000 0.000000 1.000000 0.339920 0.000000 0.000000 0.000000 1.000000
0.830901 0.556421 -0.000000 0.184134 -0.556421 0.830901 -0.000000 0.724213 -0.000000 0.000000 1.000000 0.339920 0.000000 0.000000 0.000000 1.000000
0.830901 0.556421 -0.000000 0.184134 -0.556421 0.830901 -0.000000 0.724213 -0.000000 0.000000 1.000000 0.339920 0.000000 0.000000 0.000000 1.000000
0.830901 0.556421 -0.000000 0.184134 -0.556421 0.830901 -0.000000 0.724213 -0.000000 0.000000 1.000000 0.339920 0.000000 0.000000 0.000000 1.000000
0.830901 0.556421 -0.000000 0.184134 -0.556421 0.830901 -0.000000 0.724213 -0.000000 0.000000 1.000000 0.339920 0.000000 0.000000 0.000000 1.000000
0.830901 0.556421 -0.000000 0.184134 -0.556421 0.830901 -0.000000 0.724213 -0.000000 0.000000 1.000000 0.339920 0.000000 0.000000 0.000000 1.000000
0.830901 0.556421 -0.000000 0.184134 -0.556421 0.830901 -0.000000 0.724213 -0.000000 0.000000 1.000000 0.339920 0.000000 0.000000 0.000000 1.000000
0.830901 0.556421 -0.000000 0.184134 -0.556421 0.830901 -0.000000 0.724213 -0.000000 0.000000 1.000000 0.339920 0.000000 0.000000 0.000000 1.000000
0.830901 0.556421 -0.000000 0.184134 -0.556421 0.830901 -0.000000 0.724213 -0.000000 0.000000 1.000000 0.339920 0.000000 0.000000 0.000000 1.000000
0.830901 0.556421 -0.000000 0.184134 -0.556421 0.830901 -0.000000 0.724213 -0.000000 0.000000 1.000000 0.339920 0.000000 0.000000 0.000000 1.000000
0.830901 0.556421 -0.000000 0.184134 -0.556421 0.830901 -0.000000 0.724213 -0.000000 0.000000 1.000000 0.339920 0.000000 0.000000 0.000000 1.000000
0.830901 0.556421 -0.000000 0.184134 -0.556421 0.830901 -0.000000 0.724213 -0.000000 0.000000 1.000000 0.339920 0.000000 0.000000 0.000000 1.000000
0.830901 0.556421 -0.000000 0.184134 -0.556421 0.830901 -0.000000 0.724213 -0.000000 0.000000 1.000000 0.339920 0.000000 0.000000 0.000000 1.000000
0.830901 0.556421 -0.000000 0.184134 -0.556421 0.830901 -0.000000 0.724213 -0.000000 0.000000 1.000000 0.339920 0.000000 0.000000 0.000000 1.000000
0.830901 0.556421 -0.000000 0.184134 -0.556421 0.830901 -0.000000 0.724213 -0.000000 0.000000 1.000000 0.339920 0.000000 0.000000 0.000000 1.000000
0.830901 0.556421 -0.000000 0.184134 -0.556421 0.830901 -0.000000 0.724213 -0.000000 0.000000 1.000000 0.339920 0.000000 0.000000 0.000000 1.000000
0.830901 0.556421 -0.000000 0.184134 -0.556421 0.830901 -0.000000 0.724213 -0.000000 0.000000 1.000000 0.339920 0.000000 0.000000 0.000000 1.000000</float_array><technique_common><accessor source="#fin_jnt-Matrix-animation-output-transform-array" count="19" stride="16"><param type="float4x4"/></accessor></technique_common></source><source id="fin_jnt-Interpolations"><Name_array id="fin_jnt-Interpolations-array" count="19">
 LINEAR LINEAR LINEAR LINEAR LINEAR LINEAR LINEAR LINEAR LINEAR LINEAR LINEAR
LINEAR LINEAR LINEAR LINEAR LINEAR LINEAR LINEAR LINEAR</Name_array><technique_common><accessor source="#fin_jnt-Interpolations-array" count="19"><param type="name"/></accessor></technique_common></source><sampler id="fin_jnt-Matrix-animation-transform"><input semantic="INPUT" source="#fin_jnt-Matrix-animation-input"/><input semantic="OUTPUT" source="#fin_jnt-Matrix-animation-output-transform"/><input semantic="INTERPOLATION" source="#fin_jnt-Interpolations"/></sampler><channel source="#fin_jnt-Matrix-animation-transform" target="fin_jnt/matrix"/></animation></animation>
    <animation id="head_jnt-anim" name="head_jnt"><animation><source id="head_jnt-Matrix-animation-input"><float_array id="head_jnt-Matrix-animation-input-array" count="19">

0.000000 0.033333 0.066667 0.100000 0.133333 0.166667 0.200000 0.233333 0.266667 0.300000 0.333333 0.366667 0.400000 0.433333 0.466667 0.500000
0.533333 0.566667 0.600000</float_array><technique_common><accessor source="#head_jnt-Matrix-animation-input-array" count="19"><param name="TIME" type="float"/></accessor></technique_common></source><source id="head_jnt-Matrix-animation-output-transform"><float_array id="head_jnt-Matrix-animation-output-transform-array" count="304">

0.992603 -0.085079 0.086612 0.000000 0.121409 0.695579 -0.708117 -0.420506 0.000000 0.713394 0.700763 0.414658 0.000000 0.000000 0.000000 1.000000
0.987272 -0.095722 0.127010 0.001365 0.159042 0.594207 -0.788431 -0.430662 0.000000 0.798596 0.601868 0.387624 0.000000 0.000000 0.000000 1.000000
0.984975 -0.101880 0.139443 0.002729 0.172696 0.581076 -0.795316 -0.434827 0.000000 0.807447 0.589940 0.360590 0.000000 0.000000 0.000000 1.000000
0.985608 -0.087422 0.144687 0.001357 0.167926 0.604728 -0.778528 -0.429844 -0.019436 0.791620 0.610705 0.377615 0.000000 0.000000 0.000000 1.000000
0.986512 -0.050099 0.155833 -0.001916 0.149907 0.658856 -0.737181 -0.417959 -0.065739 0.750599 0.657480 0.418214 0.000000 0.000000 0.000000 1.000000
0.984904 -0.004983 0.173030 -0.005823 0.123971 0.717938 -0.684979 -0.403775 -0.120812 0.696090 0.707717 0.466671 0.000000 0.000000 0.000000 1.000000
0.981329 0.035226 0.189082 -0.009096 0.095979 0.762241 -0.640138 -0.391891 -0.166676 0.646334 0.744629 0.507270 0.000000 0.000000 0.000000 1.000000
0.979958 0.061343 0.189526 -0.010469 0.071823 0.778616 -0.623376 -0.386907 -0.185808 0.624495 0.758605 0.524295 0.000000 0.000000 0.000000 1.000000
0.995839 0.078933 0.045542 -0.006352 -0.028857 0.747176 -0.663999 -0.443970 -0.086439 0.659922 0.746345 0.517629 0.000000 0.000000 0.000000 1.000000
0.984961 0.060690 -0.161766 -0.000586 -0.157534 0.699963 -0.696588 -0.501033 0.070955 0.711596 0.698997 0.490500 0.000000 0.000000 0.000000 1.000000
0.958709 -0.022283 -0.283513 0.001897 -0.203941 0.640937 -0.740006 -0.472006 0.198203 0.767270 0.609928 0.415313 0.000000 0.000000 0.000000 1.000000
0.938171 -0.085618 -0.335416 0.002729 -0.219696 0.601531 -0.768045 -0.434827 0.267522 0.794248 0.545529 0.360590 0.000000 0.000000 0.000000 1.000000
0.935396 -0.067733 -0.347055 0.001357 -0.231529 0.624511 -0.745909 -0.419409 0.267262 0.778073 0.568483 0.377615 0.000000 0.000000 0.000000 1.000000
0.933787 -0.036124 -0.356001 -0.001916 -0.239961 0.674811 -0.697888 -0.406221 0.265444 0.737106 0.621462 0.418214 0.000000 0.000000 0.000000 1.000000
0.933708 0.001040 -0.358035 -0.005823 -0.245618 0.729445 -0.638421 -0.395949 0.260503 0.684039 0.681344 0.466671 0.000000 0.000000 0.000000 1.000000
0.935423 0.034365 -0.351856 -0.009096 -0.249102 0.770300 -0.587014 -0.389282 0.250862 0.636754 0.729117 0.507270 0.000000 0.000000 0.000000 1.000000
0.939059 0.055099 -0.339312 -0.010469 -0.250968 0.784420 -0.567186 -0.386907 0.234912 0.617777 0.750445 0.524295 0.000000 0.000000 0.000000 1.000000
0.990169 -0.007252 -0.139691 -0.005234 -0.082078 0.778535 -0.622211 -0.400712 0.113267 0.627559 0.770286 0.469476 0.000000 0.000000 0.000000 1.000000
0.992603 -0.085079 0.086612 0.000000 0.121409 0.695579 -0.708117 -0.420506 0.000000 0.713394 0.700763 0.414658 0.000000 0.000000 0.000000 1.000000</float_array><technique_common><accessor source="#head_jnt-Matrix-animation-output-transform-array" count="19" stride="16"><param type="float4x4"/></accessor></technique_common></source><source id="head_jnt-Interpolations"><Name_array id="head_jnt-Interpolations-array" count="19">
 LINEAR LINEAR LINEAR LINEAR LINEAR LINEAR LINEAR LINEAR LINEAR LINEAR LINEAR
LINEAR LINEAR LINEAR LINEAR LINEAR LINEAR LINEAR LINEAR</Name_array><technique_common><accessor source="#head_jnt-Interpolations-array" count="19"><param type="name"/></accessor></technique_common></source><sampler id="head_jnt-Matrix-animation-transform"><input semantic="INPUT" source="#head_jnt-Matrix-animation-input"/><input semantic="OUTPUT" source="#head_jnt-Matrix-animation-output-transform"/><input semantic="INTERPOLATION" source="#head_jnt-Interpolations"/></sampler><channel source="#head_jnt-Matrix-animation-transform" target="head_jnt/matrix"/></animation></animation>
    <animation id="r_antenna1_jnt-anim" name="r_antenna1_jnt"><animation><source id="r_antenna1_jnt-Matrix-animation-input"><float_array id="r_antenna1_jnt-Matrix-animation-input-array" count="19">

0.000000 0.033333 0.066667 0.100000 0.133333 0.166667 0.200000 0.233333 0.266667 0.300000 0.333333 0.366667 0.400000 0.433333 0.466667 0.500000
0.533333 0.566667 0.600000</float_array><technique_common><accessor source="#r_antenna1_jnt-Matrix-animation-input-array" count="19"><param name="TIME" type="float"/></accessor></technique_common></source><source id="r_antenna1_jnt-Matrix-animation-output-transform"><float_array id="r_antenna1_jnt-Matrix-animation-output-transform-array" count="304">

0.891818 0.214884 0.398102 -0.248546 0.164416 0.665861 -0.727733 0.276260 -0.421460 0.714460 0.558497 0.377659 0.000000 0.000000 0.000000 1.000000
0.899162 0.244649 0.362843 -0.248546 0.124765 0.651410 -0.748397 0.276260 -0.419454 0.718200 0.555199 0.377659 0.000000 0.000000 0.000000 1.000000
0.910915 0.308633 0.273825 -0.248546 0.029652 0.612979 -0.789542 0.276260 -0.411527 0.727325 0.549220 0.377659 0.000000 0.000000 0.000000 1.000000
0.914517 0.371333 0.160533 -0.248546 -0.083683 0.561879 -0.822975 0.276260 -0.395798 0.739191 0.544923 0.377659 0.000000 0.000000 0.000000 1.000000
0.909111 0.411937 0.061852 -0.248546 -0.177233 0.516889 -0.837505 0.276260 -0.376970 0.750423 0.542918 0.377659 0.000000 0.000000 0.000000 1.000000
0.904651 0.425688 0.019919 -0.248546 -0.215806 0.497924 -0.839940 0.276260 -0.367471 0.755554 0.542313 0.377659 0.000000 0.000000 0.000000 1.000000
0.910382 0.409308 0.060592 -0.248546 -0.178015 0.519644 -0.835632 0.276260 -0.373517 0.749958 0.545937 0.377659 0.000000 0.000000 0.000000 1.000000
0.919193 0.358409 0.163178 -0.248546 -0.078778 0.573333 -0.815526 0.276260 -0.385847 0.736771 0.555238 0.377659 0.000000 0.000000 0.000000 1.000000
0.916500 0.269982 0.295191 -0.248546 0.059205 0.638243 -0.767555 0.276260 -0.395629 0.720941 0.568965 0.377659 0.000000 0.000000 0.000000 1.000000
0.892521 0.154158 0.423842 -0.248546 0.209187 0.691069 -0.691856 0.276260 -0.399559 0.706158 0.584545 0.377659 0.000000 0.000000 0.000000 1.000000
0.849007 0.040295 0.526843 -0.248546 0.343212 0.716046 -0.607851 0.276260 -0.401737 0.696889 0.594099 0.377659 0.000000 0.000000 0.000000 1.000000
0.800001 -0.030119 0.599242 -0.248546 0.437459 0.712825 -0.548189 0.276260 -0.410643 0.700695 0.583437 0.377659 0.000000 0.000000 0.000000 1.000000
0.754751 -0.060228 0.653241 -0.248546 0.499435 0.698392 -0.512653 0.276260 -0.425342 0.713177 0.557192 0.377659 0.000000 0.000000 0.000000 1.000000
0.713643 -0.081761 0.695721 -0.248546 0.547081 0.685342 -0.480633 0.276260 -0.437510 0.723617 0.533820 0.377659 0.000000 0.000000 0.000000 1.000000
0.683893 -0.094595 0.723424 -0.248546 0.577591 0.675986 -0.457637 0.276260 -0.445734 0.730818 0.516939 0.377659 0.000000 0.000000 0.000000 1.000000
0.672560 -0.098866 0.733409 -0.248546 0.588419 0.672464 -0.448949 0.276260 -0.448805 0.733497 0.510447 0.377659 0.000000 0.000000 0.000000 1.000000
0.747737 -0.010565 0.663911 -0.248546 0.488853 0.685404 -0.539670 0.276260 -0.449345 0.728087 0.517666 0.377659 0.000000 0.000000 0.000000 1.000000
0.853892 0.141949 0.500719 -0.248546 0.282875 0.680992 -0.675450 0.276260 -0.436865 0.718402 0.541340 0.377659 0.000000 0.000000 0.000000 1.000000
0.891818 0.214884 0.398102 -0.248546 0.164416 0.665861 -0.727733 0.276260 -0.421460 0.714460 0.558497 0.377659 0.000000 0.000000 0.000000 1.000000</float_array><technique_common><accessor source="#r_antenna1_jnt-Matrix-animation-output-transform-array" count="19" stride="16"><param type="float4x4"/></accessor></technique_common></source><source id="r_antenna1_jnt-Interpolations"><Name_array id="r_antenna1_jnt-Interpolations-array" count="19">
 LINEAR LINEAR LINEAR LINEAR LINEAR LINEAR LINEAR LINEAR LINEAR LINEAR LINEAR
LINEAR LINEAR LINEAR LINEAR LINEAR LINEAR LINEAR LINEAR</Name_array><technique_common><accessor source="#r_antenna1_jnt-Interpolations-array" count="19"><param type="name"/></accessor></technique_common></source><sampler id="r_antenna1_jnt-Matrix-animation-transform"><input semantic="INPUT" source="#r_antenna1_jnt-Matrix-animation-input"/><input semantic="OUTPUT" source="#r_antenna1_jnt-Matrix-animation-output-transform"/><input semantic="INTERPOLATION" source="#r_antenna1_jnt-Interpolations"/></sampler><channel source="#r_antenna1_jnt-Matrix-animation-transform" target="r_antenna1_jnt/matrix"/></animation></animation>
    <animation id="r_antenna2_jnt-anim" name="r_antenna2_jnt"><animation><source id="r_antenna2_jnt-Matrix-animation-input"><float_array id="r_antenna2_jnt-Matrix-animation-input-array" count="19">

0.000000 0.033333 0.066667 0.100000 0.133333 0.166667 0.200000 0.233333 0.266667 0.300000 0.333333 0.366667 0.400000 0.433333 0.466667 0.500000
0.533333 0.566667 0.600000</float_array><technique_common><accessor source="#r_antenna2_jnt-Matrix-animation-input-array" count="19"><param name="TIME" type="float"/></accessor></technique_common></source><source id="r_antenna2_jnt-Matrix-animation-output-transform"><float_array id="r_antenna2_jnt-Matrix-animation-output-transform-array" count="304">

0.896318 -0.437585 -0.071650 0.000000 0.437358 0.899073 -0.019663 0.000000 0.073022 -0.013712 0.997236 -0.779776 0.000000 0.000000 0.000000 1.000000
0.896318 -0.437585 -0.071650 0.000000 0.437358 0.899073 -0.019663 0.000000 0.073022 -0.013712 0.997236 -0.779776 0.000000 0.000000 0.000000 1.000000
0.896318 -0.437585 -0.071650 -0.000000 0.437358 0.899073 -0.019663 -0.000000 0.073022 -0.013712 0.997236 -0.779776 0.000000 0.000000 0.000000 1.000000
0.896318 -0.437585 -0.071650 -0.000000 0.437358 0.899073 -0.019663 0.000000 0.073022 -0.013712 0.997236 -0.779776 0.000000 0.000000 0.000000 1.000000
0.896318 -0.437585 -0.071650 -0.000000 0.437358 0.899073 -0.019663 0.000000 0.073022 -0.013712 0.997236 -0.779776 0.000000 0.000000 0.000000 1.000000
0.896318 -0.437585 -0.071650 -0.000000 0.437358 0.899073 -0.019663 0.000000 0.073022 -0.013712 0.997236 -0.779776 0.000000 0.000000 0.000000 1.000000
0.896318 -0.437585 -0.071650 -0.000000 0.437358 0.899073 -0.019663 0.000000 0.073022 -0.013712 0.997236 -0.779776 0.000000 0.000000 0.000000 1.000000
0.896318 -0.437585 -0.071650 -0.000000 0.437358 0.899073 -0.019663 0.000000 0.073022 -0.013712 0.997236 -0.779776 0.000000 0.000000 0.000000 1.000000
0.896318 -0.437585 -0.071650 -0.000000 0.437358 0.899073 -0.019663 0.000000 0.073022 -0.013712 0.997236 -0.779776 0.000000 0.000000 0.000000 1.000000
0.896318 -0.437585 -0.071650 -0.000000 0.437358 0.899073 -0.019663 0.000000 0.073022 -0.013712 0.997236 -0.779776 0.000000 0.000000 0.000000 1.000000
0.896318 -0.437585 -0.071650 -0.000000 0.437358 0.899073 -0.019663 0.000000 0.073022 -0.013712 0.997236 -0.779776 0.000000 0.000000 0.000000 1.000000
0.896318 -0.437585 -0.071650 -0.000000 0.437358 0.899073 -0.019663 0.000000 0.073022 -0.013712 0.997236 -0.779776 0.000000 0.000000 0.000000 1.000000
0.896318 -0.437585 -0.071650 -0.000000 0.437358 0.899073 -0.019663 0.000000 0.073022 -0.013712 0.997236 -0.779776 0.000000 0.000000 0.000000 1.000000
0.896318 -0.437585 -0.071650 -0.000000 0.437358 0.899073 -0.019663 0.000000 0.073022 -0.013712 0.997236 -0.779776 0.000000 0.000000 0.000000 1.000000
0.896318 -0.437585 -0.071650 -0.000000 0.437358 0.899073 -0.019663 0.000000 0.073022 -0.013712 0.997236 -0.779776 0.000000 0.000000 0.000000 1.000000
0.896318 -0.437585 -0.071650 0.000000 0.437358 0.899073 -0.019663 0.000000 0.073022 -0.013712 0.997236 -0.779776 0.000000 0.000000 0.000000 1.000000
0.896318 -0.437585 -0.071650 -0.000000 0.437358 0.899073 -0.019663 0.000000 0.073022 -0.013712 0.997236 -0.779776 0.000000 0.000000 0.000000 1.000000
0.896318 -0.437585 -0.071650 -0.000000 0.437358 0.899073 -0.019663 0.000000 0.073022 -0.013712 0.997236 -0.779776 0.000000 0.000000 0.000000 1.000000
