<?xml version="1.0" encoding="utf-8"?>
<COLLADA xmlns="http://www.collada.org/2005/11/COLLADASchema" version="1.4.1">
  <asset><contributor><author></author><authoring_tool>FBX COLLADA exporter</authoring_tool><comments></comments></contributor><created>2020-01-17T15:12:28Z</created><keywords></keywords><modified>2020-01-17T15:12:28Z</modified><revision></revision><subject></subject><title></title><unit meter="0.010000" name="centimeter"></unit><up_axis>Y_UP</up_axis></asset>
  <library_animations>
    <animation id="spine1_jnt-anim" name="spine1_jnt"><animation><source id="spine1_jnt-Matrix-animation-input"><float_array id="spine1_jnt-Matrix-animation-input-array" count="31">

0.000000 0.033333 0.066667 0.100000 0.133333 0.166667 0.200000 0.233333 0.266667 0.300000 0.333333 0.366667 0.400000 0.433333 0.466667 0.500000
0.533333 0.566667 0.600000 0.633333 0.666667 0.700000 0.733333 0.766667 0.800000 0.833333 0.866667 0.900000 0.933333 0.966667 1.000000</float_array><technique_common><accessor source="#spine1_jnt-Matrix-animation-input-array" count="31"><param name="TIME" type="float"/></accessor></technique_common></source><source id="spine1_jnt-Matrix-animation-output-transform"><float_array id="spine1_jnt-Matrix-animation-output-transform-array" count="496">

0.976621 -0.048284 -0.209475 0.112879 0.210891 0.404078 0.890082 0.720056 0.041668 -0.913449 0.404813 -0.275871 0.000000 0.000000 0.000000 1.000000
0.976613 -0.048139 -0.209548 0.112879 0.210932 0.403359 0.890398 0.720056 0.041661 -0.913775 0.404079 -0.275871 0.000000 0.000000 0.000000 1.000000
0.976589 -0.047730 -0.209754 0.112879 0.211047 0.401335 0.891285 0.720056 0.041641 -0.914687 0.402013 -0.275871 0.000000 0.000000 0.000000 1.000000
0.976552 -0.047096 -0.210069 0.112879 0.211224 0.398204 0.892646 0.720056 0.041610 -0.916087 0.398815 -0.275871 0.000000 0.000000 0.000000 1.000000
0.976504 -0.046278 -0.210473 0.112879 0.211453 0.394162 0.894385 0.720056 0.041570 -0.917875 0.394686 -0.275871 0.000000 0.000000 0.000000 1.000000
0.976447 -0.045313 -0.210943 0.112879 0.211722 0.389406 0.896402 0.720056 0.041524 -0.919951 0.389828 -0.275871 0.000000 0.000000 0.000000 1.000000
0.976385 -0.044242 -0.211458 0.112879 0.212019 0.384133 0.898604 0.720056 0.041473 -0.922217 0.384442 -0.275871 0.000000 0.000000 0.000000 1.000000
0.976319 -0.043104 -0.211997 0.112879 0.212333 0.378544 0.900899 0.720056 0.041418 -0.924579 0.378732 -0.275871 0.000000 0.000000 0.000000 1.000000
0.976252 -0.041940 -0.212539 0.112879 0.212653 0.372840 0.903200 0.720056 0.041363 -0.926947 0.372904 -0.275871 0.000000 0.000000 0.000000 1.000000
0.976186 -0.040792 -0.213066 0.112879 0.212967 0.367223 0.905424 0.720056 0.041309 -0.929238 0.367165 -0.275871 0.000000 0.000000 0.000000 1.000000
0.976123 -0.039702 -0.213558 0.112879 0.213264 0.361900 0.907495 0.720056 0.041257 -0.931371 0.361726 -0.275871 0.000000 0.000000 0.000000 1.000000
0.976066 -0.038713 -0.213999 0.112879 0.213532 0.357077 0.909341 0.720056 0.041211 -0.933273 0.356797 -0.275871 0.000000 0.000000 0.000000 1.000000
0.976018 -0.037868 -0.214370 0.112879 0.213761 0.352962 0.910892 0.720056 0.041171 -0.934871 0.352592 -0.275871 0.000000 0.000000 0.000000 1.000000
0.975981 -0.037210 -0.214656 0.112879 0.213938 0.349764 0.912083 0.720056 0.041140 -0.936098 0.349324 -0.275871 0.000000 0.000000 0.000000 1.000000
0.975956 -0.036784 -0.214840 0.112879 0.214053 0.347693 0.912848 0.720056 0.041120 -0.936887 0.347207 -0.275871 0.000000 0.000000 0.000000 1.000000
0.975948 -0.036632 -0.214906 0.112879 0.214094 0.346956 0.913118 0.720056 0.041113 -0.937166 0.346454 -0.275871 0.000000 0.000000 0.000000 1.000000
0.975956 -0.036784 -0.214840 0.112879 0.214053 0.347693 0.912848 0.720056 0.041120 -0.936887 0.347207 -0.275871 0.000000 0.000000 0.000000 1.000000
0.975981 -0.037210 -0.214656 0.112879 0.213938 0.349764 0.912083 0.720056 0.041140 -0.936098 0.349324 -0.275871 0.000000 0.000000 0.000000 1.000000
0.976018 -0.037868 -0.214370 0.112879 0.213761 0.352962 0.910892 0.720056 0.041171 -0.934871 0.352592 -0.275871 0.000000 0.000000 0.000000 1.000000
0.976066 -0.038713 -0.213999 0.112879 0.213532 0.357077 0.909341 0.720056 0.041211 -0.933273 0.356797 -0.275871 0.000000 0.000000 0.000000 1.000000
0.976123 -0.039702 -0.213558 0.112879 0.213264 0.361900 0.907495 0.720056 0.041257 -0.931371 0.361726 -0.275871 0.000000 0.000000 0.000000 1.000000
0.976186 -0.040792 -0.213066 0.112879 0.212967 0.367223 0.905424 0.720056 0.041309 -0.929238 0.367165 -0.275871 0.000000 0.000000 0.000000 1.000000
0.976252 -0.041940 -0.212539 0.112879 0.212653 0.372840 0.903200 0.720056 0.041363 -0.926947 0.372904 -0.275871 0.000000 0.000000 0.000000 1.000000
0.976319 -0.043104 -0.211997 0.112879 0.212333 0.378544 0.900899 0.720056 0.041418 -0.924579 0.378732 -0.275871 0.000000 0.000000 0.000000 1.000000
0.976385 -0.044242 -0.211458 0.112879 0.212019 0.384133 0.898604 0.720056 0.041473 -0.922217 0.384442 -0.275871 0.000000 0.000000 0.000000 1.000000
0.976447 -0.045313 -0.210943 0.112879 0.211722 0.389406 0.896402 0.720056 0.041524 -0.919951 0.389828 -0.275871 0.000000 0.000000 0.000000 1.000000
0.976504 -0.046278 -0.210473 0.112879 0.211453 0.394162 0.894385 0.720056 0.041570 -0.917875 0.394686 -0.275871 0.000000 0.000000 0.000000 1.000000
0.976552 -0.047096 -0.210069 0.112879 0.211224 0.398204 0.892646 0.720056 0.041610 -0.916087 0.398815 -0.275871 0.000000 0.000000 0.000000 1.000000
0.976589 -0.047730 -0.209754 0.112879 0.211047 0.401335 0.891285 0.720056 0.041641 -0.914687 0.402013 -0.275871 0.000000 0.000000 0.000000 1.000000
0.976613 -0.048139 -0.209548 0.112879 0.210932 0.403359 0.890398 0.720056 0.041661 -0.913775 0.404079 -0.275871 0.000000 0.000000 0.000000 1.000000
0.976621 -0.048284 -0.209475 0.112879 0.210891 0.404078 0.890082 0.720056 0.041668 -0.913449 0.404813 -0.275871 0.000000 0.000000 0.000000 1.000000</float_array><technique_common><accessor source="#spine1_jnt-Matrix-animation-output-transform-array" count="31" stride="16"><param type="float4x4"/></accessor></technique_common></source><source id="spine1_jnt-Interpolations"><Name_array id="spine1_jnt-Interpolations-array" count="31">
 LINEAR LINEAR LINEAR LINEAR LINEAR LINEAR LINEAR LINEAR LINEAR LINEAR LINEAR
LINEAR LINEAR LINEAR LINEAR LINEAR LINEAR LINEAR LINEAR LINEAR LINEAR LINEAR LINEAR
LINEAR LINEAR LINEAR LINEAR LINEAR LINEAR LINEAR LINEAR</Name_array><technique_common><accessor source="#spine1_jnt-Interpolations-array" count="31"><param type="name"/></accessor></technique_common></source><sampler id="spine1_jnt-Matrix-animation-transform"><input semantic="INPUT" source="#spine1_jnt-Matrix-animation-input"/><input semantic="OUTPUT" source="#spine1_jnt-Matrix-animation-output-transform"/><input semantic="INTERPOLATION" source="#spine1_jnt-Interpolations"/></sampler><channel source="#spine1_jnt-Matrix-animation-transform" target="spine1_jnt/matrix"/></animation></animation>
    <animation id="r_uleg1_jnt-anim" name="r_uleg1_jnt"><animation><source id="r_uleg1_jnt-Matrix-animation-input"><float_array id="r_uleg1_jnt-Matrix-animation-input-array" count="31">

0.000000 0.033333 0.066667 0.100000 0.133333 0.166667 0.200000 0.233333 0.266667 0.300000 0.333333 0.366667 0.400000 0.433333 0.466667 0.500000
0.533333 0.566667 0.600000 0.633333 0.666667 0.700000 0.733333 0.766667 0.800000 0.833333 0.866667 0.900000 0.933333 0.966667 1.000000</float_array><technique_common><accessor source="#r_uleg1_jnt-Matrix-animation-input-array" count="31"><param name="TIME" type="float"/></accessor></technique_common></source><source id="r_uleg1_jnt-Matrix-animation-output-transform"><float_array id="r_uleg1_jnt-Matrix-animation-output-transform-array" count="496">

0.353817 -0.736492 -0.576535 -0.413257 -0.926189 -0.189990 -0.325697 -0.379657 0.130338 0.649217 -0.749353 0.248367 0.000000 0.000000 0.000000 1.000000
0.354472 -0.736444 -0.576195 -0.413257 -0.925916 -0.190447 -0.326206 -0.379657 0.130497 0.649138 -0.749393 0.248367 0.000000 0.000000 0.000000 1.000000
0.356316 -0.736304 -0.575235 -0.413257 -0.925144 -0.191732 -0.327641 -0.379657 0.130953 0.648918 -0.749504 0.248367 0.000000 0.000000 0.000000 1.000000
0.359160 -0.736086 -0.573743 -0.413257 -0.923942 -0.193712 -0.329860 -0.379657 0.131665 0.648578 -0.749674 0.248367 0.000000 0.000000 0.000000 1.000000
0.362816 -0.735799 -0.571807 -0.413257 -0.922379 -0.196256 -0.332716 -0.379657 0.132592 0.648138 -0.749891 0.248367 0.000000 0.000000 0.000000 1.000000
0.367094 -0.735455 -0.569516 -0.413257 -0.920526 -0.199233 -0.336062 -0.379657 0.133692 0.647621 -0.750143 0.248367 0.000000 0.000000 0.000000 1.000000
0.371805 -0.735064 -0.566958 -0.413257 -0.918453 -0.202513 -0.339754 -0.379657 0.134925 0.647046 -0.750417 0.248367 0.000000 0.000000 0.000000 1.000000
0.376771 -0.734639 -0.564225 -0.413257 -0.916230 -0.205964 -0.343658 -0.379657 0.136255 0.646440 -0.750700 0.248367 0.000000 0.000000 0.000000 1.000000
0.381818 -0.734190 -0.561409 -0.413257 -0.913930 -0.209457 -0.347650 -0.379657 0.137650 0.645827 -0.750973 0.248367 0.000000 0.000000 0.000000 1.000000
0.386780 -0.733731 -0.558606 -0.413257 -0.911623 -0.212862 -0.351616 -0.379657 0.139085 0.645236 -0.751216 0.248367 0.000000 0.000000 0.000000 1.000000
0.391502 -0.733272 -0.555912 -0.413257 -0.909381 -0.216050 -0.355455 -0.379657 0.140541 0.644697 -0.751408 0.248367 0.000000 0.000000 0.000000 1.000000
0.395836 -0.732827 -0.553425 -0.413257 -0.907276 -0.218891 -0.359078 -0.379657 0.142002 0.644245 -0.751521 0.248367 0.000000 0.000000 0.000000 1.000000
0.399638 -0.732408 -0.551243 -0.413257 -0.905377 -0.221256 -0.362405 -0.379657 0.143462 0.643914 -0.751528 0.248367 0.000000 0.000000 0.000000 1.000000
0.402772 -0.732026 -0.549465 -0.413257 -0.903755 -0.223016 -0.365363 -0.379657 0.144916 0.643740 -0.751397 0.248367 0.000000 0.000000 0.000000 1.000000
0.405104 -0.731696 -0.548190 -0.413257 -0.902479 -0.224039 -0.367882 -0.379657 0.146362 0.643761 -0.751099 0.248367 0.000000 0.000000 0.000000 1.000000
0.406496 -0.731427 -0.547518 -0.413257 -0.901618 -0.224193 -0.369894 -0.379657 0.147801 0.644013 -0.750602 0.248367 0.000000 0.000000 0.000000 1.000000
0.406821 -0.731237 -0.547530 -0.413257 -0.901247 -0.223404 -0.371275 -0.379657 0.149170 0.644502 -0.749910 0.248367 0.000000 0.000000 0.000000 1.000000
0.405889 -0.731195 -0.548277 -0.413257 -0.901527 -0.221861 -0.371520 -0.379657 0.150012 0.645082 -0.749243 0.248367 0.000000 0.000000 0.000000 1.000000
0.403706 -0.731324 -0.549715 -0.413257 -0.902489 -0.219744 -0.370441 -0.379657 0.150116 0.645661 -0.748724 0.248367 0.000000 0.000000 0.000000 1.000000
0.400463 -0.731597 -0.551721 -0.413257 -0.904023 -0.217162 -0.368216 -0.379657 0.149573 0.646225 -0.748346 0.248367 0.000000 0.000000 0.000000 1.000000
0.396347 -0.731987 -0.554171 -0.413257 -0.906017 -0.214230 -0.365020 -0.379657 0.148470 0.646762 -0.748101 0.248367 0.000000 0.000000 0.000000 1.000000
0.391548 -0.732468 -0.556939 -0.413257 -0.908357 -0.211059 -0.361029 -0.379657 0.146896 0.647260 -0.747982 0.248367 0.000000 0.000000 0.000000 1.000000
0.386265 -0.733014 -0.559901 -0.413257 -0.910928 -0.207763 -0.356433 -0.379657 0.144944 0.647707 -0.747975 0.248367 0.000000 0.000000 0.000000 1.000000
0.380707 -0.733600 -0.562933 -0.413257 -0.913616 -0.204453 -0.351433 -0.379657 0.142718 0.648098 -0.748065 0.248367 0.000000 0.000000 0.000000 1.000000
0.375093 -0.734197 -0.565915 -0.413257 -0.916304 -0.201241 -0.346251 -0.379657 0.140331 0.648426 -0.748231 0.248367 0.000000 0.000000 0.000000 1.000000
0.369654 -0.734780 -0.568730 -0.413257 -0.918878 -0.198235 -0.341125 -0.379657 0.137910 0.648692 -0.748451 0.248367 0.000000 0.000000 0.000000 1.000000
0.364634 -0.735320 -0.571267 -0.413257 -0.921226 -0.195542 -0.336313 -0.379657 0.135591 0.648897 -0.748697 0.248367 0.000000 0.000000 0.000000 1.000000
0.360284 -0.735790 -0.573419 -0.413257 -0.923238 -0.193268 -0.332084 -0.379657 0.133520 0.649046 -0.748940 0.248367 0.000000 0.000000 0.000000 1.000000
0.356859 -0.736161 -0.575081 -0.413257 -0.924806 -0.191516 -0.328718 -0.379657 0.131852 0.649144 -0.749151 0.248367 0.000000 0.000000 0.000000 1.000000
0.354619 -0.736405 -0.576154 -0.413257 -0.925825 -0.190389 -0.326497 -0.379657 0.130740 0.649199 -0.749298 0.248367 0.000000 0.000000 0.000000 1.000000
0.353817 -0.736492 -0.576535 -0.413257 -0.926189 -0.189990 -0.325697 -0.379657 0.130338 0.649217 -0.749353 0.248367 0.000000 0.000000 0.000000 1.000000</float_array><technique_common><accessor source="#r_uleg1_jnt-Matrix-animation-output-transform-array" count="31" stride="16"><param type="float4x4"/></accessor></technique_common></source><source id="r_uleg1_jnt-Interpolations"><Name_array id="r_uleg1_jnt-Interpolations-array" count="31">
 LINEAR LINEAR LINEAR LINEAR LINEAR LINEAR LINEAR LINEAR LINEAR LINEAR LINEAR
LINEAR LINEAR LINEAR LINEAR LINEAR LINEAR LINEAR LINEAR LINEAR LINEAR LINEAR LINEAR
LINEAR LINEAR LINEAR LINEAR LINEAR LINEAR LINEAR LINEAR</Name_array><technique_common><accessor source="#r_uleg1_jnt-Interpolations-array" count="31"><param type="name"/></accessor></technique_common></source><sampler id="r_uleg1_jnt-Matrix-animation-transform"><input semantic="INPUT" source="#r_uleg1_jnt-Matrix-animation-input"/><input semantic="OUTPUT" source="#r_uleg1_jnt-Matrix-animation-output-transform"/><input semantic="INTERPOLATION" source="#r_uleg1_jnt-Interpolations"/></sampler><channel source="#r_uleg1_jnt-Matrix-animation-transform" target="r_uleg1_jnt/matrix"/></animation></animation>
    <animation id="r_leg1_jnt-anim" name="r_leg1_jnt"><animation><source id="r_leg1_jnt-Matrix-animation-input"><float_array id="r_leg1_jnt-Matrix-animation-input-array" count="31">

0.000000 0.033333 0.066667 0.100000 0.133333 0.166667 0.200000 0.233333 0.266667 0.300000 0.333333 0.366667 0.400000 0.433333 0.466667 0.500000
0.533333 0.566667 0.600000 0.633333 0.666667 0.700000 0.733333 0.766667 0.800000 0.833333 0.866667 0.900000 0.933333 0.966667 1.000000</float_array><technique_common><accessor source="#r_leg1_jnt-Matrix-animation-input-array" count="31"><param name="TIME" type="float"/></accessor></technique_common></source><source id="r_leg1_jnt-Matrix-animation-output-transform"><float_array id="r_leg1_jnt-Matrix-animation-output-transform-array" count="496">

1.000000 -0.000000 0.000047 -0.000000 -0.000000 1.000000 0.000000 0.000000 -0.000047 -0.000000 1.000000 0.230000 0.000000 0.000000 0.000000 1.000000
1.000000 0.000000 0.000047 -0.000000 -0.000000 1.000000 0.000000 0.000000 -0.000047 -0.000000 1.000000 0.230000 0.000000 0.000000 0.000000 1.000000
1.000000 -0.000000 0.000047 -0.000000 -0.000000 1.000000 0.000000 0.000000 -0.000047 -0.000000 1.000000 0.230000 0.000000 0.000000 0.000000 1.000000
1.000000 0.000000 0.000047 -0.000000 -0.000000 1.000000 0.000000 0.000000 -0.000047 -0.000000 1.000000 0.230000 0.000000 0.000000 0.000000 1.000000
1.000000 0.000000 0.000047 -0.000000 -0.000000 1.000000 0.000000 0.000000 -0.000047 -0.000000 1.000000 0.230000 0.000000 0.000000 0.000000 1.000000
1.000000 0.000000 0.000047 -0.000000 -0.000000 1.000000 0.000000 0.000000 -0.000047 -0.000000 1.000000 0.230000 0.000000 0.000000 0.000000 1.000000
1.000000 0.000000 0.000047 -0.000000 -0.000000 1.000000 0.000000 0.000000 -0.000047 -0.000000 1.000000 0.230000 0.000000 0.000000 0.000000 1.000000
1.000000 0.000000 0.000047 -0.000000 0.000000 1.000000 0.000000 0.000000 -0.000047 -0.000000 1.000000 0.230000 0.000000 0.000000 0.000000 1.000000
1.000000 0.000000 0.000047 -0.000000 -0.000000 1.000000 0.000000 0.000000 -0.000047 -0.000000 1.000000 0.230000 0.000000 0.000000 0.000000 1.000000
1.000000 0.000000 0.000047 -0.000000 0.000000 1.000000 0.000000 0.000000 -0.000047 -0.000000 1.000000 0.230000 0.000000 0.000000 0.000000 1.000000
1.000000 0.000000 0.000047 -0.000000 -0.000000 1.000000 0.000000 0.000000 -0.000047 -0.000000 1.000000 0.230000 0.000000 0.000000 0.000000 1.000000
1.000000 -0.000000 0.000047 -0.000000 -0.000000 1.000000 0.000000 0.000000 -0.000047 -0.000000 1.000000 0.230000 0.000000 0.000000 0.000000 1.000000
1.000000 0.000000 0.000047 -0.000000 -0.000000 1.000000 0.000000 0.000000 -0.000047 -0.000000 1.000000 0.230000 0.000000 0.000000 0.000000 1.000000
1.000000 0.000000 0.000047 -0.000000 -0.000000 1.000000 0.000000 0.000000 -0.000047 -0.000000 1.000000 0.230000 0.000000 0.000000 0.000000 1.000000
1.000000 0.000000 0.000047 -0.000000 -0.000000 1.000000 0.000000 0.000000 -0.000047 -0.000000 1.000000 0.230000 0.000000 0.000000 0.000000 1.000000
1.000000 0.000000 0.000047 -0.000000 -0.000000 1.000000 0.000000 0.000000 -0.000047 -0.000000 1.000000 0.230000 0.000000 0.000000 0.000000 1.000000
1.000000 0.000000 0.000047 -0.000000 0.000000 1.000000 0.000000 0.000000 -0.000047 -0.000000 1.000000 0.230000 0.000000 0.000000 0.000000 1.000000
1.000000 0.000000 0.000047 -0.000000 0.000000 1.000000 0.000000 0.000000 -0.000047 -0.000000 1.000000 0.230000 0.000000 0.000000 0.000000 1.000000
1.000000 0.000000 0.000047 -0.000000 -0.000000 1.000000 0.000000 0.000000 -0.000047 -0.000000 1.000000 0.230000 0.000000 0.000000 0.000000 1.000000
1.000000 0.000000 0.000047 -0.000000 -0.000000 1.000000 0.000000 0.000000 -0.000047 -0.000000 1.000000 0.230000 0.000000 0.000000 0.000000 1.000000
1.000000 0.000000 0.000047 -0.000000 -0.000000 1.000000 0.000000 0.000000 -0.000047 -0.000000 1.000000 0.230000 0.000000 0.000000 0.000000 1.000000
1.000000 0.000000 0.000047 -0.000000 -0.000000 1.000000 0.000000 0.000000 -0.000047 -0.000000 1.000000 0.230000 0.000000 0.000000 0.000000 1.000000
1.000000 0.000000 0.000047 -0.000000 0.000000 1.000000 0.000000 0.000000 -0.000047 -0.000000 1.000000 0.230000 0.000000 0.000000 0.000000 1.000000
1.000000 0.000000 0.000047 -0.000000 -0.000000 1.000000 0.000000 0.000000 -0.000047 -0.000000 1.000000 0.230000 0.000000 0.000000 0.000000 1.000000
1.000000 0.000000 0.000047 -0.000000 0.000000 1.000000 0.000000 0.000000 -0.000047 -0.000000 1.000000 0.230000 0.000000 0.000000 0.000000 1.000000
1.000000 0.000000 0.000047 -0.000000 0.000000 1.000000 0.000000 0.000000 -0.000047 -0.000000 1.000000 0.230000 0.000000 0.000000 0.000000 1.000000
1.000000 0.000000 0.000047 -0.000000 0.000000 1.000000 0.000000 0.000000 -0.000047 -0.000000 1.000000 0.230000 0.000000 0.000000 0.000000 1.000000
1.000000 0.000000 0.000047 -0.000000 -0.000000 1.000000 0.000000 0.000000 -0.000047 -0.000000 1.000000 0.230000 0.000000 0.000000 0.000000 1.000000
1.000000 0.000000 0.000047 -0.000000 -0.000000 1.000000 0.000000 0.000000 -0.000047 -0.000000 1.000000 0.230000 0.000000 0.000000 0.000000 1.000000
1.000000 0.000000 0.000047 -0.000000 -0.000000 1.000000 0.000000 0.000000 -0.000047 -0.000000 1.000000 0.230000 0.000000 0.000000 0.000000 1.000000
1.000000 -0.000000 0.000047 -0.000000 -0.000000 1.000000 0.000000 0.000000 -0.000047 -0.000000 1.000000 0.230000 0.000000 0.000000 0.000000 1.000000</float_array><technique_common><accessor source="#r_leg1_jnt-Matrix-animation-output-transform-array" count="31" stride="16"><param type="float4x4"/></accessor></technique_common></source><source id="r_leg1_jnt-Interpolations"><Name_array id="r_leg1_jnt-Interpolations-array" count="31">
 LINEAR LINEAR LINEAR LINEAR LINEAR LINEAR LINEAR LINEAR LINEAR LINEAR LINEAR
LINEAR LINEAR LINEAR LINEAR LINEAR LINEAR LINEAR LINEAR LINEAR LINEAR LINEAR LINEAR
LINEAR LINEAR LINEAR LINEAR LINEAR LINEAR LINEAR LINEAR</Name_array><technique_common><accessor source="#r_leg1_jnt-Interpolations-array" count="31"><param type="name"/></accessor></technique_common></source><sampler id="r_leg1_jnt-Matrix-animation-transform"><input semantic="INPUT" source="#r_leg1_jnt-Matrix-animation-input"/><input semantic="OUTPUT" source="#r_leg1_jnt-Matrix-animation-output-transform"/><input semantic="INTERPOLATION" source="#r_leg1_jnt-Interpolations"/></sampler><channel source="#r_leg1_jnt-Matrix-animation-transform" target="r_leg1_jnt/matrix"/></animation></animation>
    <animation id="r_leg2_jnt-anim" name="r_leg2_jnt"><animation><source id="r_leg2_jnt-Matrix-animation-input"><float_array id="r_leg2_jnt-Matrix-animation-input-array" count="31">

0.000000 0.033333 0.066667 0.100000 0.133333 0.166667 0.200000 0.233333 0.266667 0.300000 0.333333 0.366667 0.400000 0.433333 0.466667 0.500000
0.533333 0.566667 0.600000 0.633333 0.666667 0.700000 0.733333 0.766667 0.800000 0.833333 0.866667 0.900000 0.933333 0.966667 1.000000</float_array><technique_common><accessor source="#r_leg2_jnt-Matrix-animation-input-array" count="31"><param name="TIME" type="float"/></accessor></technique_common></source><source id="r_leg2_jnt-Matrix-animation-output-transform"><float_array id="r_leg2_jnt-Matrix-animation-output-transform-array" count="496">

-0.616374 -0.752546 -0.231857 -0.380766 -0.557175 0.624856 -0.546911 -0.436460 0.556452 -0.207917 -0.804445 -0.094663 0.000000 0.000000 0.000000 1.000000
-0.616655 -0.752330 -0.231811 -0.380766 -0.557736 0.625328 -0.545798 -0.436460 0.555578 -0.207280 -0.805213 -0.094663 0.000000 0.000000 0.000000 1.000000
-0.617445 -0.751722 -0.231682 -0.380766 -0.559307 0.626650 -0.542665 -0.436460 0.553117 -0.205484 -0.807365 -0.094663 0.000000 0.000000 0.000000 1.000000
-0.618655 -0.750788 -0.231480 -0.380766 -0.561711 0.628673 -0.537820 -0.436460 0.549314 -0.202700 -0.810658 -0.094663 0.000000 0.000000 0.000000 1.000000
-0.620200 -0.749594 -0.231217 -0.380766 -0.564767 0.631245 -0.531571 -0.436460 0.544417 -0.199097 -0.814844 -0.094663 0.000000 0.000000 0.000000 1.000000
-0.621991 -0.748205 -0.230902 -0.380766 -0.568296 0.634212 -0.524227 -0.436460 0.538671 -0.194844 -0.819677 -0.094663 0.000000 0.000000 0.000000 1.000000
-0.623943 -0.746687 -0.230549 -0.380766 -0.572126 0.637428 -0.516098 -0.436460 0.532322 -0.190113 -0.824918 -0.094663 0.000000 0.000000 0.000000 1.000000
-0.625975 -0.745102 -0.230168 -0.380766 -0.576091 0.640755 -0.507496 -0.436460 0.525618 -0.185082 -0.830344 -0.094663 0.000000 0.000000 0.000000 1.000000
-0.628010 -0.743511 -0.229773 -0.380766 -0.580042 0.644063 -0.498733 -0.436460 0.518801 -0.179932 -0.835745 -0.094663 0.000000 0.000000 0.000000 1.000000
-0.629975 -0.741968 -0.229379 -0.380766 -0.583838 0.647234 -0.490124 -0.436460 0.512118 -0.174846 -0.840930 -0.094663 0.000000 0.000000 0.000000 1.000000
-0.631802 -0.740530 -0.229000 -0.380766 -0.587352 0.650162 -0.481982 -0.436460 0.505810 -0.170014 -0.845726 -0.094663 0.000000 0.000000 0.000000 1.000000
-0.633429 -0.739246 -0.228654 -0.380766 -0.590467 0.652750 -0.474621 -0.436460 0.500116 -0.165626 -0.849972 -0.094663 0.000000 0.000000 0.000000 1.000000
-0.634796 -0.738165 -0.228356 -0.380766 -0.593074 0.654910 -0.468354 -0.436460 0.495275 -0.161877 -0.853521 -0.094663 0.000000 0.000000 0.000000 1.000000
-0.635844 -0.737335 -0.228122 -0.380766 -0.595068 0.656558 -0.463492 -0.436460 0.491524 -0.158961 -0.856233 -0.094663 0.000000 0.000000 0.000000 1.000000
-0.636517 -0.736801 -0.227970 -0.380766 -0.596345 0.657612 -0.460347 -0.436460 0.489100 -0.157070 -0.857969 -0.094663 0.000000 0.000000 0.000000 1.000000
-0.636755 -0.736612 -0.227916 -0.380766 -0.596796 0.657984 -0.459229 -0.436460 0.488239 -0.156397 -0.858582 -0.094663 0.000000 0.000000 0.000000 1.000000
-0.636517 -0.736801 -0.227970 -0.380766 -0.596345 0.657612 -0.460347 -0.436460 0.489100 -0.157070 -0.857969 -0.094663 0.000000 0.000000 0.000000 1.000000
-0.635844 -0.737335 -0.228122 -0.380766 -0.595068 0.656558 -0.463492 -0.436460 0.491524 -0.158961 -0.856233 -0.094663 0.000000 0.000000 0.000000 1.000000
-0.634796 -0.738165 -0.228356 -0.380766 -0.593074 0.654910 -0.468354 -0.436460 0.495275 -0.161877 -0.853521 -0.094663 0.000000 0.000000 0.000000 1.000000
-0.633429 -0.739246 -0.228654 -0.380766 -0.590467 0.652750 -0.474621 -0.436460 0.500116 -0.165626 -0.849972 -0.094663 0.000000 0.000000 0.000000 1.000000
-0.631802 -0.740530 -0.229000 -0.380766 -0.587352 0.650162 -0.481982 -0.436460 0.505810 -0.170014 -0.845726 -0.094663 0.000000 0.000000 0.000000 1.000000
-0.629975 -0.741968 -0.229379 -0.380766 -0.583838 0.647234 -0.490124 -0.436460 0.512118 -0.174846 -0.840930 -0.094663 0.000000 0.000000 0.000000 1.000000
-0.628010 -0.743511 -0.229773 -0.380766 -0.580042 0.644063 -0.498733 -0.436460 0.518801 -0.179932 -0.835745 -0.094663 0.000000 0.000000 0.000000 1.000000
-0.625975 -0.745102 -0.230168 -0.380766 -0.576091 0.640755 -0.507496 -0.436460 0.525618 -0.185082 -0.830344 -0.094663 0.000000 0.000000 0.000000 1.000000
-0.623943 -0.746687 -0.230549 -0.380766 -0.572126 0.637428 -0.516098 -0.436460 0.532322 -0.190113 -0.824918 -0.094663 0.000000 0.000000 0.000000 1.000000
-0.621991 -0.748205 -0.230902 -0.380766 -0.568296 0.634212 -0.524227 -0.436460 0.538671 -0.194844 -0.819677 -0.094663 0.000000 0.000000 0.000000 1.000000
-0.620200 -0.749594 -0.231217 -0.380766 -0.564767 0.631245 -0.531571 -0.436460 0.544417 -0.199097 -0.814844 -0.094663 0.000000 0.000000 0.000000 1.000000
-0.618655 -0.750788 -0.231480 -0.380766 -0.561711 0.628673 -0.537820 -0.436460 0.549314 -0.202700 -0.810658 -0.094663 0.000000 0.000000 0.000000 1.000000
-0.617445 -0.751722 -0.231682 -0.380766 -0.559307 0.626650 -0.542665 -0.436460 0.553117 -0.205484 -0.807365 -0.094663 0.000000 0.000000 0.000000 1.000000
-0.616655 -0.752330 -0.231811 -0.380766 -0.557736 0.625328 -0.545798 -0.436460 0.555578 -0.207280 -0.805213 -0.094663 0.000000 0.000000 0.000000 1.000000
-0.616374 -0.752546 -0.231857 -0.380766 -0.557175 0.624856 -0.546911 -0.436460 0.556452 -0.207917 -0.804445 -0.094663 0.000000 0.000000 0.000000 1.000000</float_array><technique_common><accessor source="#r_leg2_jnt-Matrix-animation-output-transform-array" count="31" stride="16"><param type="float4x4"/></accessor></technique_common></source><source id="r_leg2_jnt-Interpolations"><Name_array id="r_leg2_jnt-Interpolations-array" count="31">
 LINEAR LINEAR LINEAR LINEAR LINEAR LINEAR LINEAR LINEAR LINEAR LINEAR LINEAR
LINEAR LINEAR LINEAR LINEAR LINEAR LINEAR LINEAR LINEAR LINEAR LINEAR LINEAR LINEAR
LINEAR LINEAR LINEAR LINEAR LINEAR LINEAR LINEAR LINEAR</Name_array><technique_common><accessor source="#r_leg2_jnt-Interpolations-array" count="31"><param type="name"/></accessor></technique_common></source><sampler id="r_leg2_jnt-Matrix-animation-transform"><input semantic="INPUT" source="#r_leg2_jnt-Matrix-animation-input"/><input semantic="OUTPUT" source="#r_leg2_jnt-Matrix-animation-output-transform"/><input semantic="INTERPOLATION" source="#r_leg2_jnt-Interpolations"/></sampler><channel source="#r_leg2_jnt-Matrix-animation-transform" target="r_leg2_jnt/matrix"/></animation></animation>
    <animation id="r_leg3_jnt-anim" name="r_leg3_jnt"><animation><source id="r_leg3_jnt-Matrix-animation-input"><float_array id="r_leg3_jnt-Matrix-animation-input-array" count="31">

0.000000 0.033333 0.066667 0.100000 0.133333 0.166667 0.200000 0.233333 0.266667 0.300000 0.333333 0.366667 0.400000 0.433333 0.466667 0.500000
0.533333 0.566667 0.600000 0.633333 0.666667 0.700000 0.733333 0.766667 0.800000 0.833333 0.866667 0.900000 0.933333 0.966667 1.000000</float_array><technique_common><accessor source="#r_leg3_jnt-Matrix-animation-input-array" count="31"><param name="TIME" type="float"/></accessor></technique_common></source><source id="r_leg3_jnt-Matrix-animation-output-transform"><float_array id="r_leg3_jnt-Matrix-animation-output-transform-array" count="496">

-0.882037 -0.418725 -0.216056 -0.336837 -0.282664 0.837097 -0.468369 -0.444096 0.376978 -0.352047 -0.856709 -0.403838 0.000000 0.000000 0.000000 1.000000
-0.882299 -0.418160 -0.216083 -0.336837 -0.282800 0.837920 -0.466813 -0.444096 0.376262 -0.350760 -0.857551 -0.403838 0.000000 0.000000 0.000000 1.000000
-0.883033 -0.416569 -0.216155 -0.336837 -0.283175 0.840220 -0.462430 -0.444096 0.374252 -0.347131 -0.859904 -0.403838 0.000000 0.000000 0.000000 1.000000
-0.884161 -0.414114 -0.216261 -0.336837 -0.283730 0.843732 -0.455646 -0.444096 0.371156 -0.341505 -0.863492 -0.403838 0.000000 0.000000 0.000000 1.000000
-0.885601 -0.410959 -0.216387 -0.336837 -0.284402 0.848179 -0.446886 -0.444096 0.367187 -0.334222 -0.868026 -0.403838 0.000000 0.000000 0.000000 1.000000
-0.887274 -0.407266 -0.216518 -0.336837 -0.285130 0.853288 -0.436577 -0.444096 0.362556 -0.325628 -0.873224 -0.403838 0.000000 0.000000 0.000000 1.000000
-0.889099 -0.403197 -0.216645 -0.336837 -0.285859 0.858796 -0.425151 -0.444096 0.357473 -0.316071 -0.878813 -0.403838 0.000000 0.000000 0.000000 1.000000
-0.891002 -0.398913 -0.216758 -0.336837 -0.286546 0.864457 -0.413043 -0.444096 0.352146 -0.305911 -0.884540 -0.403838 0.000000 0.000000 0.000000 1.000000
-0.892910 -0.394574 -0.216850 -0.336837 -0.287159 0.870048 -0.400695 -0.444096 0.346774 -0.295514 -0.890179 -0.403838 0.000000 0.000000 0.000000 1.000000
-0.894754 -0.390335 -0.216918 -0.336837 -0.287680 0.875367 -0.388552 -0.444096 0.341549 -0.285255 -0.895530 -0.403838 0.000000 0.000000 0.000000 1.000000
-0.896472 -0.386349 -0.216964 -0.336837 -0.288099 0.880242 -0.377058 -0.444096 0.336657 -0.275515 -0.900419 -0.403838 0.000000 0.000000 0.000000 1.000000
-0.898002 -0.382764 -0.216990 -0.336837 -0.288419 0.884520 -0.366660 -0.444096 0.332276 -0.266678 -0.904697 -0.403838 0.000000 0.000000 0.000000 1.000000
-0.899288 -0.379726 -0.217000 -0.336837 -0.288649 0.888064 -0.357804 -0.444096 0.328577 -0.259132 -0.908233 -0.403838 0.000000 0.000000 0.000000 1.000000
-0.900276 -0.377379 -0.217000 -0.336837 -0.288800 0.890753 -0.350931 -0.444096 0.325728 -0.253265 -0.910911 -0.403838 0.000000 0.000000 0.000000 1.000000
-0.900909 -0.375865 -0.216997 -0.336837 -0.288886 0.892465 -0.346485 -0.444096 0.323893 -0.249464 -0.912612 -0.403838 0.000000 0.000000 0.000000 1.000000
-0.901134 -0.375328 -0.216995 -0.336837 -0.288914 0.893067 -0.344905 -0.444096 0.323244 -0.248113 -0.913211 -0.403838 0.000000 0.000000 0.000000 1.000000
-0.900909 -0.375865 -0.216997 -0.336837 -0.288886 0.892465 -0.346485 -0.444096 0.323893 -0.249464 -0.912612 -0.403838 0.000000 0.000000 0.000000 1.000000
-0.900276 -0.377379 -0.217000 -0.336837 -0.288800 0.890753 -0.350931 -0.444096 0.325728 -0.253265 -0.910911 -0.403838 0.000000 0.000000 0.000000 1.000000
-0.899288 -0.379726 -0.217000 -0.336837 -0.288649 0.888064 -0.357804 -0.444096 0.328577 -0.259132 -0.908233 -0.403838 0.000000 0.000000 0.000000 1.000000
-0.898002 -0.382764 -0.216990 -0.336837 -0.288419 0.884520 -0.366660 -0.444096 0.332276 -0.266678 -0.904697 -0.403838 0.000000 0.000000 0.000000 1.000000
-0.896472 -0.386349 -0.216964 -0.336837 -0.288099 0.880242 -0.377058 -0.444096 0.336657 -0.275515 -0.900419 -0.403838 0.000000 0.000000 0.000000 1.000000
-0.894754 -0.390335 -0.216918 -0.336837 -0.287680 0.875367 -0.388552 -0.444096 0.341549 -0.285255 -0.895530 -0.403838 0.000000 0.000000 0.000000 1.000000
-0.892910 -0.394574 -0.216850 -0.336837 -0.287159 0.870048 -0.400695 -0.444096 0.346774 -0.295514 -0.890179 -0.403838 0.000000 0.000000 0.000000 1.000000
-0.891002 -0.398913 -0.216758 -0.336837 -0.286546 0.864457 -0.413043 -0.444096 0.352146 -0.305911 -0.884540 -0.403838 0.000000 0.000000 0.000000 1.000000
-0.889099 -0.403197 -0.216645 -0.336837 -0.285859 0.858796 -0.425151 -0.444096 0.357473 -0.316071 -0.878813 -0.403838 0.000000 0.000000 0.000000 1.000000
-0.887274 -0.407266 -0.216518 -0.336837 -0.285130 0.853288 -0.436577 -0.444096 0.362556 -0.325628 -0.873224 -0.403838 0.000000 0.000000 0.000000 1.000000
-0.885601 -0.410959 -0.216387 -0.336837 -0.284402 0.848179 -0.446886 -0.444096 0.367187 -0.334222 -0.868026 -0.403838 0.000000 0.000000 0.000000 1.000000
-0.884161 -0.414114 -0.216261 -0.336837 -0.283730 0.843732 -0.455646 -0.444096 0.371156 -0.341505 -0.863492 -0.403838 0.000000 0.000000 0.000000 1.000000
-0.883033 -0.416569 -0.216155 -0.336837 -0.283175 0.840220 -0.462430 -0.444096 0.374252 -0.347131 -0.859904 -0.403838 0.000000 0.000000 0.000000 1.000000
-0.882299 -0.418160 -0.216083 -0.336837 -0.282800 0.837920 -0.466813 -0.444096 0.376262 -0.350760 -0.857551 -0.403838 0.000000 0.000000 0.000000 1.000000
-0.882037 -0.418725 -0.216056 -0.336837 -0.282664 0.837097 -0.468369 -0.444096 0.376978 -0.352047 -0.856709 -0.403838 0.000000 0.000000 0.000000 1.000000</float_array><technique_common><accessor source="#r_leg3_jnt-Matrix-animation-output-transform-array" count="31" stride="16"><param type="float4x4"/></accessor></technique_common></source><source id="r_leg3_jnt-Interpolations"><Name_array id="r_leg3_jnt-Interpolations-array" count="31">
 LINEAR LINEAR LINEAR LINEAR LINEAR LINEAR LINEAR LINEAR LINEAR LINEAR LINEAR
LINEAR LINEAR LINEAR LINEAR LINEAR LINEAR LINEAR LINEAR LINEAR LINEAR LINEAR LINEAR
LINEAR LINEAR LINEAR LINEAR LINEAR LINEAR LINEAR LINEAR</Name_array><technique_common><accessor source="#r_leg3_jnt-Interpolations-array" count="31"><param type="name"/></accessor></technique_common></source><sampler id="r_leg3_jnt-Matrix-animation-transform"><input semantic="INPUT" source="#r_leg3_jnt-Matrix-animation-input"/><input semantic="OUTPUT" source="#r_leg3_jnt-Matrix-animation-output-transform"/><input semantic="INTERPOLATION" source="#r_leg3_jnt-Interpolations"/></sampler><channel source="#r_leg3_jnt-Matrix-animation-transform" target="r_leg3_jnt/matrix"/></animation></animation>
    <animation id="fin_jnt-anim" name="fin_jnt"><animation><source id="fin_jnt-Matrix-animation-input"><float_array id="fin_jnt-Matrix-animation-input-array" count="31">

0.000000 0.033333 0.066667 0.100000 0.133333 0.166667 0.200000 0.233333 0.266667 0.300000 0.333333 0.366667 0.400000 0.433333 0.466667 0.500000
0.533333 0.566667 0.600000 0.633333 0.666667 0.700000 0.733333 0.766667 0.800000 0.833333 0.866667 0.900000 0.933333 0.966667 1.000000</float_array><technique_common><accessor source="#fin_jnt-Matrix-animation-input-array" count="31"><param name="TIME" type="float"/></accessor></technique_common></source><source id="fin_jnt-Matrix-animation-output-transform"><float_array id="fin_jnt-Matrix-animation-output-transform-array" count="496">

0.998704 0.024121 0.044823 -0.042883 -0.040970 0.903476 0.426677 0.779498 -0.030205 -0.427960 0.903293 -0.026041 0.000000 0.000000 0.000000 1.000000
0.998704 0.024121 0.044823 -0.042883 -0.040970 0.903476 0.426677 0.779498 -0.030205 -0.427960 0.903293 -0.026041 0.000000 0.000000 0.000000 1.000000
0.998704 0.024121 0.044823 -0.042883 -0.040970 0.903476 0.426677 0.779498 -0.030205 -0.427960 0.903293 -0.026041 0.000000 0.000000 0.000000 1.000000
0.998704 0.024121 0.044823 -0.042883 -0.040970 0.903476 0.426677 0.779498 -0.030205 -0.427960 0.903293 -0.026041 0.000000 0.000000 0.000000 1.000000
0.998704 0.024121 0.044823 -0.042883 -0.040970 0.903476 0.426677 0.779498 -0.030205 -0.427960 0.903293 -0.026041 0.000000 0.000000 0.000000 1.000000
0.998704 0.024121 0.044823 -0.042883 -0.040970 0.903476 0.426677 0.779498 -0.030205 -0.427960 0.903293 -0.026041 0.000000 0.000000 0.000000 1.000000
0.998704 0.024121 0.044823 -0.042883 -0.040970 0.903476 0.426677 0.779498 -0.030205 -0.427960 0.903293 -0.026041 0.000000 0.000000 0.000000 1.000000
0.998704 0.024121 0.044823 -0.042883 -0.040970 0.903476 0.426677 0.779498 -0.030205 -0.427960 0.903293 -0.026041 0.000000 0.000000 0.000000 1.000000
0.998704 0.024121 0.044823 -0.042883 -0.040970 0.903476 0.426677 0.779498 -0.030205 -0.427960 0.903293 -0.026041 0.000000 0.000000 0.000000 1.000000
0.998704 0.024121 0.044823 -0.042883 -0.040970 0.903476 0.426677 0.779498 -0.030205 -0.427960 0.903293 -0.026041 0.000000 0.000000 0.000000 1.000000
0.998704 0.024121 0.044823 -0.042883 -0.040970 0.903476 0.426677 0.779498 -0.030205 -0.427960 0.903293 -0.026041 0.000000 0.000000 0.000000 1.000000
0.998704 0.024121 0.044823 -0.042883 -0.040970 0.903476 0.426677 0.779498 -0.030205 -0.427960 0.903293 -0.026041 0.000000 0.000000 0.000000 1.000000
0.998704 0.024121 0.044823 -0.042883 -0.040970 0.903476 0.426677 0.779498 -0.030205 -0.427960 0.903293 -0.026041 0.000000 0.000000 0.000000 1.000000
0.998704 0.024121 0.044823 -0.042883 -0.040970 0.903476 0.426677 0.779498 -0.030205 -0.427960 0.903293 -0.026041 0.000000 0.000000 0.000000 1.000000
0.998704 0.024121 0.044823 -0.042883 -0.040970 0.903476 0.426677 0.779498 -0.030205 -0.427960 0.903293 -0.026041 0.000000 0.000000 0.000000 1.000000
0.998704 0.024121 0.044823 -0.042883 -0.040970 0.903476 0.426677 0.779498 -0.030205 -0.427960 0.903293 -0.026041 0.000000 0.000000 0.000000 1.000000
0.998704 0.024121 0.044823 -0.042883 -0.040970 0.903476 0.426677 0.779498 -0.030205 -0.427960 0.903293 -0.026041 0.000000 0.000000 0.000000 1.000000
0.998704 0.024121 0.044823 -0.042883 -0.040970 0.903476 0.426677 0.779498 -0.030205 -0.427960 0.903293 -0.026041 0.000000 0.000000 0.000000 1.000000
0.998704 0.024121 0.044823 -0.042883 -0.040970 0.903476 0.426677 0.779498 -0.030205 -0.427960 0.903293 -0.026041 0.000000 0.000000 0.000000 1.000000
0.998704 0.024121 0.044823 -0.042883 -0.040970 0.903476 0.426677 0.779498 -0.030205 -0.427960 0.903293 -0.026041 0.000000 0.000000 0.000000 1.000000
0.998704 0.024121 0.044823 -0.042883 -0.040970 0.903476 0.426677 0.779498 -0.030205 -0.427960 0.903293 -0.026041 0.000000 0.000000 0.000000 1.000000
0.998704 0.024121 0.044823 -0.042883 -0.040970 0.903476 0.426677 0.779498 -0.030205 -0.427960 0.903293 -0.026041 0.000000 0.000000 0.000000 1.000000
0.998704 0.024121 0.044823 -0.042883 -0.040970 0.903476 0.426677 0.779498 -0.030205 -0.427960 0.903293 -0.026041 0.000000 0.000000 0.000000 1.000000
0.998704 0.024121 0.044823 -0.042883 -0.040970 0.903476 0.426677 0.779498 -0.030205 -0.427960 0.903293 -0.026041 0.000000 0.000000 0.000000 1.000000
0.998704 0.024121 0.044823 -0.042883 -0.040970 0.903476 0.426677 0.779498 -0.030205 -0.427960 0.903293 -0.026041 0.000000 0.000000 0.000000 1.000000
0.998704 0.024121 0.044823 -0.042883 -0.040970 0.903476 0.426677 0.779498 -0.030205 -0.427960 0.903293 -0.026041 0.000000 0.000000 0.000000 1.000000
0.998704 0.024121 0.044823 -0.042883 -0.040970 0.903476 0.426677 0.779498 -0.030205 -0.427960 0.903293 -0.026041 0.000000 0.000000 0.000000 1.000000
0.998704 0.024121 0.044823 -0.042883 -0.040970 0.903476 0.426677 0.779498 -0.030205 -0.427960 0.903293 -0.026041 0.000000 0.000000 0.000000 1.000000
0.998704 0.024121 0.044823 -0.042883 -0.040970 0.903476 0.426677 0.779498 -0.030205 -0.427960 0.903293 -0.026041 0.000000 0.000000 0.000000 1.000000
0.998704 0.024121 0.044823 -0.042883 -0.040970 0.903476 0.426677 0.779498 -0.030205 -0.427960 0.903293 -0.026041 0.000000 0.000000 0.000000 1.000000
0.998704 0.024121 0.044823 -0.042883 -0.040970 0.903476 0.426677 0.779498 -0.030205 -0.427960 0.903293 -0.026041 0.000000 0.000000 0.000000 1.000000</float_array><technique_common><accessor source="#fin_jnt-Matrix-animation-output-transform-array" count="31" stride="16"><param type="float4x4"/></accessor></technique_common></source><source id="fin_jnt-Interpolations"><Name_array id="fin_jnt-Interpolations-array" count="31">
 LINEAR LINEAR LINEAR LINEAR LINEAR LINEAR LINEAR LINEAR LINEAR LINEAR LINEAR
LINEAR LINEAR LINEAR LINEAR LINEAR LINEAR LINEAR LINEAR LINEAR LINEAR LINEAR LINEAR
LINEAR LINEAR LINEAR LINEAR LINEAR LINEAR LINEAR LINEAR</Name_array><technique_common><accessor source="#fin_jnt-Interpolations-array" count="31"><param type="name"/></accessor></technique_common></source><sampler id="fin_jnt-Matrix-animation-transform"><input semantic="INPUT" source="#fin_jnt-Matrix-animation-input"/><input semantic="OUTPUT" source="#fin_jnt-Matrix-animation-output-transform"/><input semantic="INTERPOLATION" source="#fin_jnt-Interpolations"/></sampler><channel source="#fin_jnt-Matrix-animation-transform" target="fin_jnt/matrix"/></animation></animation>
    <animation id="head_jnt-anim" name="head_jnt"><animation><source id="head_jnt-Matrix-animation-input"><float_array id="head_jnt-Matrix-animation-input-array" count="31">

0.000000 0.033333 0.066667 0.100000 0.133333 0.166667 0.200000 0.233333 0.266667 0.300000 0.333333 0.366667 0.400000 0.433333 0.466667 0.500000
