<?xml version="1.0" encoding="utf-8"?>
<COLLADA xmlns="http://www.collada.org/2005/11/COLLADASchema" version="1.4.1">
  <asset><contributor><author></author><authoring_tool>FBX COLLADA exporter</authoring_tool><comments></comments></contributor><created>2019-12-09T16:40:44Z</created><keywords></keywords><modified>2019-12-09T16:40:44Z</modified><revision></revision><subject></subject><title></title><unit meter="0.010000" name="centimeter"></unit><up_axis>Y_UP</up_axis></asset>
  <library_animations>
    <animation id="spine1_jnt-anim" name="spine1_jnt"><animation><source id="spine1_jnt-Matrix-animation-input"><float_array id="spine1_jnt-Matrix-animation-input-array" count="21">

0.000000 0.033333 0.066667 0.100000 0.133333 0.166667 0.200000 0.233333 0.266667 0.300000 0.333333 0.366667 0.400000 0.433333 0.466667 0.500000
0.533333 0.566667 0.600000 0.633333 0.666667</float_array><technique_common><accessor source="#spine1_jnt-Matrix-animation-input-array" count="21"><param name="TIME" type="float"/></accessor></technique_common></source><source id="spine1_jnt-Matrix-animation-output-transform"><float_array id="spine1_jnt-Matrix-animation-output-transform-array" count="336">

0.960850 0.110476 -0.254092 0.228068 0.255966 -0.002887 0.966681 0.230436 0.106062 -0.993875 -0.031052 -0.011491 0.000000 0.000000 0.000000 1.000000
0.961245 0.091186 -0.260178 0.227533 0.255910 0.055939 0.965081 0.232486 0.102556 -0.994261 0.030436 -0.014802 0.000000 0.000000 0.000000 1.000000
0.962215 0.051757 -0.267327 0.226194 0.255715 0.165550 0.952472 0.237414 0.093553 -0.984842 0.146060 -0.023342 0.000000 0.000000 0.000000 1.000000
0.963416 0.022038 -0.267103 0.224439 0.255376 0.226906 0.939839 0.243412 0.081319 -0.973667 0.212977 -0.035001 0.000000 0.000000 0.000000 1.000000
0.964569 0.008360 -0.263699 0.222663 0.254884 0.228563 0.939571 0.248663 0.068127 -0.973493 0.218334 -0.047699 0.000000 0.000000 0.000000 1.000000
0.965521 -0.002686 -0.260313 0.221276 0.254175 0.225814 0.940427 0.251286 0.056256 -0.974167 0.218711 -0.059435 0.000000 0.000000 0.000000 1.000000
0.966329 -0.013270 -0.256966 0.220380 0.253496 0.220371 0.941900 0.250391 0.044128 -0.975326 0.216315 -0.069524 0.000000 0.000000 0.000000 1.000000
0.966965 -0.025388 -0.253642 0.219694 0.253148 0.212410 0.943821 0.247297 0.029914 -0.976851 0.211819 -0.079153 0.000000 0.000000 0.000000 1.000000
0.967339 -0.037859 -0.250642 0.219064 0.253010 0.204737 0.945552 0.243382 0.015519 -0.978085 0.207629 -0.089179 0.000000 0.000000 0.000000 1.000000
0.967501 -0.049452 -0.247983 0.218325 0.252849 0.200211 0.946564 0.240061 0.002839 -0.978504 0.206209 -0.100388 0.000000 0.000000 0.000000 1.000000
0.967625 -0.058910 -0.245419 0.217298 0.252314 0.201729 0.946384 0.238791 -0.006244 -0.977668 0.210062 -0.113477 0.000000 0.000000 0.000000 1.000000
0.967959 -0.064953 -0.242562 0.215797 0.250914 0.212193 0.944466 0.241058 -0.009876 -0.975067 0.221692 -0.129057 0.000000 0.000000 0.000000 1.000000
0.968700 -0.067560 -0.238865 0.212916 0.248098 0.231466 0.940676 0.250419 -0.008263 -0.970494 0.240983 -0.147864 0.000000 0.000000 0.000000 1.000000
0.969798 -0.067868 -0.234276 0.208212 0.243883 0.256071 0.935387 0.267955 -0.003492 -0.964273 0.264889 -0.169080 0.000000 0.000000 0.000000 1.000000
0.971115 -0.066325 -0.229208 0.202207 0.238586 0.283875 0.928704 0.291370 0.003470 -0.956565 0.291500 -0.191087 0.000000 0.000000 0.000000 1.000000
0.972502 -0.063411 -0.224097 0.195457 0.232602 0.312769 0.920908 0.318247 0.011695 -0.947710 0.318918 -0.212480 0.000000 0.000000 0.000000 1.000000
0.973822 -0.059654 -0.219345 0.188550 0.226404 0.340693 0.912507 0.346074 0.020295 -0.938280 0.345281 -0.232066 0.000000 0.000000 0.000000 1.000000
0.974966 -0.055635 -0.215283 0.182094 0.220533 0.365665 0.904243 0.372266 0.028414 -0.929082 0.368780 -0.248824 0.000000 0.000000 0.000000 1.000000
0.975851 -0.051973 -0.212165 0.176714 0.215579 0.385779 0.897051 0.394202 0.035226 -0.921126 0.387667 -0.261860 0.000000 0.000000 0.000000 1.000000
0.976419 -0.049310 -0.210177 0.173035 0.212161 0.399193 0.891983 0.409257 0.039918 -0.915540 0.400241 -0.270334 0.000000 0.000000 0.000000 1.000000
0.976621 -0.048284 -0.209475 0.171675 0.210891 0.404078 0.890082 0.414839 0.041668 -0.913449 0.404813 -0.273373 0.000000 0.000000 0.000000 1.000000</float_array><technique_common><accessor source="#spine1_jnt-Matrix-animation-output-transform-array" count="21" stride="16"><param type="float4x4"/></accessor></technique_common></source><source id="spine1_jnt-Interpolations"><Name_array id="spine1_jnt-Interpolations-array" count="21">
 LINEAR LINEAR LINEAR LINEAR LINEAR LINEAR LINEAR LINEAR LINEAR LINEAR LINEAR
LINEAR LINEAR LINEAR LINEAR LINEAR LINEAR LINEAR LINEAR LINEAR LINEAR</Name_array><technique_common><accessor source="#spine1_jnt-Interpolations-array" count="21"><param type="name"/></accessor></technique_common></source><sampler id="spine1_jnt-Matrix-animation-transform"><input semantic="INPUT" source="#spine1_jnt-Matrix-animation-input"/><input semantic="OUTPUT" source="#spine1_jnt-Matrix-animation-output-transform"/><input semantic="INTERPOLATION" source="#spine1_jnt-Interpolations"/></sampler><channel source="#spine1_jnt-Matrix-animation-transform" target="spine1_jnt/matrix"/></animation></animation>
    <animation id="r_uleg1_jnt-anim" name="r_uleg1_jnt"><animation><source id="r_uleg1_jnt-Matrix-animation-input"><float_array id="r_uleg1_jnt-Matrix-animation-input-array" count="21">

0.000000 0.033333 0.066667 0.100000 0.133333 0.166667 0.200000 0.233333 0.266667 0.300000 0.333333 0.366667 0.400000 0.433333 0.466667 0.500000
0.533333 0.566667 0.600000 0.633333 0.666667</float_array><technique_common><accessor source="#r_uleg1_jnt-Matrix-animation-input-array" count="21"><param name="TIME" type="float"/></accessor></technique_common></source><source id="r_uleg1_jnt-Matrix-animation-output-transform"><float_array id="r_uleg1_jnt-Matrix-animation-output-transform-array" count="336">

-0.513232 0.219486 -0.829710 -0.413257 -0.820914 0.156495 0.549190 -0.379657 0.250385 0.962982 0.099861 0.248367 0.000000 0.000000 0.000000 1.000000
-0.522537 0.257838 -0.812696 -0.413257 -0.779634 0.241362 0.577854 -0.379657 0.345147 0.935555 0.074899 0.248367 0.000000 0.000000 0.000000 1.000000
-0.512895 0.323026 -0.795357 -0.413257 -0.696227 0.385488 0.605531 -0.379657 0.502203 0.864323 0.027185 0.248367 0.000000 0.000000 0.000000 1.000000
-0.510171 0.339225 -0.790349 -0.413257 -0.651892 0.446919 0.612618 -0.379657 0.561037 0.827762 -0.006867 0.248367 0.000000 0.000000 0.000000 1.000000
-0.547722 0.295141 -0.782875 -0.413257 -0.660249 0.422244 0.621113 -0.379657 0.513880 0.857089 -0.036406 0.248367 0.000000 0.000000 0.000000 1.000000
-0.591902 0.227495 -0.773238 -0.413257 -0.676269 0.381787 0.629999 -0.379657 0.438535 0.895815 -0.072133 0.248367 0.000000 0.000000 0.000000 1.000000
-0.573824 0.036399 -0.818170 -0.413257 -0.783375 0.266964 0.561297 -0.379657 0.238852 0.963019 -0.124677 0.248367 0.000000 0.000000 0.000000 1.000000
-0.193220 -0.255206 -0.947384 -0.413257 -0.980797 0.076348 0.179468 -0.379657 0.026530 0.963868 -0.265057 0.248367 0.000000 0.000000 0.000000 1.000000
0.512744 -0.462137 -0.723549 -0.413257 -0.834301 -0.069360 -0.546928 -0.379657 0.202571 0.884092 -0.421126 0.248367 0.000000 0.000000 0.000000 1.000000
0.536263 -0.565033 -0.627024 -0.413257 -0.811591 -0.141152 -0.566918 -0.379657 0.231822 0.812904 -0.534271 0.248367 0.000000 0.000000 0.000000 1.000000
0.535417 -0.599824 -0.594592 -0.413257 -0.807830 -0.158271 -0.567769 -0.379657 0.246454 0.784323 -0.569296 0.248367 0.000000 0.000000 0.000000 1.000000
0.526091 -0.601859 -0.600828 -0.413257 -0.812418 -0.146822 -0.564287 -0.379657 0.251406 0.784990 -0.566203 0.248367 0.000000 0.000000 0.000000 1.000000
0.514347 -0.598996 -0.613719 -0.413257 -0.818337 -0.128806 -0.560119 -0.379657 0.256458 0.790325 -0.556432 0.248367 0.000000 0.000000 0.000000 1.000000
0.499217 -0.593440 -0.631356 -0.413257 -0.826178 -0.106376 -0.553276 -0.379657 0.261175 0.797817 -0.543392 0.248367 0.000000 0.000000 0.000000 1.000000
0.480417 -0.585180 -0.653272 -0.413257 -0.835896 -0.080039 -0.543022 -0.379657 0.265478 0.806944 -0.527602 0.248367 0.000000 0.000000 0.000000 1.000000
0.457799 -0.574338 -0.678642 -0.413257 -0.847262 -0.050552 -0.528764 -0.379657 0.269383 0.817056 -0.509758 0.248367 0.000000 0.000000 0.000000 1.000000
0.431853 -0.561363 -0.705956 -0.413257 -0.859615 -0.019203 -0.510581 -0.379657 0.273065 0.827347 -0.490849 0.248367 0.000000 0.000000 0.000000 1.000000
0.404261 -0.547263 -0.732855 -0.413257 -0.871777 0.011872 -0.489760 -0.379657 0.276728 0.836876 -0.472292 0.248367 0.000000 0.000000 0.000000 1.000000
0.378320 -0.533827 -0.756242 -0.413257 -0.882214 0.039457 -0.469192 -0.379657 0.280306 0.844673 -0.456022 0.248367 0.000000 0.000000 0.000000 1.000000
0.358847 -0.523639 -0.772678 -0.413257 -0.889399 0.059333 -0.453264 -0.379657 0.283192 0.849872 -0.444432 0.248367 0.000000 0.000000 0.000000 1.000000
0.351266 -0.519648 -0.778832 -0.413257 -0.892049 0.066894 -0.446961 -0.379657 0.284362 0.851758 -0.440053 0.248367 0.000000 0.000000 0.000000 1.000000</float_array><technique_common><accessor source="#r_uleg1_jnt-Matrix-animation-output-transform-array" count="21" stride="16"><param type="float4x4"/></accessor></technique_common></source><source id="r_uleg1_jnt-Interpolations"><Name_array id="r_uleg1_jnt-Interpolations-array" count="21">
 LINEAR LINEAR LINEAR LINEAR LINEAR LINEAR LINEAR LINEAR LINEAR LINEAR LINEAR
LINEAR LINEAR LINEAR LINEAR LINEAR LINEAR LINEAR LINEAR LINEAR LINEAR</Name_array><technique_common><accessor source="#r_uleg1_jnt-Interpolations-array" count="21"><param type="name"/></accessor></technique_common></source><sampler id="r_uleg1_jnt-Matrix-animation-transform"><input semantic="INPUT" source="#r_uleg1_jnt-Matrix-animation-input"/><input semantic="OUTPUT" source="#r_uleg1_jnt-Matrix-animation-output-transform"/><input semantic="INTERPOLATION" source="#r_uleg1_jnt-Interpolations"/></sampler><channel source="#r_uleg1_jnt-Matrix-animation-transform" target="r_uleg1_jnt/matrix"/></animation></animation>
    <animation id="r_leg1_jnt-anim" name="r_leg1_jnt"><animation><source id="r_leg1_jnt-Matrix-animation-input"><float_array id="r_leg1_jnt-Matrix-animation-input-array" count="21">

0.000000 0.033333 0.066667 0.100000 0.133333 0.166667 0.200000 0.233333 0.266667 0.300000 0.333333 0.366667 0.400000 0.433333 0.466667 0.500000
0.533333 0.566667 0.600000 0.633333 0.666667</float_array><technique_common><accessor source="#r_leg1_jnt-Matrix-animation-input-array" count="21"><param name="TIME" type="float"/></accessor></technique_common></source><source id="r_leg1_jnt-Matrix-animation-output-transform"><float_array id="r_leg1_jnt-Matrix-animation-output-transform-array" count="336">

-0.020315 0.000000 0.999794 -0.000000 0.000000 1.000000 -0.000000 0.000000 -0.999794 -0.000000 -0.020315 0.230000 0.000000 0.000000 0.000000 1.000000
-0.011146 0.000000 0.999938 -0.000000 0.000000 1.000000 0.000000 0.000000 -0.999938 -0.000000 -0.011146 0.230000 0.000000 0.000000 0.000000 1.000000
0.037606 0.000000 0.999293 -0.000000 0.000000 1.000000 -0.000000 0.000000 -0.999293 0.000000 0.037606 0.230000 0.000000 0.000000 0.000000 1.000000
0.080364 0.000000 0.996766 -0.000000 0.000000 1.000000 -0.000000 0.000000 -0.996766 0.000000 0.080364 0.230000 0.000000 0.000000 0.000000 1.000000
0.078262 0.000000 0.996933 -0.000000 0.000000 1.000000 -0.000000 0.000000 -0.996933 0.000000 0.078262 0.230000 0.000000 0.000000 0.000000 1.000000
0.069583 0.000000 0.997576 -0.000000 0.000000 1.000000 -0.000000 0.000000 -0.997576 0.000000 0.069583 0.230000 0.000000 0.000000 0.000000 1.000000
0.106532 0.000000 0.994309 -0.000000 0.000000 1.000000 -0.000000 0.000000 -0.994309 0.000000 0.106532 0.230000 0.000000 0.000000 0.000000 1.000000
0.496541 0.000000 0.868013 -0.000000 -0.000000 1.000000 -0.000000 0.000000 -0.868013 0.000000 0.496541 0.230000 0.000000 0.000000 0.000000 1.000000
1.000000 0.000000 0.000047 -0.000000 -0.000000 1.000000 0.000000 0.000000 -0.000047 -0.000000 1.000000 0.230000 0.000000 0.000000 0.000000 1.000000
1.000000 0.000000 0.000047 -0.000000 0.000000 1.000000 0.000000 0.000000 -0.000047 -0.000000 1.000000 0.230000 0.000000 0.000000 0.000000 1.000000
1.000000 0.000000 0.000047 -0.000000 -0.000000 1.000000 0.000000 0.000000 -0.000047 -0.000000 1.000000 0.230000 0.000000 0.000000 0.000000 1.000000
1.000000 0.000000 0.000047 -0.000000 0.000000 1.000000 0.000000 0.000000 -0.000047 -0.000000 1.000000 0.230000 0.000000 0.000000 0.000000 1.000000
1.000000 -0.000000 0.000047 -0.000000 -0.000000 1.000000 0.000000 0.000000 -0.000047 -0.000000 1.000000 0.230000 0.000000 0.000000 0.000000 1.000000
1.000000 0.000000 0.000047 -0.000000 -0.000000 1.000000 0.000000 0.000000 -0.000047 -0.000000 1.000000 0.230000 0.000000 0.000000 0.000000 1.000000
1.000000 -0.000000 0.000047 -0.000000 0.000000 1.000000 0.000000 0.000000 -0.000047 -0.000000 1.000000 0.230000 0.000000 0.000000 0.000000 1.000000
1.000000 0.000000 0.000047 -0.000000 0.000000 1.000000 0.000000 0.000000 -0.000047 -0.000000 1.000000 0.230000 0.000000 0.000000 0.000000 1.000000
1.000000 0.000000 0.000047 -0.000000 -0.000000 1.000000 0.000000 0.000000 -0.000047 -0.000000 1.000000 0.230000 0.000000 0.000000 0.000000 1.000000
1.000000 0.000000 0.000047 -0.000000 0.000000 1.000000 0.000000 0.000000 -0.000047 -0.000000 1.000000 0.230000 0.000000 0.000000 0.000000 1.000000
1.000000 0.000000 0.000047 -0.000000 -0.000000 1.000000 0.000000 0.000000 -0.000047 -0.000000 1.000000 0.230000 0.000000 0.000000 0.000000 1.000000
1.000000 0.000000 0.000047 -0.000000 -0.000000 1.000000 0.000000 0.000000 -0.000047 -0.000000 1.000000 0.230000 0.000000 0.000000 0.000000 1.000000
1.000000 0.000000 0.000047 -0.000000 0.000000 1.000000 0.000000 0.000000 -0.000047 -0.000000 1.000000 0.230000 0.000000 0.000000 0.000000 1.000000</float_array><technique_common><accessor source="#r_leg1_jnt-Matrix-animation-output-transform-array" count="21" stride="16"><param type="float4x4"/></accessor></technique_common></source><source id="r_leg1_jnt-Interpolations"><Name_array id="r_leg1_jnt-Interpolations-array" count="21">
 LINEAR LINEAR LINEAR LINEAR LINEAR LINEAR LINEAR LINEAR LINEAR LINEAR LINEAR
LINEAR LINEAR LINEAR LINEAR LINEAR LINEAR LINEAR LINEAR LINEAR LINEAR</Name_array><technique_common><accessor source="#r_leg1_jnt-Interpolations-array" count="21"><param type="name"/></accessor></technique_common></source><sampler id="r_leg1_jnt-Matrix-animation-transform"><input semantic="INPUT" source="#r_leg1_jnt-Matrix-animation-input"/><input semantic="OUTPUT" source="#r_leg1_jnt-Matrix-animation-output-transform"/><input semantic="INTERPOLATION" source="#r_leg1_jnt-Interpolations"/></sampler><channel source="#r_leg1_jnt-Matrix-animation-transform" target="r_leg1_jnt/matrix"/></animation></animation>
    <animation id="r_leg2_jnt-anim" name="r_leg2_jnt"><animation><source id="r_leg2_jnt-Matrix-animation-input"><float_array id="r_leg2_jnt-Matrix-animation-input-array" count="21">

0.000000 0.033333 0.066667 0.100000 0.133333 0.166667 0.200000 0.233333 0.266667 0.300000 0.333333 0.366667 0.400000 0.433333 0.466667 0.500000
0.533333 0.566667 0.600000 0.633333 0.666667</float_array><technique_common><accessor source="#r_leg2_jnt-Matrix-animation-input-array" count="21"><param name="TIME" type="float"/></accessor></technique_common></source><source id="r_leg2_jnt-Matrix-animation-output-transform"><float_array id="r_leg2_jnt-Matrix-animation-output-transform-array" count="336">

-0.023452 -0.669337 -0.742588 -0.380766 -0.312210 0.710545 -0.630595 -0.436460 0.949723 0.217055 -0.225638 -0.094663 0.000000 0.000000 0.000000 1.000000
0.018919 -0.663252 -0.748157 -0.380766 -0.214493 0.728176 -0.650963 -0.436460 0.976542 0.172790 -0.128487 -0.094663 0.000000 0.000000 0.000000 1.000000
0.089090 -0.655365 -0.750040 -0.380766 -0.037039 0.750333 -0.660021 -0.436460 0.995335 0.086582 0.042574 -0.094663 0.000000 0.000000 0.000000 1.000000
0.099252 -0.643789 -0.758739 -0.380766 0.033757 0.764243 -0.644044 -0.436460 0.994490 0.038310 0.097585 -0.094663 0.000000 0.000000 0.000000 1.000000
0.039245 -0.619721 -0.783840 -0.380766 -0.021883 0.783724 -0.620724 -0.436460 0.998990 0.041513 0.017196 -0.094663 0.000000 0.000000 0.000000 1.000000
-0.040792 -0.588052 -0.807794 -0.380766 -0.095519 0.807059 -0.582693 -0.436460 0.994591 0.053390 -0.089092 -0.094663 0.000000 0.000000 0.000000 1.000000
-0.141325 -0.542508 -0.828077 -0.380766 -0.179148 0.836677 -0.517568 -0.436460 0.973619 0.075203 -0.215433 -0.094663 0.000000 0.000000 0.000000 1.000000
-0.265549 -0.480928 -0.835579 -0.380766 -0.265138 0.869706 -0.416309 -0.436460 0.926923 0.110993 -0.358462 -0.094663 0.000000 0.000000 0.000000 1.000000
-0.405031 -0.413300 -0.815557 -0.380766 -0.338829 0.896337 -0.285964 -0.436460 0.849203 0.160510 -0.503082 -0.094663 0.000000 0.000000 0.000000 1.000000
-0.542698 -0.354327 -0.761532 -0.380766 -0.389017 0.909590 -0.145987 -0.436460 0.744409 0.217022 -0.631472 -0.094663 0.000000 0.000000 0.000000 1.000000
-0.660574 -0.318414 -0.679893 -0.380766 -0.415642 0.909262 -0.022003 -0.436460 0.625207 0.268057 -0.732981 -0.094663 0.000000 0.000000 0.000000 1.000000
-0.747928 -0.314775 -0.584398 -0.380766 -0.429931 0.900505 0.065197 -0.436460 0.505731 0.300014 -0.808844 -0.094663 0.000000 0.000000 0.000000 1.000000
-0.803241 -0.347906 -0.483493 -0.380766 -0.448645 0.887297 0.106877 -0.436460 0.391819 0.302764 -0.868799 -0.094663 0.000000 0.000000 0.000000 1.000000
-0.828533 -0.406711 -0.384863 -0.380766 -0.479092 0.870682 0.111281 -0.436460 0.289835 0.276585 -0.916241 -0.094663 0.000000 0.000000 0.000000 1.000000
-0.828855 -0.474564 -0.296292 -0.380766 -0.519077 0.849887 0.090836 -0.436460 0.208707 0.229088 -0.950768 -0.094663 0.000000 0.000000 0.000000 1.000000
-0.812202 -0.539834 -0.221149 -0.380766 -0.563298 0.824311 0.056620 -0.436460 0.151730 0.170560 -0.973595 -0.094663 0.000000 0.000000 0.000000 1.000000
-0.786738 -0.596129 -0.160230 -0.380766 -0.606078 0.795217 0.017308 -0.436460 0.117100 0.110728 -0.986928 -0.094663 0.000000 0.000000 0.000000 1.000000
-0.759314 -0.640804 -0.113188 -0.380766 -0.643008 0.765580 -0.020687 -0.436460 0.099911 0.057073 -0.993358 -0.094663 0.000000 0.000000 0.000000 1.000000
-0.735180 -0.673200 -0.079449 -0.380766 -0.671304 0.739314 -0.052585 -0.436460 0.094138 0.014675 -0.995451 -0.094663 0.000000 0.000000 0.000000 1.000000
-0.718320 -0.693226 -0.058769 -0.380766 -0.689333 0.720603 -0.074509 -0.436460 0.094001 -0.013010 -0.995487 -0.094663 0.000000 0.000000 0.000000 1.000000
-0.712015 -0.700265 -0.051607 -0.380766 -0.695741 0.713513 -0.082730 -0.436460 0.094755 -0.023000 -0.995235 -0.094663 0.000000 0.000000 0.000000 1.000000</float_array><technique_common><accessor source="#r_leg2_jnt-Matrix-animation-output-transform-array" count="21" stride="16"><param type="float4x4"/></accessor></technique_common></source><source id="r_leg2_jnt-Interpolations"><Name_array id="r_leg2_jnt-Interpolations-array" count="21">
 LINEAR LINEAR LINEAR LINEAR LINEAR LINEAR LINEAR LINEAR LINEAR LINEAR LINEAR
LINEAR LINEAR LINEAR LINEAR LINEAR LINEAR LINEAR LINEAR LINEAR LINEAR</Name_array><technique_common><accessor source="#r_leg2_jnt-Interpolations-array" count="21"><param type="name"/></accessor></technique_common></source><sampler id="r_leg2_jnt-Matrix-animation-transform"><input semantic="INPUT" source="#r_leg2_jnt-Matrix-animation-input"/><input semantic="OUTPUT" source="#r_leg2_jnt-Matrix-animation-output-transform"/><input semantic="INTERPOLATION" source="#r_leg2_jnt-Interpolations"/></sampler><channel source="#r_leg2_jnt-Matrix-animation-transform" target="r_leg2_jnt/matrix"/></animation></animation>
    <animation id="r_leg3_jnt-anim" name="r_leg3_jnt"><animation><source id="r_leg3_jnt-Matrix-animation-input"><float_array id="r_leg3_jnt-Matrix-animation-input-array" count="21">

0.000000 0.033333 0.066667 0.100000 0.133333 0.166667 0.200000 0.233333 0.266667 0.300000 0.333333 0.366667 0.400000 0.433333 0.466667 0.500000
0.533333 0.566667 0.600000 0.633333 0.666667</float_array><technique_common><accessor source="#r_leg3_jnt-Matrix-animation-input-array" count="21"><param name="TIME" type="float"/></accessor></technique_common></source><source id="r_leg3_jnt-Matrix-animation-output-transform"><float_array id="r_leg3_jnt-Matrix-animation-output-transform-array" count="336">

-0.360925 -0.432326 -0.826334 -0.336837 -0.158653 0.901606 -0.402412 -0.444096 0.919001 -0.014140 -0.394002 -0.403838 0.000000 0.000000 0.000000 1.000000
-0.265433 -0.515570 -0.814698 -0.336837 -0.035902 0.849708 -0.526029 -0.444096 0.963461 -0.110376 -0.244051 -0.403838 0.000000 0.000000 0.000000 1.000000
-0.151153 -0.645903 -0.748307 -0.336837 0.178675 0.726684 -0.663330 -0.444096 0.972228 -0.233968 0.005566 -0.403838 0.000000 0.000000 0.000000 1.000000
-0.156349 -0.668094 -0.727465 -0.336837 0.240720 0.688539 -0.684082 -0.444096 0.957919 -0.282071 0.053171 -0.403838 0.000000 0.000000 0.000000 1.000000
-0.251072 -0.582954 -0.772740 -0.336837 0.153741 0.764162 -0.626434 -0.444096 0.955681 -0.276082 -0.102236 -0.403838 0.000000 0.000000 0.000000 1.000000
-0.375453 -0.461745 -0.803634 -0.336837 0.053198 0.854901 -0.516056 -0.444096 0.925313 -0.236507 -0.296411 -0.403838 0.000000 0.000000 0.000000 1.000000
-0.515518 -0.308994 -0.799227 -0.336837 -0.032914 0.939171 -0.341869 -0.444096 0.856246 -0.149934 -0.494330 -0.403838 0.000000 0.000000 0.000000 1.000000
-0.649450 -0.149657 -0.745532 -0.336837 -0.081459 0.988492 -0.127468 -0.444096 0.756029 -0.022054 -0.654167 -0.403838 0.000000 0.000000 0.000000 1.000000
-0.754026 -0.022236 -0.656468 -0.336837 -0.090539 0.993405 0.070345 -0.444096 0.650574 0.112478 -0.751067 -0.403838 0.000000 0.000000 0.000000 1.000000
-0.825756 0.059246 -0.560908 -0.336837 -0.078282 0.972805 0.217998 -0.444096 0.558569 0.223923 -0.798661 -0.403838 0.000000 0.000000 0.000000 1.000000
-0.873788 0.099025 -0.476118 -0.336837 -0.062267 0.948208 0.311486 -0.444096 0.482304 0.301819 -0.822367 -0.403838 0.000000 0.000000 0.000000 1.000000
-0.907649 0.104053 -0.406629 -0.336837 -0.053042 0.932583 0.357038 -0.444096 0.416366 0.345633 -0.840938 -0.403838 0.000000 0.000000 0.000000 1.000000
-0.934038 0.078054 -0.348541 -0.336837 -0.057099 0.930649 0.361431 -0.444096 0.352580 0.357492 -0.864805 -0.403838 0.000000 0.000000 0.000000 1.000000
-0.953976 0.031678 -0.298204 -0.336837 -0.074373 0.938345 0.337605 -0.444096 0.290513 0.344245 -0.892803 -0.403838 0.000000 0.000000 0.000000 1.000000
-0.966665 -0.023771 -0.254940 -0.336837 -0.101651 0.949482 0.296903 -0.444096 0.235003 0.312920 -0.920247 -0.403838 0.000000 0.000000 0.000000 1.000000
-0.972594 -0.080522 -0.218121 -0.336837 -0.134986 0.959378 0.247735 -0.444096 0.189313 0.270389 -0.943955 -0.403838 0.000000 0.000000 0.000000 1.000000
-0.973197 -0.133280 -0.187414 -0.336837 -0.170127 0.965580 0.196753 -0.444096 0.154740 0.223363 -0.962374 -0.403838 0.000000 0.000000 0.000000 1.000000
-0.970391 -0.178463 -0.162768 -0.336837 -0.203031 0.967705 0.149414 -0.444096 0.130846 0.178037 -0.975286 -0.403838 0.000000 0.000000 0.000000 1.000000
-0.966206 -0.213535 -0.144392 -0.336837 -0.230174 0.966872 0.110356 -0.444096 0.116044 0.139862 -0.983348 -0.403838 0.000000 0.000000 0.000000 1.000000
-0.962547 -0.236385 -0.132759 -0.336837 -0.248540 0.964992 0.083772 -0.444096 0.108309 0.113630 -0.987602 -0.403838 0.000000 0.000000 0.000000 1.000000
-0.961036 -0.244664 -0.128646 -0.336837 -0.255317 0.964030 0.073887 -0.444096 0.105941 0.103854 -0.988934 -0.403838 0.000000 0.000000 0.000000 1.000000</float_array><technique_common><accessor source="#r_leg3_jnt-Matrix-animation-output-transform-array" count="21" stride="16"><param type="float4x4"/></accessor></technique_common></source><source id="r_leg3_jnt-Interpolations"><Name_array id="r_leg3_jnt-Interpolations-array" count="21">
 LINEAR LINEAR LINEAR LINEAR LINEAR LINEAR LINEAR LINEAR LINEAR LINEAR LINEAR
LINEAR LINEAR LINEAR LINEAR LINEAR LINEAR LINEAR LINEAR LINEAR LINEAR</Name_array><technique_common><accessor source="#r_leg3_jnt-Interpolations-array" count="21"><param type="name"/></accessor></technique_common></source><sampler id="r_leg3_jnt-Matrix-animation-transform"><input semantic="INPUT" source="#r_leg3_jnt-Matrix-animation-input"/><input semantic="OUTPUT" source="#r_leg3_jnt-Matrix-animation-output-transform"/><input semantic="INTERPOLATION" source="#r_leg3_jnt-Interpolations"/></sampler><channel source="#r_leg3_jnt-Matrix-animation-transform" target="r_leg3_jnt/matrix"/></animation></animation>
    <animation id="fin_jnt-anim" name="fin_jnt"><animation><source id="fin_jnt-Matrix-animation-input"><float_array id="fin_jnt-Matrix-animation-input-array" count="21">

0.000000 0.033333 0.066667 0.100000 0.133333 0.166667 0.200000 0.233333 0.266667 0.300000 0.333333 0.366667 0.400000 0.433333 0.466667 0.500000
0.533333 0.566667 0.600000 0.633333 0.666667</float_array><technique_common><accessor source="#fin_jnt-Matrix-animation-input-array" count="21"><param name="TIME" type="float"/></accessor></technique_common></source><source id="fin_jnt-Matrix-animation-output-transform"><float_array id="fin_jnt-Matrix-animation-output-transform-array" count="336">

0.830901 0.556421 -0.000000 0.184134 -0.556421 0.830901 0.000000 0.724213 0.000000 -0.000000 1.000000 0.339920 0.000000 0.000000 0.000000 1.000000
0.830901 0.556421 0.000000 0.184134 -0.556421 0.830901 0.000000 0.724213 -0.000000 -0.000000 1.000000 0.339920 0.000000 0.000000 0.000000 1.000000
0.830901 0.556421 0.000000 0.184134 -0.556421 0.830901 0.000000 0.724213 -0.000000 -0.000000 1.000000 0.339920 0.000000 0.000000 0.000000 1.000000
0.830901 0.556421 -0.000000 0.184134 -0.556421 0.830901 -0.000000 0.724213 0.000000 0.000000 1.000000 0.339920 0.000000 0.000000 0.000000 1.000000
0.830901 0.556421 -0.000000 0.184134 -0.556421 0.830901 0.000000 0.724213 0.000000 0.000000 1.000000 0.339920 0.000000 0.000000 0.000000 1.000000
0.830901 0.556421 -0.000000 0.184134 -0.556421 0.830901 0.000000 0.724213 0.000000 0.000000 1.000000 0.339920 0.000000 0.000000 0.000000 1.000000
0.830901 0.556421 0.000000 0.184134 -0.556421 0.830901 0.000000 0.724213 0.000000 0.000000 1.000000 0.339920 0.000000 0.000000 0.000000 1.000000
0.830901 0.556421 0.000000 0.184134 -0.556421 0.830901 -0.000000 0.724213 0.000000 0.000000 1.000000 0.339920 0.000000 0.000000 0.000000 1.000000
0.830901 0.556421 0.000000 0.184134 -0.556421 0.830901 0.000000 0.724213 -0.000000 0.000000 1.000000 0.339920 0.000000 0.000000 0.000000 1.000000
0.830901 0.556421 0.000000 0.184134 -0.556421 0.830901 0.000000 0.724213 0.000000 0.000000 1.000000 0.339920 0.000000 0.000000 0.000000 1.000000
0.830901 0.556421 -0.000000 0.184134 -0.556421 0.830901 0.000000 0.724213 0.000000 0.000000 1.000000 0.339920 0.000000 0.000000 0.000000 1.000000
0.830901 0.556421 -0.000000 0.184134 -0.556421 0.830901 0.000000 0.724213 0.000000 0.000000 1.000000 0.339920 0.000000 0.000000 0.000000 1.000000
0.830901 0.556421 -0.000000 0.184134 -0.556421 0.830901 0.000000 0.724213 0.000000 -0.000000 1.000000 0.339920 0.000000 0.000000 0.000000 1.000000
0.830901 0.556421 0.000000 0.184134 -0.556421 0.830901 0.000000 0.724213 0.000000 0.000000 1.000000 0.339920 0.000000 0.000000 0.000000 1.000000
0.830901 0.556421 0.000000 0.184134 -0.556421 0.830901 0.000000 0.724213 -0.000000 0.000000 1.000000 0.339920 0.000000 0.000000 0.000000 1.000000
0.830901 0.556421 -0.000000 0.184134 -0.556421 0.830901 0.000000 0.724213 -0.000000 0.000000 1.000000 0.339920 0.000000 0.000000 0.000000 1.000000
0.830901 0.556421 -0.000000 0.184134 -0.556421 0.830901 0.000000 0.724213 -0.000000 0.000000 1.000000 0.339920 0.000000 0.000000 0.000000 1.000000
0.830901 0.556421 -0.000000 0.184134 -0.556421 0.830901 0.000000 0.724213 0.000000 -0.000000 1.000000 0.339920 0.000000 0.000000 0.000000 1.000000
0.830901 0.556421 0.000000 0.184134 -0.556421 0.830901 -0.000000 0.724213 -0.000000 -0.000000 1.000000 0.339920 0.000000 0.000000 0.000000 1.000000
0.830901 0.556421 0.000000 0.184134 -0.556421 0.830901 0.000000 0.724213 -0.000000 0.000000 1.000000 0.339920 0.000000 0.000000 0.000000 1.000000
0.830901 0.556421 -0.000000 0.184134 -0.556421 0.830901 -0.000000 0.724213 -0.000000 0.000000 1.000000 0.339920 0.000000 0.000000 0.000000 1.000000</float_array><technique_common><accessor source="#fin_jnt-Matrix-animation-output-transform-array" count="21" stride="16"><param type="float4x4"/></accessor></technique_common></source><source id="fin_jnt-Interpolations"><Name_array id="fin_jnt-Interpolations-array" count="21">
 LINEAR LINEAR LINEAR LINEAR LINEAR LINEAR LINEAR LINEAR LINEAR LINEAR LINEAR
LINEAR LINEAR LINEAR LINEAR LINEAR LINEAR LINEAR LINEAR LINEAR LINEAR</Name_array><technique_common><accessor source="#fin_jnt-Interpolations-array" count="21"><param type="name"/></accessor></technique_common></source><sampler id="fin_jnt-Matrix-animation-transform"><input semantic="INPUT" source="#fin_jnt-Matrix-animation-input"/><input semantic="OUTPUT" source="#fin_jnt-Matrix-animation-output-transform"/><input semantic="INTERPOLATION" source="#fin_jnt-Interpolations"/></sampler><channel source="#fin_jnt-Matrix-animation-transform" target="fin_jnt/matrix"/></animation></animation>
    <animation id="head_jnt-anim" name="head_jnt"><animation><source id="head_jnt-Matrix-animation-input"><float_array id="head_jnt-Matrix-animation-input-array" count="21">

0.000000 0.033333 0.066667 0.100000 0.133333 0.166667 0.200000 0.233333 0.266667 0.300000 0.333333 0.366667 0.400000 0.433333 0.466667 0.500000
0.533333 0.566667 0.600000 0.633333 0.666667</float_array><technique_common><accessor source="#head_jnt-Matrix-animation-input-array" count="21"><param name="TIME" type="float"/></accessor></technique_common></source><source id="head_jnt-Matrix-animation-output-transform"><float_array id="head_jnt-Matrix-animation-output-transform-array" count="336">

0.987529 0.081459 0.134728 0.004595 0.116591 0.196693 -0.973508 -0.361454 -0.105801 0.977075 0.184742 0.545531 0.000000 0.000000 0.000000 1.000000
0.987699 0.080396 0.134118 0.004588 0.115802 0.200282 -0.972871 -0.361464 -0.105076 0.976434 0.188508 0.545318 0.000000 0.000000 0.000000 1.000000
0.988190 0.077687 0.132078 0.004535 0.113491 0.208068 -0.971508 -0.361538 -0.102955 0.975024 0.196794 0.543829 0.000000 0.000000 0.000000 1.000000
0.988966 0.074051 0.128306 0.004394 0.109740 0.215602 -0.970295 -0.361739 -0.099514 0.973669 0.205097 0.539789 0.000000 0.000000 0.000000 1.000000
0.989980 0.070149 0.122555 0.004117 0.104629 0.218459 -0.970221 -0.362129 -0.094833 0.973322 0.208930 0.531920 0.000000 0.000000 0.000000 1.000000
0.991148 0.069627 0.113042 0.003179 0.098396 0.186387 -0.977537 -0.376221 -0.089132 0.980006 0.177886 0.503483 0.000000 0.000000 0.000000 1.000000
0.992382 0.071838 0.100089 0.001580 0.091333 0.116260 -0.989011 -0.406565 -0.082684 0.990617 0.108813 0.454193 0.000000 0.000000 0.000000 1.000000
0.993624 0.072027 0.086737 0.000072 0.083604 0.045439 -0.995463 -0.436781 -0.075642 0.996367 0.039128 0.407455 0.000000 0.000000 0.000000 1.000000
0.994823 0.067405 0.076050 -0.000598 0.075376 0.012490 -0.997077 -0.450493 -0.068158 0.997648 0.007344 0.386675 0.000000 0.000000 0.000000 1.000000
0.995936 0.059202 0.067867 -0.000586 0.066817 0.019550 -0.997574 -0.448869 -0.060385 0.998055 0.015515 0.387225 0.000000 0.000000 0.000000 1.000000
0.996931 0.050132 0.060132 -0.000554 0.058096 0.041141 -0.997463 -0.444379 -0.052479 0.997895 0.038102 0.388748 0.000000 0.000000 0.000000 1.000000
0.997784 0.040848 0.052524 -0.000504 0.049385 0.074383 -0.996006 -0.437596 -0.044592 0.996393 0.072201 0.391047 0.000000 0.000000 0.000000 1.000000
0.998484 0.031906 0.044849 -0.000443 0.040858 0.116317 -0.992371 -0.429093 -0.036879 0.992699 0.114837 0.393930 0.000000 0.000000 0.000000 1.000000
0.999030 0.023754 0.037069 -0.000373 0.032686 0.163913 -0.985933 -0.419444 -0.029496 0.986189 0.162978 0.397201 0.000000 0.000000 0.000000 1.000000
0.999431 0.016716 0.029298 -0.000299 0.025045 0.214105 -0.976490 -0.409221 -0.022596 0.976668 0.213564 0.400666 0.000000 0.000000 0.000000 1.000000
0.999703 0.010980 0.021774 -0.000225 0.018107 0.263864 -0.964390 -0.398999 -0.016334 0.964497 0.263587 0.404132 0.000000 0.000000 0.000000 1.000000
0.999868 0.006592 0.014821 -0.000155 0.012045 0.310285 -0.950567 -0.389350 -0.010865 0.950621 0.310165 0.407403 0.000000 0.000000 0.000000 1.000000
0.999955 0.003474 0.008809 -0.000093 0.007032 0.350641 -0.936484 -0.380847 -0.006343 0.936504 0.350601 0.410285 0.000000 0.000000 0.000000 1.000000
0.999990 0.001461 0.004110 -0.000044 0.003239 0.382406 -0.923989 -0.374064 -0.002922 0.923993 0.382397 0.412585 0.000000 0.000000 0.000000 1.000000
0.999999 0.000354 0.001072 -0.000012 0.000838 0.403201 -0.915111 -0.369574 -0.000756 0.915111 0.403201 0.414107 0.000000 0.000000 0.000000 1.000000
1.000000 -0.000000 -0.000000 0.000000 -0.000000 0.410675 -0.911782 -0.367949 0.000000 0.911782 0.410675 0.414658 0.000000 0.000000 0.000000 1.000000</float_array><technique_common><accessor source="#head_jnt-Matrix-animation-output-transform-array" count="21" stride="16"><param type="float4x4"/></accessor></technique_common></source><source id="head_jnt-Interpolations"><Name_array id="head_jnt-Interpolations-array" count="21">
 LINEAR LINEAR LINEAR LINEAR LINEAR LINEAR LINEAR LINEAR LINEAR LINEAR LINEAR
LINEAR LINEAR LINEAR LINEAR LINEAR LINEAR LINEAR LINEAR LINEAR LINEAR</Name_array><technique_common><accessor source="#head_jnt-Interpolations-array" count="21"><param type="name"/></accessor></technique_common></source><sampler id="head_jnt-Matrix-animation-transform"><input semantic="INPUT" source="#head_jnt-Matrix-animation-input"/><input semantic="OUTPUT" source="#head_jnt-Matrix-animation-output-transform"/><input semantic="INTERPOLATION" source="#head_jnt-Interpolations"/></sampler><channel source="#head_jnt-Matrix-animation-transform" target="head_jnt/matrix"/></animation></animation>
    <animation id="r_antenna1_jnt-anim" name="r_antenna1_jnt"><animation><source id="r_antenna1_jnt-Matrix-animation-input"><float_array id="r_antenna1_jnt-Matrix-animation-input-array" count="21">

0.000000 0.033333 0.066667 0.100000 0.133333 0.166667 0.200000 0.233333 0.266667 0.300000 0.333333 0.366667 0.400000 0.433333 0.466667 0.500000
0.533333 0.566667 0.600000 0.633333 0.666667</float_array><technique_common><accessor source="#r_antenna1_jnt-Matrix-animation-input-array" count="21"><param name="TIME" type="float"/></accessor></technique_common></source><source id="r_antenna1_jnt-Matrix-animation-output-transform"><float_array id="r_antenna1_jnt-Matrix-animation-output-transform-array" count="336">

0.891818 0.172378 0.418266 -0.248546 0.164416 0.737839 -0.654646 0.276260 -0.421460 0.652595 0.629676 0.377659 0.000000 0.000000 0.000000 1.000000
0.891817 0.172328 0.418290 -0.248546 0.164486 0.737811 -0.654659 0.276260 -0.421435 0.652639 0.629647 0.377659 0.000000 0.000000 0.000000 1.000000
0.891808 0.171976 0.418453 -0.248546 0.164979 0.737620 -0.654751 0.276260 -0.421260 0.652948 0.629443 0.377659 0.000000 0.000000 0.000000 1.000000
0.891784 0.171020 0.418896 -0.248546 0.166316 0.737099 -0.654999 0.276260 -0.420786 0.653787 0.628890 0.377659 0.000000 0.000000 0.000000 1.000000
0.891731 0.169160 0.419762 -0.248546 0.168917 0.736082 -0.655477 0.276260 -0.419860 0.655415 0.627813 0.377659 0.000000 0.000000 0.000000 1.000000
0.891630 0.166093 0.421199 -0.248546 0.173204 0.734395 -0.656250 0.276260 -0.418326 0.658086 0.626041 0.377659 0.000000 0.000000 0.000000 1.000000
0.896615 0.160268 0.412790 -0.248546 0.202350 0.680887 -0.703880 0.276260 -0.393873 0.714638 0.578063 0.377659 0.000000 0.000000 0.000000 1.000000
0.903857 0.150324 0.400557 -0.248546 0.258657 0.553764 -0.791481 0.276260 -0.340793 0.818992 0.461641 0.377659 0.000000 0.000000 0.000000 1.000000
0.905881 0.141357 0.399246 -0.248546 0.312161 0.414251 -0.854957 0.276260 -0.286243 0.899118 0.331136 0.377659 0.000000 0.000000 0.000000 1.000000
0.905084 0.138365 0.402092 -0.248546 0.335694 0.347938 -0.875356 0.276260 -0.261022 0.927251 0.268465 0.377659 0.000000 0.000000 0.000000 1.000000
0.905061 0.138253 0.402182 -0.248546 0.333114 0.357446 -0.872506 0.276260 -0.264385 0.923644 0.277457 0.377659 0.000000 0.000000 0.000000 1.000000
0.904913 0.137989 0.402606 -0.248546 0.326012 0.383359 -0.864148 0.276260 -0.273586 0.913233 0.301921 0.377659 0.000000 0.000000 0.000000 1.000000
0.904459 0.137683 0.403728 -0.248546 0.315324 0.421603 -0.850189 0.276260 -0.287270 0.896267 0.337908 0.377659 0.000000 0.000000 0.000000 1.000000
0.903516 0.137384 0.405937 -0.248546 0.301989 0.467988 -0.830536 0.276260 -0.304076 0.872991 0.381346 0.377659 0.000000 0.000000 0.000000 1.000000
0.901965 0.137042 0.409485 -0.248546 0.286970 0.518351 -0.805581 0.276260 -0.322655 0.844116 0.428208 0.377659 0.000000 0.000000 0.000000 1.000000
0.899812 0.136538 0.414362 -0.248546 0.271272 0.568745 -0.776493 0.276260 -0.341687 0.811102 0.474724 0.377659 0.000000 0.000000 0.000000 1.000000
0.897200 0.135764 0.420238 -0.248546 0.255943 0.615625 -0.745318 0.276260 -0.359896 0.776257 0.517591 0.377659 0.000000 0.000000 0.000000 1.000000
0.894416 0.134715 0.426463 -0.248546 0.242068 0.655984 -0.714904 0.276260 -0.376061 0.742655 0.554113 0.377659 0.000000 0.000000 0.000000 1.000000
0.891861 0.133552 0.432143 -0.248546 0.230764 0.687362 -0.688680 0.276260 -0.389013 0.713931 0.582213 0.377659 0.000000 0.000000 0.000000 1.000000
0.890000 0.132588 0.436257 -0.248546 0.223160 0.707694 -0.670349 0.276260 -0.397616 0.693966 0.600260 0.377659 0.000000 0.000000 0.000000 1.000000
0.889292 0.132196 0.437818 -0.248546 0.220379 0.714971 -0.663513 0.276260 -0.400741 0.686542 0.606685 0.377659 0.000000 0.000000 0.000000 1.000000</float_array><technique_common><accessor source="#r_antenna1_jnt-Matrix-animation-output-transform-array" count="21" stride="16"><param type="float4x4"/></accessor></technique_common></source><source id="r_antenna1_jnt-Interpolations"><Name_array id="r_antenna1_jnt-Interpolations-array" count="21">
 LINEAR LINEAR LINEAR LINEAR LINEAR LINEAR LINEAR LINEAR LINEAR LINEAR LINEAR
LINEAR LINEAR LINEAR LINEAR LINEAR LINEAR LINEAR LINEAR LINEAR LINEAR</Name_array><technique_common><accessor source="#r_antenna1_jnt-Interpolations-array" count="21"><param type="name"/></accessor></technique_common></source><sampler id="r_antenna1_jnt-Matrix-animation-transform"><input semantic="INPUT" source="#r_antenna1_jnt-Matrix-animation-input"/><input semantic="OUTPUT" source="#r_antenna1_jnt-Matrix-animation-output-transform"/><input semantic="INTERPOLATION" source="#r_antenna1_jnt-Interpolations"/></sampler><channel source="#r_antenna1_jnt-Matrix-animation-transform" target="r_antenna1_jnt/matrix"/></animation></animation>
    <animation id="r_antenna2_jnt-anim" name="r_antenna2_jnt"><animation><source id="r_antenna2_jnt-Matrix-animation-input"><float_array id="r_antenna2_jnt-Matrix-animation-input-array" count="21">

0.000000 0.033333 0.066667 0.100000 0.133333 0.166667 0.200000 0.233333 0.266667 0.300000 0.333333 0.366667 0.400000 0.433333 0.466667 0.500000
0.533333 0.566667 0.600000 0.633333 0.666667</float_array><technique_common><accessor source="#r_antenna2_jnt-Matrix-animation-input-array" count="21"><param name="TIME" type="float"/></accessor></technique_common></source><source id="r_antenna2_jnt-Matrix-animation-output-transform"><float_array id="r_antenna2_jnt-Matrix-animation-output-transform-array" count="336">

0.380049 -0.910719 -0.161720 0.076046 0.739277 0.404153 -0.538636 0.023512 0.555906 0.085152 0.826872 -0.752668 0.000000 0.000000 0.000000 1.000000
0.394963 -0.899135 -0.188575 0.075495 0.736632 0.432605 -0.519833 0.023341 0.548978 0.066405 0.833195 -0.752864 0.000000 0.000000 0.000000 1.000000
