<?xml version="1.0" encoding="utf-8"?>
<COLLADA xmlns="http://www.collada.org/2005/11/COLLADASchema" version="1.4.1">
  <asset><contributor><author></author><authoring_tool>FBX COLLADA exporter</authoring_tool><comments></comments></contributor><created>2020-01-17T15:12:13Z</created><keywords></keywords><modified>2020-01-17T15:12:13Z</modified><revision></revision><subject></subject><title></title><unit meter="0.010000" name="centimeter"></unit><up_axis>Y_UP</up_axis></asset>
  <library_animations>
    <animation id="spine1_jnt-anim" name="spine1_jnt"><animation><source id="spine1_jnt-Matrix-animation-input"><float_array id="spine1_jnt-Matrix-animation-input-array" count="61">

0.000000 0.033333 0.066667 0.100000 0.133333 0.166667 0.200000 0.233333 0.266667 0.300000 0.333333 0.366667 0.400000 0.433333 0.466667 0.500000
0.533333 0.566667 0.600000 0.633333 0.666667 0.700000 0.733333 0.766667 0.800000 0.833333 0.866667 0.900000 0.933333 0.966667 1.000000 1.033333
1.066667 1.100000 1.133333 1.166667 1.200000 1.233333 1.266667 1.300000 1.333333 1.366667 1.400000 1.433333 1.466667 1.500000 1.533333 1.566667
1.600000 1.633333 1.666667 1.700000 1.733333 1.766667 1.800000 1.833333 1.866667 1.900000 1.933333 1.966667 2.000000</float_array><technique_common><accessor source="#spine1_jnt-Matrix-animation-input-array" count="61"><param name="TIME" type="float"/></accessor></technique_common></source><source id="spine1_jnt-Matrix-animation-output-transform"><float_array id="spine1_jnt-Matrix-animation-output-transform-array" count="976">

0.976621 -0.048284 -0.209475 0.199987 0.210891 0.404078 0.890082 0.298457 0.041668 -0.913449 0.404813 -0.347926 0.000000 0.000000 0.000000 1.000000
0.976621 -0.048284 -0.209475 0.199987 0.210891 0.404078 0.890082 0.298457 0.041668 -0.913449 0.404813 -0.347926 0.000000 0.000000 0.000000 1.000000
0.976621 -0.048284 -0.209475 0.199987 0.210891 0.404078 0.890082 0.298457 0.041668 -0.913449 0.404813 -0.347926 0.000000 0.000000 0.000000 1.000000
0.976621 -0.048284 -0.209475 0.199987 0.210891 0.404078 0.890082 0.298457 0.041668 -0.913449 0.404813 -0.347926 0.000000 0.000000 0.000000 1.000000
0.976621 -0.048284 -0.209475 0.199987 0.210891 0.404078 0.890082 0.298457 0.041668 -0.913449 0.404813 -0.347926 0.000000 0.000000 0.000000 1.000000
0.976621 -0.048284 -0.209475 0.199987 0.210891 0.404078 0.890082 0.298457 0.041668 -0.913449 0.404813 -0.347926 0.000000 0.000000 0.000000 1.000000
0.976621 -0.048284 -0.209475 0.199987 0.210891 0.404078 0.890082 0.298457 0.041668 -0.913449 0.404813 -0.347926 0.000000 0.000000 0.000000 1.000000
0.976621 -0.048284 -0.209475 0.199987 0.210891 0.404078 0.890082 0.298457 0.041668 -0.913449 0.404813 -0.347926 0.000000 0.000000 0.000000 1.000000
0.976621 -0.048284 -0.209475 0.199987 0.210891 0.404078 0.890082 0.298457 0.041668 -0.913449 0.404813 -0.347926 0.000000 0.000000 0.000000 1.000000
0.976621 -0.048284 -0.209475 0.199987 0.210891 0.404078 0.890082 0.298457 0.041668 -0.913449 0.404813 -0.347926 0.000000 0.000000 0.000000 1.000000
0.976621 -0.048284 -0.209475 0.199987 0.210891 0.404078 0.890082 0.298457 0.041668 -0.913449 0.404813 -0.347926 0.000000 0.000000 0.000000 1.000000
0.976621 -0.048284 -0.209475 0.199987 0.210891 0.404078 0.890082 0.298457 0.041668 -0.913449 0.404813 -0.347926 0.000000 0.000000 0.000000 1.000000
0.976621 -0.048284 -0.209475 0.199987 0.210891 0.404078 0.890082 0.298457 0.041668 -0.913449 0.404813 -0.347926 0.000000 0.000000 0.000000 1.000000
0.976621 -0.048284 -0.209475 0.199987 0.210891 0.404078 0.890082 0.298457 0.041668 -0.913449 0.404813 -0.347926 0.000000 0.000000 0.000000 1.000000
0.976621 -0.048284 -0.209475 0.199987 0.210891 0.404078 0.890082 0.298457 0.041668 -0.913449 0.404813 -0.347926 0.000000 0.000000 0.000000 1.000000
0.976621 -0.048284 -0.209475 0.199987 0.210891 0.404078 0.890082 0.298457 0.041668 -0.913449 0.404813 -0.347926 0.000000 0.000000 0.000000 1.000000
0.976621 -0.048284 -0.209475 0.199987 0.210891 0.404078 0.890082 0.298457 0.041668 -0.913449 0.404813 -0.347926 0.000000 0.000000 0.000000 1.000000
0.976621 -0.048284 -0.209475 0.199987 0.210891 0.404078 0.890082 0.298457 0.041668 -0.913449 0.404813 -0.347926 0.000000 0.000000 0.000000 1.000000
0.976621 -0.048284 -0.209475 0.199987 0.210891 0.404078 0.890082 0.298457 0.041668 -0.913449 0.404813 -0.347926 0.000000 0.000000 0.000000 1.000000
0.976621 -0.048284 -0.209475 0.199987 0.210891 0.404078 0.890082 0.298457 0.041668 -0.913449 0.404813 -0.347926 0.000000 0.000000 0.000000 1.000000
0.976621 -0.048284 -0.209475 0.199987 0.210891 0.404078 0.890082 0.298457 0.041668 -0.913449 0.404813 -0.347926 0.000000 0.000000 0.000000 1.000000
0.976621 -0.048284 -0.209475 0.199987 0.210891 0.404078 0.890082 0.298457 0.041668 -0.913449 0.404813 -0.347926 0.000000 0.000000 0.000000 1.000000
0.976621 -0.048284 -0.209475 0.199987 0.210891 0.404078 0.890082 0.298457 0.041668 -0.913449 0.404813 -0.347926 0.000000 0.000000 0.000000 1.000000
0.976621 -0.048284 -0.209475 0.199987 0.210891 0.404078 0.890082 0.298457 0.041668 -0.913449 0.404813 -0.347926 0.000000 0.000000 0.000000 1.000000
0.976621 -0.048284 -0.209475 0.199987 0.210891 0.404078 0.890082 0.298457 0.041668 -0.913449 0.404813 -0.347926 0.000000 0.000000 0.000000 1.000000
0.976621 -0.048284 -0.209475 0.199987 0.210891 0.404078 0.890082 0.298457 0.041668 -0.913449 0.404813 -0.347926 0.000000 0.000000 0.000000 1.000000
0.976621 -0.048284 -0.209475 0.199987 0.210891 0.404078 0.890082 0.298457 0.041668 -0.913449 0.404813 -0.347926 0.000000 0.000000 0.000000 1.000000
0.976621 -0.048284 -0.209475 0.199987 0.210891 0.404078 0.890082 0.298457 0.041668 -0.913449 0.404813 -0.347926 0.000000 0.000000 0.000000 1.000000
0.976621 -0.048284 -0.209475 0.199987 0.210891 0.404078 0.890082 0.298457 0.041668 -0.913449 0.404813 -0.347926 0.000000 0.000000 0.000000 1.000000
0.976621 -0.048284 -0.209475 0.199987 0.210891 0.404078 0.890082 0.298457 0.041668 -0.913449 0.404813 -0.347926 0.000000 0.000000 0.000000 1.000000
0.976621 -0.048284 -0.209475 0.199987 0.210891 0.404078 0.890082 0.298457 0.041668 -0.913449 0.404813 -0.347926 0.000000 0.000000 0.000000 1.000000
0.976621 -0.048284 -0.209475 0.199987 0.210891 0.404078 0.890082 0.298457 0.041668 -0.913449 0.404813 -0.347926 0.000000 0.000000 0.000000 1.000000
0.976621 -0.048284 -0.209475 0.199987 0.210891 0.404078 0.890082 0.298457 0.041668 -0.913449 0.404813 -0.347926 0.000000 0.000000 0.000000 1.000000
0.976621 -0.048284 -0.209475 0.199987 0.210891 0.404078 0.890082 0.298457 0.041668 -0.913449 0.404813 -0.347926 0.000000 0.000000 0.000000 1.000000
0.976621 -0.048284 -0.209475 0.199987 0.210891 0.404078 0.890082 0.298457 0.041668 -0.913449 0.404813 -0.347926 0.000000 0.000000 0.000000 1.000000
0.976621 -0.048284 -0.209475 0.199987 0.210891 0.404078 0.890082 0.298457 0.041668 -0.913449 0.404813 -0.347926 0.000000 0.000000 0.000000 1.000000
0.976621 -0.048284 -0.209475 0.199987 0.210891 0.404078 0.890082 0.298457 0.041668 -0.913449 0.404813 -0.347926 0.000000 0.000000 0.000000 1.000000
0.976621 -0.048284 -0.209475 0.199987 0.210891 0.404078 0.890082 0.298457 0.041668 -0.913449 0.404813 -0.347926 0.000000 0.000000 0.000000 1.000000
0.976621 -0.048284 -0.209475 0.199987 0.210891 0.404078 0.890082 0.298457 0.041668 -0.913449 0.404813 -0.347926 0.000000 0.000000 0.000000 1.000000
0.976621 -0.048284 -0.209475 0.199987 0.210891 0.404078 0.890082 0.298457 0.041668 -0.913449 0.404813 -0.347926 0.000000 0.000000 0.000000 1.000000
0.976621 -0.048284 -0.209475 0.199987 0.210891 0.404078 0.890082 0.298457 0.041668 -0.913449 0.404813 -0.347926 0.000000 0.000000 0.000000 1.000000
0.976621 -0.048284 -0.209475 0.199987 0.210891 0.404078 0.890082 0.298457 0.041668 -0.913449 0.404813 -0.347926 0.000000 0.000000 0.000000 1.000000
0.976621 -0.048284 -0.209475 0.199987 0.210891 0.404078 0.890082 0.298457 0.041668 -0.913449 0.404813 -0.347926 0.000000 0.000000 0.000000 1.000000
0.976621 -0.048284 -0.209475 0.199987 0.210891 0.404078 0.890082 0.298457 0.041668 -0.913449 0.404813 -0.347926 0.000000 0.000000 0.000000 1.000000
0.976621 -0.048284 -0.209475 0.199987 0.210891 0.404078 0.890082 0.298457 0.041668 -0.913449 0.404813 -0.347926 0.000000 0.000000 0.000000 1.000000
0.976621 -0.048284 -0.209475 0.199987 0.210891 0.404078 0.890082 0.298457 0.041668 -0.913449 0.404813 -0.347926 0.000000 0.000000 0.000000 1.000000
0.976621 -0.048284 -0.209475 0.199987 0.210891 0.404078 0.890082 0.298457 0.041668 -0.913449 0.404813 -0.347926 0.000000 0.000000 0.000000 1.000000
0.976621 -0.048284 -0.209475 0.199987 0.210891 0.404078 0.890082 0.298457 0.041668 -0.913449 0.404813 -0.347926 0.000000 0.000000 0.000000 1.000000
0.976621 -0.048284 -0.209475 0.199987 0.210891 0.404078 0.890082 0.298457 0.041668 -0.913449 0.404813 -0.347926 0.000000 0.000000 0.000000 1.000000
0.976621 -0.048284 -0.209475 0.199987 0.210891 0.404078 0.890082 0.298457 0.041668 -0.913449 0.404813 -0.347926 0.000000 0.000000 0.000000 1.000000
0.976621 -0.048284 -0.209475 0.199987 0.210891 0.404078 0.890082 0.298457 0.041668 -0.913449 0.404813 -0.347926 0.000000 0.000000 0.000000 1.000000
0.976621 -0.048284 -0.209475 0.199987 0.210891 0.404078 0.890082 0.298457 0.041668 -0.913449 0.404813 -0.347926 0.000000 0.000000 0.000000 1.000000
0.976621 -0.048284 -0.209475 0.199987 0.210891 0.404078 0.890082 0.298457 0.041668 -0.913449 0.404813 -0.347926 0.000000 0.000000 0.000000 1.000000
0.976621 -0.048284 -0.209475 0.199987 0.210891 0.404078 0.890082 0.298457 0.041668 -0.913449 0.404813 -0.347926 0.000000 0.000000 0.000000 1.000000
0.976621 -0.048284 -0.209475 0.199987 0.210891 0.404078 0.890082 0.298457 0.041668 -0.913449 0.404813 -0.347926 0.000000 0.000000 0.000000 1.000000
0.976621 -0.048284 -0.209475 0.199987 0.210891 0.404078 0.890082 0.298457 0.041668 -0.913449 0.404813 -0.347926 0.000000 0.000000 0.000000 1.000000
0.976621 -0.048284 -0.209475 0.199987 0.210891 0.404078 0.890082 0.298457 0.041668 -0.913449 0.404813 -0.347926 0.000000 0.000000 0.000000 1.000000
0.976621 -0.048284 -0.209475 0.199987 0.210891 0.404078 0.890082 0.298457 0.041668 -0.913449 0.404813 -0.347926 0.000000 0.000000 0.000000 1.000000
0.976621 -0.048284 -0.209475 0.199987 0.210891 0.404078 0.890082 0.298457 0.041668 -0.913449 0.404813 -0.347926 0.000000 0.000000 0.000000 1.000000
0.976621 -0.048284 -0.209475 0.199987 0.210891 0.404078 0.890082 0.298457 0.041668 -0.913449 0.404813 -0.347926 0.000000 0.000000 0.000000 1.000000
0.976621 -0.048284 -0.209475 0.199987 0.210891 0.404078 0.890082 0.298457 0.041668 -0.913449 0.404813 -0.347926 0.000000 0.000000 0.000000 1.000000</float_array><technique_common><accessor source="#spine1_jnt-Matrix-animation-output-transform-array" count="61" stride="16"><param type="float4x4"/></accessor></technique_common></source><source id="spine1_jnt-Interpolations"><Name_array id="spine1_jnt-Interpolations-array" count="61">
 LINEAR LINEAR LINEAR LINEAR LINEAR LINEAR LINEAR LINEAR LINEAR LINEAR LINEAR
LINEAR LINEAR LINEAR LINEAR LINEAR LINEAR LINEAR LINEAR LINEAR LINEAR LINEAR LINEAR
LINEAR LINEAR LINEAR LINEAR LINEAR LINEAR LINEAR LINEAR LINEAR LINEAR LINEAR LINEAR
LINEAR LINEAR LINEAR LINEAR LINEAR LINEAR LINEAR LINEAR LINEAR LINEAR LINEAR LINEAR
LINEAR LINEAR LINEAR LINEAR LINEAR LINEAR LINEAR LINEAR LINEAR LINEAR LINEAR LINEAR
LINEAR LINEAR</Name_array><technique_common><accessor source="#spine1_jnt-Interpolations-array" count="61"><param type="name"/></accessor></technique_common></source><sampler id="spine1_jnt-Matrix-animation-transform"><input semantic="INPUT" source="#spine1_jnt-Matrix-animation-input"/><input semantic="OUTPUT" source="#spine1_jnt-Matrix-animation-output-transform"/><input semantic="INTERPOLATION" source="#spine1_jnt-Interpolations"/></sampler><channel source="#spine1_jnt-Matrix-animation-transform" target="spine1_jnt/matrix"/></animation></animation>
    <animation id="r_uleg1_jnt-anim" name="r_uleg1_jnt"><animation><source id="r_uleg1_jnt-Matrix-animation-input"><float_array id="r_uleg1_jnt-Matrix-animation-input-array" count="61">

0.000000 0.033333 0.066667 0.100000 0.133333 0.166667 0.200000 0.233333 0.266667 0.300000 0.333333 0.366667 0.400000 0.433333 0.466667 0.500000
0.533333 0.566667 0.600000 0.633333 0.666667 0.700000 0.733333 0.766667 0.800000 0.833333 0.866667 0.900000 0.933333 0.966667 1.000000 1.033333
1.066667 1.100000 1.133333 1.166667 1.200000 1.233333 1.266667 1.300000 1.333333 1.366667 1.400000 1.433333 1.466667 1.500000 1.533333 1.566667
1.600000 1.633333 1.666667 1.700000 1.733333 1.766667 1.800000 1.833333 1.866667 1.900000 1.933333 1.966667 2.000000</float_array><technique_common><accessor source="#r_uleg1_jnt-Matrix-animation-input-array" count="61"><param name="TIME" type="float"/></accessor></technique_common></source><source id="r_uleg1_jnt-Matrix-animation-output-transform"><float_array id="r_uleg1_jnt-Matrix-animation-output-transform-array" count="976">

-0.084778 0.335395 -0.938255 -0.413257 -0.743391 0.605713 0.283693 -0.379657 0.663462 0.721542 0.197979 0.248367 0.000000 0.000000 0.000000 1.000000
-0.076649 0.332320 -0.940047 -0.413257 -0.747576 0.604696 0.274724 -0.379657 0.659739 0.723814 0.202085 0.248367 0.000000 0.000000 0.000000 1.000000
-0.053588 0.323689 -0.944645 -0.413257 -0.758755 0.601800 0.249254 -0.379657 0.649168 0.730111 0.213352 0.248367 0.000000 0.000000 0.000000 1.000000
-0.017024 0.310402 -0.950453 -0.413257 -0.774389 0.597225 0.208914 -0.379657 0.632481 0.739576 0.230205 0.248367 0.000000 0.000000 0.000000 1.000000
0.031849 0.293364 -0.955470 -0.413257 -0.791500 0.591155 0.155122 -0.379657 0.610338 0.751314 0.251026 0.248367 0.000000 0.000000 0.000000 1.000000
0.091560 0.273481 -0.957510 -0.413257 -0.806948 0.583790 0.089578 -0.379657 0.583482 0.764459 0.274137 0.248367 0.000000 0.000000 0.000000 1.000000
0.160017 0.251646 -0.954499 -0.413257 -0.817770 0.575360 0.014594 -0.379657 0.552853 0.778226 0.297856 0.248367 0.000000 0.000000 0.000000 1.000000
0.234334 0.228721 -0.944867 -0.413257 -0.821608 0.566134 -0.066723 -0.379657 0.519660 0.791947 0.320584 0.248367 0.000000 0.000000 0.000000 1.000000
0.310764 0.205521 -0.928002 -0.413257 -0.817174 0.556417 -0.150423 -0.379657 0.485440 0.805085 0.340861 0.248367 0.000000 0.000000 0.000000 1.000000
0.384651 0.182803 -0.904780 -0.413257 -0.804743 0.546538 -0.231699 -0.379657 0.452142 0.817239 0.357336 0.248367 0.000000 0.000000 0.000000 1.000000
0.450328 0.161259 -0.878180 -0.413257 -0.786687 0.536844 -0.304831 -0.379657 0.422289 0.828127 0.368616 0.248367 0.000000 0.000000 0.000000 1.000000
0.500806 0.141522 -0.853911 -0.413257 -0.767988 0.527690 -0.362957 -0.379657 0.399234 0.837565 0.372958 0.248367 0.000000 0.000000 0.000000 1.000000
0.530913 0.120559 -0.838807 -0.413257 -0.754602 0.517685 -0.403211 -0.379657 0.385627 0.847035 0.365820 0.248367 0.000000 0.000000 0.000000 1.000000
0.543543 0.095824 -0.833894 -0.413257 -0.748251 0.505508 -0.429630 -0.379657 0.380371 0.857484 0.346466 0.248367 0.000000 0.000000 0.000000 1.000000
0.543361 0.068730 -0.836681 -0.413257 -0.748169 0.491716 -0.445486 -0.379657 0.380791 0.868039 0.318601 0.248367 0.000000 0.000000 0.000000 1.000000
0.534918 0.040840 -0.843916 -0.413257 -0.752584 0.477026 -0.453942 -0.379657 0.384031 0.877940 0.285905 0.248367 0.000000 0.000000 0.000000 1.000000
0.522068 0.013876 -0.852791 -0.413257 -0.759569 0.462352 -0.457476 -0.379657 0.387942 0.886588 0.251919 0.248367 0.000000 0.000000 0.000000 1.000000
0.507839 -0.010313 -0.861390 -0.413257 -0.767448 0.448795 -0.457828 -0.379657 0.391309 0.893575 0.220001 0.248367 0.000000 0.000000 0.000000 1.000000
0.494602 -0.029807 -0.868608 -0.413257 -0.774835 0.437599 -0.456222 -0.379657 0.393701 0.898676 0.193341 0.248367 0.000000 0.000000 0.000000 1.000000
0.442907 -0.039723 -0.895687 -0.413257 -0.800760 0.431811 -0.415117 -0.379657 0.403257 0.901089 0.159443 0.248367 0.000000 0.000000 0.000000 1.000000
0.332418 -0.036154 -0.942439 -0.413257 -0.844305 0.433902 -0.314449 -0.379657 0.420294 0.900235 0.113712 0.248367 0.000000 0.000000 0.000000 1.000000
0.193143 -0.015366 -0.981050 -0.413257 -0.876867 0.445916 -0.179617 -0.379657 0.440226 0.894943 0.072652 0.248367 0.000000 0.000000 0.000000 1.000000
0.050132 0.023260 -0.998472 -0.413257 -0.883353 0.467512 -0.033461 -0.379657 0.466019 0.883681 0.043984 0.248367 0.000000 0.000000 0.000000 1.000000
-0.074781 0.075056 -0.994371 -0.413257 -0.862868 0.494978 0.102252 -0.379657 0.499867 0.865658 0.027748 0.248367 0.000000 0.000000 0.000000 1.000000
-0.162148 0.133470 -0.977698 -0.413257 -0.825882 0.523881 0.208487 -0.379657 0.540024 0.841270 0.025284 0.248367 0.000000 0.000000 0.000000 1.000000
-0.198693 0.190319 -0.961405 -0.413257 -0.789718 0.549846 0.272057 -0.379657 0.580403 0.813294 0.041048 0.248367 0.000000 0.000000 0.000000 1.000000
-0.192108 0.239882 -0.951605 -0.413257 -0.765078 0.570672 0.298308 -0.379657 0.614613 0.785360 0.073897 0.248367 0.000000 0.000000 0.000000 1.000000
-0.164091 0.280448 -0.945739 -0.413257 -0.750748 0.586405 0.304151 -0.379657 0.639884 0.759920 0.114322 0.248367 0.000000 0.000000 0.000000 1.000000
-0.128164 0.310415 -0.941922 -0.413257 -0.744602 0.597230 0.298135 -0.379657 0.655089 0.739567 0.154592 0.248367 0.000000 0.000000 0.000000 1.000000
-0.097550 0.328971 -0.939288 -0.413257 -0.743244 0.603579 0.288584 -0.379657 0.661870 0.726272 0.185627 0.248367 0.000000 0.000000 0.000000 1.000000
-0.084778 0.335395 -0.938255 -0.413257 -0.743391 0.605713 0.283693 -0.379657 0.663462 0.721542 0.197979 0.248367 0.000000 0.000000 0.000000 1.000000
-0.076649 0.332320 -0.940047 -0.413257 -0.747576 0.604696 0.274724 -0.379657 0.659739 0.723814 0.202085 0.248367 0.000000 0.000000 0.000000 1.000000
-0.053588 0.323689 -0.944645 -0.413257 -0.758755 0.601800 0.249254 -0.379657 0.649168 0.730111 0.213352 0.248367 0.000000 0.000000 0.000000 1.000000
-0.017024 0.310402 -0.950453 -0.413257 -0.774389 0.597225 0.208914 -0.379657 0.632481 0.739576 0.230205 0.248367 0.000000 0.000000 0.000000 1.000000
0.031849 0.293364 -0.955470 -0.413257 -0.791500 0.591155 0.155122 -0.379657 0.610338 0.751314 0.251026 0.248367 0.000000 0.000000 0.000000 1.000000
0.091560 0.273481 -0.957510 -0.413257 -0.806948 0.583790 0.089578 -0.379657 0.583482 0.764459 0.274137 0.248367 0.000000 0.000000 0.000000 1.000000
0.160017 0.251646 -0.954499 -0.413257 -0.817770 0.575360 0.014594 -0.379657 0.552853 0.778226 0.297856 0.248367 0.000000 0.000000 0.000000 1.000000
0.234334 0.228721 -0.944867 -0.413257 -0.821608 0.566134 -0.066723 -0.379657 0.519660 0.791947 0.320584 0.248367 0.000000 0.000000 0.000000 1.000000
0.310764 0.205521 -0.928002 -0.413257 -0.817174 0.556417 -0.150423 -0.379657 0.485440 0.805085 0.340861 0.248367 0.000000 0.000000 0.000000 1.000000
0.384651 0.182803 -0.904780 -0.413257 -0.804743 0.546538 -0.231699 -0.379657 0.452142 0.817239 0.357336 0.248367 0.000000 0.000000 0.000000 1.000000
0.450328 0.161259 -0.878180 -0.413257 -0.786687 0.536844 -0.304831 -0.379657 0.422289 0.828127 0.368616 0.248367 0.000000 0.000000 0.000000 1.000000
0.500806 0.141522 -0.853911 -0.413257 -0.767988 0.527690 -0.362957 -0.379657 0.399234 0.837565 0.372958 0.248367 0.000000 0.000000 0.000000 1.000000
0.530913 0.120559 -0.838807 -0.413257 -0.754602 0.517685 -0.403211 -0.379657 0.385627 0.847035 0.365820 0.248367 0.000000 0.000000 0.000000 1.000000
0.543543 0.095824 -0.833894 -0.413257 -0.748251 0.505508 -0.429630 -0.379657 0.380371 0.857484 0.346466 0.248367 0.000000 0.000000 0.000000 1.000000
0.543361 0.068730 -0.836681 -0.413257 -0.748169 0.491716 -0.445486 -0.379657 0.380791 0.868039 0.318601 0.248367 0.000000 0.000000 0.000000 1.000000
0.534918 0.040840 -0.843916 -0.413257 -0.752584 0.477026 -0.453942 -0.379657 0.384031 0.877940 0.285905 0.248367 0.000000 0.000000 0.000000 1.000000
0.522068 0.013876 -0.852791 -0.413257 -0.759569 0.462352 -0.457476 -0.379657 0.387942 0.886588 0.251919 0.248367 0.000000 0.000000 0.000000 1.000000
0.507839 -0.010313 -0.861390 -0.413257 -0.767448 0.448795 -0.457828 -0.379657 0.391309 0.893575 0.220001 0.248367 0.000000 0.000000 0.000000 1.000000
0.494602 -0.029807 -0.868608 -0.413257 -0.774835 0.437599 -0.456222 -0.379657 0.393701 0.898676 0.193341 0.248367 0.000000 0.000000 0.000000 1.000000
0.442907 -0.039723 -0.895687 -0.413257 -0.800760 0.431811 -0.415117 -0.379657 0.403257 0.901089 0.159443 0.248367 0.000000 0.000000 0.000000 1.000000
0.332418 -0.036154 -0.942439 -0.413257 -0.844305 0.433902 -0.314449 -0.379657 0.420294 0.900235 0.113712 0.248367 0.000000 0.000000 0.000000 1.000000
0.193143 -0.015366 -0.981050 -0.413257 -0.876867 0.445916 -0.179617 -0.379657 0.440226 0.894943 0.072652 0.248367 0.000000 0.000000 0.000000 1.000000
0.050132 0.023260 -0.998472 -0.413257 -0.883353 0.467512 -0.033461 -0.379657 0.466019 0.883681 0.043984 0.248367 0.000000 0.000000 0.000000 1.000000
-0.074781 0.075056 -0.994371 -0.413257 -0.862868 0.494978 0.102252 -0.379657 0.499867 0.865658 0.027748 0.248367 0.000000 0.000000 0.000000 1.000000
-0.162148 0.133470 -0.977698 -0.413257 -0.825882 0.523881 0.208487 -0.379657 0.540024 0.841270 0.025284 0.248367 0.000000 0.000000 0.000000 1.000000
-0.198693 0.190319 -0.961405 -0.413257 -0.789718 0.549846 0.272057 -0.379657 0.580403 0.813294 0.041048 0.248367 0.000000 0.000000 0.000000 1.000000
-0.192108 0.239882 -0.951605 -0.413257 -0.765078 0.570672 0.298308 -0.379657 0.614613 0.785360 0.073897 0.248367 0.000000 0.000000 0.000000 1.000000
-0.164091 0.280448 -0.945739 -0.413257 -0.750748 0.586405 0.304151 -0.379657 0.639884 0.759920 0.114322 0.248367 0.000000 0.000000 0.000000 1.000000
-0.128164 0.310415 -0.941922 -0.413257 -0.744602 0.597230 0.298135 -0.379657 0.655089 0.739567 0.154592 0.248367 0.000000 0.000000 0.000000 1.000000
-0.097550 0.328971 -0.939288 -0.413257 -0.743244 0.603579 0.288584 -0.379657 0.661870 0.726272 0.185627 0.248367 0.000000 0.000000 0.000000 1.000000
-0.084778 0.335395 -0.938255 -0.413257 -0.743391 0.605713 0.283693 -0.379657 0.663462 0.721542 0.197979 0.248367 0.000000 0.000000 0.000000 1.000000</float_array><technique_common><accessor source="#r_uleg1_jnt-Matrix-animation-output-transform-array" count="61" stride="16"><param type="float4x4"/></accessor></technique_common></source><source id="r_uleg1_jnt-Interpolations"><Name_array id="r_uleg1_jnt-Interpolations-array" count="61">
 LINEAR LINEAR LINEAR LINEAR LINEAR LINEAR LINEAR LINEAR LINEAR LINEAR LINEAR
LINEAR LINEAR LINEAR LINEAR LINEAR LINEAR LINEAR LINEAR LINEAR LINEAR LINEAR LINEAR
LINEAR LINEAR LINEAR LINEAR LINEAR LINEAR LINEAR LINEAR LINEAR LINEAR LINEAR LINEAR
LINEAR LINEAR LINEAR LINEAR LINEAR LINEAR LINEAR LINEAR LINEAR LINEAR LINEAR LINEAR
LINEAR LINEAR LINEAR LINEAR LINEAR LINEAR LINEAR LINEAR LINEAR LINEAR LINEAR LINEAR
LINEAR LINEAR</Name_array><technique_common><accessor source="#r_uleg1_jnt-Interpolations-array" count="61"><param type="name"/></accessor></technique_common></source><sampler id="r_uleg1_jnt-Matrix-animation-transform"><input semantic="INPUT" source="#r_uleg1_jnt-Matrix-animation-input"/><input semantic="OUTPUT" source="#r_uleg1_jnt-Matrix-animation-output-transform"/><input semantic="INTERPOLATION" source="#r_uleg1_jnt-Interpolations"/></sampler><channel source="#r_uleg1_jnt-Matrix-animation-transform" target="r_uleg1_jnt/matrix"/></animation></animation>
    <animation id="r_leg1_jnt-anim" name="r_leg1_jnt"><animation><source id="r_leg1_jnt-Matrix-animation-input"><float_array id="r_leg1_jnt-Matrix-animation-input-array" count="61">

0.000000 0.033333 0.066667 0.100000 0.133333 0.166667 0.200000 0.233333 0.266667 0.300000 0.333333 0.366667 0.400000 0.433333 0.466667 0.500000
0.533333 0.566667 0.600000 0.633333 0.666667 0.700000 0.733333 0.766667 0.800000 0.833333 0.866667 0.900000 0.933333 0.966667 1.000000 1.033333
1.066667 1.100000 1.133333 1.166667 1.200000 1.233333 1.266667 1.300000 1.333333 1.366667 1.400000 1.433333 1.466667 1.500000 1.533333 1.566667
1.600000 1.633333 1.666667 1.700000 1.733333 1.766667 1.800000 1.833333 1.866667 1.900000 1.933333 1.966667 2.000000</float_array><technique_common><accessor source="#r_leg1_jnt-Matrix-animation-input-array" count="61"><param name="TIME" type="float"/></accessor></technique_common></source><source id="r_leg1_jnt-Matrix-animation-output-transform"><float_array id="r_leg1_jnt-Matrix-animation-output-transform-array" count="976">

0.341356 0.000000 0.939934 -0.000000 0.000000 1.000000 -0.000000 0.000000 -0.939934 0.000000 0.341356 0.230000 0.000000 0.000000 0.000000 1.000000
0.346577 0.000000 0.938021 -0.000000 0.000000 1.000000 -0.000000 0.000000 -0.938021 0.000000 0.346577 0.230000 0.000000 0.000000 0.000000 1.000000
0.361596 0.000000 0.932335 -0.000000 0.000000 1.000000 -0.000000 0.000000 -0.932335 0.000000 0.361596 0.230000 0.000000 0.000000 0.000000 1.000000
0.386154 0.000000 0.922434 -0.000000 0.000000 1.000000 -0.000000 0.000000 -0.922434 0.000000 0.386154 0.230000 0.000000 0.000000 0.000000 1.000000
0.420334 0.000000 0.907369 -0.000000 0.000000 1.000000 -0.000000 0.000000 -0.907369 0.000000 0.420334 0.230000 0.000000 0.000000 0.000000 1.000000
0.463922 0.000000 0.885876 -0.000000 0.000000 1.000000 -0.000000 0.000000 -0.885876 0.000000 0.463922 0.230000 0.000000 0.000000 0.000000 1.000000
0.515933 0.000000 0.856629 -0.000000 0.000000 1.000000 -0.000000 0.000000 -0.856629 0.000000 0.515933 0.230000 0.000000 0.000000 0.000000 1.000000
0.574282 0.000000 0.818658 -0.000000 0.000000 1.000000 -0.000000 0.000000 -0.818658 0.000000 0.574282 0.230000 0.000000 0.000000 0.000000 1.000000
0.635610 0.000000 0.772010 -0.000000 0.000000 1.000000 -0.000000 0.000000 -0.772010 0.000000 0.635610 0.230000 0.000000 0.000000 0.000000 1.000000
0.695268 0.000000 0.718750 -0.000000 0.000000 1.000000 -0.000000 0.000000 -0.718750 0.000000 0.695268 0.230000 0.000000 0.000000 0.000000 1.000000
0.747483 0.000000 0.664281 -0.000000 0.000000 1.000000 -0.000000 0.000000 -0.664281 0.000000 0.747483 0.230000 0.000000 0.000000 0.000000 1.000000
0.785519 0.000000 0.618837 -0.000000 0.000000 1.000000 -0.000000 0.000000 -0.618837 0.000000 0.785519 0.230000 0.000000 0.000000 0.000000 1.000000
0.804514 0.000000 0.593933 -0.000000 0.000000 1.000000 -0.000000 0.000000 -0.593933 0.000000 0.804514 0.230000 0.000000 0.000000 0.000000 1.000000
0.807609 0.000000 0.589719 -0.000000 0.000000 1.000000 -0.000000 0.000000 -0.589719 0.000000 0.807609 0.230000 0.000000 0.000000 0.000000 1.000000
0.799700 0.000000 0.600400 -0.000000 0.000000 1.000000 -0.000000 0.000000 -0.600400 0.000000 0.799700 0.230000 0.000000 0.000000 0.000000 1.000000
0.785287 0.000000 0.619132 -0.000000 0.000000 1.000000 -0.000000 0.000000 -0.619132 0.000000 0.785287 0.230000 0.000000 0.000000 0.000000 1.000000
0.768205 0.000000 0.640204 -0.000000 0.000000 1.000000 -0.000000 0.000000 -0.640204 0.000000 0.768205 0.230000 0.000000 0.000000 0.000000 1.000000
0.751535 0.000000 0.659693 -0.000000 0.000000 1.000000 -0.000000 0.000000 -0.659693 0.000000 0.751535 0.230000 0.000000 0.000000 0.000000 1.000000
0.737695 0.000000 0.675135 -0.000000 0.000000 1.000000 -0.000000 0.000000 -0.675135 0.000000 0.737695 0.230000 0.000000 0.000000 0.000000 1.000000
0.686892 0.000000 0.726760 -0.000000 0.000000 1.000000 -0.000000 0.000000 -0.726760 0.000000 0.686892 0.230000 0.000000 0.000000 0.000000 1.000000
0.577454 0.000000 0.816424 -0.000000 0.000000 1.000000 -0.000000 0.000000 -0.816424 0.000000 0.577454 0.230000 0.000000 0.000000 0.000000 1.000000
0.442469 0.000000 0.896784 -0.000000 0.000000 1.000000 -0.000000 0.000000 -0.896784 0.000000 0.442469 0.230000 0.000000 0.000000 0.000000 1.000000
0.312461 0.000000 0.949930 -0.000000 0.000000 1.000000 -0.000000 0.000000 -0.949930 0.000000 0.312461 0.230000 0.000000 0.000000 0.000000 1.000000
0.210625 0.000000 0.977567 -0.000000 0.000000 1.000000 -0.000000 0.000000 -0.977567 0.000000 0.210625 0.230000 0.000000 0.000000 0.000000 1.000000
0.152290 0.000000 0.988336 -0.000000 0.000000 1.000000 -0.000000 0.000000 -0.988336 0.000000 0.152290 0.230000 0.000000 0.000000 0.000000 1.000000
0.144501 0.000000 0.989505 -0.000000 0.000000 1.000000 -0.000000 0.000000 -0.989505 0.000000 0.144501 0.230000 0.000000 0.000000 0.000000 1.000000
0.176563 0.000000 0.984289 -0.000000 0.000000 1.000000 -0.000000 0.000000 -0.984289 0.000000 0.176563 0.230000 0.000000 0.000000 0.000000 1.000000
0.226978 0.000000 0.973900 -0.000000 0.000000 1.000000 -0.000000 0.000000 -0.973900 0.000000 0.226978 0.230000 0.000000 0.000000 0.000000 1.000000
0.281142 0.000000 0.959666 -0.000000 0.000000 1.000000 -0.000000 0.000000 -0.959666 0.000000 0.281142 0.230000 0.000000 0.000000 0.000000 1.000000
0.324092 0.000000 0.946025 -0.000000 0.000000 1.000000 -0.000000 0.000000 -0.946025 0.000000 0.324092 0.230000 0.000000 0.000000 0.000000 1.000000
0.341356 0.000000 0.939934 -0.000000 0.000000 1.000000 -0.000000 0.000000 -0.939934 0.000000 0.341356 0.230000 0.000000 0.000000 0.000000 1.000000
0.346577 0.000000 0.938021 -0.000000 0.000000 1.000000 -0.000000 0.000000 -0.938021 0.000000 0.346577 0.230000 0.000000 0.000000 0.000000 1.000000
0.361596 0.000000 0.932335 -0.000000 0.000000 1.000000 -0.000000 0.000000 -0.932335 0.000000 0.361596 0.230000 0.000000 0.000000 0.000000 1.000000
0.386154 0.000000 0.922434 -0.000000 0.000000 1.000000 -0.000000 0.000000 -0.922434 0.000000 0.386154 0.230000 0.000000 0.000000 0.000000 1.000000
0.420334 0.000000 0.907369 -0.000000 0.000000 1.000000 -0.000000 0.000000 -0.907369 0.000000 0.420334 0.230000 0.000000 0.000000 0.000000 1.000000
0.463922 0.000000 0.885876 -0.000000 0.000000 1.000000 -0.000000 0.000000 -0.885876 0.000000 0.463922 0.230000 0.000000 0.000000 0.000000 1.000000
0.515933 0.000000 0.856629 -0.000000 0.000000 1.000000 -0.000000 0.000000 -0.856629 0.000000 0.515933 0.230000 0.000000 0.000000 0.000000 1.000000
0.574282 0.000000 0.818658 -0.000000 0.000000 1.000000 -0.000000 0.000000 -0.818658 0.000000 0.574282 0.230000 0.000000 0.000000 0.000000 1.000000
0.635610 0.000000 0.772010 -0.000000 0.000000 1.000000 -0.000000 0.000000 -0.772010 0.000000 0.635610 0.230000 0.000000 0.000000 0.000000 1.000000
0.695268 0.000000 0.718750 -0.000000 0.000000 1.000000 -0.000000 0.000000 -0.718750 0.000000 0.695268 0.230000 0.000000 0.000000 0.000000 1.000000
0.747483 0.000000 0.664281 -0.000000 0.000000 1.000000 -0.000000 0.000000 -0.664281 0.000000 0.747483 0.230000 0.000000 0.000000 0.000000 1.000000
0.785519 0.000000 0.618837 -0.000000 0.000000 1.000000 -0.000000 0.000000 -0.618837 0.000000 0.785519 0.230000 0.000000 0.000000 0.000000 1.000000
0.804514 0.000000 0.593933 -0.000000 0.000000 1.000000 -0.000000 0.000000 -0.593933 0.000000 0.804514 0.230000 0.000000 0.000000 0.000000 1.000000
0.807609 0.000000 0.589719 -0.000000 0.000000 1.000000 -0.000000 0.000000 -0.589719 0.000000 0.807609 0.230000 0.000000 0.000000 0.000000 1.000000
0.799700 0.000000 0.600400 -0.000000 0.000000 1.000000 -0.000000 0.000000 -0.600400 0.000000 0.799700 0.230000 0.000000 0.000000 0.000000 1.000000
0.785287 0.000000 0.619132 -0.000000 0.000000 1.000000 -0.000000 0.000000 -0.619132 0.000000 0.785287 0.230000 0.000000 0.000000 0.000000 1.000000
0.768205 0.000000 0.640204 -0.000000 0.000000 1.000000 -0.000000 0.000000 -0.640204 0.000000 0.768205 0.230000 0.000000 0.000000 0.000000 1.000000
0.751535 0.000000 0.659693 -0.000000 0.000000 1.000000 -0.000000 0.000000 -0.659693 0.000000 0.751535 0.230000 0.000000 0.000000 0.000000 1.000000
0.737695 0.000000 0.675135 -0.000000 0.000000 1.000000 -0.000000 0.000000 -0.675135 0.000000 0.737695 0.230000 0.000000 0.000000 0.000000 1.000000
0.686892 0.000000 0.726760 -0.000000 0.000000 1.000000 -0.000000 0.000000 -0.726760 0.000000 0.686892 0.230000 0.000000 0.000000 0.000000 1.000000
0.577454 0.000000 0.816424 -0.000000 0.000000 1.000000 -0.000000 0.000000 -0.816424 0.000000 0.577454 0.230000 0.000000 0.000000 0.000000 1.000000
0.442469 0.000000 0.896784 -0.000000 0.000000 1.000000 -0.000000 0.000000 -0.896784 0.000000 0.442469 0.230000 0.000000 0.000000 0.000000 1.000000
0.312461 0.000000 0.949930 -0.000000 0.000000 1.000000 -0.000000 0.000000 -0.949930 0.000000 0.312461 0.230000 0.000000 0.000000 0.000000 1.000000
0.210625 0.000000 0.977567 -0.000000 0.000000 1.000000 -0.000000 0.000000 -0.977567 0.000000 0.210625 0.230000 0.000000 0.000000 0.000000 1.000000
0.152290 0.000000 0.988336 -0.000000 0.000000 1.000000 -0.000000 0.000000 -0.988336 0.000000 0.152290 0.230000 0.000000 0.000000 0.000000 1.000000
0.144501 0.000000 0.989505 -0.000000 0.000000 1.000000 -0.000000 0.000000 -0.989505 0.000000 0.144501 0.230000 0.000000 0.000000 0.000000 1.000000
0.176563 0.000000 0.984289 -0.000000 0.000000 1.000000 -0.000000 0.000000 -0.984289 0.000000 0.176563 0.230000 0.000000 0.000000 0.000000 1.000000
0.226978 0.000000 0.973900 -0.000000 0.000000 1.000000 -0.000000 0.000000 -0.973900 0.000000 0.226978 0.230000 0.000000 0.000000 0.000000 1.000000
0.281142 0.000000 0.959666 -0.000000 0.000000 1.000000 -0.000000 0.000000 -0.959666 0.000000 0.281142 0.230000 0.000000 0.000000 0.000000 1.000000
0.324092 0.000000 0.946025 -0.000000 0.000000 1.000000 -0.000000 0.000000 -0.946025 0.000000 0.324092 0.230000 0.000000 0.000000 0.000000 1.000000
0.341356 0.000000 0.939934 -0.000000 0.000000 1.000000 -0.000000 0.000000 -0.939934 0.000000 0.341356 0.230000 0.000000 0.000000 0.000000 1.000000</float_array><technique_common><accessor source="#r_leg1_jnt-Matrix-animation-output-transform-array" count="61" stride="16"><param type="float4x4"/></accessor></technique_common></source><source id="r_leg1_jnt-Interpolations"><Name_array id="r_leg1_jnt-Interpolations-array" count="61">
 LINEAR LINEAR LINEAR LINEAR LINEAR LINEAR LINEAR LINEAR LINEAR LINEAR LINEAR
LINEAR LINEAR LINEAR LINEAR LINEAR LINEAR LINEAR LINEAR LINEAR LINEAR LINEAR LINEAR
LINEAR LINEAR LINEAR LINEAR LINEAR LINEAR LINEAR LINEAR LINEAR LINEAR LINEAR LINEAR
LINEAR LINEAR LINEAR LINEAR LINEAR LINEAR LINEAR LINEAR LINEAR LINEAR LINEAR LINEAR
LINEAR LINEAR LINEAR LINEAR LINEAR LINEAR LINEAR LINEAR LINEAR LINEAR LINEAR LINEAR
LINEAR LINEAR</Name_array><technique_common><accessor source="#r_leg1_jnt-Interpolations-array" count="61"><param type="name"/></accessor></technique_common></source><sampler id="r_leg1_jnt-Matrix-animation-transform"><input semantic="INPUT" source="#r_leg1_jnt-Matrix-animation-input"/><input semantic="OUTPUT" source="#r_leg1_jnt-Matrix-animation-output-transform"/><input semantic="INTERPOLATION" source="#r_leg1_jnt-Interpolations"/></sampler><channel source="#r_leg1_jnt-Matrix-animation-transform" target="r_leg1_jnt/matrix"/></animation></animation>
    <animation id="r_leg2_jnt-anim" name="r_leg2_jnt"><animation><source id="r_leg2_jnt-Matrix-animation-input"><float_array id="r_leg2_jnt-Matrix-animation-input-array" count="61">

0.000000 0.033333 0.066667 0.100000 0.133333 0.166667 0.200000 0.233333 0.266667 0.300000 0.333333 0.366667 0.400000 0.433333 0.466667 0.500000
0.533333 0.566667 0.600000 0.633333 0.666667 0.700000 0.733333 0.766667 0.800000 0.833333 0.866667 0.900000 0.933333 0.966667 1.000000 1.033333
1.066667 1.100000 1.133333 1.166667 1.200000 1.233333 1.266667 1.300000 1.333333 1.366667 1.400000 1.433333 1.466667 1.500000 1.533333 1.566667
1.600000 1.633333 1.666667 1.700000 1.733333 1.766667 1.800000 1.833333 1.866667 1.900000 1.933333 1.966667 2.000000</float_array><technique_common><accessor source="#r_leg2_jnt-Matrix-animation-input-array" count="61"><param name="TIME" type="float"/></accessor></technique_common></source><source id="r_leg2_jnt-Matrix-animation-output-transform"><float_array id="r_leg2_jnt-Matrix-animation-output-transform-array" count="976">

-0.246800 -0.911379 -0.329361 -0.380766 -0.158704 0.373298 -0.914036 -0.436460 0.955983 -0.173313 -0.236769 -0.094663 0.000000 0.000000 0.000000 1.000000
-0.246822 -0.910999 -0.330395 -0.380766 -0.158310 0.374268 -0.913707 -0.436460 0.956042 -0.173218 -0.236597 -0.094663 0.000000 0.000000 0.000000 1.000000
-0.246881 -0.909898 -0.333369 -0.380766 -0.157173 0.377061 -0.912755 -0.436460 0.956215 -0.172945 -0.236100 -0.094663 0.000000 0.000000 0.000000 1.000000
-0.246966 -0.908132 -0.338089 -0.380766 -0.155363 0.381491 -0.911223 -0.436460 0.956488 -0.172515 -0.235305 -0.094663 0.000000 0.000000 0.000000 1.000000
-0.247062 -0.905750 -0.344351 -0.380766 -0.152952 0.387365 -0.909150 -0.436460 0.956852 -0.171948 -0.234239 -0.094663 0.000000 0.000000 0.000000 1.000000
-0.247152 -0.902801 -0.351945 -0.380766 -0.150013 0.394484 -0.906575 -0.436460 0.957294 -0.171266 -0.232929 -0.094663 0.000000 0.000000 0.000000 1.000000
-0.247218 -0.899336 -0.360662 -0.380766 -0.146618 0.402650 -0.903536 -0.436460 0.957803 -0.170491 -0.231401 -0.094663 0.000000 0.000000 0.000000 1.000000
-0.247246 -0.895407 -0.370292 -0.380766 -0.142841 0.411663 -0.900072 -0.436460 0.958366 -0.169646 -0.229683 -0.094663 0.000000 0.000000 0.000000 1.000000
-0.247221 -0.891069 -0.380628 -0.380766 -0.138756 0.421329 -0.896230 -0.436460 0.958973 -0.168752 -0.227803 -0.094663 0.000000 0.000000 0.000000 1.000000
-0.247133 -0.886383 -0.391471 -0.380766 -0.134436 0.431460 -0.892059 -0.436460 0.959610 -0.167829 -0.225790 -0.094663 0.000000 0.000000 0.000000 1.000000
-0.246976 -0.881415 -0.402629 -0.380766 -0.129954 0.441874 -0.887614 -0.436460 0.960268 -0.166896 -0.223676 -0.094663 0.000000 0.000000 0.000000 1.000000
-0.246746 -0.876235 -0.413919 -0.380766 -0.125380 0.452401 -0.882957 -0.436460 0.960935 -0.165969 -0.221490 -0.094663 0.000000 0.000000 0.000000 1.000000
-0.246446 -0.870917 -0.425167 -0.380766 -0.120783 0.462878 -0.878154 -0.436460 0.961601 -0.165064 -0.219267 -0.094663 0.000000 0.000000 0.000000 1.000000
-0.246079 -0.865542 -0.436214 -0.380766 -0.116230 0.473158 -0.873277 -0.436460 0.962255 -0.164194 -0.217036 -0.094663 0.000000 0.000000 0.000000 1.000000
-0.245656 -0.860189 -0.446909 -0.380766 -0.111786 0.483099 -0.868400 -0.436460 0.962890 -0.163369 -0.214833 -0.094663 0.000000 0.000000 0.000000 1.000000
-0.245187 -0.854944 -0.457115 -0.380766 -0.107511 0.492577 -0.863602 -0.436460 0.963496 -0.162599 -0.212690 -0.094663 0.000000 0.000000 0.000000 1.000000
-0.244689 -0.849892 -0.466702 -0.380766 -0.103464 0.501473 -0.858965 -0.436460 0.964066 -0.161892 -0.210638 -0.094663 0.000000 0.000000 0.000000 1.000000
-0.244177 -0.845119 -0.475554 -0.380766 -0.099702 0.509678 -0.854569 -0.436460 0.964592 -0.161253 -0.208712 -0.094663 0.000000 0.000000 0.000000 1.000000
-0.243672 -0.840710 -0.483560 -0.380766 -0.096277 0.517094 -0.850497 -0.436460 0.965067 -0.160686 -0.206942 -0.094663 0.000000 0.000000 0.000000 1.000000
-0.243192 -0.836752 -0.490615 -0.380766 -0.093240 0.523624 -0.846832 -0.436460 0.965486 -0.160197 -0.205360 -0.094663 0.000000 0.000000 0.000000 1.000000
-0.242757 -0.833330 -0.496619 -0.380766 -0.090644 0.529178 -0.843655 -0.436460 0.965843 -0.159788 -0.203998 -0.094663 0.000000 0.000000 0.000000 1.000000
-0.242388 -0.830525 -0.501473 -0.380766 -0.088535 0.533666 -0.841048 -0.436460 0.966131 -0.159462 -0.202885 -0.094663 0.000000 0.000000 0.000000 1.000000
-0.242104 -0.828422 -0.505076 -0.380766 -0.086965 0.536996 -0.839090 -0.436460 0.966345 -0.159223 -0.202053 -0.094663 0.000000 0.000000 0.000000 1.000000
-0.241923 -0.827102 -0.507322 -0.380766 -0.085984 0.539071 -0.837860 -0.436460 0.966478 -0.159076 -0.201531 -0.094663 0.000000 0.000000 0.000000 1.000000
-0.241859 -0.826644 -0.508098 -0.380766 -0.085645 0.539788 -0.837433 -0.436460 0.966524 -0.159025 -0.201350 -0.094663 0.000000 0.000000 0.000000 1.000000
-0.241888 -0.826849 -0.507750 -0.380766 -0.085797 0.539466 -0.837625 -0.436460 0.966504 -0.159048 -0.201431 -0.094663 0.000000 0.000000 0.000000 1.000000
-0.241971 -0.827450 -0.506731 -0.380766 -0.086242 0.538525 -0.838185 -0.436460 0.966443 -0.159114 -0.201668 -0.094663 0.000000 0.000000 0.000000 1.000000
-0.242104 -0.828422 -0.505076 -0.380766 -0.086965 0.536996 -0.839090 -0.436460 0.966345 -0.159223 -0.202053 -0.094663 0.000000 0.000000 0.000000 1.000000
