<?xml version="1.0" encoding="utf-8"?>
<COLLADA xmlns="http://www.collada.org/2005/11/COLLADASchema" version="1.4.1">
  <asset><contributor><author></author><authoring_tool>FBX COLLADA exporter</authoring_tool><comments></comments></contributor><created>2019-12-09T16:03:24Z</created><keywords></keywords><modified>2019-12-09T16:03:24Z</modified><revision></revision><subject></subject><title></title><unit meter="0.010000" name="centimeter"></unit><up_axis>Y_UP</up_axis></asset>
  <library_animations>
    <animation id="spine1_jnt-anim" name="spine1_jnt"><animation><source id="spine1_jnt-Matrix-animation-input"><float_array id="spine1_jnt-Matrix-animation-input-array" count="19">

0.000000 0.033333 0.066667 0.100000 0.133333 0.166667 0.200000 0.233333 0.266667 0.300000 0.333333 0.366667 0.400000 0.433333 0.466667 0.500000
0.533333 0.566667 0.600000</float_array><technique_common><accessor source="#spine1_jnt-Matrix-animation-input-array" count="19"><param name="TIME" type="float"/></accessor></technique_common></source><source id="spine1_jnt-Matrix-animation-output-transform"><float_array id="spine1_jnt-Matrix-animation-output-transform-array" count="304">

-0.083907 0.735429 0.672387 0.424427 -0.434352 0.580297 -0.688908 0.326168 -0.896826 -0.349857 0.270744 -0.016518 0.000000 0.000000 0.000000 1.000000
-0.083907 0.735429 0.672387 0.387577 -0.434352 0.580297 -0.688908 0.313127 -0.896826 -0.349857 0.270744 -0.019543 0.000000 0.000000 0.000000 1.000000
-0.083907 0.735429 0.672387 0.368103 -0.434352 0.580297 -0.688908 0.311260 -0.896826 -0.349857 0.270744 -0.021165 0.000000 0.000000 0.000000 1.000000
-0.083907 0.735429 0.672387 0.362410 -0.434352 0.580297 -0.688908 0.312443 -0.896826 -0.349857 0.270744 -0.021647 0.000000 0.000000 0.000000 1.000000
-0.083907 0.735429 0.672387 0.376831 -0.434352 0.580297 -0.688908 0.315067 -0.896826 -0.349857 0.270744 -0.019675 0.000000 0.000000 0.000000 1.000000
-0.083907 0.735429 0.672387 0.411074 -0.434352 0.580297 -0.688908 0.322139 -0.896826 -0.349857 0.270744 -0.015214 0.000000 0.000000 0.000000 1.000000
-0.083907 0.735429 0.672387 0.451613 -0.434352 0.580297 -0.688908 0.332462 -0.896826 -0.349857 0.270744 -0.010443 0.000000 0.000000 0.000000 1.000000
-0.083907 0.735429 0.672387 0.484924 -0.434352 0.580297 -0.688908 0.344835 -0.896826 -0.349857 0.270744 -0.007542 0.000000 0.000000 0.000000 1.000000
-0.083907 0.735429 0.672387 0.504967 -0.434352 0.580297 -0.688908 0.354665 -0.896826 -0.349857 0.270744 -0.006454 0.000000 0.000000 0.000000 1.000000
-0.083907 0.735429 0.672387 0.514137 -0.434352 0.580297 -0.688908 0.358543 -0.896826 -0.349857 0.270744 -0.005916 0.000000 0.000000 0.000000 1.000000
-0.083907 0.735429 0.672387 0.511549 -0.434352 0.580297 -0.688908 0.357051 -0.896826 -0.349857 0.270744 -0.006290 0.000000 0.000000 0.000000 1.000000
-0.083907 0.735429 0.672387 0.496323 -0.434352 0.580297 -0.688908 0.350771 -0.896826 -0.349857 0.270744 -0.007940 0.000000 0.000000 0.000000 1.000000
-0.083907 0.735429 0.672387 0.467577 -0.434352 0.580297 -0.688908 0.340283 -0.896826 -0.349857 0.270744 -0.011228 0.000000 0.000000 0.000000 1.000000
-0.083907 0.735429 0.672387 0.424427 -0.434352 0.580297 -0.688908 0.326168 -0.896826 -0.349857 0.270744 -0.016518 0.000000 0.000000 0.000000 1.000000
-0.083907 0.735429 0.672387 0.385839 -0.434352 0.580297 -0.688908 0.315617 -0.896826 -0.349857 0.270744 -0.020698 0.000000 0.000000 0.000000 1.000000
-0.083907 0.735429 0.672387 0.367234 -0.434352 0.580297 -0.688908 0.312505 -0.896826 -0.349857 0.270744 -0.021742 0.000000 0.000000 0.000000 1.000000
-0.083907 0.735429 0.672387 0.362410 -0.434352 0.580297 -0.688908 0.312443 -0.896826 -0.349857 0.270744 -0.021647 0.000000 0.000000 0.000000 1.000000
-0.083907 0.735429 0.672387 0.376830 -0.434352 0.580297 -0.688908 0.315068 -0.896826 -0.349857 0.270744 -0.019676 0.000000 0.000000 0.000000 1.000000
-0.083907 0.735429 0.672387 0.411073 -0.434352 0.580297 -0.688908 0.322141 -0.896826 -0.349857 0.270744 -0.015215 0.000000 0.000000 0.000000 1.000000</float_array><technique_common><accessor source="#spine1_jnt-Matrix-animation-output-transform-array" count="19" stride="16"><param type="float4x4"/></accessor></technique_common></source><source id="spine1_jnt-Interpolations"><Name_array id="spine1_jnt-Interpolations-array" count="19">
 LINEAR LINEAR LINEAR LINEAR LINEAR LINEAR LINEAR LINEAR LINEAR LINEAR LINEAR
LINEAR LINEAR LINEAR LINEAR LINEAR LINEAR LINEAR LINEAR</Name_array><technique_common><accessor source="#spine1_jnt-Interpolations-array" count="19"><param type="name"/></accessor></technique_common></source><sampler id="spine1_jnt-Matrix-animation-transform"><input semantic="INPUT" source="#spine1_jnt-Matrix-animation-input"/><input semantic="OUTPUT" source="#spine1_jnt-Matrix-animation-output-transform"/><input semantic="INTERPOLATION" source="#spine1_jnt-Interpolations"/></sampler><channel source="#spine1_jnt-Matrix-animation-transform" target="spine1_jnt/matrix"/></animation></animation>
    <animation id="r_uleg1_jnt-anim" name="r_uleg1_jnt"><animation><source id="r_uleg1_jnt-Matrix-animation-input"><float_array id="r_uleg1_jnt-Matrix-animation-input-array" count="19">

0.000000 0.033333 0.066667 0.100000 0.133333 0.166667 0.200000 0.233333 0.266667 0.300000 0.333333 0.366667 0.400000 0.433333 0.466667 0.500000
0.533333 0.566667 0.600000</float_array><technique_common><accessor source="#r_uleg1_jnt-Matrix-animation-input-array" count="19"><param name="TIME" type="float"/></accessor></technique_common></source><source id="r_uleg1_jnt-Matrix-animation-output-transform"><float_array id="r_uleg1_jnt-Matrix-animation-output-transform-array" count="304">

-0.926916 -0.365851 -0.083547 -0.413257 -0.078981 0.407833 -0.909634 -0.379657 0.366863 -0.836556 -0.406922 0.248367 0.000000 0.000000 0.000000 1.000000
-0.925778 -0.364403 -0.100729 -0.413257 -0.063366 0.412220 -0.908878 -0.379657 0.372720 -0.835036 -0.404715 0.248367 0.000000 0.000000 0.000000 1.000000
-0.924607 -0.365395 -0.107649 -0.413257 -0.055685 0.409218 -0.910736 -0.379657 0.376830 -0.836079 -0.398713 0.248367 0.000000 0.000000 0.000000 1.000000
-0.924112 -0.366312 -0.108772 -0.413257 -0.053747 0.406427 -0.912101 -0.379657 0.378322 -0.837038 -0.395273 0.248367 0.000000 0.000000 0.000000 1.000000
-0.925002 -0.365988 -0.102097 -0.413257 -0.060622 0.407416 -0.911228 -0.379657 0.375094 -0.836699 -0.399048 0.248367 0.000000 0.000000 0.000000 1.000000
-0.926735 -0.365543 -0.086833 -0.413257 -0.076020 0.408768 -0.909467 -0.379657 0.367944 -0.836234 -0.406608 0.248367 0.000000 0.000000 0.000000 1.000000
-0.928121 -0.365703 -0.069667 -0.413257 -0.092707 0.408283 -0.908136 -0.379657 0.360552 -0.836401 -0.412839 0.248367 0.000000 0.000000 0.000000 1.000000
-0.928521 -0.367075 -0.055721 -0.413257 -0.105225 0.404096 -0.908644 -0.379657 0.356057 -0.837832 -0.413837 0.248367 0.000000 0.000000 0.000000 1.000000
-0.928385 -0.368599 -0.047292 -0.413257 -0.112228 0.399407 -0.909879 -0.379657 0.354269 -0.839410 -0.412170 0.248367 0.000000 0.000000 0.000000 1.000000
-0.928363 -0.369085 -0.043802 -0.413257 -0.115249 0.397904 -0.910159 -0.379657 0.353355 -0.839910 -0.411936 0.248367 0.000000 0.000000 0.000000 1.000000
-0.928399 -0.368830 -0.045167 -0.413257 -0.114122 0.398694 -0.909956 -0.379657 0.353627 -0.839647 -0.412238 0.248367 0.000000 0.000000 0.000000 1.000000
-0.928361 -0.368070 -0.051666 -0.413257 -0.108378 0.401039 -0.909627 -0.379657 0.355527 -0.838864 -0.412200 0.248367 0.000000 0.000000 0.000000 1.000000
-0.928011 -0.367011 -0.064017 -0.413257 -0.097153 0.404293 -0.909455 -0.379657 0.359661 -0.837765 -0.410845 0.248367 0.000000 0.000000 0.000000 1.000000
-0.926916 -0.365851 -0.083547 -0.413257 -0.078981 0.407833 -0.909634 -0.379657 0.366863 -0.836556 -0.406922 0.248367 0.000000 0.000000 0.000000 1.000000
-0.925346 -0.365441 -0.100938 -0.413257 -0.062250 0.409079 -0.910373 -0.379657 0.373979 -0.836127 -0.401288 0.248367 0.000000 0.000000 0.000000 1.000000
-0.924386 -0.365923 -0.107757 -0.413257 -0.055102 0.407614 -0.911490 -0.379657 0.377459 -0.836631 -0.396955 0.248367 0.000000 0.000000 0.000000 1.000000
-0.924112 -0.366312 -0.108772 -0.413257 -0.053747 0.406427 -0.912101 -0.379657 0.378322 -0.837038 -0.395273 0.248367 0.000000 0.000000 0.000000 1.000000
-0.925002 -0.365988 -0.102097 -0.413257 -0.060622 0.407416 -0.911229 -0.379657 0.375094 -0.836699 -0.399047 0.248367 0.000000 0.000000 0.000000 1.000000
-0.926735 -0.365544 -0.086833 -0.413257 -0.076020 0.408766 -0.909468 -0.379657 0.367944 -0.836235 -0.406606 0.248367 0.000000 0.000000 0.000000 1.000000</float_array><technique_common><accessor source="#r_uleg1_jnt-Matrix-animation-output-transform-array" count="19" stride="16"><param type="float4x4"/></accessor></technique_common></source><source id="r_uleg1_jnt-Interpolations"><Name_array id="r_uleg1_jnt-Interpolations-array" count="19">
 LINEAR LINEAR LINEAR LINEAR LINEAR LINEAR LINEAR LINEAR LINEAR LINEAR LINEAR
LINEAR LINEAR LINEAR LINEAR LINEAR LINEAR LINEAR LINEAR</Name_array><technique_common><accessor source="#r_uleg1_jnt-Interpolations-array" count="19"><param type="name"/></accessor></technique_common></source><sampler id="r_uleg1_jnt-Matrix-animation-transform"><input semantic="INPUT" source="#r_uleg1_jnt-Matrix-animation-input"/><input semantic="OUTPUT" source="#r_uleg1_jnt-Matrix-animation-output-transform"/><input semantic="INTERPOLATION" source="#r_uleg1_jnt-Interpolations"/></sampler><channel source="#r_uleg1_jnt-Matrix-animation-transform" target="r_uleg1_jnt/matrix"/></animation></animation>
    <animation id="r_leg1_jnt-anim" name="r_leg1_jnt"><animation><source id="r_leg1_jnt-Matrix-animation-input"><float_array id="r_leg1_jnt-Matrix-animation-input-array" count="19">

0.000000 0.033333 0.066667 0.100000 0.133333 0.166667 0.200000 0.233333 0.266667 0.300000 0.333333 0.366667 0.400000 0.433333 0.466667 0.500000
0.533333 0.566667 0.600000</float_array><technique_common><accessor source="#r_leg1_jnt-Matrix-animation-input-array" count="19"><param name="TIME" type="float"/></accessor></technique_common></source><source id="r_leg1_jnt-Matrix-animation-output-transform"><float_array id="r_leg1_jnt-Matrix-animation-output-transform-array" count="304">

1.000000 0.000000 0.000047 -0.000000 -0.000000 1.000000 0.000000 0.000000 -0.000047 -0.000000 1.000000 0.230000 0.000000 0.000000 0.000000 1.000000
1.000000 0.000000 0.000047 -0.000000 -0.000000 1.000000 0.000000 0.000000 -0.000047 -0.000000 1.000000 0.230000 0.000000 0.000000 0.000000 1.000000
1.000000 0.000000 0.000047 -0.000000 -0.000000 1.000000 0.000000 0.000000 -0.000047 -0.000000 1.000000 0.230000 0.000000 0.000000 0.000000 1.000000
1.000000 0.000000 0.000047 -0.000000 -0.000000 1.000000 0.000000 0.000000 -0.000047 -0.000000 1.000000 0.230000 0.000000 0.000000 0.000000 1.000000
1.000000 0.000000 0.000047 -0.000000 -0.000000 1.000000 0.000000 0.000000 -0.000047 -0.000000 1.000000 0.230000 0.000000 0.000000 0.000000 1.000000
1.000000 0.000000 0.000047 -0.000000 -0.000000 1.000000 0.000000 0.000000 -0.000047 -0.000000 1.000000 0.230000 0.000000 0.000000 0.000000 1.000000
1.000000 0.000000 0.000047 -0.000000 -0.000000 1.000000 0.000000 0.000000 -0.000047 -0.000000 1.000000 0.230000 0.000000 0.000000 0.000000 1.000000
1.000000 0.000000 0.000047 -0.000000 -0.000000 1.000000 0.000000 0.000000 -0.000047 -0.000000 1.000000 0.230000 0.000000 0.000000 0.000000 1.000000
1.000000 0.000000 0.000047 -0.000000 -0.000000 1.000000 0.000000 0.000000 -0.000047 -0.000000 1.000000 0.230000 0.000000 0.000000 0.000000 1.000000
1.000000 0.000000 0.000047 -0.000000 -0.000000 1.000000 0.000000 0.000000 -0.000047 -0.000000 1.000000 0.230000 0.000000 0.000000 0.000000 1.000000
1.000000 0.000000 0.000047 -0.000000 -0.000000 1.000000 0.000000 0.000000 -0.000047 -0.000000 1.000000 0.230000 0.000000 0.000000 0.000000 1.000000
1.000000 0.000000 0.000047 -0.000000 -0.000000 1.000000 0.000000 0.000000 -0.000047 -0.000000 1.000000 0.230000 0.000000 0.000000 0.000000 1.000000
1.000000 0.000000 0.000047 -0.000000 -0.000000 1.000000 0.000000 0.000000 -0.000047 -0.000000 1.000000 0.230000 0.000000 0.000000 0.000000 1.000000
1.000000 0.000000 0.000047 -0.000000 -0.000000 1.000000 0.000000 0.000000 -0.000047 -0.000000 1.000000 0.230000 0.000000 0.000000 0.000000 1.000000
1.000000 0.000000 0.000047 -0.000000 -0.000000 1.000000 0.000000 0.000000 -0.000047 -0.000000 1.000000 0.230000 0.000000 0.000000 0.000000 1.000000
1.000000 0.000000 0.000047 -0.000000 -0.000000 1.000000 0.000000 0.000000 -0.000047 -0.000000 1.000000 0.230000 0.000000 0.000000 0.000000 1.000000
1.000000 0.000000 0.000047 -0.000000 -0.000000 1.000000 0.000000 0.000000 -0.000047 -0.000000 1.000000 0.230000 0.000000 0.000000 0.000000 1.000000
1.000000 0.000000 0.000047 -0.000000 -0.000000 1.000000 0.000000 0.000000 -0.000047 -0.000000 1.000000 0.230000 0.000000 0.000000 0.000000 1.000000
1.000000 0.000000 0.000047 -0.000000 -0.000000 1.000000 0.000000 0.000000 -0.000047 -0.000000 1.000000 0.230000 0.000000 0.000000 0.000000 1.000000</float_array><technique_common><accessor source="#r_leg1_jnt-Matrix-animation-output-transform-array" count="19" stride="16"><param type="float4x4"/></accessor></technique_common></source><source id="r_leg1_jnt-Interpolations"><Name_array id="r_leg1_jnt-Interpolations-array" count="19">
 LINEAR LINEAR LINEAR LINEAR LINEAR LINEAR LINEAR LINEAR LINEAR LINEAR LINEAR
LINEAR LINEAR LINEAR LINEAR LINEAR LINEAR LINEAR LINEAR</Name_array><technique_common><accessor source="#r_leg1_jnt-Interpolations-array" count="19"><param type="name"/></accessor></technique_common></source><sampler id="r_leg1_jnt-Matrix-animation-transform"><input semantic="INPUT" source="#r_leg1_jnt-Matrix-animation-input"/><input semantic="OUTPUT" source="#r_leg1_jnt-Matrix-animation-output-transform"/><input semantic="INTERPOLATION" source="#r_leg1_jnt-Interpolations"/></sampler><channel source="#r_leg1_jnt-Matrix-animation-transform" target="r_leg1_jnt/matrix"/></animation></animation>
    <animation id="r_leg2_jnt-anim" name="r_leg2_jnt"><animation><source id="r_leg2_jnt-Matrix-animation-input"><float_array id="r_leg2_jnt-Matrix-animation-input-array" count="19">

0.000000 0.033333 0.066667 0.100000 0.133333 0.166667 0.200000 0.233333 0.266667 0.300000 0.333333 0.366667 0.400000 0.433333 0.466667 0.500000
0.533333 0.566667 0.600000</float_array><technique_common><accessor source="#r_leg2_jnt-Matrix-animation-input-array" count="19"><param name="TIME" type="float"/></accessor></technique_common></source><source id="r_leg2_jnt-Matrix-animation-output-transform"><float_array id="r_leg2_jnt-Matrix-animation-output-transform-array" count="304">

-0.257112 -0.955534 0.144387 -0.380766 -0.369227 -0.040942 -0.928437 -0.436460 0.893065 -0.292024 -0.342282 -0.094663 0.000000 0.000000 0.000000 1.000000
-0.256199 -0.957083 0.135481 -0.380766 -0.361618 -0.035082 -0.931666 -0.436460 0.896434 -0.287684 -0.337110 -0.094663 0.000000 0.000000 0.000000 1.000000
-0.254450 -0.957854 0.133310 -0.380766 -0.351931 -0.036683 -0.935307 -0.436460 0.900777 -0.284905 -0.327765 -0.094663 0.000000 0.000000 0.000000 1.000000
-0.253509 -0.958052 0.133676 -0.380766 -0.347147 -0.038881 -0.937004 -0.436460 0.902896 -0.283944 -0.322729 -0.094663 0.000000 0.000000 0.000000 1.000000
-0.254631 -0.957269 0.137108 -0.380766 -0.353924 -0.039694 -0.934432 -0.436460 0.899945 -0.286461 -0.328693 -0.094663 0.000000 0.000000 0.000000 1.000000
-0.256825 -0.955542 0.144844 -0.380766 -0.367850 -0.041943 -0.928939 -0.436460 0.893716 -0.291856 -0.340724 -0.094663 0.000000 0.000000 0.000000 1.000000
-0.258599 -0.953725 0.153414 -0.380766 -0.380395 -0.045443 -0.923707 -0.436460 0.887933 -0.297228 -0.351041 -0.094663 0.000000 0.000000 0.000000 1.000000
-0.259027 -0.952449 0.160456 -0.380766 -0.385460 -0.050387 -0.921348 -0.436460 0.885622 -0.300503 -0.354079 -0.094663 0.000000 0.000000 0.000000 1.000000
-0.258769 -0.951784 0.164759 -0.380766 -0.385752 -0.054551 -0.920989 -0.436460 0.885570 -0.301880 -0.353036 -0.094663 0.000000 0.000000 0.000000 1.000000
-0.258772 -0.951497 0.166403 -0.380766 -0.386437 -0.055907 -0.920620 -0.436460 0.885270 -0.302535 -0.353226 -0.094663 0.000000 0.000000 0.000000 1.000000
-0.258836 -0.951637 0.165501 -0.380766 -0.386427 -0.055013 -0.920678 -0.436460 0.885256 -0.302259 -0.353499 -0.094663 0.000000 0.000000 0.000000 1.000000
-0.258765 -0.952274 0.161910 -0.380766 -0.384585 -0.052192 -0.921613 -0.436460 0.886078 -0.300749 -0.352725 -0.094663 0.000000 0.000000 0.000000 1.000000
-0.258316 -0.953516 0.155176 -0.380766 -0.379513 -0.047553 -0.923963 -0.436460 0.888393 -0.297566 -0.349588 -0.094663 0.000000 0.000000 0.000000 1.000000
-0.257112 -0.955534 0.144387 -0.380766 -0.369227 -0.040942 -0.928437 -0.436460 0.893065 -0.292024 -0.342282 -0.094663 0.000000 0.000000 0.000000 1.000000
-0.255351 -0.957314 0.135443 -0.380766 -0.357205 -0.036766 -0.933302 -0.436460 0.898443 -0.286701 -0.332569 -0.094663 0.000000 0.000000 0.000000 1.000000
-0.254010 -0.957973 0.133287 -0.380766 -0.349648 -0.037537 -0.936129 -0.436460 0.901790 -0.284390 -0.325419 -0.094663 0.000000 0.000000 0.000000 1.000000
-0.253509 -0.958052 0.133676 -0.380766 -0.347147 -0.038881 -0.937004 -0.436460 0.902896 -0.283944 -0.322729 -0.094663 0.000000 0.000000 0.000000 1.000000
-0.254631 -0.957269 0.137108 -0.380766 -0.353923 -0.039694 -0.934432 -0.436460 0.899945 -0.286461 -0.328692 -0.094663 0.000000 0.000000 0.000000 1.000000
-0.256825 -0.955542 0.144844 -0.380766 -0.367847 -0.041944 -0.928940 -0.436460 0.893717 -0.291855 -0.340721 -0.094663 0.000000 0.000000 0.000000 1.000000</float_array><technique_common><accessor source="#r_leg2_jnt-Matrix-animation-output-transform-array" count="19" stride="16"><param type="float4x4"/></accessor></technique_common></source><source id="r_leg2_jnt-Interpolations"><Name_array id="r_leg2_jnt-Interpolations-array" count="19">
 LINEAR LINEAR LINEAR LINEAR LINEAR LINEAR LINEAR LINEAR LINEAR LINEAR LINEAR
LINEAR LINEAR LINEAR LINEAR LINEAR LINEAR LINEAR LINEAR</Name_array><technique_common><accessor source="#r_leg2_jnt-Interpolations-array" count="19"><param type="name"/></accessor></technique_common></source><sampler id="r_leg2_jnt-Matrix-animation-transform"><input semantic="INPUT" source="#r_leg2_jnt-Matrix-animation-input"/><input semantic="OUTPUT" source="#r_leg2_jnt-Matrix-animation-output-transform"/><input semantic="INTERPOLATION" source="#r_leg2_jnt-Interpolations"/></sampler><channel source="#r_leg2_jnt-Matrix-animation-transform" target="r_leg2_jnt/matrix"/></animation></animation>
    <animation id="r_leg3_jnt-anim" name="r_leg3_jnt"><animation><source id="r_leg3_jnt-Matrix-animation-input"><float_array id="r_leg3_jnt-Matrix-animation-input-array" count="19">

0.000000 0.033333 0.066667 0.100000 0.133333 0.166667 0.200000 0.233333 0.266667 0.300000 0.333333 0.366667 0.400000 0.433333 0.466667 0.500000
0.533333 0.566667 0.600000</float_array><technique_common><accessor source="#r_leg3_jnt-Matrix-animation-input-array" count="19"><param name="TIME" type="float"/></accessor></technique_common></source><source id="r_leg3_jnt-Matrix-animation-output-transform"><float_array id="r_leg3_jnt-Matrix-animation-output-transform-array" count="304">

-0.601153 -0.687274 0.407763 -0.336837 -0.579997 0.024215 -0.814259 -0.444096 0.549745 -0.725995 -0.413173 -0.403838 0.000000 0.000000 0.000000 1.000000
-0.599347 -0.683809 0.416159 -0.336837 -0.585361 0.019777 -0.810532 -0.444096 0.546019 -0.729393 -0.412129 -0.403838 0.000000 0.000000 0.000000 1.000000
-0.597520 -0.680687 0.423835 -0.336837 -0.584845 0.008349 -0.811102 -0.444096 0.548568 -0.732527 -0.403085 -0.403838 0.000000 0.000000 0.000000 1.000000
-0.596720 -0.679343 0.427104 -0.336837 -0.583376 0.001794 -0.812200 -0.444096 0.550997 -0.733818 -0.397383 -0.403838 0.000000 0.000000 0.000000 1.000000
-0.597666 -0.680991 0.423139 -0.336837 -0.584033 0.008224 -0.811688 -0.444096 0.549272 -0.732246 -0.402637 -0.403838 0.000000 0.000000 0.000000 1.000000
-0.599691 -0.684451 0.414605 -0.336837 -0.584536 0.020826 -0.811100 -0.444096 0.546524 -0.728761 -0.412576 -0.403838 0.000000 0.000000 0.000000 1.000000
-0.601681 -0.687870 0.405974 -0.336837 -0.583181 0.031024 -0.811749 -0.444096 0.545783 -0.725171 -0.419820 -0.403838 0.000000 0.000000 0.000000 1.000000
-0.602867 -0.690214 0.400194 -0.336837 -0.578806 0.033132 -0.814792 -0.444096 0.549122 -0.722846 -0.419475 -0.403838 0.000000 0.000000 0.000000 1.000000
-0.603363 -0.691480 0.397251 -0.336837 -0.574351 0.031216 -0.818014 -0.444096 0.553239 -0.721721 -0.415987 -0.403838 0.000000 0.000000 0.000000 1.000000
-0.603641 -0.692102 0.395744 -0.336837 -0.572788 0.031210 -0.819109 -0.444096 0.554555 -0.721125 -0.415268 -0.403838 0.000000 0.000000 0.000000 1.000000
-0.603666 -0.692100 0.395708 -0.336837 -0.573198 0.031809 -0.818800 -0.444096 0.554104 -0.721100 -0.415912 -0.403838 0.000000 0.000000 0.000000 1.000000
-0.603365 -0.691426 0.397341 -0.336837 -0.574897 0.031823 -0.817607 -0.444096 0.552670 -0.721746 -0.416700 -0.403838 0.000000 0.000000 0.000000 1.000000
-0.602604 -0.689929 0.401082 -0.336837 -0.577337 0.029915 -0.815958 -0.444096 0.550955 -0.723259 -0.416348 -0.403838 0.000000 0.000000 0.000000 1.000000
-0.601153 -0.687274 0.407763 -0.336837 -0.579997 0.024215 -0.814259 -0.444096 0.549745 -0.725995 -0.413173 -0.403838 0.000000 0.000000 0.000000 1.000000
-0.599136 -0.683680 0.416675 -0.336837 -0.582074 0.014602 -0.813004 -0.444096 0.549751 -0.729636 -0.406701 -0.403838 0.000000 0.000000 0.000000 1.000000
-0.597421 -0.680609 0.424099 -0.336837 -0.583123 0.005652 -0.812365 -0.444096 0.550506 -0.732625 -0.400255 -0.403838 0.000000 0.000000 0.000000 1.000000
-0.596720 -0.679343 0.427104 -0.336837 -0.583376 0.001794 -0.812200 -0.444096 0.550997 -0.733818 -0.397383 -0.403838 0.000000 0.000000 0.000000 1.000000
-0.597666 -0.680991 0.423139 -0.336837 -0.584033 0.008222 -0.811688 -0.444096 0.549273 -0.732246 -0.402635 -0.403838 0.000000 0.000000 0.000000 1.000000
-0.599691 -0.684451 0.414606 -0.336837 -0.584535 0.020824 -0.811102 -0.444096 0.546526 -0.728761 -0.412573 -0.403838 0.000000 0.000000 0.000000 1.000000</float_array><technique_common><accessor source="#r_leg3_jnt-Matrix-animation-output-transform-array" count="19" stride="16"><param type="float4x4"/></accessor></technique_common></source><source id="r_leg3_jnt-Interpolations"><Name_array id="r_leg3_jnt-Interpolations-array" count="19">
 LINEAR LINEAR LINEAR LINEAR LINEAR LINEAR LINEAR LINEAR LINEAR LINEAR LINEAR
LINEAR LINEAR LINEAR LINEAR LINEAR LINEAR LINEAR LINEAR</Name_array><technique_common><accessor source="#r_leg3_jnt-Interpolations-array" count="19"><param type="name"/></accessor></technique_common></source><sampler id="r_leg3_jnt-Matrix-animation-transform"><input semantic="INPUT" source="#r_leg3_jnt-Matrix-animation-input"/><input semantic="OUTPUT" source="#r_leg3_jnt-Matrix-animation-output-transform"/><input semantic="INTERPOLATION" source="#r_leg3_jnt-Interpolations"/></sampler><channel source="#r_leg3_jnt-Matrix-animation-transform" target="r_leg3_jnt/matrix"/></animation></animation>
    <animation id="fin_jnt-anim" name="fin_jnt"><animation><source id="fin_jnt-Matrix-animation-input"><float_array id="fin_jnt-Matrix-animation-input-array" count="19">

0.000000 0.033333 0.066667 0.100000 0.133333 0.166667 0.200000 0.233333 0.266667 0.300000 0.333333 0.366667 0.400000 0.433333 0.466667 0.500000
0.533333 0.566667 0.600000</float_array><technique_common><accessor source="#fin_jnt-Matrix-animation-input-array" count="19"><param name="TIME" type="float"/></accessor></technique_common></source><source id="fin_jnt-Matrix-animation-output-transform"><float_array id="fin_jnt-Matrix-animation-output-transform-array" count="304">

1.000000 0.000000 0.000000 0.000000 0.000000 1.000000 -0.000000 0.860890 0.000000 -0.000000 1.000000 0.206318 0.000000 0.000000 0.000000 1.000000
1.000000 0.000000 0.000000 0.000000 0.000000 1.000000 -0.000000 0.860890 0.000000 -0.000000 1.000000 0.206318 0.000000 0.000000 0.000000 1.000000
1.000000 0.000000 0.000000 0.000000 0.000000 1.000000 -0.000000 0.860890 0.000000 -0.000000 1.000000 0.206318 0.000000 0.000000 0.000000 1.000000
1.000000 0.000000 0.000000 0.000000 0.000000 1.000000 -0.000000 0.860890 0.000000 -0.000000 1.000000 0.206318 0.000000 0.000000 0.000000 1.000000
1.000000 0.000000 0.000000 0.000000 0.000000 1.000000 -0.000000 0.860890 0.000000 -0.000000 1.000000 0.206318 0.000000 0.000000 0.000000 1.000000
1.000000 0.000000 0.000000 0.000000 0.000000 1.000000 -0.000000 0.860890 0.000000 -0.000000 1.000000 0.206318 0.000000 0.000000 0.000000 1.000000
1.000000 0.000000 0.000000 0.000000 0.000000 1.000000 -0.000000 0.860890 0.000000 -0.000000 1.000000 0.206318 0.000000 0.000000 0.000000 1.000000
1.000000 0.000000 0.000000 0.000000 0.000000 1.000000 -0.000000 0.860890 0.000000 -0.000000 1.000000 0.206318 0.000000 0.000000 0.000000 1.000000
1.000000 0.000000 0.000000 0.000000 0.000000 1.000000 -0.000000 0.860890 0.000000 -0.000000 1.000000 0.206318 0.000000 0.000000 0.000000 1.000000
1.000000 0.000000 0.000000 0.000000 0.000000 1.000000 -0.000000 0.860890 0.000000 -0.000000 1.000000 0.206318 0.000000 0.000000 0.000000 1.000000
1.000000 0.000000 0.000000 0.000000 0.000000 1.000000 -0.000000 0.860890 0.000000 -0.000000 1.000000 0.206318 0.000000 0.000000 0.000000 1.000000
1.000000 0.000000 0.000000 0.000000 0.000000 1.000000 -0.000000 0.860890 0.000000 -0.000000 1.000000 0.206318 0.000000 0.000000 0.000000 1.000000
1.000000 0.000000 0.000000 0.000000 0.000000 1.000000 -0.000000 0.860890 0.000000 -0.000000 1.000000 0.206318 0.000000 0.000000 0.000000 1.000000
1.000000 0.000000 0.000000 0.000000 0.000000 1.000000 -0.000000 0.860890 0.000000 -0.000000 1.000000 0.206318 0.000000 0.000000 0.000000 1.000000
1.000000 0.000000 0.000000 0.000000 0.000000 1.000000 -0.000000 0.860890 0.000000 -0.000000 1.000000 0.206318 0.000000 0.000000 0.000000 1.000000
1.000000 0.000000 0.000000 0.000000 0.000000 1.000000 -0.000000 0.860890 0.000000 -0.000000 1.000000 0.206318 0.000000 0.000000 0.000000 1.000000
1.000000 0.000000 0.000000 0.000000 0.000000 1.000000 -0.000000 0.860890 0.000000 -0.000000 1.000000 0.206318 0.000000 0.000000 0.000000 1.000000
1.000000 0.000000 0.000000 0.000000 0.000000 1.000000 -0.000000 0.860890 0.000000 -0.000000 1.000000 0.206318 0.000000 0.000000 0.000000 1.000000
1.000000 0.000000 0.000000 0.000000 0.000000 1.000000 -0.000000 0.860890 0.000000 -0.000000 1.000000 0.206318 0.000000 0.000000 0.000000 1.000000</float_array><technique_common><accessor source="#fin_jnt-Matrix-animation-output-transform-array" count="19" stride="16"><param type="float4x4"/></accessor></technique_common></source><source id="fin_jnt-Interpolations"><Name_array id="fin_jnt-Interpolations-array" count="19">
 LINEAR LINEAR LINEAR LINEAR LINEAR LINEAR LINEAR LINEAR LINEAR LINEAR LINEAR
LINEAR LINEAR LINEAR LINEAR LINEAR LINEAR LINEAR LINEAR</Name_array><technique_common><accessor source="#fin_jnt-Interpolations-array" count="19"><param type="name"/></accessor></technique_common></source><sampler id="fin_jnt-Matrix-animation-transform"><input semantic="INPUT" source="#fin_jnt-Matrix-animation-input"/><input semantic="OUTPUT" source="#fin_jnt-Matrix-animation-output-transform"/><input semantic="INTERPOLATION" source="#fin_jnt-Interpolations"/></sampler><channel source="#fin_jnt-Matrix-animation-transform" target="fin_jnt/matrix"/></animation></animation>
    <animation id="head_jnt-anim" name="head_jnt"><animation><source id="head_jnt-Matrix-animation-input"><float_array id="head_jnt-Matrix-animation-input-array" count="19">

0.000000 0.033333 0.066667 0.100000 0.133333 0.166667 0.200000 0.233333 0.266667 0.300000 0.333333 0.366667 0.400000 0.433333 0.466667 0.500000
0.533333 0.566667 0.600000</float_array><technique_common><accessor source="#head_jnt-Matrix-animation-input-array" count="19"><param name="TIME" type="float"/></accessor></technique_common></source><source id="head_jnt-Matrix-animation-output-transform"><float_array id="head_jnt-Matrix-animation-output-transform-array" count="304">

0.808181 -0.280757 0.517706 0.000000 0.370965 0.925429 -0.077237 -0.212827 -0.457415 0.254472 0.852065 0.514614 0.000000 0.000000 0.000000 1.000000
0.810414 -0.278363 0.515502 -0.000014 0.369383 0.925757 -0.080808 -0.211493 -0.454736 0.255906 0.853069 0.515997 0.000000 0.000000 0.000000 1.000000
0.816578 -0.271734 0.509274 -0.000110 0.364913 0.926614 -0.090693 -0.207931 -0.447256 0.259899 0.855812 0.519564 0.000000 0.000000 0.000000 1.000000
0.825821 -0.261731 0.499517 -0.000372 0.357915 0.927764 -0.105599 -0.202800 -0.435795 0.265990 0.859844 0.524441 0.000000 0.000000 0.000000 1.000000
0.837262 -0.249234 0.486699 -0.000883 0.348729 0.928957 -0.124205 -0.196760 -0.421166 0.273718 0.864695 0.529755 0.000000 0.000000 0.000000 1.000000
0.850036 -0.235113 0.471340 -0.001724 0.337736 0.929974 -0.145199 -0.190470 -0.404195 0.282613 0.869917 0.534632 0.000000 0.000000 0.000000 1.000000
0.863327 -0.220209 0.454064 -0.002979 0.325386 0.930660 -0.167321 -0.184589 -0.385733 0.292199 0.875117 0.538198 0.000000 0.000000 0.000000 1.000000
0.876398 -0.205308 0.435631 -0.004731 0.312227 0.930937 -0.189394 -0.179777 -0.366661 0.302000 0.879975 0.539581 0.000000 0.000000 0.000000 1.000000
0.888610 -0.191130 0.416942 -0.009183 0.298903 0.930813 -0.210345 -0.175501 -0.347892 0.311540 0.884259 0.537356 0.000000 0.000000 0.000000 1.000000
0.899433 -0.178322 0.399026 -0.017189 0.286147 0.930364 -0.229222 -0.171065 -0.330364 0.320350 0.887826 0.531792 0.000000 0.000000 0.000000 1.000000
0.908436 -0.167461 0.383015 -0.026802 0.274761 0.929726 -0.245185 -0.166888 -0.315040 0.327972 0.890609 0.524558 0.000000 0.000000 0.000000 1.000000
0.915270 -0.159074 0.370102 -0.036077 0.265588 0.929068 -0.257481 -0.163386 -0.302891 0.333959 0.892596 0.517325 0.000000 0.000000 0.000000 1.000000
0.919623 -0.153660 0.361500 -0.043069 0.259483 0.928564 -0.265403 -0.160979 -0.294894 0.337873 0.893800 0.511761 0.000000 0.000000 0.000000 1.000000
0.921161 -0.151732 0.358385 -0.045832 0.257273 0.928369 -0.268220 -0.160084 -0.292016 0.339276 0.894214 0.509535 0.000000 0.000000 0.000000 1.000000
0.919623 -0.153660 0.361500 -0.045060 0.259483 0.928564 -0.265403 -0.160972 -0.294894 0.337873 0.893800 0.509621 0.000000 0.000000 0.000000 1.000000
0.915270 -0.159074 0.370102 -0.042912 0.265588 0.929068 -0.257481 -0.163445 -0.302891 0.333959 0.892596 0.509859 0.000000 0.000000 0.000000 1.000000
0.908436 -0.167461 0.383015 -0.039636 0.274761 0.929726 -0.245185 -0.167214 -0.315040 0.327972 0.890609 0.510222 0.000000 0.000000 0.000000 1.000000
0.899433 -0.178322 0.399026 -0.035485 0.286147 0.930364 -0.229222 -0.171991 -0.330364 0.320350 0.887826 0.510682 0.000000 0.000000 0.000000 1.000000
0.888610 -0.191130 0.416942 -0.030708 0.298903 0.930813 -0.210345 -0.177489 -0.347892 0.311540 0.884259 0.511211 0.000000 0.000000 0.000000 1.000000</float_array><technique_common><accessor source="#head_jnt-Matrix-animation-output-transform-array" count="19" stride="16"><param type="float4x4"/></accessor></technique_common></source><source id="head_jnt-Interpolations"><Name_array id="head_jnt-Interpolations-array" count="19">
 LINEAR LINEAR LINEAR LINEAR LINEAR LINEAR LINEAR LINEAR LINEAR LINEAR LINEAR
LINEAR LINEAR LINEAR LINEAR LINEAR LINEAR LINEAR LINEAR</Name_array><technique_common><accessor source="#head_jnt-Interpolations-array" count="19"><param type="name"/></accessor></technique_common></source><sampler id="head_jnt-Matrix-animation-transform"><input semantic="INPUT" source="#head_jnt-Matrix-animation-input"/><input semantic="OUTPUT" source="#head_jnt-Matrix-animation-output-transform"/><input semantic="INTERPOLATION" source="#head_jnt-Interpolations"/></sampler><channel source="#head_jnt-Matrix-animation-transform" target="head_jnt/matrix"/></animation></animation>
    <animation id="r_antenna1_jnt-anim" name="r_antenna1_jnt"><animation><source id="r_antenna1_jnt-Matrix-animation-input"><float_array id="r_antenna1_jnt-Matrix-animation-input-array" count="19">

0.000000 0.033333 0.066667 0.100000 0.133333 0.166667 0.200000 0.233333 0.266667 0.300000 0.333333 0.366667 0.400000 0.433333 0.466667 0.500000
0.533333 0.566667 0.600000</float_array><technique_common><accessor source="#r_antenna1_jnt-Matrix-animation-input-array" count="19"><param name="TIME" type="float"/></accessor></technique_common></source><source id="r_antenna1_jnt-Matrix-animation-output-transform"><float_array id="r_antenna1_jnt-Matrix-animation-output-transform-array" count="304">

0.889292 0.260580 0.375844 -0.248546 0.220379 0.475937 -0.851420 0.276260 -0.400741 0.839989 0.365820 0.377659 0.000000 0.000000 0.000000 1.000000
0.889292 0.240674 0.388891 -0.248546 0.220379 0.519586 -0.825508 0.276260 -0.400741 0.819821 0.409024 0.377659 0.000000 0.000000 0.000000 1.000000
0.889292 0.222490 0.399573 -0.248546 0.220379 0.557092 -0.800676 0.276260 -0.400741 0.800092 0.446385 0.377659 0.000000 0.000000 0.000000 1.000000
0.889292 0.214501 0.403918 -0.248546 0.220379 0.572902 -0.789440 0.276260 -0.400741 0.791058 0.462205 0.377659 0.000000 0.000000 0.000000 1.000000
0.889292 0.224248 0.398589 -0.248546 0.220379 0.553559 -0.803122 0.276260 -0.400741 0.802051 0.442856 0.377659 0.000000 0.000000 0.000000 1.000000
0.889292 0.246946 0.384939 -0.248546 0.220379 0.506137 -0.833821 0.276260 -0.400741 0.826343 0.395682 0.377659 0.000000 0.000000 0.000000 1.000000
0.889292 0.272947 0.366961 -0.248546 0.220379 0.447329 -0.866793 0.276260 -0.400741 0.851702 0.337654 0.377659 0.000000 0.000000 0.000000 1.000000
0.889292 0.293733 0.350544 -0.248546 0.220379 0.396399 -0.891235 0.276260 -0.400741 0.869821 0.287782 0.377659 0.000000 0.000000 0.000000 1.000000
0.889292 0.302161 0.343306 -0.248546 0.220379 0.374636 -0.900600 0.276260 -0.400741 0.876554 0.266571 0.377659 0.000000 0.000000 0.000000 1.000000
0.889292 0.298700 0.346321 -0.248546 0.220379 0.383655 -0.896795 0.276260 -0.400741 0.873835 0.275354 0.377659 0.000000 0.000000 0.000000 1.000000
0.889292 0.289434 0.354102 -0.248546 0.220379 0.407246 -0.886332 0.276260 -0.400741 0.866244 0.298375 0.377659 0.000000 0.000000 0.000000 1.000000
0.889292 0.275989 0.364679 -0.248546 0.220379 0.440107 -0.870482 0.276260 -0.400741 0.854480 0.330562 0.377659 0.000000 0.000000 0.000000 1.000000
0.889292 0.260102 0.376174 -0.248546 0.220379 0.477018 -0.850815 0.276260 -0.400741 0.839524 0.366887 0.377659 0.000000 0.000000 0.000000 1.000000
0.889292 0.243738 0.386979 -0.248546 0.220379 0.513052 -0.829585 0.276260 -0.400741 0.823025 0.402538 0.377659 0.000000 0.000000 0.000000 1.000000
0.889292 0.229095 0.395823 -0.248546 0.220379 0.543717 -0.809818 0.276260 -0.400741 0.807395 0.433035 0.377659 0.000000 0.000000 0.000000 1.000000
0.889292 0.218543 0.401745 -0.248546 0.220379 0.564951 -0.795150 0.276260 -0.400741 0.795657 0.454243 0.377659 0.000000 0.000000 0.000000 1.000000
0.889292 0.214501 0.403918 -0.248546 0.220379 0.572902 -0.789440 0.276260 -0.400741 0.791058 0.462205 0.377659 0.000000 0.000000 0.000000 1.000000
0.889292 0.217576 0.402270 -0.248546 0.220379 0.566863 -0.793788 0.276260 -0.400741 0.794561 0.456157 0.377659 0.000000 0.000000 0.000000 1.000000
0.889292 0.225585 0.397834 -0.248546 0.220379 0.550858 -0.804977 0.276260 -0.400741 0.803534 0.440159 0.377659 0.000000 0.000000 0.000000 1.000000</float_array><technique_common><accessor source="#r_antenna1_jnt-Matrix-animation-output-transform-array" count="19" stride="16"><param type="float4x4"/></accessor></technique_common></source><source id="r_antenna1_jnt-Interpolations"><Name_array id="r_antenna1_jnt-Interpolations-array" count="19">
 LINEAR LINEAR LINEAR LINEAR LINEAR LINEAR LINEAR LINEAR LINEAR LINEAR LINEAR
LINEAR LINEAR LINEAR LINEAR LINEAR LINEAR LINEAR LINEAR</Name_array><technique_common><accessor source="#r_antenna1_jnt-Interpolations-array" count="19"><param type="name"/></accessor></technique_common></source><sampler id="r_antenna1_jnt-Matrix-animation-transform"><input semantic="INPUT" source="#r_antenna1_jnt-Matrix-animation-input"/><input semantic="OUTPUT" source="#r_antenna1_jnt-Matrix-animation-output-transform"/><input semantic="INTERPOLATION" source="#r_antenna1_jnt-Interpolations"/></sampler><channel source="#r_antenna1_jnt-Matrix-animation-transform" target="r_antenna1_jnt/matrix"/></animation></animation>
    <animation id="r_antenna2_jnt-anim" name="r_antenna2_jnt"><animation><source id="r_antenna2_jnt-Matrix-animation-input"><float_array id="r_antenna2_jnt-Matrix-animation-input-array" count="19">

0.000000 0.033333 0.066667 0.100000 0.133333 0.166667 0.200000 0.233333 0.266667 0.300000 0.333333 0.366667 0.400000 0.433333 0.466667 0.500000
0.533333 0.566667 0.600000</float_array><technique_common><accessor source="#r_antenna2_jnt-Matrix-animation-input-array" count="19"><param name="TIME" type="float"/></accessor></technique_common></source><source id="r_antenna2_jnt-Matrix-animation-output-transform"><float_array id="r_antenna2_jnt-Matrix-animation-output-transform-array" count="304">

0.896318 -0.437585 -0.071650 0.000000 0.437358 0.899073 -0.019663 0.000000 0.073022 -0.013712 0.997236 -0.779776 0.000000 0.000000 0.000000 1.000000
0.896318 -0.437585 -0.071650 0.000000 0.437358 0.899073 -0.019663 -0.000000 0.073022 -0.013712 0.997236 -0.779776 0.000000 0.000000 0.000000 1.000000
0.896318 -0.437585 -0.071650 -0.000000 0.437358 0.899073 -0.019663 0.000000 0.073022 -0.013712 0.997236 -0.779776 0.000000 0.000000 0.000000 1.000000
0.896318 -0.437585 -0.071650 0.000000 0.437358 0.899073 -0.019663 0.000000 0.073022 -0.013712 0.997236 -0.779776 0.000000 0.000000 0.000000 1.000000
0.896318 -0.437585 -0.071650 0.000000 0.437358 0.899073 -0.019663 0.000000 0.073022 -0.013712 0.997236 -0.779776 0.000000 0.000000 0.000000 1.000000
0.896318 -0.437585 -0.071650 0.000000 0.437358 0.899073 -0.019663 0.000000 0.073022 -0.013712 0.997236 -0.779776 0.000000 0.000000 0.000000 1.000000
0.896318 -0.437585 -0.071650 0.000000 0.437358 0.899073 -0.019663 0.000000 0.073022 -0.013712 0.997236 -0.779776 0.000000 0.000000 0.000000 1.000000
0.896318 -0.437585 -0.071650 -0.000000 0.437358 0.899073 -0.019663 0.000000 0.073022 -0.013712 0.997236 -0.779776 0.000000 0.000000 0.000000 1.000000
0.896318 -0.437585 -0.071650 -0.000000 0.437358 0.899073 -0.019663 0.000000 0.073022 -0.013712 0.997236 -0.779776 0.000000 0.000000 0.000000 1.000000
0.896318 -0.437585 -0.071650 0.000000 0.437358 0.899073 -0.019663 0.000000 0.073022 -0.013712 0.997236 -0.779776 0.000000 0.000000 0.000000 1.000000
0.896318 -0.437585 -0.071650 -0.000000 0.437358 0.899073 -0.019663 0.000000 0.073022 -0.013712 0.997236 -0.779776 0.000000 0.000000 0.000000 1.000000
0.896318 -0.437585 -0.071650 -0.000000 0.437358 0.899073 -0.019663 0.000000 0.073022 -0.013712 0.997236 -0.779776 0.000000 0.000000 0.000000 1.000000
0.896318 -0.437585 -0.071650 0.000000 0.437358 0.899073 -0.019663 0.000000 0.073022 -0.013712 0.997236 -0.779776 0.000000 0.000000 0.000000 1.000000
0.896318 -0.437585 -0.071650 0.000000 0.437358 0.899073 -0.019663 0.000000 0.073022 -0.013712 0.997236 -0.779776 0.000000 0.000000 0.000000 1.000000
0.896318 -0.437585 -0.071650 -0.000000 0.437358 0.899073 -0.019663 -0.000000 0.073022 -0.013712 0.997236 -0.779776 0.000000 0.000000 0.000000 1.000000
0.896318 -0.437585 -0.071650 0.000000 0.437358 0.899073 -0.019663 0.000000 0.073022 -0.013712 0.997236 -0.779776 0.000000 0.000000 0.000000 1.000000
0.896318 -0.437585 -0.071650 0.000000 0.437358 0.899073 -0.019663 0.000000 0.073022 -0.013712 0.997236 -0.779776 0.000000 0.000000 0.000000 1.000000
0.896318 -0.437585 -0.071650 0.000000 0.437358 0.899073 -0.019663 0.000000 0.073022 -0.013712 0.997236 -0.779776 0.000000 0.000000 0.000000 1.000000
