<?xml version="1.0" encoding="utf-8"?>
<COLLADA xmlns="http://www.collada.org/2005/11/COLLADASchema" version="1.4.1">
  <asset><contributor><author></author><authoring_tool>FBX COLLADA exporter</authoring_tool><comments></comments></contributor><created>2019-12-09T16:08:27Z</created><keywords></keywords><modified>2019-12-09T16:08:27Z</modified><revision></revision><subject></subject><title></title><unit meter="0.010000" name="centimeter"></unit><up_axis>Y_UP</up_axis></asset>
  <library_animations>
    <animation id="spine1_jnt-anim" name="spine1_jnt"><animation><source id="spine1_jnt-Matrix-animation-input"><float_array id="spine1_jnt-Matrix-animation-input-array" count="7">

0.000000 0.033333 0.066667 0.100000 0.133333 0.166667 0.200000</float_array><technique_common><accessor source="#spine1_jnt-Matrix-animation-input-array" count="7"><param name="TIME" type="float"/></accessor></technique_common></source><source id="spine1_jnt-Matrix-animation-output-transform"><float_array id="spine1_jnt-Matrix-animation-output-transform-array" count="112">

-0.128363 0.727206 0.674310 0.424427 -0.707768 0.409106 -0.575931 0.326168 -0.694685 -0.551184 0.462179 -0.016518 0.000000 0.000000 0.000000 1.000000
-0.118859 0.716346 0.687547 0.424427 -0.713201 0.420175 -0.561068 0.326168 -0.690809 -0.557048 0.460956 -0.016518 0.000000 0.000000 0.000000 1.000000
-0.095049 0.688246 0.719224 0.424427 -0.726369 0.446089 -0.522869 0.326168 -0.680701 -0.572121 0.457520 -0.016518 0.000000 0.000000 0.000000 1.000000
-0.064034 0.649903 0.757315 0.424427 -0.742603 0.475921 -0.471211 0.326168 -0.666663 -0.592558 0.452145 -0.016518 0.000000 0.000000 0.000000 1.000000
-0.033016 0.609836 0.791839 0.424427 -0.757833 0.501261 -0.417645 0.326168 -0.651613 -0.613871 0.445604 -0.016518 0.000000 0.000000 0.000000 1.000000
-0.009200 0.578064 0.815939 0.424427 -0.768862 0.517625 -0.375388 0.326168 -0.639349 -0.630798 0.439689 -0.016518 0.000000 0.000000 0.000000 1.000000
0.000307 0.565164 0.824979 0.424427 -0.773107 0.523398 -0.358274 0.326168 -0.634276 -0.637687 0.437093 -0.016518 0.000000 0.000000 0.000000 1.000000</float_array><technique_common><accessor source="#spine1_jnt-Matrix-animation-output-transform-array" count="7" stride="16"><param type="float4x4"/></accessor></technique_common></source><source id="spine1_jnt-Interpolations"><Name_array id="spine1_jnt-Interpolations-array" count="7">
 LINEAR LINEAR LINEAR LINEAR LINEAR LINEAR LINEAR</Name_array><technique_common><accessor source="#spine1_jnt-Interpolations-array" count="7"><param type="name"/></accessor></technique_common></source><sampler id="spine1_jnt-Matrix-animation-transform"><input semantic="INPUT" source="#spine1_jnt-Matrix-animation-input"/><input semantic="OUTPUT" source="#spine1_jnt-Matrix-animation-output-transform"/><input semantic="INTERPOLATION" source="#spine1_jnt-Interpolations"/></sampler><channel source="#spine1_jnt-Matrix-animation-transform" target="spine1_jnt/matrix"/></animation></animation>
    <animation id="r_uleg1_jnt-anim" name="r_uleg1_jnt"><animation><source id="r_uleg1_jnt-Matrix-animation-input"><float_array id="r_uleg1_jnt-Matrix-animation-input-array" count="7">

0.000000 0.033333 0.066667 0.100000 0.133333 0.166667 0.200000</float_array><technique_common><accessor source="#r_uleg1_jnt-Matrix-animation-input-array" count="7"><param name="TIME" type="float"/></accessor></technique_common></source><source id="r_uleg1_jnt-Matrix-animation-output-transform"><float_array id="r_uleg1_jnt-Matrix-animation-output-transform-array" count="112">

-0.727185 -0.638357 0.252393 -0.413257 -0.359712 0.041212 -0.932153 -0.379657 0.584645 -0.768636 -0.259593 0.248367 0.000000 0.000000 0.000000 1.000000
-0.729004 -0.647155 0.223033 -0.413257 -0.346133 0.067413 -0.935760 -0.379657 0.590547 -0.759372 -0.273146 0.248367 0.000000 0.000000 0.000000 1.000000
-0.731270 -0.667913 0.138334 -0.413257 -0.302108 0.135329 -0.943619 -0.379657 0.611535 -0.731832 -0.300744 0.248367 0.000000 0.000000 0.000000 1.000000
-0.722663 -0.691194 -0.003093 -0.413257 -0.216488 0.230590 -0.948663 -0.379657 0.656423 -0.684894 -0.316274 0.248367 0.000000 0.000000 0.000000 1.000000
-0.681176 -0.707380 0.188715 -0.413257 -0.560372 0.337878 -0.756189 -0.379657 0.471150 -0.620848 -0.626550 0.248367 0.000000 0.000000 0.000000 1.000000
-0.673001 -0.710878 0.204260 -0.413257 -0.647616 0.432946 -0.627018 -0.379657 0.357300 -0.554266 -0.751749 0.248367 0.000000 0.000000 0.000000 1.000000
-0.684915 -0.708640 0.169473 -0.413257 -0.640781 0.475105 -0.603055 -0.379657 0.346831 -0.521636 -0.779490 0.248367 0.000000 0.000000 0.000000 1.000000</float_array><technique_common><accessor source="#r_uleg1_jnt-Matrix-animation-output-transform-array" count="7" stride="16"><param type="float4x4"/></accessor></technique_common></source><source id="r_uleg1_jnt-Interpolations"><Name_array id="r_uleg1_jnt-Interpolations-array" count="7">
 LINEAR LINEAR LINEAR LINEAR LINEAR LINEAR LINEAR</Name_array><technique_common><accessor source="#r_uleg1_jnt-Interpolations-array" count="7"><param type="name"/></accessor></technique_common></source><sampler id="r_uleg1_jnt-Matrix-animation-transform"><input semantic="INPUT" source="#r_uleg1_jnt-Matrix-animation-input"/><input semantic="OUTPUT" source="#r_uleg1_jnt-Matrix-animation-output-transform"/><input semantic="INTERPOLATION" source="#r_uleg1_jnt-Interpolations"/></sampler><channel source="#r_uleg1_jnt-Matrix-animation-transform" target="r_uleg1_jnt/matrix"/></animation></animation>
    <animation id="r_leg1_jnt-anim" name="r_leg1_jnt"><animation><source id="r_leg1_jnt-Matrix-animation-input"><float_array id="r_leg1_jnt-Matrix-animation-input-array" count="7">

0.000000 0.033333 0.066667 0.100000 0.133333 0.166667 0.200000</float_array><technique_common><accessor source="#r_leg1_jnt-Matrix-animation-input-array" count="7"><param name="TIME" type="float"/></accessor></technique_common></source><source id="r_leg1_jnt-Matrix-animation-output-transform"><float_array id="r_leg1_jnt-Matrix-animation-output-transform-array" count="112">

1.000000 0.000000 0.000047 -0.000000 -0.000000 1.000000 0.000000 0.000000 -0.000047 -0.000000 1.000000 0.230000 0.000000 0.000000 0.000000 1.000000
1.000000 0.000000 0.000047 -0.000000 -0.000000 1.000000 0.000000 0.000000 -0.000047 -0.000000 1.000000 0.230000 0.000000 0.000000 0.000000 1.000000
1.000000 0.000000 0.000047 -0.000000 -0.000000 1.000000 0.000000 0.000000 -0.000047 -0.000000 1.000000 0.230000 0.000000 0.000000 0.000000 1.000000
1.000000 0.000000 0.000047 -0.000000 -0.000000 1.000000 0.000000 0.000000 -0.000047 -0.000000 1.000000 0.230000 0.000000 0.000000 0.000000 1.000000
0.653384 0.000000 0.757027 -0.000000 0.000000 1.000000 -0.000000 0.000000 -0.757027 0.000000 0.653384 0.230000 0.000000 0.000000 0.000000 1.000000
0.254077 0.000000 0.967184 -0.000000 0.000000 1.000000 -0.000000 0.000000 -0.967184 0.000000 0.254077 0.230000 0.000000 0.000000 0.000000 1.000000
0.142457 0.000000 0.989801 -0.000000 0.000000 1.000000 -0.000000 0.000000 -0.989801 0.000000 0.142457 0.230000 0.000000 0.000000 0.000000 1.000000</float_array><technique_common><accessor source="#r_leg1_jnt-Matrix-animation-output-transform-array" count="7" stride="16"><param type="float4x4"/></accessor></technique_common></source><source id="r_leg1_jnt-Interpolations"><Name_array id="r_leg1_jnt-Interpolations-array" count="7">
 LINEAR LINEAR LINEAR LINEAR LINEAR LINEAR LINEAR</Name_array><technique_common><accessor source="#r_leg1_jnt-Interpolations-array" count="7"><param type="name"/></accessor></technique_common></source><sampler id="r_leg1_jnt-Matrix-animation-transform"><input semantic="INPUT" source="#r_leg1_jnt-Matrix-animation-input"/><input semantic="OUTPUT" source="#r_leg1_jnt-Matrix-animation-output-transform"/><input semantic="INTERPOLATION" source="#r_leg1_jnt-Interpolations"/></sampler><channel source="#r_leg1_jnt-Matrix-animation-transform" target="r_leg1_jnt/matrix"/></animation></animation>
    <animation id="r_leg2_jnt-anim" name="r_leg2_jnt"><animation><source id="r_leg2_jnt-Matrix-animation-input"><float_array id="r_leg2_jnt-Matrix-animation-input-array" count="7">

0.000000 0.033333 0.066667 0.100000 0.133333 0.166667 0.200000</float_array><technique_common><accessor source="#r_leg2_jnt-Matrix-animation-input-array" count="7"><param name="TIME" type="float"/></accessor></technique_common></source><source id="r_leg2_jnt-Matrix-animation-output-transform"><float_array id="r_leg2_jnt-Matrix-animation-output-transform-array" count="112">

0.041940 -0.908397 0.415999 -0.380766 -0.216030 -0.414761 -0.883914 -0.436460 0.975486 -0.052797 -0.213636 -0.094663 0.000000 0.000000 0.000000 1.000000
0.052893 -0.919730 0.388971 -0.380766 -0.230936 -0.390223 -0.891288 -0.436460 0.971530 -0.042684 -0.233039 -0.094663 0.000000 0.000000 0.000000 1.000000
0.080681 -0.947520 0.309350 -0.380766 -0.267313 -0.319561 -0.909079 -0.436460 0.960226 -0.009348 -0.279066 -0.094663 0.000000 0.000000 0.000000 1.000000
0.118109 -0.978059 0.171614 -0.380766 -0.312330 -0.200643 -0.928543 -0.436460 0.942603 0.056069 -0.329175 -0.094663 0.000000 0.000000 0.000000 1.000000
0.158057 -0.987217 -0.020518 -0.380766 -0.354457 -0.037331 -0.934327 -0.436460 0.921617 0.154949 -0.355826 -0.094663 0.000000 0.000000 0.000000 1.000000
0.191406 -0.958080 -0.213183 -0.380766 -0.385248 0.126434 -0.914111 -0.436460 0.902744 0.257095 -0.344898 -0.094663 0.000000 0.000000 0.000000 1.000000
0.205482 -0.931564 -0.299942 -0.380766 -0.397413 0.200649 -0.895435 -0.436460 0.894338 0.303197 -0.328986 -0.094663 0.000000 0.000000 0.000000 1.000000</float_array><technique_common><accessor source="#r_leg2_jnt-Matrix-animation-output-transform-array" count="7" stride="16"><param type="float4x4"/></accessor></technique_common></source><source id="r_leg2_jnt-Interpolations"><Name_array id="r_leg2_jnt-Interpolations-array" count="7">
 LINEAR LINEAR LINEAR LINEAR LINEAR LINEAR LINEAR</Name_array><technique_common><accessor source="#r_leg2_jnt-Interpolations-array" count="7"><param type="name"/></accessor></technique_common></source><sampler id="r_leg2_jnt-Matrix-animation-transform"><input semantic="INPUT" source="#r_leg2_jnt-Matrix-animation-input"/><input semantic="OUTPUT" source="#r_leg2_jnt-Matrix-animation-output-transform"/><input semantic="INTERPOLATION" source="#r_leg2_jnt-Interpolations"/></sampler><channel source="#r_leg2_jnt-Matrix-animation-transform" target="r_leg2_jnt/matrix"/></animation></animation>
    <animation id="r_leg3_jnt-anim" name="r_leg3_jnt"><animation><source id="r_leg3_jnt-Matrix-animation-input"><float_array id="r_leg3_jnt-Matrix-animation-input-array" count="7">

0.000000 0.033333 0.066667 0.100000 0.133333 0.166667 0.200000</float_array><technique_common><accessor source="#r_leg3_jnt-Matrix-animation-input-array" count="7"><param name="TIME" type="float"/></accessor></technique_common></source><source id="r_leg3_jnt-Matrix-animation-output-transform"><float_array id="r_leg3_jnt-Matrix-animation-output-transform-array" count="112">

-0.309556 -0.784116 0.537900 -0.336837 -0.523786 -0.331515 -0.784695 -0.444096 0.793614 -0.524651 -0.308087 -0.403838 0.000000 0.000000 0.000000 1.000000
-0.304253 -0.800072 0.517025 -0.336837 -0.531863 -0.307604 -0.788988 -0.444096 0.790286 -0.515039 -0.331939 -0.403838 0.000000 0.000000 0.000000 1.000000
-0.291483 -0.842802 0.452462 -0.336837 -0.549698 -0.239525 -0.800287 -0.444096 0.782860 -0.481988 -0.393470 -0.403838 0.000000 0.000000 0.000000 1.000000
-0.275801 -0.904116 0.326355 -0.336837 -0.564961 -0.122212 -0.816017 -0.444096 0.777658 -0.409436 -0.477084 -0.403838 0.000000 0.000000 0.000000 1.000000
-0.258118 -0.960279 0.106012 -0.336837 -0.563034 0.060348 -0.824227 -0.444096 0.785091 -0.272437 -0.556247 -0.403838 0.000000 0.000000 0.000000 1.000000
-0.231864 -0.954943 -0.185265 -0.336837 -0.540179 0.284791 -0.791897 -0.444096 0.808978 -0.083537 -0.581873 -0.403838 0.000000 0.000000 0.000000 1.000000
-0.212259 -0.916489 -0.339109 -0.336837 -0.524800 0.399636 -0.751583 -0.444096 0.824337 0.018434 -0.565799 -0.403838 0.000000 0.000000 0.000000 1.000000</float_array><technique_common><accessor source="#r_leg3_jnt-Matrix-animation-output-transform-array" count="7" stride="16"><param type="float4x4"/></accessor></technique_common></source><source id="r_leg3_jnt-Interpolations"><Name_array id="r_leg3_jnt-Interpolations-array" count="7">
 LINEAR LINEAR LINEAR LINEAR LINEAR LINEAR LINEAR</Name_array><technique_common><accessor source="#r_leg3_jnt-Interpolations-array" count="7"><param type="name"/></accessor></technique_common></source><sampler id="r_leg3_jnt-Matrix-animation-transform"><input semantic="INPUT" source="#r_leg3_jnt-Matrix-animation-input"/><input semantic="OUTPUT" source="#r_leg3_jnt-Matrix-animation-output-transform"/><input semantic="INTERPOLATION" source="#r_leg3_jnt-Interpolations"/></sampler><channel source="#r_leg3_jnt-Matrix-animation-transform" target="r_leg3_jnt/matrix"/></animation></animation>
    <animation id="fin_jnt-anim" name="fin_jnt"><animation><source id="fin_jnt-Matrix-animation-input"><float_array id="fin_jnt-Matrix-animation-input-array" count="7">

0.000000 0.033333 0.066667 0.100000 0.133333 0.166667 0.200000</float_array><technique_common><accessor source="#fin_jnt-Matrix-animation-input-array" count="7"><param name="TIME" type="float"/></accessor></technique_common></source><source id="fin_jnt-Matrix-animation-output-transform"><float_array id="fin_jnt-Matrix-animation-output-transform-array" count="112">

1.000000 -0.000000 -0.000000 0.000000 0.000000 1.000000 -0.000000 0.860890 0.000000 -0.000000 1.000000 0.206318 0.000000 0.000000 0.000000 1.000000
1.000000 -0.000000 0.000000 0.000000 -0.000000 1.000000 -0.000000 0.860890 -0.000000 0.000000 1.000000 0.206318 0.000000 0.000000 0.000000 1.000000
1.000000 0.000000 -0.000000 0.000000 0.000000 1.000000 -0.000000 0.860890 0.000000 -0.000000 1.000000 0.206318 0.000000 0.000000 0.000000 1.000000
1.000000 0.000000 0.000000 0.000000 0.000000 1.000000 -0.000000 0.860890 0.000000 -0.000000 1.000000 0.206318 0.000000 0.000000 0.000000 1.000000
1.000000 0.000000 -0.000000 -0.000000 0.000000 1.000000 -0.000000 0.860890 0.000000 -0.000000 1.000000 0.206318 0.000000 0.000000 0.000000 1.000000
1.000000 0.000000 -0.000000 0.000000 0.000000 1.000000 0.000000 0.860890 -0.000000 -0.000000 1.000000 0.206318 0.000000 0.000000 0.000000 1.000000
1.000000 0.000000 0.000000 -0.000000 0.000000 1.000000 0.000000 0.860890 0.000000 -0.000000 1.000000 0.206318 0.000000 0.000000 0.000000 1.000000</float_array><technique_common><accessor source="#fin_jnt-Matrix-animation-output-transform-array" count="7" stride="16"><param type="float4x4"/></accessor></technique_common></source><source id="fin_jnt-Interpolations"><Name_array id="fin_jnt-Interpolations-array" count="7">
 LINEAR LINEAR LINEAR LINEAR LINEAR LINEAR LINEAR</Name_array><technique_common><accessor source="#fin_jnt-Interpolations-array" count="7"><param type="name"/></accessor></technique_common></source><sampler id="fin_jnt-Matrix-animation-transform"><input semantic="INPUT" source="#fin_jnt-Matrix-animation-input"/><input semantic="OUTPUT" source="#fin_jnt-Matrix-animation-output-transform"/><input semantic="INTERPOLATION" source="#fin_jnt-Interpolations"/></sampler><channel source="#fin_jnt-Matrix-animation-transform" target="fin_jnt/matrix"/></animation></animation>
    <animation id="head_jnt-anim" name="head_jnt"><animation><source id="head_jnt-Matrix-animation-input"><float_array id="head_jnt-Matrix-animation-input-array" count="7">

0.000000 0.033333 0.066667 0.100000 0.133333 0.166667 0.200000</float_array><technique_common><accessor source="#head_jnt-Matrix-animation-input-array" count="7"><param name="TIME" type="float"/></accessor></technique_common></source><source id="head_jnt-Matrix-animation-output-transform"><float_array id="head_jnt-Matrix-animation-output-transform-array" count="112">

0.945484 -0.280757 -0.165032 0.000000 0.221087 0.925429 -0.307735 -0.212827 0.239124 0.254472 0.937050 0.514614 0.000000 0.000000 0.000000 1.000000
0.948739 -0.251336 -0.191634 0.011674 0.195910 0.943443 -0.267459 -0.242807 0.248017 0.216206 0.944321 0.496496 0.000000 0.000000 0.000000 1.000000
0.953603 -0.172998 -0.246399 0.033354 0.132872 0.976238 -0.171185 -0.298484 0.270158 0.130503 0.953930 0.462847 0.000000 0.000000 0.000000 1.000000
0.952963 -0.066923 -0.295607 0.045027 0.051225 0.996850 -0.060543 -0.328464 0.298727 0.042553 0.953389 0.444728 0.000000 0.000000 0.000000 1.000000
0.944558 0.047983 -0.324819 0.033354 -0.029330 0.997640 0.062081 -0.298484 0.327031 -0.049112 0.943736 0.462847 0.000000 0.000000 0.000000 1.000000
0.932933 0.147131 -0.328617 0.011674 -0.090054 0.979039 0.182682 -0.242807 0.348607 -0.140837 0.926627 0.496496 0.000000 0.000000 0.000000 1.000000
0.927056 0.188761 -0.323939 0.000000 -0.113952 0.965000 0.236200 -0.212827 0.357187 -0.182057 0.916118 0.514614 0.000000 0.000000 0.000000 1.000000</float_array><technique_common><accessor source="#head_jnt-Matrix-animation-output-transform-array" count="7" stride="16"><param type="float4x4"/></accessor></technique_common></source><source id="head_jnt-Interpolations"><Name_array id="head_jnt-Interpolations-array" count="7">
 LINEAR LINEAR LINEAR LINEAR LINEAR LINEAR LINEAR</Name_array><technique_common><accessor source="#head_jnt-Interpolations-array" count="7"><param type="name"/></accessor></technique_common></source><sampler id="head_jnt-Matrix-animation-transform"><input semantic="INPUT" source="#head_jnt-Matrix-animation-input"/><input semantic="OUTPUT" source="#head_jnt-Matrix-animation-output-transform"/><input semantic="INTERPOLATION" source="#head_jnt-Interpolations"/></sampler><channel source="#head_jnt-Matrix-animation-transform" target="head_jnt/matrix"/></animation></animation>
    <animation id="r_antenna1_jnt-anim" name="r_antenna1_jnt"><animation><source id="r_antenna1_jnt-Matrix-animation-input"><float_array id="r_antenna1_jnt-Matrix-animation-input-array" count="7">

0.000000 0.033333 0.066667 0.100000 0.133333 0.166667 0.200000</float_array><technique_common><accessor source="#r_antenna1_jnt-Matrix-animation-input-array" count="7"><param name="TIME" type="float"/></accessor></technique_common></source><source id="r_antenna1_jnt-Matrix-animation-output-transform"><float_array id="r_antenna1_jnt-Matrix-animation-output-transform-array" count="112">

0.889292 0.260580 0.375844 -0.248546 0.220379 0.475937 -0.851420 0.276260 -0.400741 0.839989 0.365820 0.377659 0.000000 0.000000 0.000000 1.000000
0.889292 0.260580 0.375844 -0.248546 0.220379 0.475937 -0.851420 0.276260 -0.400741 0.839989 0.365820 0.377659 0.000000 0.000000 0.000000 1.000000
0.889292 0.260580 0.375844 -0.248546 0.220379 0.475937 -0.851420 0.276260 -0.400741 0.839989 0.365820 0.377659 0.000000 0.000000 0.000000 1.000000
0.889292 0.260580 0.375844 -0.248546 0.220379 0.475937 -0.851420 0.276260 -0.400741 0.839989 0.365820 0.377659 0.000000 0.000000 0.000000 1.000000
0.889292 0.260580 0.375844 -0.248546 0.220379 0.475937 -0.851420 0.276260 -0.400741 0.839989 0.365820 0.377659 0.000000 0.000000 0.000000 1.000000
0.889292 0.260580 0.375844 -0.248546 0.220379 0.475937 -0.851420 0.276260 -0.400741 0.839989 0.365820 0.377659 0.000000 0.000000 0.000000 1.000000
0.889292 0.260580 0.375844 -0.248546 0.220379 0.475937 -0.851420 0.276260 -0.400741 0.839989 0.365820 0.377659 0.000000 0.000000 0.000000 1.000000</float_array><technique_common><accessor source="#r_antenna1_jnt-Matrix-animation-output-transform-array" count="7" stride="16"><param type="float4x4"/></accessor></technique_common></source><source id="r_antenna1_jnt-Interpolations"><Name_array id="r_antenna1_jnt-Interpolations-array" count="7">
 LINEAR LINEAR LINEAR LINEAR LINEAR LINEAR LINEAR</Name_array><technique_common><accessor source="#r_antenna1_jnt-Interpolations-array" count="7"><param type="name"/></accessor></technique_common></source><sampler id="r_antenna1_jnt-Matrix-animation-transform"><input semantic="INPUT" source="#r_antenna1_jnt-Matrix-animation-input"/><input semantic="OUTPUT" source="#r_antenna1_jnt-Matrix-animation-output-transform"/><input semantic="INTERPOLATION" source="#r_antenna1_jnt-Interpolations"/></sampler><channel source="#r_antenna1_jnt-Matrix-animation-transform" target="r_antenna1_jnt/matrix"/></animation></animation>
    <animation id="r_antenna2_jnt-anim" name="r_antenna2_jnt"><animation><source id="r_antenna2_jnt-Matrix-animation-input"><float_array id="r_antenna2_jnt-Matrix-animation-input-array" count="7">

0.000000 0.033333 0.066667 0.100000 0.133333 0.166667 0.200000</float_array><technique_common><accessor source="#r_antenna2_jnt-Matrix-animation-input-array" count="7"><param name="TIME" type="float"/></accessor></technique_common></source><source id="r_antenna2_jnt-Matrix-animation-output-transform"><float_array id="r_antenna2_jnt-Matrix-animation-output-transform-array" count="112">

0.896318 -0.437585 -0.071650 0.000000 0.437358 0.899073 -0.019663 0.000000 0.073022 -0.013712 0.997236 -0.779776 0.000000 0.000000 0.000000 1.000000
0.896318 -0.437585 -0.071650 0.000000 0.437358 0.899073 -0.019663 0.000000 0.073022 -0.013712 0.997236 -0.779776 0.000000 0.000000 0.000000 1.000000
0.896318 -0.437585 -0.071650 -0.000000 0.437358 0.899073 -0.019663 0.000000 0.073022 -0.013712 0.997236 -0.779776 0.000000 0.000000 0.000000 1.000000
0.896318 -0.437585 -0.071650 0.000000 0.437358 0.899073 -0.019663 0.000000 0.073022 -0.013712 0.997236 -0.779776 0.000000 0.000000 0.000000 1.000000
0.896318 -0.437585 -0.071650 0.000000 0.437358 0.899073 -0.019663 0.000000 0.073022 -0.013712 0.997236 -0.779776 0.000000 0.000000 0.000000 1.000000
0.896318 -0.437585 -0.071650 0.000000 0.437358 0.899073 -0.019663 0.000000 0.073022 -0.013712 0.997236 -0.779776 0.000000 0.000000 0.000000 1.000000
0.896318 -0.437585 -0.071650 -0.000000 0.437358 0.899073 -0.019663 0.000000 0.073022 -0.013712 0.997236 -0.779776 0.000000 0.000000 0.000000 1.000000</float_array><technique_common><accessor source="#r_antenna2_jnt-Matrix-animation-output-transform-array" count="7" stride="16"><param type="float4x4"/></accessor></technique_common></source><source id="r_antenna2_jnt-Interpolations"><Name_array id="r_antenna2_jnt-Interpolations-array" count="7">
 LINEAR LINEAR LINEAR LINEAR LINEAR LINEAR LINEAR</Name_array><technique_common><accessor source="#r_antenna2_jnt-Interpolations-array" count="7"><param type="name"/></accessor></technique_common></source><sampler id="r_antenna2_jnt-Matrix-animation-transform"><input semantic="INPUT" source="#r_antenna2_jnt-Matrix-animation-input"/><input semantic="OUTPUT" source="#r_antenna2_jnt-Matrix-animation-output-transform"/><input semantic="INTERPOLATION" source="#r_antenna2_jnt-Interpolations"/></sampler><channel source="#r_antenna2_jnt-Matrix-animation-transform" target="r_antenna2_jnt/matrix"/></animation></animation>
    <animation id="l_antenna1_jnt-anim" name="l_antenna1_jnt"><animation><source id="l_antenna1_jnt-Matrix-animation-input"><float_array id="l_antenna1_jnt-Matrix-animation-input-array" count="7">

0.000000 0.033333 0.066667 0.100000 0.133333 0.166667 0.200000</float_array><technique_common><accessor source="#l_antenna1_jnt-Matrix-animation-input-array" count="7"><param name="TIME" type="float"/></accessor></technique_common></source><source id="l_antenna1_jnt-Matrix-animation-output-transform"><float_array id="l_antenna1_jnt-Matrix-animation-output-transform-array" count="112">

0.889292 0.260580 0.375844 0.248546 -0.220379 -0.475937 0.851420 0.276260 0.400741 -0.839989 -0.365820 0.377658 0.000000 0.000000 0.000000 1.000000
0.889292 0.260580 0.375844 0.248546 -0.220379 -0.475937 0.851420 0.276260 0.400741 -0.839989 -0.365820 0.377658 0.000000 0.000000 0.000000 1.000000
0.889292 0.260580 0.375844 0.248546 -0.220379 -0.475937 0.851420 0.276260 0.400741 -0.839989 -0.365820 0.377658 0.000000 0.000000 0.000000 1.000000
0.889292 0.260580 0.375844 0.248546 -0.220379 -0.475937 0.851420 0.276260 0.400741 -0.839989 -0.365820 0.377658 0.000000 0.000000 0.000000 1.000000
0.889292 0.260580 0.375844 0.248546 -0.220379 -0.475937 0.851420 0.276260 0.400741 -0.839989 -0.365820 0.377658 0.000000 0.000000 0.000000 1.000000
0.889292 0.260580 0.375844 0.248546 -0.220379 -0.475937 0.851420 0.276260 0.400741 -0.839989 -0.365820 0.377658 0.000000 0.000000 0.000000 1.000000
0.889292 0.260580 0.375844 0.248546 -0.220379 -0.475937 0.851420 0.276260 0.400741 -0.839989 -0.365820 0.377658 0.000000 0.000000 0.000000 1.000000</float_array><technique_common><accessor source="#l_antenna1_jnt-Matrix-animation-output-transform-array" count="7" stride="16"><param type="float4x4"/></accessor></technique_common></source><source id="l_antenna1_jnt-Interpolations"><Name_array id="l_antenna1_jnt-Interpolations-array" count="7">
 LINEAR LINEAR LINEAR LINEAR LINEAR LINEAR LINEAR</Name_array><technique_common><accessor source="#l_antenna1_jnt-Interpolations-array" count="7"><param type="name"/></accessor></technique_common></source><sampler id="l_antenna1_jnt-Matrix-animation-transform"><input semantic="INPUT" source="#l_antenna1_jnt-Matrix-animation-input"/><input semantic="OUTPUT" source="#l_antenna1_jnt-Matrix-animation-output-transform"/><input semantic="INTERPOLATION" source="#l_antenna1_jnt-Interpolations"/></sampler><channel source="#l_antenna1_jnt-Matrix-animation-transform" target="l_antenna1_jnt/matrix"/></animation></animation>
    <animation id="l_antenna2_jnt-anim" name="l_antenna2_jnt"><animation><source id="l_antenna2_jnt-Matrix-animation-input"><float_array id="l_antenna2_jnt-Matrix-animation-input-array" count="7">

0.000000 0.033333 0.066667 0.100000 0.133333 0.166667 0.200000</float_array><technique_common><accessor source="#l_antenna2_jnt-Matrix-animation-input-array" count="7"><param name="TIME" type="float"/></accessor></technique_common></source><source id="l_antenna2_jnt-Matrix-animation-output-transform"><float_array id="l_antenna2_jnt-Matrix-animation-output-transform-array" count="112">

0.896318 -0.437585 -0.071650 0.000000 0.437358 0.899073 -0.019663 -0.000002 0.073022 -0.013712 0.997236 0.779777 0.000000 0.000000 0.000000 1.000000
0.896318 -0.437585 -0.071650 0.000000 0.437358 0.899073 -0.019663 -0.000002 0.073022 -0.013712 0.997236 0.779777 0.000000 0.000000 0.000000 1.000000
0.896318 -0.437585 -0.071650 0.000000 0.437358 0.899073 -0.019663 -0.000002 0.073022 -0.013712 0.997236 0.779777 0.000000 0.000000 0.000000 1.000000
0.896318 -0.437585 -0.071650 0.000000 0.437358 0.899073 -0.019663 -0.000002 0.073022 -0.013712 0.997236 0.779777 0.000000 0.000000 0.000000 1.000000
0.896318 -0.437585 -0.071650 0.000000 0.437358 0.899073 -0.019663 -0.000002 0.073022 -0.013712 0.997236 0.779777 0.000000 0.000000 0.000000 1.000000
0.896318 -0.437585 -0.071650 0.000000 0.437358 0.899073 -0.019663 -0.000002 0.073022 -0.013712 0.997236 0.779777 0.000000 0.000000 0.000000 1.000000
0.896318 -0.437585 -0.071650 0.000000 0.437358 0.899073 -0.019663 -0.000002 0.073022 -0.013712 0.997236 0.779777 0.000000 0.000000 0.000000 1.000000</float_array><technique_common><accessor source="#l_antenna2_jnt-Matrix-animation-output-transform-array" count="7" stride="16"><param type="float4x4"/></accessor></technique_common></source><source id="l_antenna2_jnt-Interpolations"><Name_array id="l_antenna2_jnt-Interpolations-array" count="7">
 LINEAR LINEAR LINEAR LINEAR LINEAR LINEAR LINEAR</Name_array><technique_common><accessor source="#l_antenna2_jnt-Interpolations-array" count="7"><param type="name"/></accessor></technique_common></source><sampler id="l_antenna2_jnt-Matrix-animation-transform"><input semantic="INPUT" source="#l_antenna2_jnt-Matrix-animation-input"/><input semantic="OUTPUT" source="#l_antenna2_jnt-Matrix-animation-output-transform"/><input semantic="INTERPOLATION" source="#l_antenna2_jnt-Interpolations"/></sampler><channel source="#l_antenna2_jnt-Matrix-animation-transform" target="l_antenna2_jnt/matrix"/></animation></animation>
    <animation id="spine2_jnt-anim" name="spine2_jnt"><animation><source id="spine2_jnt-Matrix-animation-input"><float_array id="spine2_jnt-Matrix-animation-input-array" count="7">

0.000000 0.033333 0.066667 0.100000 0.133333 0.166667 0.200000</float_array><technique_common><accessor source="#spine2_jnt-Matrix-animation-input-array" count="7"><param name="TIME" type="float"/></accessor></technique_common></source><source id="spine2_jnt-Matrix-animation-output-transform"><float_array id="spine2_jnt-Matrix-animation-output-transform-array" count="112">

-1.000000 0.000000 0.000000 -0.000000 0.000000 0.797972 -0.602694 -0.193410 -0.000000 -0.602694 -0.797972 -0.576051 0.000000 0.000000 0.000000 1.000000
-1.000000 0.000000 0.000000 -0.000000 0.000000 0.797972 -0.602694 -0.193410 -0.000000 -0.602694 -0.797972 -0.576051 0.000000 0.000000 0.000000 1.000000
-1.000000 0.000000 0.000000 -0.000000 0.000000 0.797972 -0.602694 -0.193410 -0.000000 -0.602694 -0.797972 -0.576051 0.000000 0.000000 0.000000 1.000000
-1.000000 0.000000 0.000000 -0.000000 0.000000 0.797972 -0.602694 -0.193410 -0.000000 -0.602694 -0.797972 -0.576051 0.000000 0.000000 0.000000 1.000000
-1.000000 0.000000 0.000000 -0.000000 -0.000000 0.797972 -0.602694 -0.193410 -0.000000 -0.602694 -0.797972 -0.576051 0.000000 0.000000 0.000000 1.000000
-1.000000 0.000000 0.000000 -0.000000 -0.000000 0.797972 -0.602694 -0.193410 -0.000000 -0.602694 -0.797972 -0.576051 0.000000 0.000000 0.000000 1.000000
-1.000000 0.000000 0.000000 -0.000000 -0.000000 0.797972 -0.602694 -0.193410 -0.000000 -0.602694 -0.797972 -0.576051 0.000000 0.000000 0.000000 1.000000</float_array><technique_common><accessor source="#spine2_jnt-Matrix-animation-output-transform-array" count="7" stride="16"><param type="float4x4"/></accessor></technique_common></source><source id="spine2_jnt-Interpolations"><Name_array id="spine2_jnt-Interpolations-array" count="7">
 LINEAR LINEAR LINEAR LINEAR LINEAR LINEAR LINEAR</Name_array><technique_common><accessor source="#spine2_jnt-Interpolations-array" count="7"><param type="name"/></accessor></technique_common></source><sampler id="spine2_jnt-Matrix-animation-transform"><input semantic="INPUT" source="#spine2_jnt-Matrix-animation-input"/><input semantic="OUTPUT" source="#spine2_jnt-Matrix-animation-output-transform"/><input semantic="INTERPOLATION" source="#spine2_jnt-Interpolations"/></sampler><channel source="#spine2_jnt-Matrix-animation-transform" target="spine2_jnt/matrix"/></animation></animation>
    <animation id="spine3_jnt-anim" name="spine3_jnt"><animation><source id="spine3_jnt-Matrix-animation-input"><float_array id="spine3_jnt-Matrix-animation-input-array" count="7">

0.000000 0.033333 0.066667 0.100000 0.133333 0.166667 0.200000</float_array><technique_common><accessor source="#spine3_jnt-Matrix-animation-input-array" count="7"><param name="TIME" type="float"/></accessor></technique_common></source><source id="spine3_jnt-Matrix-animation-output-transform"><float_array id="spine3_jnt-Matrix-animation-output-transform-array" count="112">

1.000000 0.000000 -0.000000 0.000000 0.000000 0.999915 -0.013009 -0.000000 -0.000000 0.013009 0.999915 0.593174 0.000000 0.000000 0.000000 1.000000
1.000000 -0.000000 0.000000 0.000000 -0.000000 0.999915 -0.013009 -0.000000 -0.000000 0.013009 0.999915 0.593174 0.000000 0.000000 0.000000 1.000000
1.000000 0.000000 -0.000000 0.000000 0.000000 0.999915 -0.013009 -0.000000 -0.000000 0.013009 0.999915 0.593174 0.000000 0.000000 0.000000 1.000000
1.000000 -0.000000 0.000000 0.000000 -0.000000 0.999915 -0.013009 -0.000000 -0.000000 0.013009 0.999915 0.593174 0.000000 0.000000 0.000000 1.000000
1.000000 -0.000000 0.000000 0.000000 0.000000 0.999915 -0.013009 -0.000000 0.000000 0.013009 0.999915 0.593174 0.000000 0.000000 0.000000 1.000000
1.000000 0.000000 -0.000000 0.000000 -0.000000 0.999915 -0.013009 -0.000000 -0.000000 0.013009 0.999915 0.593174 0.000000 0.000000 0.000000 1.000000
1.000000 -0.000000 0.000000 0.000000 -0.000000 0.999915 -0.013009 -0.000000 0.000000 0.013009 0.999915 0.593174 0.000000 0.000000 0.000000 1.000000</float_array><technique_common><accessor source="#spine3_jnt-Matrix-animation-output-transform-array" count="7" stride="16"><param type="float4x4"/></accessor></technique_common></source><source id="spine3_jnt-Interpolations"><Name_array id="spine3_jnt-Interpolations-array" count="7">
 LINEAR LINEAR LINEAR LINEAR LINEAR LINEAR LINEAR</Name_array><technique_common><accessor source="#spine3_jnt-Interpolations-array" count="7"><param type="name"/></accessor></technique_common></source><sampler id="spine3_jnt-Matrix-animation-transform"><input semantic="INPUT" source="#spine3_jnt-Matrix-animation-input"/><input semantic="OUTPUT" source="#spine3_jnt-Matrix-animation-output-transform"/><input semantic="INTERPOLATION" source="#spine3_jnt-Interpolations"/></sampler><channel source="#spine3_jnt-Matrix-animation-transform" target="spine3_jnt/matrix"/></animation></animation>
    <animation id="l_uleg1_jnt-anim" name="l_uleg1_jnt"><animation><source id="l_uleg1_jnt-Matrix-animation-input"><float_array id="l_uleg1_jnt-Matrix-animation-input-array" count="7">

0.000000 0.033333 0.066667 0.100000 0.133333 0.166667 0.200000</float_array><technique_common><accessor source="#l_uleg1_jnt-Matrix-animation-input-array" count="7"><param name="TIME" type="float"/></accessor></technique_common></source><source id="l_uleg1_jnt-Matrix-animation-output-transform"><float_array id="l_uleg1_jnt-Matrix-animation-output-transform-array" count="112">

0.419199 0.004201 -0.907885 0.413257 0.907862 0.006578 0.419218 -0.379656 0.007733 -0.999970 -0.001057 0.248367 0.000000 0.000000 0.000000 1.000000
0.431175 0.016301 -0.902121 0.413257 0.902216 0.003008 0.431275 -0.379656 0.009744 -0.999863 -0.013410 0.248367 0.000000 0.000000 0.000000 1.000000
0.464941 0.054142 -0.883685 0.413257 0.885243 -0.013504 0.464933 -0.379656 0.013239 -0.998442 -0.054208 0.248367 0.000000 0.000000 0.000000 1.000000
0.518426 0.121321 -0.846472 0.413257 0.854942 -0.053225 0.515985 -0.379656 0.017547 -0.991185 -0.131315 0.248367 0.000000 0.000000 0.000000 1.000000
0.086433 0.209022 -0.974084 0.413257 0.991371 -0.114770 0.063339 -0.379656 -0.098556 -0.971153 -0.217138 0.248367 0.000000 0.000000 0.000000 1.000000
0.039750 0.286993 -0.957108 0.413257 0.984550 -0.174726 -0.011503 -0.379656 -0.170533 -0.941863 -0.289504 0.248367 0.000000 0.000000 0.000000 1.000000
0.049661 0.319376 -0.946326 0.413257 0.979519 -0.200687 -0.016327 -0.379656 -0.195129 -0.926134 -0.322801 0.248367 0.000000 0.000000 0.000000 1.000000</float_array><technique_common><accessor source="#l_uleg1_jnt-Matrix-animation-output-transform-array" count="7" stride="16"><param type="float4x4"/></accessor></technique_common></source><source id="l_uleg1_jnt-Interpolations"><Name_array id="l_uleg1_jnt-Interpolations-array" count="7">
 LINEAR LINEAR LINEAR LINEAR LINEAR LINEAR LINEAR</Name_array><technique_common><accessor source="#l_uleg1_jnt-Interpolations-array" count="7"><param type="name"/></accessor></technique_common></source><sampler id="l_uleg1_jnt-Matrix-animation-transform"><input semantic="INPUT" source="#l_uleg1_jnt-Matrix-animation-input"/><input semantic="OUTPUT" source="#l_uleg1_jnt-Matrix-animation-output-transform"/><input semantic="INTERPOLATION" source="#l_uleg1_jnt-Interpolations"/></sampler><channel source="#l_uleg1_jnt-Matrix-animation-transform" target="l_uleg1_jnt/matrix"/></animation></animation>
    <animation id="l_leg1_jnt-anim" name="l_leg1_jnt"><animation><source id="l_leg1_jnt-Matrix-animation-input"><float_array id="l_leg1_jnt-Matrix-animation-input-array" count="7">

0.000000 0.033333 0.066667 0.100000 0.133333 0.166667 0.200000</float_array><technique_common><accessor source="#l_leg1_jnt-Matrix-animation-input-array" count="7"><param name="TIME" type="float"/></accessor></technique_common></source><source id="l_leg1_jnt-Matrix-animation-output-transform"><float_array id="l_leg1_jnt-Matrix-animation-output-transform-array" count="112">

1.000000 -0.000000 0.000049 -0.000000 0.000000 1.000000 -0.000002 0.000000 -0.000049 0.000002 1.000000 -0.230000 0.000000 0.000000 0.000000 1.000000
1.000000 -0.000000 0.000049 -0.000000 0.000000 1.000000 -0.000002 0.000000 -0.000049 0.000002 1.000000 -0.230000 0.000000 0.000000 0.000000 1.000000
1.000000 -0.000000 0.000049 -0.000000 0.000000 1.000000 -0.000002 0.000000 -0.000049 0.000002 1.000000 -0.230000 0.000000 0.000000 0.000000 1.000000
1.000000 -0.000000 0.000049 -0.000000 0.000000 1.000000 -0.000002 0.000000 -0.000049 0.000002 1.000000 -0.230000 0.000000 0.000000 0.000000 1.000000
0.647869 -0.000002 0.761752 -0.000000 0.000000 1.000000 0.000003 0.000000 -0.761752 -0.000002 0.647869 -0.230000 0.000000 0.000000 0.000000 1.000000
0.481615 -0.000004 0.876383 -0.000000 0.000000 1.000000 0.000004 0.000000 -0.876383 -0.000002 0.481615 -0.230000 0.000000 0.000000 0.000000 1.000000
0.444858 -0.000004 0.895601 -0.000000 0.000000 1.000000 0.000004 0.000000 -0.895601 -0.000002 0.444858 -0.230000 0.000000 0.000000 0.000000 1.000000</float_array><technique_common><accessor source="#l_leg1_jnt-Matrix-animation-output-transform-array" count="7" stride="16"><param type="float4x4"/></accessor></technique_common></source><source id="l_leg1_jnt-Interpolations"><Name_array id="l_leg1_jnt-Interpolations-array" count="7">
 LINEAR LINEAR LINEAR LINEAR LINEAR LINEAR LINEAR</Name_array><technique_common><accessor source="#l_leg1_jnt-Interpolations-array" count="7"><param type="name"/></accessor></technique_common></source><sampler id="l_leg1_jnt-Matrix-animation-transform"><input semantic="INPUT" source="#l_leg1_jnt-Matrix-animation-input"/><input semantic="OUTPUT" source="#l_leg1_jnt-Matrix-animation-output-transform"/><input semantic="INTERPOLATION" source="#l_leg1_jnt-Interpolations"/></sampler><channel source="#l_leg1_jnt-Matrix-animation-transform" target="l_leg1_jnt/matrix"/></animation></animation>
    <animation id="l_leg3_jnt-anim" name="l_leg3_jnt"><animation><source id="l_leg3_jnt-Matrix-animation-input"><float_array id="l_leg3_jnt-Matrix-animation-input-array" count="7">

0.000000 0.033333 0.066667 0.100000 0.133333 0.166667 0.200000</float_array><technique_common><accessor source="#l_leg3_jnt-Matrix-animation-input-array" count="7"><param name="TIME" type="float"/></accessor></technique_common></source><source id="l_leg3_jnt-Matrix-animation-output-transform"><float_array id="l_leg3_jnt-Matrix-animation-output-transform-array" count="112">

-0.419886 -0.439194 -0.794232 0.336837 -0.000896 -0.874911 0.484282 -0.444095 -0.907577 0.204055 0.366969 -0.403838 0.000000 0.000000 0.000000 1.000000
-0.438378 -0.435980 -0.785969 0.336837 0.017393 -0.878425 0.477564 -0.444095 -0.898623 0.195683 0.392665 -0.403838 0.000000 0.000000 0.000000 1.000000
-0.484673 -0.427359 -0.763188 0.336837 0.061962 -0.887102 0.457396 -0.444095 -0.872498 0.174399 0.456434 -0.403838 0.000000 0.000000 0.000000 1.000000
-0.544181 -0.414977 -0.729151 0.336837 0.116627 -0.898084 0.424079 -0.444095 -0.830822 0.145737 0.537118 -0.403838 0.000000 0.000000 0.000000 1.000000
-0.601664 -0.401452 -0.690534 0.336837 0.166422 -0.908551 0.383196 -0.444095 -0.781220 0.115635 0.613453 -0.403838 0.000000 0.000000 0.000000 1.000000
-0.643687 -0.390452 -0.658190 0.336837 0.200718 -0.916081 0.347144 -0.444095 -0.738499 0.091341 0.668039 -0.403838 0.000000 0.000000 0.000000 1.000000
-0.659829 -0.385947 -0.644725 0.336837 0.213359 -0.918929 0.331735 -0.444095 -0.720489 0.081330 0.688681 -0.403838 0.000000 0.000000 0.000000 1.000000</float_array><technique_common><accessor source="#l_leg3_jnt-Matrix-animation-output-transform-array" count="7" stride="16"><param type="float4x4"/></accessor></technique_common></source><source id="l_leg3_jnt-Interpolations"><Name_array id="l_leg3_jnt-Interpolations-array" count="7">
