<?xml version="1.0" encoding="utf-8"?>
<COLLADA xmlns="http://www.collada.org/2005/11/COLLADASchema" version="1.4.1">
  <asset><contributor><author></author><authoring_tool>FBX COLLADA exporter</authoring_tool><comments></comments></contributor><created>2019-12-09T16:01:22Z</created><keywords></keywords><modified>2019-12-09T16:01:22Z</modified><revision></revision><subject></subject><title></title><unit meter="0.010000" name="centimeter"></unit><up_axis>Y_UP</up_axis></asset>
  <library_animations>
    <animation id="spine1_jnt-anim" name="spine1_jnt"><animation><source id="spine1_jnt-Matrix-animation-input"><float_array id="spine1_jnt-Matrix-animation-input-array" count="19">

0.000000 0.033333 0.066667 0.100000 0.133333 0.166667 0.200000 0.233333 0.266667 0.300000 0.333333 0.366667 0.400000 0.433333 0.466667 0.500000
0.533333 0.566667 0.600000</float_array><technique_common><accessor source="#spine1_jnt-Matrix-animation-input-array" count="19"><param name="TIME" type="float"/></accessor></technique_common></source><source id="spine1_jnt-Matrix-animation-output-transform"><float_array id="spine1_jnt-Matrix-animation-output-transform-array" count="304">

0.102178 0.736334 0.668858 0.424427 -0.712384 0.523459 -0.467439 0.326168 -0.694311 -0.428722 0.578039 -0.016518 0.000000 0.000000 0.000000 1.000000
0.102178 0.733488 0.671978 0.432953 -0.712384 0.525438 -0.465213 0.328687 -0.694311 -0.431172 0.576214 -0.015827 0.000000 0.000000 0.000000 1.000000
0.102178 0.727180 0.678799 0.451712 -0.712384 0.529760 -0.460285 0.334229 -0.694311 -0.436535 0.572162 -0.014306 0.000000 0.000000 0.000000 1.000000
0.102178 0.720809 0.685561 0.470471 -0.712384 0.534036 -0.455318 0.339771 -0.694311 -0.441859 0.568060 -0.012785 0.000000 0.000000 0.000000 1.000000
0.102178 0.717892 0.688615 0.478997 -0.712384 0.535964 -0.453046 0.342290 -0.694311 -0.444267 0.566179 -0.012093 0.000000 0.000000 0.000000 1.000000
0.102178 0.719835 0.686584 0.473322 -0.712384 0.534682 -0.454559 0.340613 -0.694311 -0.442665 0.567432 -0.012553 0.000000 0.000000 0.000000 1.000000
0.102178 0.724445 0.681718 0.459788 -0.712384 0.531607 -0.458151 0.336615 -0.694311 -0.438832 0.570402 -0.013651 0.000000 0.000000 0.000000 1.000000
0.102178 0.729904 0.675870 0.443636 -0.712384 0.527905 -0.462412 0.331843 -0.694311 -0.434230 0.573913 -0.014961 0.000000 0.000000 0.000000 1.000000
0.102178 0.734442 0.670936 0.430102 -0.712384 0.524778 -0.465958 0.327845 -0.694311 -0.430354 0.576825 -0.016058 0.000000 0.000000 0.000000 1.000000
0.102178 0.736334 0.668858 0.424427 -0.712384 0.523459 -0.467439 0.326168 -0.694311 -0.428722 0.578039 -0.016518 0.000000 0.000000 0.000000 1.000000
0.102178 0.733488 0.671978 0.432953 -0.712384 0.525438 -0.465213 0.328687 -0.694311 -0.431172 0.576214 -0.015827 0.000000 0.000000 0.000000 1.000000
0.102178 0.727180 0.678799 0.451712 -0.712384 0.529760 -0.460285 0.334229 -0.694311 -0.436535 0.572162 -0.014306 0.000000 0.000000 0.000000 1.000000
0.102178 0.720809 0.685561 0.470471 -0.712384 0.534036 -0.455318 0.339771 -0.694311 -0.441859 0.568060 -0.012785 0.000000 0.000000 0.000000 1.000000
0.102178 0.717892 0.688615 0.478997 -0.712384 0.535964 -0.453046 0.342290 -0.694311 -0.444267 0.566179 -0.012093 0.000000 0.000000 0.000000 1.000000
0.102178 0.719835 0.686584 0.473322 -0.712384 0.534682 -0.454559 0.340613 -0.694311 -0.442665 0.567432 -0.012553 0.000000 0.000000 0.000000 1.000000
0.102178 0.724445 0.681718 0.459788 -0.712384 0.531607 -0.458151 0.336615 -0.694311 -0.438832 0.570402 -0.013651 0.000000 0.000000 0.000000 1.000000
0.102178 0.729904 0.675870 0.443636 -0.712384 0.527905 -0.462412 0.331843 -0.694311 -0.434230 0.573913 -0.014961 0.000000 0.000000 0.000000 1.000000
0.102178 0.734442 0.670936 0.430102 -0.712384 0.524778 -0.465958 0.327845 -0.694311 -0.430354 0.576825 -0.016058 0.000000 0.000000 0.000000 1.000000
0.102178 0.736334 0.668858 0.424427 -0.712384 0.523459 -0.467439 0.326168 -0.694311 -0.428722 0.578039 -0.016518 0.000000 0.000000 0.000000 1.000000</float_array><technique_common><accessor source="#spine1_jnt-Matrix-animation-output-transform-array" count="19" stride="16"><param type="float4x4"/></accessor></technique_common></source><source id="spine1_jnt-Interpolations"><Name_array id="spine1_jnt-Interpolations-array" count="19">
 LINEAR LINEAR LINEAR LINEAR LINEAR LINEAR LINEAR LINEAR LINEAR LINEAR LINEAR
LINEAR LINEAR LINEAR LINEAR LINEAR LINEAR LINEAR LINEAR</Name_array><technique_common><accessor source="#spine1_jnt-Interpolations-array" count="19"><param type="name"/></accessor></technique_common></source><sampler id="spine1_jnt-Matrix-animation-transform"><input semantic="INPUT" source="#spine1_jnt-Matrix-animation-input"/><input semantic="OUTPUT" source="#spine1_jnt-Matrix-animation-output-transform"/><input semantic="INTERPOLATION" source="#spine1_jnt-Interpolations"/></sampler><channel source="#spine1_jnt-Matrix-animation-transform" target="spine1_jnt/matrix"/></animation></animation>
    <animation id="r_uleg1_jnt-anim" name="r_uleg1_jnt"><animation><source id="r_uleg1_jnt-Matrix-animation-input"><float_array id="r_uleg1_jnt-Matrix-animation-input-array" count="19">

0.000000 0.033333 0.066667 0.100000 0.133333 0.166667 0.200000 0.233333 0.266667 0.300000 0.333333 0.366667 0.400000 0.433333 0.466667 0.500000
0.533333 0.566667 0.600000</float_array><technique_common><accessor source="#r_uleg1_jnt-Matrix-animation-input-array" count="19"><param name="TIME" type="float"/></accessor></technique_common></source><source id="r_uleg1_jnt-Matrix-animation-output-transform"><float_array id="r_uleg1_jnt-Matrix-animation-output-transform-array" count="304">

-0.670713 -0.740585 0.040949 -0.413257 -0.190638 0.118772 -0.974449 -0.379657 0.716799 -0.661382 -0.220845 0.248367 0.000000 0.000000 0.000000 1.000000
-0.671026 -0.740237 0.042101 -0.413257 -0.198077 0.124259 -0.972278 -0.379657 0.714485 -0.660763 -0.230005 0.248367 0.000000 0.000000 0.000000 1.000000
-0.671703 -0.739480 0.044543 -0.413257 -0.213998 0.136118 -0.967304 -0.379657 0.709239 -0.659273 -0.249678 0.248367 0.000000 0.000000 0.000000 1.000000
-0.672366 -0.738734 0.046863 -0.413257 -0.229333 0.147698 -0.962077 -0.379657 0.703797 -0.657615 -0.268723 0.248367 0.000000 0.000000 0.000000 1.000000
-0.672663 -0.738398 0.047881 -0.413257 -0.236119 0.152872 -0.959624 -0.379657 0.701265 -0.656809 -0.277181 0.248367 0.000000 0.000000 0.000000 1.000000
-0.672466 -0.738621 0.047206 -0.413257 -0.231615 0.149434 -0.961262 -0.379657 0.702954 -0.657349 -0.271565 0.248367 0.000000 0.000000 0.000000 1.000000
-0.671991 -0.739157 0.045556 -0.413257 -0.220670 0.141137 -0.965083 -0.379657 0.706918 -0.658580 -0.257953 0.248367 0.000000 0.000000 0.000000 1.000000
-0.671414 -0.739805 0.043506 -0.413257 -0.207217 0.131048 -0.969478 -0.379657 0.711523 -0.659936 -0.241287 0.248367 0.000000 0.000000 0.000000 1.000000
-0.670922 -0.740353 0.041719 -0.413257 -0.195604 0.122431 -0.973011 -0.379657 0.715264 -0.660975 -0.226957 0.248367 0.000000 0.000000 0.000000 1.000000
-0.670713 -0.740585 0.040949 -0.413257 -0.190638 0.118772 -0.974449 -0.379657 0.716799 -0.661382 -0.220845 0.248367 0.000000 0.000000 0.000000 1.000000
-0.671026 -0.740237 0.042101 -0.413257 -0.198077 0.124259 -0.972278 -0.379657 0.714485 -0.660763 -0.230005 0.248367 0.000000 0.000000 0.000000 1.000000
-0.671703 -0.739480 0.044543 -0.413257 -0.213998 0.136118 -0.967304 -0.379657 0.709239 -0.659273 -0.249678 0.248367 0.000000 0.000000 0.000000 1.000000
-0.672366 -0.738734 0.046863 -0.413257 -0.229333 0.147698 -0.962077 -0.379657 0.703797 -0.657615 -0.268723 0.248367 0.000000 0.000000 0.000000 1.000000
-0.672663 -0.738398 0.047881 -0.413257 -0.236119 0.152872 -0.959624 -0.379657 0.701265 -0.656809 -0.277181 0.248367 0.000000 0.000000 0.000000 1.000000
-0.672466 -0.738621 0.047206 -0.413257 -0.231615 0.149434 -0.961262 -0.379657 0.702954 -0.657349 -0.271565 0.248367 0.000000 0.000000 0.000000 1.000000
-0.671991 -0.739157 0.045556 -0.413257 -0.220670 0.141137 -0.965083 -0.379657 0.706918 -0.658580 -0.257953 0.248367 0.000000 0.000000 0.000000 1.000000
-0.671414 -0.739805 0.043506 -0.413257 -0.207217 0.131048 -0.969478 -0.379657 0.711523 -0.659936 -0.241287 0.248367 0.000000 0.000000 0.000000 1.000000
-0.670922 -0.740353 0.041719 -0.413257 -0.195604 0.122431 -0.973011 -0.379657 0.715264 -0.660975 -0.226957 0.248367 0.000000 0.000000 0.000000 1.000000
-0.670713 -0.740585 0.040949 -0.413257 -0.190638 0.118772 -0.974449 -0.379657 0.716799 -0.661382 -0.220845 0.248367 0.000000 0.000000 0.000000 1.000000</float_array><technique_common><accessor source="#r_uleg1_jnt-Matrix-animation-output-transform-array" count="19" stride="16"><param type="float4x4"/></accessor></technique_common></source><source id="r_uleg1_jnt-Interpolations"><Name_array id="r_uleg1_jnt-Interpolations-array" count="19">
 LINEAR LINEAR LINEAR LINEAR LINEAR LINEAR LINEAR LINEAR LINEAR LINEAR LINEAR
LINEAR LINEAR LINEAR LINEAR LINEAR LINEAR LINEAR LINEAR</Name_array><technique_common><accessor source="#r_uleg1_jnt-Interpolations-array" count="19"><param type="name"/></accessor></technique_common></source><sampler id="r_uleg1_jnt-Matrix-animation-transform"><input semantic="INPUT" source="#r_uleg1_jnt-Matrix-animation-input"/><input semantic="OUTPUT" source="#r_uleg1_jnt-Matrix-animation-output-transform"/><input semantic="INTERPOLATION" source="#r_uleg1_jnt-Interpolations"/></sampler><channel source="#r_uleg1_jnt-Matrix-animation-transform" target="r_uleg1_jnt/matrix"/></animation></animation>
    <animation id="r_leg1_jnt-anim" name="r_leg1_jnt"><animation><source id="r_leg1_jnt-Matrix-animation-input"><float_array id="r_leg1_jnt-Matrix-animation-input-array" count="19">

0.000000 0.033333 0.066667 0.100000 0.133333 0.166667 0.200000 0.233333 0.266667 0.300000 0.333333 0.366667 0.400000 0.433333 0.466667 0.500000
0.533333 0.566667 0.600000</float_array><technique_common><accessor source="#r_leg1_jnt-Matrix-animation-input-array" count="19"><param name="TIME" type="float"/></accessor></technique_common></source><source id="r_leg1_jnt-Matrix-animation-output-transform"><float_array id="r_leg1_jnt-Matrix-animation-output-transform-array" count="304">

1.000000 0.000000 0.000047 -0.000000 -0.000000 1.000000 0.000000 0.000000 -0.000047 -0.000000 1.000000 0.230000 0.000000 0.000000 0.000000 1.000000
1.000000 0.000000 0.000047 -0.000000 -0.000000 1.000000 0.000000 0.000000 -0.000047 -0.000000 1.000000 0.230000 0.000000 0.000000 0.000000 1.000000
1.000000 0.000000 0.000047 -0.000000 -0.000000 1.000000 0.000000 0.000000 -0.000047 -0.000000 1.000000 0.230000 0.000000 0.000000 0.000000 1.000000
1.000000 0.000000 0.000047 -0.000000 -0.000000 1.000000 0.000000 0.000000 -0.000047 -0.000000 1.000000 0.230000 0.000000 0.000000 0.000000 1.000000
1.000000 0.000000 0.000047 -0.000000 -0.000000 1.000000 0.000000 0.000000 -0.000047 -0.000000 1.000000 0.230000 0.000000 0.000000 0.000000 1.000000
1.000000 0.000000 0.000047 -0.000000 -0.000000 1.000000 0.000000 0.000000 -0.000047 -0.000000 1.000000 0.230000 0.000000 0.000000 0.000000 1.000000
1.000000 0.000000 0.000047 -0.000000 -0.000000 1.000000 0.000000 0.000000 -0.000047 -0.000000 1.000000 0.230000 0.000000 0.000000 0.000000 1.000000
1.000000 0.000000 0.000047 -0.000000 -0.000000 1.000000 0.000000 0.000000 -0.000047 -0.000000 1.000000 0.230000 0.000000 0.000000 0.000000 1.000000
1.000000 0.000000 0.000047 -0.000000 -0.000000 1.000000 0.000000 0.000000 -0.000047 -0.000000 1.000000 0.230000 0.000000 0.000000 0.000000 1.000000
1.000000 0.000000 0.000047 -0.000000 -0.000000 1.000000 0.000000 0.000000 -0.000047 -0.000000 1.000000 0.230000 0.000000 0.000000 0.000000 1.000000
1.000000 0.000000 0.000047 -0.000000 -0.000000 1.000000 0.000000 0.000000 -0.000047 -0.000000 1.000000 0.230000 0.000000 0.000000 0.000000 1.000000
1.000000 0.000000 0.000047 -0.000000 -0.000000 1.000000 0.000000 0.000000 -0.000047 -0.000000 1.000000 0.230000 0.000000 0.000000 0.000000 1.000000
1.000000 0.000000 0.000047 -0.000000 -0.000000 1.000000 0.000000 0.000000 -0.000047 -0.000000 1.000000 0.230000 0.000000 0.000000 0.000000 1.000000
1.000000 0.000000 0.000047 -0.000000 -0.000000 1.000000 0.000000 0.000000 -0.000047 -0.000000 1.000000 0.230000 0.000000 0.000000 0.000000 1.000000
1.000000 0.000000 0.000047 -0.000000 -0.000000 1.000000 0.000000 0.000000 -0.000047 -0.000000 1.000000 0.230000 0.000000 0.000000 0.000000 1.000000
1.000000 0.000000 0.000047 -0.000000 -0.000000 1.000000 0.000000 0.000000 -0.000047 -0.000000 1.000000 0.230000 0.000000 0.000000 0.000000 1.000000
1.000000 0.000000 0.000047 -0.000000 -0.000000 1.000000 0.000000 0.000000 -0.000047 -0.000000 1.000000 0.230000 0.000000 0.000000 0.000000 1.000000
1.000000 0.000000 0.000047 -0.000000 -0.000000 1.000000 0.000000 0.000000 -0.000047 -0.000000 1.000000 0.230000 0.000000 0.000000 0.000000 1.000000
1.000000 0.000000 0.000047 -0.000000 -0.000000 1.000000 0.000000 0.000000 -0.000047 -0.000000 1.000000 0.230000 0.000000 0.000000 0.000000 1.000000</float_array><technique_common><accessor source="#r_leg1_jnt-Matrix-animation-output-transform-array" count="19" stride="16"><param type="float4x4"/></accessor></technique_common></source><source id="r_leg1_jnt-Interpolations"><Name_array id="r_leg1_jnt-Interpolations-array" count="19">
 LINEAR LINEAR LINEAR LINEAR LINEAR LINEAR LINEAR LINEAR LINEAR LINEAR LINEAR
LINEAR LINEAR LINEAR LINEAR LINEAR LINEAR LINEAR LINEAR</Name_array><technique_common><accessor source="#r_leg1_jnt-Interpolations-array" count="19"><param type="name"/></accessor></technique_common></source><sampler id="r_leg1_jnt-Matrix-animation-transform"><input semantic="INPUT" source="#r_leg1_jnt-Matrix-animation-input"/><input semantic="OUTPUT" source="#r_leg1_jnt-Matrix-animation-output-transform"/><input semantic="INTERPOLATION" source="#r_leg1_jnt-Interpolations"/></sampler><channel source="#r_leg1_jnt-Matrix-animation-transform" target="r_leg1_jnt/matrix"/></animation></animation>
    <animation id="r_leg2_jnt-anim" name="r_leg2_jnt"><animation><source id="r_leg2_jnt-Matrix-animation-input"><float_array id="r_leg2_jnt-Matrix-animation-input-array" count="19">

0.000000 0.033333 0.066667 0.100000 0.133333 0.166667 0.200000 0.233333 0.266667 0.300000 0.333333 0.366667 0.400000 0.433333 0.466667 0.500000
0.533333 0.566667 0.600000</float_array><technique_common><accessor source="#r_leg2_jnt-Matrix-animation-input-array" count="19"><param name="TIME" type="float"/></accessor></technique_common></source><source id="r_leg2_jnt-Matrix-animation-output-transform"><float_array id="r_leg2_jnt-Matrix-animation-output-transform-array" count="304">

0.171928 -0.974254 0.145844 -0.380766 -0.163612 -0.174233 -0.971017 -0.436460 0.971428 0.143083 -0.189355 -0.094663 0.000000 0.000000 0.000000 1.000000
0.170546 -0.974453 0.146135 -0.380766 -0.175320 -0.175950 -0.968661 -0.436460 0.969627 0.139581 -0.200849 -0.094663 0.000000 0.000000 0.000000 1.000000
0.167622 -0.974873 0.146718 -0.380766 -0.200409 -0.179412 -0.963145 -0.436460 0.965266 0.132040 -0.225447 -0.094663 0.000000 0.000000 0.000000 1.000000
0.164848 -0.975268 0.147230 -0.380766 -0.224613 -0.182470 -0.957211 -0.436460 0.960403 0.124725 -0.249138 -0.094663 0.000000 0.000000 0.000000 1.000000
0.163634 -0.975441 0.147441 -0.380766 -0.235332 -0.183737 -0.954390 -0.436460 0.958041 0.121473 -0.259618 -0.094663 0.000000 0.000000 0.000000 1.000000
0.164439 -0.975327 0.147302 -0.380766 -0.228217 -0.182902 -0.956276 -0.436460 0.959623 0.123632 -0.252662 -0.094663 0.000000 0.000000 0.000000 1.000000
0.166410 -0.975046 0.146947 -0.380766 -0.210936 -0.180776 -0.960638 -0.436460 0.963231 0.128863 -0.235755 -0.094663 0.000000 0.000000 0.000000 1.000000
0.168862 -0.974695 0.146476 -0.380766 -0.189718 -0.177973 -0.965574 -0.436460 0.967209 0.135259 -0.214970 -0.094663 0.000000 0.000000 0.000000 1.000000
0.171004 -0.974387 0.146040 -0.380766 -0.171426 -0.175386 -0.969460 -0.436460 0.970243 0.140747 -0.197027 -0.094663 0.000000 0.000000 0.000000 1.000000
0.171928 -0.974254 0.145844 -0.380766 -0.163612 -0.174233 -0.971017 -0.436460 0.971428 0.143083 -0.189355 -0.094663 0.000000 0.000000 0.000000 1.000000
0.170546 -0.974453 0.146135 -0.380766 -0.175320 -0.175950 -0.968661 -0.436460 0.969627 0.139581 -0.200849 -0.094663 0.000000 0.000000 0.000000 1.000000
0.167622 -0.974873 0.146718 -0.380766 -0.200409 -0.179412 -0.963145 -0.436460 0.965266 0.132040 -0.225447 -0.094663 0.000000 0.000000 0.000000 1.000000
0.164848 -0.975268 0.147230 -0.380766 -0.224613 -0.182470 -0.957211 -0.436460 0.960403 0.124725 -0.249138 -0.094663 0.000000 0.000000 0.000000 1.000000
0.163634 -0.975441 0.147441 -0.380766 -0.235332 -0.183737 -0.954390 -0.436460 0.958041 0.121473 -0.259618 -0.094663 0.000000 0.000000 0.000000 1.000000
0.164439 -0.975327 0.147302 -0.380766 -0.228217 -0.182902 -0.956276 -0.436460 0.959623 0.123632 -0.252662 -0.094663 0.000000 0.000000 0.000000 1.000000
0.166410 -0.975046 0.146947 -0.380766 -0.210936 -0.180776 -0.960638 -0.436460 0.963231 0.128863 -0.235755 -0.094663 0.000000 0.000000 0.000000 1.000000
0.168862 -0.974695 0.146476 -0.380766 -0.189718 -0.177973 -0.965574 -0.436460 0.967209 0.135259 -0.214970 -0.094663 0.000000 0.000000 0.000000 1.000000
0.171004 -0.974387 0.146040 -0.380766 -0.171426 -0.175386 -0.969460 -0.436460 0.970243 0.140747 -0.197027 -0.094663 0.000000 0.000000 0.000000 1.000000
0.171928 -0.974254 0.145844 -0.380766 -0.163612 -0.174233 -0.971017 -0.436460 0.971428 0.143083 -0.189355 -0.094663 0.000000 0.000000 0.000000 1.000000</float_array><technique_common><accessor source="#r_leg2_jnt-Matrix-animation-output-transform-array" count="19" stride="16"><param type="float4x4"/></accessor></technique_common></source><source id="r_leg2_jnt-Interpolations"><Name_array id="r_leg2_jnt-Interpolations-array" count="19">
 LINEAR LINEAR LINEAR LINEAR LINEAR LINEAR LINEAR LINEAR LINEAR LINEAR LINEAR
LINEAR LINEAR LINEAR LINEAR LINEAR LINEAR LINEAR LINEAR</Name_array><technique_common><accessor source="#r_leg2_jnt-Interpolations-array" count="19"><param type="name"/></accessor></technique_common></source><sampler id="r_leg2_jnt-Matrix-animation-transform"><input semantic="INPUT" source="#r_leg2_jnt-Matrix-animation-input"/><input semantic="OUTPUT" source="#r_leg2_jnt-Matrix-animation-output-transform"/><input semantic="INTERPOLATION" source="#r_leg2_jnt-Interpolations"/></sampler><channel source="#r_leg2_jnt-Matrix-animation-transform" target="r_leg2_jnt/matrix"/></animation></animation>
    <animation id="r_leg3_jnt-anim" name="r_leg3_jnt"><animation><source id="r_leg3_jnt-Matrix-animation-input"><float_array id="r_leg3_jnt-Matrix-animation-input-array" count="19">

0.000000 0.033333 0.066667 0.100000 0.133333 0.166667 0.200000 0.233333 0.266667 0.300000 0.333333 0.366667 0.400000 0.433333 0.466667 0.500000
0.533333 0.566667 0.600000</float_array><technique_common><accessor source="#r_leg3_jnt-Matrix-animation-input-array" count="19"><param name="TIME" type="float"/></accessor></technique_common></source><source id="r_leg3_jnt-Matrix-animation-output-transform"><float_array id="r_leg3_jnt-Matrix-animation-output-transform-array" count="304">

-0.256356 -0.951416 0.170555 -0.336837 -0.355156 -0.071392 -0.932077 -0.444096 0.898969 -0.299517 -0.319599 -0.403838 0.000000 0.000000 0.000000 1.000000
-0.258288 -0.950859 0.170746 -0.336837 -0.367299 -0.066815 -0.927700 -0.444096 0.893520 -0.302329 -0.331992 -0.403838 0.000000 0.000000 0.000000 1.000000
-0.262337 -0.949688 0.171091 -0.336837 -0.392900 -0.056818 -0.917824 -0.444096 0.881368 -0.308001 -0.358227 -0.403838 0.000000 0.000000 0.000000 1.000000
-0.266130 -0.948586 0.171345 -0.336837 -0.417067 -0.046943 -0.907663 -0.444096 0.869040 -0.313018 -0.383131 -0.403838 0.000000 0.000000 0.000000 1.000000
-0.267776 -0.948107 0.171433 -0.336837 -0.427608 -0.042501 -0.902965 -0.444096 0.863393 -0.315098 -0.394037 -0.403838 0.000000 0.000000 0.000000 1.000000
-0.266685 -0.948425 0.171376 -0.336837 -0.420622 -0.045454 -0.906097 -0.444096 0.867154 -0.313727 -0.386806 -0.403838 0.000000 0.000000 0.000000 1.000000
-0.264000 -0.949205 0.171211 -0.336837 -0.403474 -0.052550 -0.913481 -0.444096 0.876078 -0.310238 -0.369107 -0.403838 0.000000 0.000000 0.000000 1.000000
-0.260627 -0.950183 0.170954 -0.336837 -0.382060 -0.061109 -0.922115 -0.444096 0.886625 -0.305643 -0.347100 -0.403838 0.000000 0.000000 0.000000 1.000000
-0.257649 -0.951044 0.170684 -0.336837 -0.363274 -0.068344 -0.929172 -0.444096 0.895348 -0.301405 -0.327881 -0.403838 0.000000 0.000000 0.000000 1.000000
-0.256356 -0.951416 0.170555 -0.336837 -0.355156 -0.071392 -0.932077 -0.444096 0.898969 -0.299517 -0.319599 -0.403838 0.000000 0.000000 0.000000 1.000000
-0.258288 -0.950859 0.170746 -0.336837 -0.367299 -0.066815 -0.927700 -0.444096 0.893520 -0.302329 -0.331992 -0.403838 0.000000 0.000000 0.000000 1.000000
-0.262337 -0.949688 0.171091 -0.336837 -0.392900 -0.056818 -0.917824 -0.444096 0.881368 -0.308001 -0.358227 -0.403838 0.000000 0.000000 0.000000 1.000000
-0.266130 -0.948586 0.171345 -0.336837 -0.417067 -0.046943 -0.907663 -0.444096 0.869040 -0.313018 -0.383131 -0.403838 0.000000 0.000000 0.000000 1.000000
-0.267776 -0.948107 0.171433 -0.336837 -0.427608 -0.042501 -0.902965 -0.444096 0.863393 -0.315098 -0.394037 -0.403838 0.000000 0.000000 0.000000 1.000000
-0.266685 -0.948425 0.171376 -0.336837 -0.420622 -0.045454 -0.906097 -0.444096 0.867154 -0.313727 -0.386806 -0.403838 0.000000 0.000000 0.000000 1.000000
-0.264000 -0.949205 0.171211 -0.336837 -0.403474 -0.052550 -0.913481 -0.444096 0.876078 -0.310238 -0.369107 -0.403838 0.000000 0.000000 0.000000 1.000000
-0.260627 -0.950183 0.170954 -0.336837 -0.382060 -0.061109 -0.922115 -0.444096 0.886625 -0.305643 -0.347100 -0.403838 0.000000 0.000000 0.000000 1.000000
-0.257649 -0.951044 0.170684 -0.336837 -0.363274 -0.068344 -0.929172 -0.444096 0.895348 -0.301405 -0.327881 -0.403838 0.000000 0.000000 0.000000 1.000000
-0.256356 -0.951416 0.170555 -0.336837 -0.355156 -0.071392 -0.932077 -0.444096 0.898969 -0.299517 -0.319599 -0.403838 0.000000 0.000000 0.000000 1.000000</float_array><technique_common><accessor source="#r_leg3_jnt-Matrix-animation-output-transform-array" count="19" stride="16"><param type="float4x4"/></accessor></technique_common></source><source id="r_leg3_jnt-Interpolations"><Name_array id="r_leg3_jnt-Interpolations-array" count="19">
 LINEAR LINEAR LINEAR LINEAR LINEAR LINEAR LINEAR LINEAR LINEAR LINEAR LINEAR
LINEAR LINEAR LINEAR LINEAR LINEAR LINEAR LINEAR LINEAR</Name_array><technique_common><accessor source="#r_leg3_jnt-Interpolations-array" count="19"><param type="name"/></accessor></technique_common></source><sampler id="r_leg3_jnt-Matrix-animation-transform"><input semantic="INPUT" source="#r_leg3_jnt-Matrix-animation-input"/><input semantic="OUTPUT" source="#r_leg3_jnt-Matrix-animation-output-transform"/><input semantic="INTERPOLATION" source="#r_leg3_jnt-Interpolations"/></sampler><channel source="#r_leg3_jnt-Matrix-animation-transform" target="r_leg3_jnt/matrix"/></animation></animation>
    <animation id="fin_jnt-anim" name="fin_jnt"><animation><source id="fin_jnt-Matrix-animation-input"><float_array id="fin_jnt-Matrix-animation-input-array" count="19">

0.000000 0.033333 0.066667 0.100000 0.133333 0.166667 0.200000 0.233333 0.266667 0.300000 0.333333 0.366667 0.400000 0.433333 0.466667 0.500000
0.533333 0.566667 0.600000</float_array><technique_common><accessor source="#fin_jnt-Matrix-animation-input-array" count="19"><param name="TIME" type="float"/></accessor></technique_common></source><source id="fin_jnt-Matrix-animation-output-transform"><float_array id="fin_jnt-Matrix-animation-output-transform-array" count="304">

1.000000 0.000000 0.000000 0.000000 0.000000 1.000000 0.000000 0.860890 0.000000 -0.000000 1.000000 0.206318 0.000000 0.000000 0.000000 1.000000
1.000000 0.000000 0.000000 0.000000 0.000000 1.000000 0.000000 0.860890 -0.000000 0.000000 1.000000 0.206318 0.000000 0.000000 0.000000 1.000000
1.000000 0.000000 -0.000000 0.000000 0.000000 1.000000 -0.000000 0.860890 0.000000 0.000000 1.000000 0.206318 0.000000 0.000000 0.000000 1.000000
1.000000 0.000000 0.000000 0.000000 0.000000 1.000000 0.000000 0.860890 0.000000 0.000000 1.000000 0.206318 0.000000 0.000000 0.000000 1.000000
1.000000 0.000000 0.000000 0.000000 0.000000 1.000000 0.000000 0.860890 0.000000 0.000000 1.000000 0.206318 0.000000 0.000000 0.000000 1.000000
1.000000 -0.000000 0.000000 0.000000 0.000000 1.000000 -0.000000 0.860890 -0.000000 -0.000000 1.000000 0.206318 0.000000 0.000000 0.000000 1.000000
1.000000 -0.000000 0.000000 0.000000 0.000000 1.000000 -0.000000 0.860890 0.000000 0.000000 1.000000 0.206318 0.000000 0.000000 0.000000 1.000000
1.000000 0.000000 -0.000000 0.000000 0.000000 1.000000 0.000000 0.860890 0.000000 0.000000 1.000000 0.206318 0.000000 0.000000 0.000000 1.000000
1.000000 0.000000 -0.000000 0.000000 0.000000 1.000000 -0.000000 0.860890 0.000000 0.000000 1.000000 0.206318 0.000000 0.000000 0.000000 1.000000
1.000000 0.000000 0.000000 0.000000 0.000000 1.000000 0.000000 0.860890 0.000000 -0.000000 1.000000 0.206318 0.000000 0.000000 0.000000 1.000000
1.000000 0.000000 0.000000 0.000000 0.000000 1.000000 0.000000 0.860890 -0.000000 0.000000 1.000000 0.206318 0.000000 0.000000 0.000000 1.000000
1.000000 0.000000 -0.000000 0.000000 0.000000 1.000000 -0.000000 0.860890 0.000000 0.000000 1.000000 0.206318 0.000000 0.000000 0.000000 1.000000
1.000000 0.000000 0.000000 0.000000 0.000000 1.000000 0.000000 0.860890 0.000000 0.000000 1.000000 0.206318 0.000000 0.000000 0.000000 1.000000
1.000000 0.000000 0.000000 0.000000 0.000000 1.000000 0.000000 0.860890 0.000000 0.000000 1.000000 0.206318 0.000000 0.000000 0.000000 1.000000
1.000000 -0.000000 0.000000 0.000000 0.000000 1.000000 -0.000000 0.860890 -0.000000 -0.000000 1.000000 0.206318 0.000000 0.000000 0.000000 1.000000
1.000000 -0.000000 0.000000 0.000000 0.000000 1.000000 -0.000000 0.860890 0.000000 0.000000 1.000000 0.206318 0.000000 0.000000 0.000000 1.000000
1.000000 0.000000 -0.000000 0.000000 0.000000 1.000000 0.000000 0.860890 0.000000 0.000000 1.000000 0.206318 0.000000 0.000000 0.000000 1.000000
1.000000 0.000000 -0.000000 0.000000 0.000000 1.000000 -0.000000 0.860890 0.000000 0.000000 1.000000 0.206318 0.000000 0.000000 0.000000 1.000000
1.000000 0.000000 0.000000 0.000000 0.000000 1.000000 0.000000 0.860890 0.000000 -0.000000 1.000000 0.206318 0.000000 0.000000 0.000000 1.000000</float_array><technique_common><accessor source="#fin_jnt-Matrix-animation-output-transform-array" count="19" stride="16"><param type="float4x4"/></accessor></technique_common></source><source id="fin_jnt-Interpolations"><Name_array id="fin_jnt-Interpolations-array" count="19">
 LINEAR LINEAR LINEAR LINEAR LINEAR LINEAR LINEAR LINEAR LINEAR LINEAR LINEAR
LINEAR LINEAR LINEAR LINEAR LINEAR LINEAR LINEAR LINEAR</Name_array><technique_common><accessor source="#fin_jnt-Interpolations-array" count="19"><param type="name"/></accessor></technique_common></source><sampler id="fin_jnt-Matrix-animation-transform"><input semantic="INPUT" source="#fin_jnt-Matrix-animation-input"/><input semantic="OUTPUT" source="#fin_jnt-Matrix-animation-output-transform"/><input semantic="INTERPOLATION" source="#fin_jnt-Interpolations"/></sampler><channel source="#fin_jnt-Matrix-animation-transform" target="fin_jnt/matrix"/></animation></animation>
    <animation id="head_jnt-anim" name="head_jnt"><animation><source id="head_jnt-Matrix-animation-input"><float_array id="head_jnt-Matrix-animation-input-array" count="19">

0.000000 0.033333 0.066667 0.100000 0.133333 0.166667 0.200000 0.233333 0.266667 0.300000 0.333333 0.366667 0.400000 0.433333 0.466667 0.500000
0.533333 0.566667 0.600000</float_array><technique_common><accessor source="#head_jnt-Matrix-animation-input-array" count="19"><param name="TIME" type="float"/></accessor></technique_common></source><source id="head_jnt-Matrix-animation-output-transform"><float_array id="head_jnt-Matrix-animation-output-transform-array" count="304">

0.941238 0.139616 -0.307537 0.000000 -0.214082 0.950897 -0.223524 -0.212827 0.261229 0.276228 0.924910 0.514614 0.000000 0.000000 0.000000 1.000000
0.935837 0.141169 -0.322925 0.000000 -0.216727 0.953060 -0.211440 -0.212827 0.277918 0.267860 0.922504 0.514614 0.000000 0.000000 0.000000 1.000000
0.921805 0.145962 -0.359124 0.000000 -0.222603 0.957748 -0.182115 -0.212827 0.317368 0.247817 0.915349 0.514614 0.000000 0.000000 0.000000 1.000000
0.902970 0.153672 -0.401285 0.000000 -0.228777 0.962433 -0.146229 -0.212827 0.363739 0.223845 0.904205 0.514614 0.000000 0.000000 0.000000 1.000000
0.885484 0.161769 -0.435602 0.000000 -0.233203 0.965548 -0.115475 -0.212827 0.401914 0.203835 0.892702 0.514614 0.000000 0.000000 0.000000 1.000000
0.877699 0.165600 -0.449690 0.000000 -0.234846 0.966623 -0.102406 -0.212827 0.417722 0.195490 0.887295 0.514614 0.000000 0.000000 0.000000 1.000000
0.878977 0.158197 -0.449858 0.000000 -0.234589 0.964772 -0.119091 -0.212827 0.415171 0.210210 0.885124 0.514614 0.000000 0.000000 0.000000 1.000000
0.882500 0.140728 -0.448764 0.000000 -0.233854 0.959167 -0.159092 -0.212827 0.408051 0.245344 0.879375 0.514614 0.000000 0.000000 0.000000 1.000000
0.887767 0.120478 -0.444247 0.000000 -0.232685 0.950203 -0.207298 -0.212827 0.397150 0.287401 0.871592 0.514614 0.000000 0.000000 0.000000 1.000000
0.894261 0.104590 -0.435154 0.000000 -0.231118 0.940551 -0.248893 -0.212827 0.383253 0.323147 0.865271 0.514614 0.000000 0.000000 0.000000 1.000000
0.901481 0.099483 -0.421231 0.000000 -0.229198 0.935294 -0.269617 -0.212827 0.367153 0.339600 0.865951 0.514614 0.000000 0.000000 0.000000 1.000000
0.908961 0.114899 -0.400733 0.000000 -0.226992 0.942684 -0.244584 -0.212827 0.349663 0.313280 0.882945 0.514614 0.000000 0.000000 0.000000 1.000000
0.916290 0.143960 -0.373748 0.000000 -0.224589 0.957333 -0.181862 -0.212827 0.331621 0.250578 0.909526 0.514614 0.000000 0.000000 0.000000 1.000000
0.923116 0.169772 -0.345015 0.000000 -0.222107 0.967854 -0.118013 -0.212827 0.313889 0.185569 0.931149 0.514614 0.000000 0.000000 0.000000 1.000000
0.929150 0.179787 -0.323044 0.000000 -0.219689 0.971287 -0.091317 -0.212827 0.297350 0.155816 0.941968 0.514614 0.000000 0.000000 0.000000 1.000000
0.934162 0.172628 -0.312316 0.000000 -0.217500 0.969286 -0.114802 -0.212827 0.282906 0.175172 0.943016 0.514614 0.000000 0.000000 0.000000 1.000000
0.937963 0.158818 -0.308225 0.000000 -0.215715 0.963239 -0.160120 -0.212827 0.271464 0.216676 0.937741 0.514614 0.000000 0.000000 0.000000 1.000000
0.940383 0.145559 -0.307397 0.000000 -0.214518 0.955191 -0.203944 -0.212827 0.263937 0.257727 0.929470 0.514614 0.000000 0.000000 0.000000 1.000000
0.941238 0.139616 -0.307537 0.000000 -0.214082 0.950897 -0.223524 -0.212827 0.261229 0.276228 0.924910 0.514614 0.000000 0.000000 0.000000 1.000000</float_array><technique_common><accessor source="#head_jnt-Matrix-animation-output-transform-array" count="19" stride="16"><param type="float4x4"/></accessor></technique_common></source><source id="head_jnt-Interpolations"><Name_array id="head_jnt-Interpolations-array" count="19">
 LINEAR LINEAR LINEAR LINEAR LINEAR LINEAR LINEAR LINEAR LINEAR LINEAR LINEAR
LINEAR LINEAR LINEAR LINEAR LINEAR LINEAR LINEAR LINEAR</Name_array><technique_common><accessor source="#head_jnt-Interpolations-array" count="19"><param type="name"/></accessor></technique_common></source><sampler id="head_jnt-Matrix-animation-transform"><input semantic="INPUT" source="#head_jnt-Matrix-animation-input"/><input semantic="OUTPUT" source="#head_jnt-Matrix-animation-output-transform"/><input semantic="INTERPOLATION" source="#head_jnt-Interpolations"/></sampler><channel source="#head_jnt-Matrix-animation-transform" target="head_jnt/matrix"/></animation></animation>
    <animation id="r_antenna1_jnt-anim" name="r_antenna1_jnt"><animation><source id="r_antenna1_jnt-Matrix-animation-input"><float_array id="r_antenna1_jnt-Matrix-animation-input-array" count="19">

0.000000 0.033333 0.066667 0.100000 0.133333 0.166667 0.200000 0.233333 0.266667 0.300000 0.333333 0.366667 0.400000 0.433333 0.466667 0.500000
0.533333 0.566667 0.600000</float_array><technique_common><accessor source="#r_antenna1_jnt-Matrix-animation-input-array" count="19"><param name="TIME" type="float"/></accessor></technique_common></source><source id="r_antenna1_jnt-Matrix-animation-output-transform"><float_array id="r_antenna1_jnt-Matrix-animation-output-transform-array" count="304">

0.889292 0.260580 0.375844 -0.248546 0.220379 0.475937 -0.851420 0.276260 -0.400741 0.839989 0.365820 0.377659 0.000000 0.000000 0.000000 1.000000
0.889292 0.229057 0.395845 -0.248546 0.220379 0.543795 -0.809765 0.276260 -0.400741 0.807354 0.433113 0.377659 0.000000 0.000000 0.000000 1.000000
0.889292 0.218945 0.401526 -0.248546 0.220379 0.564155 -0.795715 0.276260 -0.400741 0.796111 0.453447 0.377659 0.000000 0.000000 0.000000 1.000000
0.889292 0.226324 0.397414 -0.248546 0.220379 0.549361 -0.806000 0.276260 -0.400741 0.804351 0.438665 0.377659 0.000000 0.000000 0.000000 1.000000
0.889292 0.239778 0.389444 -0.248546 0.220379 0.521485 -0.824310 0.276260 -0.400741 0.818877 0.410910 0.377659 0.000000 0.000000 0.000000 1.000000
0.889292 0.256907 0.378364 -0.248546 0.220379 0.484207 -0.846745 0.276260 -0.400741 0.836387 0.373984 0.377659 0.000000 0.000000 0.000000 1.000000
0.889292 0.275394 0.365128 -0.248546 0.220379 0.441526 -0.869763 0.276260 -0.400741 0.853940 0.331954 0.377659 0.000000 0.000000 0.000000 1.000000
0.889292 0.293131 0.351048 -0.248546 0.220379 0.397928 -0.890554 0.276260 -0.400741 0.869326 0.289274 0.377659 0.000000 0.000000 0.000000 1.000000
0.889292 0.288767 0.354647 -0.248546 0.220379 0.408913 -0.885564 0.276260 -0.400741 0.865681 0.300005 0.377659 0.000000 0.000000 0.000000 1.000000
0.889292 0.260580 0.375844 -0.248546 0.220379 0.475937 -0.851420 0.276260 -0.400741 0.839989 0.365820 0.377659 0.000000 0.000000 0.000000 1.000000
0.889292 0.231218 0.394587 -0.248546 0.220379 0.539360 -0.812726 0.276260 -0.400741 0.809709 0.428692 0.377659 0.000000 0.000000 0.000000 1.000000
0.889292 0.218945 0.401526 -0.248546 0.220379 0.564155 -0.795715 0.276260 -0.400741 0.796111 0.453447 0.377659 0.000000 0.000000 0.000000 1.000000
0.889292 0.226324 0.397414 -0.248546 0.220379 0.549361 -0.806000 0.276260 -0.400741 0.804351 0.438665 0.377659 0.000000 0.000000 0.000000 1.000000
0.889292 0.239778 0.389444 -0.248546 0.220379 0.521485 -0.824310 0.276260 -0.400741 0.818877 0.410910 0.377659 0.000000 0.000000 0.000000 1.000000
0.889292 0.256907 0.378364 -0.248546 0.220379 0.484207 -0.846745 0.276260 -0.400741 0.836387 0.373984 0.377659 0.000000 0.000000 0.000000 1.000000
0.889292 0.275394 0.365128 -0.248546 0.220379 0.441526 -0.869763 0.276260 -0.400741 0.853940 0.331954 0.377659 0.000000 0.000000 0.000000 1.000000
0.889292 0.293131 0.351048 -0.248546 0.220379 0.397928 -0.890554 0.276260 -0.400741 0.869326 0.289274 0.377659 0.000000 0.000000 0.000000 1.000000
0.889292 0.290741 0.353029 -0.248546 0.220379 0.403964 -0.887832 0.276260 -0.400741 0.867342 0.295169 0.377659 0.000000 0.000000 0.000000 1.000000
0.889292 0.260580 0.375844 -0.248546 0.220379 0.475937 -0.851420 0.276260 -0.400741 0.839989 0.365820 0.377659 0.000000 0.000000 0.000000 1.000000</float_array><technique_common><accessor source="#r_antenna1_jnt-Matrix-animation-output-transform-array" count="19" stride="16"><param type="float4x4"/></accessor></technique_common></source><source id="r_antenna1_jnt-Interpolations"><Name_array id="r_antenna1_jnt-Interpolations-array" count="19">
 LINEAR LINEAR LINEAR LINEAR LINEAR LINEAR LINEAR LINEAR LINEAR LINEAR LINEAR
LINEAR LINEAR LINEAR LINEAR LINEAR LINEAR LINEAR LINEAR</Name_array><technique_common><accessor source="#r_antenna1_jnt-Interpolations-array" count="19"><param type="name"/></accessor></technique_common></source><sampler id="r_antenna1_jnt-Matrix-animation-transform"><input semantic="INPUT" source="#r_antenna1_jnt-Matrix-animation-input"/><input semantic="OUTPUT" source="#r_antenna1_jnt-Matrix-animation-output-transform"/><input semantic="INTERPOLATION" source="#r_antenna1_jnt-Interpolations"/></sampler><channel source="#r_antenna1_jnt-Matrix-animation-transform" target="r_antenna1_jnt/matrix"/></animation></animation>
    <animation id="r_antenna2_jnt-anim" name="r_antenna2_jnt"><animation><source id="r_antenna2_jnt-Matrix-animation-input"><float_array id="r_antenna2_jnt-Matrix-animation-input-array" count="19">

0.000000 0.033333 0.066667 0.100000 0.133333 0.166667 0.200000 0.233333 0.266667 0.300000 0.333333 0.366667 0.400000 0.433333 0.466667 0.500000
0.533333 0.566667 0.600000</float_array><technique_common><accessor source="#r_antenna2_jnt-Matrix-animation-input-array" count="19"><param name="TIME" type="float"/></accessor></technique_common></source><source id="r_antenna2_jnt-Matrix-animation-output-transform"><float_array id="r_antenna2_jnt-Matrix-animation-output-transform-array" count="304">

0.896318 -0.437585 -0.071650 0.000000 0.437358 0.899073 -0.019663 0.000000 0.073022 -0.013712 0.997236 -0.779776 0.000000 0.000000 0.000000 1.000000
0.896318 -0.437585 -0.071650 0.000000 0.437358 0.899073 -0.019663 0.000000 0.073022 -0.013712 0.997236 -0.779776 0.000000 0.000000 0.000000 1.000000
0.896318 -0.437585 -0.071650 -0.000000 0.437358 0.899073 -0.019663 -0.000000 0.073022 -0.013712 0.997236 -0.779776 0.000000 0.000000 0.000000 1.000000
0.896318 -0.437585 -0.071650 0.000000 0.437358 0.899073 -0.019663 0.000000 0.073022 -0.013712 0.997236 -0.779776 0.000000 0.000000 0.000000 1.000000
0.896318 -0.437585 -0.071650 0.000000 0.437358 0.899073 -0.019663 0.000000 0.073022 -0.013712 0.997236 -0.779776 0.000000 0.000000 0.000000 1.000000
0.896318 -0.437585 -0.071650 -0.000000 0.437358 0.899073 -0.019663 0.000000 0.073022 -0.013712 0.997236 -0.779776 0.000000 0.000000 0.000000 1.000000
0.896318 -0.437585 -0.071650 0.000000 0.437358 0.899073 -0.019663 0.000000 0.073022 -0.013712 0.997236 -0.779776 0.000000 0.000000 0.000000 1.000000
0.896318 -0.437585 -0.071650 0.000000 0.437358 0.899073 -0.019663 0.000000 0.073022 -0.013712 0.997236 -0.779776 0.000000 0.000000 0.000000 1.000000
0.896318 -0.437585 -0.071650 0.000000 0.437358 0.899073 -0.019663 0.000000 0.073022 -0.013712 0.997236 -0.779776 0.000000 0.000000 0.000000 1.000000
0.896318 -0.437585 -0.071650 0.000000 0.437358 0.899073 -0.019663 0.000000 0.073022 -0.013712 0.997236 -0.779776 0.000000 0.000000 0.000000 1.000000
0.896318 -0.437585 -0.071650 0.000000 0.437358 0.899073 -0.019663 0.000000 0.073022 -0.013712 0.997236 -0.779776 0.000000 0.000000 0.000000 1.000000
0.896318 -0.437585 -0.071650 0.000000 0.437358 0.899073 -0.019663 -0.000000 0.073022 -0.013712 0.997236 -0.779776 0.000000 0.000000 0.000000 1.000000
0.896318 -0.437585 -0.071650 -0.000000 0.437358 0.899073 -0.019663 0.000000 0.073022 -0.013712 0.997236 -0.779776 0.000000 0.000000 0.000000 1.000000
0.896318 -0.437585 -0.071650 -0.000000 0.437358 0.899073 -0.019663 0.000000 0.073022 -0.013712 0.997236 -0.779776 0.000000 0.000000 0.000000 1.000000
0.896318 -0.437585 -0.071650 0.000000 0.437358 0.899073 -0.019663 0.000000 0.073022 -0.013712 0.997236 -0.779776 0.000000 0.000000 0.000000 1.000000
0.896318 -0.437585 -0.071650 0.000000 0.437358 0.899073 -0.019663 0.000000 0.073022 -0.013712 0.997236 -0.779776 0.000000 0.000000 0.000000 1.000000
0.896318 -0.437585 -0.071650 0.000000 0.437358 0.899073 -0.019663 0.000000 0.073022 -0.013712 0.997236 -0.779776 0.000000 0.000000 0.000000 1.000000
0.896318 -0.437585 -0.071650 0.000000 0.437358 0.899073 -0.019663 0.000000 0.073022 -0.013712 0.997236 -0.779776 0.000000 0.000000 0.000000 1.000000
