<?xml version="1.0" encoding="utf-8"?>
<COLLADA xmlns="http://www.collada.org/2005/11/COLLADASchema" version="1.4.1">
  <asset><contributor><author></author><authoring_tool>FBX COLLADA exporter</authoring_tool><comments></comments></contributor><created>2020-02-24T13:27:15Z</created><keywords></keywords><modified>2020-02-24T13:27:15Z</modified><revision></revision><subject></subject><title></title><unit meter="0.010000" name="centimeter"></unit><up_axis>Y_UP</up_axis></asset>
  <library_animations>
    <animation id="spine1_jnt-anim" name="spine1_jnt"><animation><source id="spine1_jnt-Matrix-animation-input"><float_array id="spine1_jnt-Matrix-animation-input-array" count="21">

0.000000 0.033333 0.066667 0.100000 0.133333 0.166667 0.200000 0.233333 0.266667 0.300000 0.333333 0.366667 0.400000 0.433333 0.466667 0.500000
0.533333 0.566667 0.600000 0.633333 0.666667</float_array><technique_common><accessor source="#spine1_jnt-Matrix-animation-input-array" count="21"><param name="TIME" type="float"/></accessor></technique_common></source><source id="spine1_jnt-Matrix-animation-output-transform"><float_array id="spine1_jnt-Matrix-animation-output-transform-array" count="336">

-0.095184 0.743312 0.662138 0.454084 -0.224211 0.632059 -0.741776 0.283854 -0.969881 -0.219064 0.106497 0.005639 0.000000 0.000000 0.000000 1.000000
-0.052286 0.811364 0.582198 0.477244 -0.384254 0.521763 -0.761651 0.242892 -0.921746 -0.263535 0.284489 -0.006206 0.000000 0.000000 0.000000 1.000000
0.014701 0.917218 0.398115 0.507466 -0.703353 0.292483 -0.647880 0.171096 -0.710689 -0.270491 0.649427 0.001112 0.000000 0.000000 0.000000 1.000000
0.064130 0.971695 0.227370 0.513533 -0.921563 0.145083 -0.360101 0.148411 -0.382895 -0.186443 0.904782 0.032482 0.000000 0.000000 0.000000 1.000000
0.082823 0.984013 0.157665 0.509763 -0.973992 0.113409 -0.196156 0.157821 -0.210901 -0.137318 0.967814 0.045071 0.000000 0.000000 0.000000 1.000000
0.002319 0.986641 0.162895 0.509887 -0.970607 0.041423 -0.237077 0.157763 -0.240657 -0.157557 0.957737 0.043853 0.000000 0.000000 0.000000 1.000000
-0.073637 0.982132 0.173191 0.510140 -0.956749 -0.020561 -0.290187 0.157875 -0.281441 -0.187069 0.941168 0.040363 0.000000 0.000000 0.000000 1.000000
-0.075825 0.977846 0.195109 0.510242 -0.946416 -0.008975 -0.322826 0.158861 -0.313923 -0.209132 0.926130 0.034831 0.000000 0.000000 0.000000 1.000000
-0.077751 0.971398 0.224366 0.509822 -0.931481 0.009441 -0.363668 0.161613 -0.355385 -0.237269 0.904105 0.027555 0.000000 0.000000 0.000000 1.000000
-0.078789 0.962339 0.260185 0.508473 -0.911645 0.036048 -0.409394 0.167008 -0.403354 -0.269453 0.874472 0.018984 0.000000 0.000000 0.000000 1.000000
-0.078497 0.950178 0.301661 0.505793 -0.886850 0.071653 -0.456468 0.175713 -0.455341 -0.303359 0.837041 0.009744 0.000000 0.000000 0.000000 1.000000
-0.076678 0.934481 0.347659 0.501438 -0.857383 0.116184 -0.501394 0.188033 -0.508935 -0.336522 0.792299 0.000601 0.000000 0.000000 0.000000 1.000000
-0.073385 0.914988 0.396751 0.495177 -0.823936 0.168522 -0.541045 0.203809 -0.561911 -0.366602 0.741525 -0.007640 0.000000 0.000000 0.000000 1.000000
-0.068889 0.891774 0.447206 0.486960 -0.787602 0.226524 -0.573036 0.222402 -0.612321 -0.391696 0.686758 -0.014271 0.000000 0.000000 0.000000 1.000000
-0.063612 0.865386 0.497051 0.476983 -0.749833 0.287224 -0.596030 0.242754 -0.658562 -0.410620 0.630625 -0.018822 0.000000 0.000000 0.000000 1.000000
-0.058052 0.836951 0.544191 0.465727 -0.712372 0.347164 -0.609921 0.263529 -0.699397 -0.423073 0.576066 -0.021154 0.000000 0.000000 0.000000 1.000000
-0.052708 0.808193 0.586555 0.453972 -0.677163 0.402771 -0.615813 0.283274 -0.733943 -0.429652 0.526049 -0.021499 0.000000 0.000000 0.000000 1.000000
-0.048024 0.781360 0.622231 0.442754 -0.646270 0.450677 -0.615813 0.300581 -0.761596 -0.431703 0.483326 -0.020415 0.000000 0.000000 0.000000 1.000000
-0.044361 0.759043 0.649528 0.433279 -0.621781 0.487911 -0.612643 0.314192 -0.781934 -0.431041 0.450314 -0.018682 0.000000 0.000000 0.000000 1.000000
-0.041999 0.743917 0.666951 0.426795 -0.605725 0.511914 -0.609132 0.323031 -0.794565 -0.429572 0.429109 -0.017143 0.000000 0.000000 0.000000 1.000000
-0.041164 0.738420 0.673084 0.424427 -0.599990 0.520403 -0.607612 0.326168 -0.798948 -0.428855 0.421623 -0.016518 0.000000 0.000000 0.000000 1.000000</float_array><technique_common><accessor source="#spine1_jnt-Matrix-animation-output-transform-array" count="21" stride="16"><param type="float4x4"/></accessor></technique_common></source><source id="spine1_jnt-Interpolations"><Name_array id="spine1_jnt-Interpolations-array" count="21">
 LINEAR LINEAR LINEAR LINEAR LINEAR LINEAR LINEAR LINEAR LINEAR LINEAR LINEAR
LINEAR LINEAR LINEAR LINEAR LINEAR LINEAR LINEAR LINEAR LINEAR LINEAR</Name_array><technique_common><accessor source="#spine1_jnt-Interpolations-array" count="21"><param type="name"/></accessor></technique_common></source><sampler id="spine1_jnt-Matrix-animation-transform"><input semantic="INPUT" source="#spine1_jnt-Matrix-animation-input"/><input semantic="OUTPUT" source="#spine1_jnt-Matrix-animation-output-transform"/><input semantic="INTERPOLATION" source="#spine1_jnt-Interpolations"/></sampler><channel source="#spine1_jnt-Matrix-animation-transform" target="spine1_jnt/matrix"/></animation></animation>
    <animation id="r_uleg1_jnt-anim" name="r_uleg1_jnt"><animation><source id="r_uleg1_jnt-Matrix-animation-input"><float_array id="r_uleg1_jnt-Matrix-animation-input-array" count="21">

0.000000 0.033333 0.066667 0.100000 0.133333 0.166667 0.200000 0.233333 0.266667 0.300000 0.333333 0.366667 0.400000 0.433333 0.466667 0.500000
0.533333 0.566667 0.600000 0.633333 0.666667</float_array><technique_common><accessor source="#r_uleg1_jnt-Matrix-animation-input-array" count="21"><param name="TIME" type="float"/></accessor></technique_common></source><source id="r_uleg1_jnt-Matrix-animation-output-transform"><float_array id="r_uleg1_jnt-Matrix-animation-output-transform-array" count="336">

-0.959565 -0.200204 -0.197872 -0.413257 0.121331 0.340129 -0.932519 -0.379657 0.253996 -0.918820 -0.302085 0.248367 0.000000 0.000000 0.000000 1.000000
-0.928288 -0.315660 -0.196572 -0.413257 0.078577 0.350170 -0.933384 -0.379657 0.363466 -0.881895 -0.300255 0.248367 0.000000 0.000000 0.000000 1.000000
-0.803584 -0.563364 -0.192026 -0.413257 -0.023440 0.352333 -0.935581 -0.379657 0.594730 -0.747316 -0.296335 0.248367 0.000000 0.000000 0.000000 1.000000
-0.594681 -0.782787 -0.183301 -0.413257 -0.131239 0.319457 -0.938469 -0.379657 0.793178 -0.534034 -0.292707 0.248367 0.000000 0.000000 0.000000 1.000000
-0.460920 -0.871094 -0.169553 -0.413257 -0.185877 0.281583 -0.941361 -0.379657 0.867757 -0.402377 -0.291703 0.248367 0.000000 0.000000 0.000000 1.000000
-0.468466 -0.881475 -0.059517 -0.413257 -0.238590 0.191088 -0.952135 -0.379657 0.850656 -0.431842 -0.299829 0.248367 0.000000 0.000000 0.000000 1.000000
-0.485140 -0.873590 0.038463 -0.413257 -0.281814 0.114561 -0.952605 -0.379657 0.827780 -0.472986 -0.301768 0.248367 0.000000 0.000000 0.000000 1.000000
-0.511390 -0.858488 0.038464 -0.413257 -0.278213 0.123047 -0.952605 -0.379657 0.813067 -0.497854 -0.301768 0.248367 0.000000 0.000000 0.000000 1.000000
-0.543394 -0.838596 0.038465 -0.413257 -0.273376 0.133448 -0.952605 -0.379657 0.793718 -0.528155 -0.301767 0.248367 0.000000 0.000000 0.000000 1.000000
-0.578591 -0.814711 0.038466 -0.413257 -0.267449 0.144960 -0.952606 -0.379657 0.770522 -0.561456 -0.301766 0.248367 0.000000 0.000000 0.000000 1.000000
-0.614849 -0.787706 0.038467 -0.413257 -0.260619 0.156908 -0.952606 -0.379657 0.744338 -0.595734 -0.301766 0.248367 0.000000 0.000000 0.000000 1.000000
-0.650501 -0.758530 0.038468 -0.413257 -0.253110 0.168752 -0.952606 -0.379657 0.716089 -0.629408 -0.301765 0.248367 0.000000 0.000000 0.000000 1.000000
-0.684288 -0.728196 0.038469 -0.413257 -0.245182 0.180075 -0.952606 -0.379657 0.686757 -0.661289 -0.301764 0.248367 0.000000 0.000000 0.000000 1.000000
-0.715279 -0.697780 0.038470 -0.413257 -0.237127 0.190555 -0.952607 -0.379657 0.657379 -0.690502 -0.301763 0.248367 0.000000 0.000000 0.000000 1.000000
-0.742807 -0.668400 0.038471 -0.413257 -0.229259 0.199952 -0.952607 -0.379657 0.629030 -0.716422 -0.301762 0.248367 0.000000 0.000000 0.000000 1.000000
-0.766433 -0.641171 0.038471 -0.413257 -0.221897 0.208090 -0.952607 -0.379657 0.602778 -0.738647 -0.301761 0.248367 0.000000 0.000000 0.000000 1.000000
-0.785915 -0.617137 0.038472 -0.413257 -0.215349 0.214859 -0.952607 -0.379657 0.579623 -0.756953 -0.301761 0.248367 0.000000 0.000000 0.000000 1.000000
-0.801159 -0.597214 0.038472 -0.413257 -0.209888 0.220196 -0.952607 -0.379657 0.560439 -0.771265 -0.301760 0.248367 0.000000 0.000000 0.000000 1.000000
-0.812158 -0.582168 0.038473 -0.413257 -0.205744 0.224072 -0.952607 -0.379657 0.545957 -0.781583 -0.301760 0.248367 0.000000 0.000000 0.000000 1.000000
-0.818892 -0.572657 0.038473 -0.413257 -0.203117 0.226456 -0.952608 -0.379657 0.536805 -0.787897 -0.301759 0.248367 0.000000 0.000000 0.000000 1.000000
-0.821210 -0.569327 0.038473 -0.413257 -0.202196 0.227279 -0.952608 -0.379657 0.533601 -0.790070 -0.301759 0.248367 0.000000 0.000000 0.000000 1.000000</float_array><technique_common><accessor source="#r_uleg1_jnt-Matrix-animation-output-transform-array" count="21" stride="16"><param type="float4x4"/></accessor></technique_common></source><source id="r_uleg1_jnt-Interpolations"><Name_array id="r_uleg1_jnt-Interpolations-array" count="21">
 LINEAR LINEAR LINEAR LINEAR LINEAR LINEAR LINEAR LINEAR LINEAR LINEAR LINEAR
LINEAR LINEAR LINEAR LINEAR LINEAR LINEAR LINEAR LINEAR LINEAR LINEAR</Name_array><technique_common><accessor source="#r_uleg1_jnt-Interpolations-array" count="21"><param type="name"/></accessor></technique_common></source><sampler id="r_uleg1_jnt-Matrix-animation-transform"><input semantic="INPUT" source="#r_uleg1_jnt-Matrix-animation-input"/><input semantic="OUTPUT" source="#r_uleg1_jnt-Matrix-animation-output-transform"/><input semantic="INTERPOLATION" source="#r_uleg1_jnt-Interpolations"/></sampler><channel source="#r_uleg1_jnt-Matrix-animation-transform" target="r_uleg1_jnt/matrix"/></animation></animation>
    <animation id="r_leg1_jnt-anim" name="r_leg1_jnt"><animation><source id="r_leg1_jnt-Matrix-animation-input"><float_array id="r_leg1_jnt-Matrix-animation-input-array" count="21">

0.000000 0.033333 0.066667 0.100000 0.133333 0.166667 0.200000 0.233333 0.266667 0.300000 0.333333 0.366667 0.400000 0.433333 0.466667 0.500000
0.533333 0.566667 0.600000 0.633333 0.666667</float_array><technique_common><accessor source="#r_leg1_jnt-Matrix-animation-input-array" count="21"><param name="TIME" type="float"/></accessor></technique_common></source><source id="r_leg1_jnt-Matrix-animation-output-transform"><float_array id="r_leg1_jnt-Matrix-animation-output-transform-array" count="336">

1.000000 0.000000 0.000047 -0.000000 -0.000000 1.000000 0.000000 0.000000 -0.000047 -0.000000 1.000000 0.230000 0.000000 0.000000 0.000000 1.000000
1.000000 0.000000 0.000047 -0.000000 -0.000000 1.000000 0.000000 0.000000 -0.000047 -0.000000 1.000000 0.230000 0.000000 0.000000 0.000000 1.000000
1.000000 0.000000 0.000047 -0.000000 -0.000000 1.000000 0.000000 0.000000 -0.000047 -0.000000 1.000000 0.230000 0.000000 0.000000 0.000000 1.000000
1.000000 0.000000 0.000047 -0.000000 -0.000000 1.000000 0.000000 0.000000 -0.000047 -0.000000 1.000000 0.230000 0.000000 0.000000 0.000000 1.000000
1.000000 0.000000 0.000047 -0.000000 -0.000000 1.000000 0.000000 0.000000 -0.000047 -0.000000 1.000000 0.230000 0.000000 0.000000 0.000000 1.000000
1.000000 0.000000 0.000047 -0.000000 -0.000000 1.000000 0.000000 0.000000 -0.000047 -0.000000 1.000000 0.230000 0.000000 0.000000 0.000000 1.000000
1.000000 0.000000 0.000047 -0.000000 -0.000000 1.000000 0.000000 0.000000 -0.000047 -0.000000 1.000000 0.230000 0.000000 0.000000 0.000000 1.000000
1.000000 0.000000 0.000047 -0.000000 -0.000000 1.000000 0.000000 0.000000 -0.000047 -0.000000 1.000000 0.230000 0.000000 0.000000 0.000000 1.000000
1.000000 0.000000 0.000047 -0.000000 -0.000000 1.000000 0.000000 0.000000 -0.000047 -0.000000 1.000000 0.230000 0.000000 0.000000 0.000000 1.000000
1.000000 0.000000 0.000047 -0.000000 -0.000000 1.000000 0.000000 0.000000 -0.000047 -0.000000 1.000000 0.230000 0.000000 0.000000 0.000000 1.000000
1.000000 0.000000 0.000047 -0.000000 -0.000000 1.000000 0.000000 0.000000 -0.000047 -0.000000 1.000000 0.230000 0.000000 0.000000 0.000000 1.000000
1.000000 0.000000 0.000047 -0.000000 -0.000000 1.000000 0.000000 0.000000 -0.000047 -0.000000 1.000000 0.230000 0.000000 0.000000 0.000000 1.000000
1.000000 0.000000 0.000047 -0.000000 -0.000000 1.000000 0.000000 0.000000 -0.000047 -0.000000 1.000000 0.230000 0.000000 0.000000 0.000000 1.000000
1.000000 0.000000 0.000047 -0.000000 -0.000000 1.000000 0.000000 0.000000 -0.000047 -0.000000 1.000000 0.230000 0.000000 0.000000 0.000000 1.000000
1.000000 0.000000 0.000047 -0.000000 -0.000000 1.000000 0.000000 0.000000 -0.000047 -0.000000 1.000000 0.230000 0.000000 0.000000 0.000000 1.000000
1.000000 0.000000 0.000047 -0.000000 -0.000000 1.000000 0.000000 0.000000 -0.000047 -0.000000 1.000000 0.230000 0.000000 0.000000 0.000000 1.000000
1.000000 0.000000 0.000047 -0.000000 -0.000000 1.000000 0.000000 0.000000 -0.000047 -0.000000 1.000000 0.230000 0.000000 0.000000 0.000000 1.000000
1.000000 0.000000 0.000047 -0.000000 -0.000000 1.000000 0.000000 0.000000 -0.000047 -0.000000 1.000000 0.230000 0.000000 0.000000 0.000000 1.000000
1.000000 0.000000 0.000047 -0.000000 -0.000000 1.000000 0.000000 0.000000 -0.000047 -0.000000 1.000000 0.230000 0.000000 0.000000 0.000000 1.000000
1.000000 0.000000 0.000047 -0.000000 -0.000000 1.000000 0.000000 0.000000 -0.000047 -0.000000 1.000000 0.230000 0.000000 0.000000 0.000000 1.000000
1.000000 0.000000 0.000047 -0.000000 -0.000000 1.000000 0.000000 0.000000 -0.000047 -0.000000 1.000000 0.230000 0.000000 0.000000 0.000000 1.000000</float_array><technique_common><accessor source="#r_leg1_jnt-Matrix-animation-output-transform-array" count="21" stride="16"><param type="float4x4"/></accessor></technique_common></source><source id="r_leg1_jnt-Interpolations"><Name_array id="r_leg1_jnt-Interpolations-array" count="21">
 LINEAR LINEAR LINEAR LINEAR LINEAR LINEAR LINEAR LINEAR LINEAR LINEAR LINEAR
LINEAR LINEAR LINEAR LINEAR LINEAR LINEAR LINEAR LINEAR LINEAR LINEAR</Name_array><technique_common><accessor source="#r_leg1_jnt-Interpolations-array" count="21"><param type="name"/></accessor></technique_common></source><sampler id="r_leg1_jnt-Matrix-animation-transform"><input semantic="INPUT" source="#r_leg1_jnt-Matrix-animation-input"/><input semantic="OUTPUT" source="#r_leg1_jnt-Matrix-animation-output-transform"/><input semantic="INTERPOLATION" source="#r_leg1_jnt-Interpolations"/></sampler><channel source="#r_leg1_jnt-Matrix-animation-transform" target="r_leg1_jnt/matrix"/></animation></animation>
    <animation id="r_leg2_jnt-anim" name="r_leg2_jnt"><animation><source id="r_leg2_jnt-Matrix-animation-input"><float_array id="r_leg2_jnt-Matrix-animation-input-array" count="21">

0.000000 0.033333 0.066667 0.100000 0.133333 0.166667 0.200000 0.233333 0.266667 0.300000 0.333333 0.366667 0.400000 0.433333 0.466667 0.500000
0.533333 0.566667 0.600000 0.633333 0.666667</float_array><technique_common><accessor source="#r_leg2_jnt-Matrix-animation-input-array" count="21"><param name="TIME" type="float"/></accessor></technique_common></source><source id="r_leg2_jnt-Matrix-animation-output-transform"><float_array id="r_leg2_jnt-Matrix-animation-output-transform-array" count="336">

-0.042154 -0.997523 -0.056305 -0.380766 -0.259718 0.065358 -0.963470 -0.436460 0.964764 -0.025991 -0.261830 -0.094663 0.000000 0.000000 0.000000 1.000000
-0.038521 -0.997692 -0.055910 -0.380766 -0.258237 0.063990 -0.963960 -0.436460 0.965313 -0.022695 -0.260106 -0.094663 0.000000 0.000000 0.000000 1.000000
-0.030525 -0.998125 -0.053046 -0.380766 -0.255069 0.059092 -0.965116 -0.436460 0.966441 -0.015930 -0.256394 -0.094663 0.000000 0.000000 0.000000 1.000000
-0.022547 -0.998722 -0.045232 -0.380766 -0.252143 0.049462 -0.966425 -0.436460 0.967427 -0.010385 -0.252936 -0.094663 0.000000 0.000000 0.000000 1.000000
-0.018957 -0.999367 -0.030101 -0.380766 -0.251429 0.033904 -0.967282 -0.436460 0.967690 -0.010768 -0.251912 -0.094663 0.000000 0.000000 0.000000 1.000000
-0.034868 -0.994008 0.103601 -0.380766 -0.260601 -0.091034 -0.961145 -0.436460 0.964817 -0.060512 -0.255865 -0.094663 0.000000 0.000000 0.000000 1.000000
-0.049073 -0.974622 0.218414 -0.380766 -0.268737 -0.197729 -0.942700 -0.436460 0.961963 -0.104957 -0.252214 -0.094663 0.000000 0.000000 0.000000 1.000000
-0.049073 -0.974622 0.218414 -0.380766 -0.268737 -0.197729 -0.942700 -0.436460 0.961963 -0.104957 -0.252214 -0.094663 0.000000 0.000000 0.000000 1.000000
-0.049073 -0.974622 0.218414 -0.380766 -0.268737 -0.197729 -0.942700 -0.436460 0.961963 -0.104957 -0.252214 -0.094663 0.000000 0.000000 0.000000 1.000000
-0.049073 -0.974622 0.218414 -0.380766 -0.268737 -0.197729 -0.942700 -0.436460 0.961963 -0.104957 -0.252214 -0.094663 0.000000 0.000000 0.000000 1.000000
-0.049073 -0.974622 0.218414 -0.380766 -0.268737 -0.197729 -0.942700 -0.436460 0.961963 -0.104957 -0.252214 -0.094663 0.000000 0.000000 0.000000 1.000000
-0.049073 -0.974622 0.218414 -0.380766 -0.268737 -0.197729 -0.942700 -0.436460 0.961963 -0.104957 -0.252214 -0.094663 0.000000 0.000000 0.000000 1.000000
-0.049073 -0.974622 0.218414 -0.380766 -0.268737 -0.197729 -0.942700 -0.436460 0.961963 -0.104957 -0.252214 -0.094663 0.000000 0.000000 0.000000 1.000000
-0.049073 -0.974622 0.218414 -0.380766 -0.268737 -0.197729 -0.942700 -0.436460 0.961963 -0.104957 -0.252214 -0.094663 0.000000 0.000000 0.000000 1.000000
-0.049073 -0.974622 0.218414 -0.380766 -0.268737 -0.197729 -0.942700 -0.436460 0.961963 -0.104957 -0.252214 -0.094663 0.000000 0.000000 0.000000 1.000000
-0.049073 -0.974622 0.218414 -0.380766 -0.268737 -0.197729 -0.942700 -0.436460 0.961963 -0.104957 -0.252214 -0.094663 0.000000 0.000000 0.000000 1.000000
-0.049073 -0.974622 0.218414 -0.380766 -0.268737 -0.197729 -0.942700 -0.436460 0.961963 -0.104957 -0.252214 -0.094663 0.000000 0.000000 0.000000 1.000000
-0.049073 -0.974622 0.218414 -0.380766 -0.268737 -0.197729 -0.942700 -0.436460 0.961963 -0.104957 -0.252214 -0.094663 0.000000 0.000000 0.000000 1.000000
-0.049073 -0.974622 0.218414 -0.380766 -0.268737 -0.197729 -0.942700 -0.436460 0.961963 -0.104957 -0.252214 -0.094663 0.000000 0.000000 0.000000 1.000000
-0.049073 -0.974622 0.218414 -0.380766 -0.268737 -0.197729 -0.942700 -0.436460 0.961963 -0.104957 -0.252214 -0.094663 0.000000 0.000000 0.000000 1.000000
-0.049073 -0.974622 0.218414 -0.380766 -0.268737 -0.197729 -0.942700 -0.436460 0.961963 -0.104957 -0.252214 -0.094663 0.000000 0.000000 0.000000 1.000000</float_array><technique_common><accessor source="#r_leg2_jnt-Matrix-animation-output-transform-array" count="21" stride="16"><param type="float4x4"/></accessor></technique_common></source><source id="r_leg2_jnt-Interpolations"><Name_array id="r_leg2_jnt-Interpolations-array" count="21">
 LINEAR LINEAR LINEAR LINEAR LINEAR LINEAR LINEAR LINEAR LINEAR LINEAR LINEAR
LINEAR LINEAR LINEAR LINEAR LINEAR LINEAR LINEAR LINEAR LINEAR LINEAR</Name_array><technique_common><accessor source="#r_leg2_jnt-Interpolations-array" count="21"><param type="name"/></accessor></technique_common></source><sampler id="r_leg2_jnt-Matrix-animation-transform"><input semantic="INPUT" source="#r_leg2_jnt-Matrix-animation-input"/><input semantic="OUTPUT" source="#r_leg2_jnt-Matrix-animation-output-transform"/><input semantic="INTERPOLATION" source="#r_leg2_jnt-Interpolations"/></sampler><channel source="#r_leg2_jnt-Matrix-animation-transform" target="r_leg2_jnt/matrix"/></animation></animation>
    <animation id="r_leg3_jnt-anim" name="r_leg3_jnt"><animation><source id="r_leg3_jnt-Matrix-animation-input"><float_array id="r_leg3_jnt-Matrix-animation-input-array" count="21">

0.000000 0.033333 0.066667 0.100000 0.133333 0.166667 0.200000 0.233333 0.266667 0.300000 0.333333 0.366667 0.400000 0.433333 0.466667 0.500000
0.533333 0.566667 0.600000 0.633333 0.666667</float_array><technique_common><accessor source="#r_leg3_jnt-Matrix-animation-input-array" count="21"><param name="TIME" type="float"/></accessor></technique_common></source><source id="r_leg3_jnt-Matrix-animation-output-transform"><float_array id="r_leg3_jnt-Matrix-animation-output-transform-array" count="336">

-0.481441 -0.873893 0.067278 -0.336837 -0.381318 0.139722 -0.913824 -0.444096 0.789184 -0.465606 -0.400499 -0.403838 0.000000 0.000000 0.000000 1.000000
-0.478183 -0.875816 0.065471 -0.336837 -0.379688 0.138932 -0.914623 -0.444096 0.791945 -0.462216 -0.398972 -0.403838 0.000000 0.000000 0.000000 1.000000
-0.470796 -0.879928 0.063857 -0.336837 -0.377087 0.135263 -0.916247 -0.444096 0.797594 -0.455445 -0.395491 -0.403838 0.000000 0.000000 0.000000 1.000000
-0.462936 -0.883769 0.068129 -0.336837 -0.376963 0.126730 -0.917518 -0.444096 0.802240 -0.450435 -0.391816 -0.403838 0.000000 0.000000 0.000000 1.000000
-0.458277 -0.884848 0.083821 -0.336837 -0.382753 0.111356 -0.917115 -0.444096 0.802174 -0.452375 -0.389710 -0.403838 0.000000 0.000000 0.000000 1.000000
-0.452659 -0.856577 0.247741 -0.336837 -0.451200 -0.019609 -0.892207 -0.444096 0.769102 -0.515646 -0.377611 -0.403838 0.000000 0.000000 0.000000 1.000000
-0.438838 -0.814219 0.380091 -0.336837 -0.506133 -0.125531 -0.853271 -0.444096 0.742462 -0.566824 -0.357016 -0.403838 0.000000 0.000000 0.000000 1.000000
-0.438838 -0.814219 0.380091 -0.336837 -0.506133 -0.125531 -0.853271 -0.444096 0.742462 -0.566824 -0.357016 -0.403838 0.000000 0.000000 0.000000 1.000000
-0.438838 -0.814219 0.380091 -0.336837 -0.506133 -0.125531 -0.853271 -0.444096 0.742462 -0.566824 -0.357016 -0.403838 0.000000 0.000000 0.000000 1.000000
-0.438838 -0.814219 0.380091 -0.336837 -0.506133 -0.125531 -0.853271 -0.444096 0.742462 -0.566824 -0.357016 -0.403838 0.000000 0.000000 0.000000 1.000000
-0.438838 -0.814219 0.380091 -0.336837 -0.506133 -0.125531 -0.853271 -0.444096 0.742462 -0.566824 -0.357016 -0.403838 0.000000 0.000000 0.000000 1.000000
-0.438838 -0.814219 0.380091 -0.336837 -0.506133 -0.125531 -0.853271 -0.444096 0.742462 -0.566824 -0.357016 -0.403838 0.000000 0.000000 0.000000 1.000000
-0.438838 -0.814219 0.380091 -0.336837 -0.506133 -0.125531 -0.853271 -0.444096 0.742462 -0.566824 -0.357016 -0.403838 0.000000 0.000000 0.000000 1.000000
-0.438838 -0.814219 0.380091 -0.336837 -0.506133 -0.125531 -0.853271 -0.444096 0.742462 -0.566824 -0.357016 -0.403838 0.000000 0.000000 0.000000 1.000000
-0.438838 -0.814219 0.380091 -0.336837 -0.506133 -0.125531 -0.853271 -0.444096 0.742462 -0.566824 -0.357016 -0.403838 0.000000 0.000000 0.000000 1.000000
-0.438838 -0.814219 0.380091 -0.336837 -0.506133 -0.125531 -0.853271 -0.444096 0.742462 -0.566824 -0.357016 -0.403838 0.000000 0.000000 0.000000 1.000000
-0.438838 -0.814219 0.380091 -0.336837 -0.506133 -0.125531 -0.853271 -0.444096 0.742462 -0.566824 -0.357016 -0.403838 0.000000 0.000000 0.000000 1.000000
-0.438838 -0.814219 0.380091 -0.336837 -0.506133 -0.125531 -0.853271 -0.444096 0.742462 -0.566824 -0.357016 -0.403838 0.000000 0.000000 0.000000 1.000000
-0.438838 -0.814219 0.380091 -0.336837 -0.506133 -0.125531 -0.853271 -0.444096 0.742462 -0.566824 -0.357016 -0.403838 0.000000 0.000000 0.000000 1.000000
-0.438838 -0.814219 0.380091 -0.336837 -0.506133 -0.125531 -0.853271 -0.444096 0.742462 -0.566824 -0.357016 -0.403838 0.000000 0.000000 0.000000 1.000000
-0.438838 -0.814219 0.380091 -0.336837 -0.506133 -0.125531 -0.853271 -0.444096 0.742462 -0.566824 -0.357016 -0.403838 0.000000 0.000000 0.000000 1.000000</float_array><technique_common><accessor source="#r_leg3_jnt-Matrix-animation-output-transform-array" count="21" stride="16"><param type="float4x4"/></accessor></technique_common></source><source id="r_leg3_jnt-Interpolations"><Name_array id="r_leg3_jnt-Interpolations-array" count="21">
 LINEAR LINEAR LINEAR LINEAR LINEAR LINEAR LINEAR LINEAR LINEAR LINEAR LINEAR
LINEAR LINEAR LINEAR LINEAR LINEAR LINEAR LINEAR LINEAR LINEAR LINEAR</Name_array><technique_common><accessor source="#r_leg3_jnt-Interpolations-array" count="21"><param type="name"/></accessor></technique_common></source><sampler id="r_leg3_jnt-Matrix-animation-transform"><input semantic="INPUT" source="#r_leg3_jnt-Matrix-animation-input"/><input semantic="OUTPUT" source="#r_leg3_jnt-Matrix-animation-output-transform"/><input semantic="INTERPOLATION" source="#r_leg3_jnt-Interpolations"/></sampler><channel source="#r_leg3_jnt-Matrix-animation-transform" target="r_leg3_jnt/matrix"/></animation></animation>
    <animation id="fin_jnt-anim" name="fin_jnt"><animation><source id="fin_jnt-Matrix-animation-input"><float_array id="fin_jnt-Matrix-animation-input-array" count="21">

0.000000 0.033333 0.066667 0.100000 0.133333 0.166667 0.200000 0.233333 0.266667 0.300000 0.333333 0.366667 0.400000 0.433333 0.466667 0.500000
0.533333 0.566667 0.600000 0.633333 0.666667</float_array><technique_common><accessor source="#fin_jnt-Matrix-animation-input-array" count="21"><param name="TIME" type="float"/></accessor></technique_common></source><source id="fin_jnt-Matrix-animation-output-transform"><float_array id="fin_jnt-Matrix-animation-output-transform-array" count="336">

1.000000 0.000000 -0.000000 0.000000 0.000000 1.000000 0.000000 0.860890 0.000000 -0.000000 1.000000 0.206318 0.000000 0.000000 0.000000 1.000000
1.000000 -0.000000 0.000000 0.000000 0.000000 1.000000 -0.000000 0.860890 -0.000000 -0.000000 1.000000 0.206318 0.000000 0.000000 0.000000 1.000000
1.000000 -0.000000 0.000000 -0.000000 -0.000000 1.000000 -0.000000 0.860890 0.000000 -0.000000 1.000000 0.206318 0.000000 0.000000 0.000000 1.000000
1.000000 0.000000 -0.000000 -0.000000 0.000000 1.000000 0.000000 0.860890 0.000000 -0.000000 1.000000 0.206318 0.000000 0.000000 0.000000 1.000000
1.000000 0.000000 0.000000 0.000000 0.000000 1.000000 -0.000000 0.860890 -0.000000 -0.000000 1.000000 0.206318 0.000000 0.000000 0.000000 1.000000
1.000000 -0.000000 0.000000 0.000000 -0.000000 1.000000 0.000000 0.860890 0.000000 -0.000000 1.000000 0.206318 0.000000 0.000000 0.000000 1.000000
1.000000 0.000000 0.000000 -0.000000 -0.000000 1.000000 0.000000 0.860890 0.000000 0.000000 1.000000 0.206318 0.000000 0.000000 0.000000 1.000000
1.000000 0.000000 -0.000000 0.000000 0.000000 1.000000 -0.000000 0.860890 0.000000 0.000000 1.000000 0.206318 0.000000 0.000000 0.000000 1.000000
1.000000 0.000000 0.000000 0.000000 -0.000000 1.000000 0.000000 0.860890 0.000000 -0.000000 1.000000 0.206318 0.000000 0.000000 0.000000 1.000000
1.000000 0.000000 0.000000 -0.000000 0.000000 1.000000 0.000000 0.860890 0.000000 -0.000000 1.000000 0.206318 0.000000 0.000000 0.000000 1.000000
1.000000 -0.000000 0.000000 -0.000000 -0.000000 1.000000 0.000000 0.860890 0.000000 0.000000 1.000000 0.206318 0.000000 0.000000 0.000000 1.000000
1.000000 0.000000 0.000000 -0.000000 0.000000 1.000000 0.000000 0.860890 -0.000000 0.000000 1.000000 0.206318 0.000000 0.000000 0.000000 1.000000
1.000000 0.000000 0.000000 0.000000 0.000000 1.000000 0.000000 0.860890 -0.000000 0.000000 1.000000 0.206318 0.000000 0.000000 0.000000 1.000000
1.000000 -0.000000 0.000000 -0.000000 0.000000 1.000000 0.000000 0.860890 0.000000 0.000000 1.000000 0.206318 0.000000 0.000000 0.000000 1.000000
1.000000 0.000000 0.000000 -0.000000 0.000000 1.000000 0.000000 0.860890 -0.000000 0.000000 1.000000 0.206318 0.000000 0.000000 0.000000 1.000000
1.000000 0.000000 -0.000000 0.000000 0.000000 1.000000 -0.000000 0.860890 0.000000 0.000000 1.000000 0.206318 0.000000 0.000000 0.000000 1.000000
1.000000 0.000000 0.000000 -0.000000 0.000000 1.000000 0.000000 0.860890 0.000000 0.000000 1.000000 0.206318 0.000000 0.000000 0.000000 1.000000
1.000000 0.000000 0.000000 0.000000 0.000000 1.000000 -0.000000 0.860890 0.000000 0.000000 1.000000 0.206318 0.000000 0.000000 0.000000 1.000000
1.000000 0.000000 -0.000000 0.000000 0.000000 1.000000 0.000000 0.860890 0.000000 0.000000 1.000000 0.206318 0.000000 0.000000 0.000000 1.000000
1.000000 0.000000 -0.000000 -0.000000 0.000000 1.000000 -0.000000 0.860890 0.000000 0.000000 1.000000 0.206318 0.000000 0.000000 0.000000 1.000000
1.000000 0.000000 -0.000000 -0.000000 0.000000 1.000000 -0.000000 0.860890 -0.000000 0.000000 1.000000 0.206318 0.000000 0.000000 0.000000 1.000000</float_array><technique_common><accessor source="#fin_jnt-Matrix-animation-output-transform-array" count="21" stride="16"><param type="float4x4"/></accessor></technique_common></source><source id="fin_jnt-Interpolations"><Name_array id="fin_jnt-Interpolations-array" count="21">
 LINEAR LINEAR LINEAR LINEAR LINEAR LINEAR LINEAR LINEAR LINEAR LINEAR LINEAR
LINEAR LINEAR LINEAR LINEAR LINEAR LINEAR LINEAR LINEAR LINEAR LINEAR</Name_array><technique_common><accessor source="#fin_jnt-Interpolations-array" count="21"><param type="name"/></accessor></technique_common></source><sampler id="fin_jnt-Matrix-animation-transform"><input semantic="INPUT" source="#fin_jnt-Matrix-animation-input"/><input semantic="OUTPUT" source="#fin_jnt-Matrix-animation-output-transform"/><input semantic="INTERPOLATION" source="#fin_jnt-Interpolations"/></sampler><channel source="#fin_jnt-Matrix-animation-transform" target="fin_jnt/matrix"/></animation></animation>
    <animation id="head_jnt-anim" name="head_jnt"><animation><source id="head_jnt-Matrix-animation-input"><float_array id="head_jnt-Matrix-animation-input-array" count="21">

0.000000 0.033333 0.066667 0.100000 0.133333 0.166667 0.200000 0.233333 0.266667 0.300000 0.333333 0.366667 0.400000 0.433333 0.466667 0.500000
0.533333 0.566667 0.600000 0.633333 0.666667</float_array><technique_common><accessor source="#head_jnt-Matrix-animation-input-array" count="21"><param name="TIME" type="float"/></accessor></technique_common></source><source id="head_jnt-Matrix-animation-output-transform"><float_array id="head_jnt-Matrix-animation-output-transform-array" count="336">

0.924577 -0.154057 0.348459 0.000000 0.216199 0.965234 -0.146909 -0.212827 -0.313712 0.211165 0.925740 0.514614 0.000000 0.000000 0.000000 1.000000
0.944219 -0.168923 0.282694 0.000649 0.217080 0.964783 -0.148560 -0.206758 -0.247643 0.201641 0.947636 0.516372 0.000000 0.000000 0.000000 1.000000
0.971798 -0.197076 0.129498 0.002359 0.215039 0.965983 -0.143649 -0.190759 -0.096783 0.167445 0.981119 0.521005 0.000000 0.000000 0.000000 1.000000
0.976305 -0.213217 -0.036987 0.004778 0.207647 0.971147 -0.117290 -0.168138 0.060928 0.106831 0.992409 0.527555 0.000000 0.000000 0.000000 1.000000
0.968818 -0.208368 -0.134071 0.007550 0.202280 0.977627 -0.057683 -0.142208 0.143090 0.028765 0.989292 0.535064 0.000000 0.000000 0.000000 1.000000
0.966207 -0.189026 -0.175253 0.010322 0.202005 0.977589 0.059278 -0.116277 0.160120 -0.092677 0.982737 0.542573 0.000000 0.000000 0.000000 1.000000
0.963581 -0.155619 -0.217474 0.012740 0.202218 0.956169 0.211776 -0.093657 0.174986 -0.248040 0.952815 0.549123 0.000000 0.000000 0.000000 1.000000
0.961022 -0.120128 -0.249011 0.014451 0.202863 0.918320 0.339903 -0.077657 0.187840 -0.377170 0.906895 0.553756 0.000000 0.000000 0.000000 1.000000
0.958591 -0.101753 -0.265987 0.015100 0.203879 0.897309 0.391497 -0.071588 0.198836 -0.429515 0.880898 0.555513 0.000000 0.000000 0.000000 1.000000
0.956334 -0.099394 -0.274857 0.015100 0.205206 0.897978 0.389264 -0.071588 0.208125 -0.428669 0.879163 0.555513 0.000000 0.000000 0.000000 1.000000
0.954279 -0.097894 -0.282432 0.015100 0.206779 0.898493 0.387238 -0.071588 0.215855 -0.427934 0.877656 0.555513 0.000000 0.000000 0.000000 1.000000
0.952446 -0.097126 -0.288814 0.015100 0.208534 0.898872 0.385413 -0.071588 0.222173 -0.427312 0.876381 0.555513 0.000000 0.000000 0.000000 1.000000
0.950841 -0.096965 -0.294106 0.015100 0.210402 0.899132 0.383788 -0.071588 0.227226 -0.426802 0.875333 0.555513 0.000000 0.000000 0.000000 1.000000
0.949467 -0.097286 -0.298408 0.015100 0.212317 0.899290 0.382361 -0.071588 0.231157 -0.426396 0.874501 0.555513 0.000000 0.000000 0.000000 1.000000
0.948318 -0.097963 -0.301820 0.015100 0.214208 0.899363 0.381132 -0.071588 0.234109 -0.426087 0.873867 0.555513 0.000000 0.000000 0.000000 1.000000
0.947386 -0.098873 -0.304440 0.015100 0.216007 0.899369 0.380100 -0.071588 0.236223 -0.425863 0.873407 0.555513 0.000000 0.000000 0.000000 1.000000
0.946657 -0.099893 -0.306367 0.015100 0.217641 0.899328 0.379264 -0.071588 0.237639 -0.425711 0.873097 0.555513 0.000000 0.000000 0.000000 1.000000
0.946119 -0.100900 -0.307698 0.015100 0.219039 0.899260 0.378622 -0.071588 0.238497 -0.425619 0.872908 0.555513 0.000000 0.000000 0.000000 1.000000
0.945755 -0.101771 -0.308530 0.015100 0.220128 0.899184 0.378169 -0.071588 0.238938 -0.425571 0.872810 0.555513 0.000000 0.000000 0.000000 1.000000
0.945549 -0.102383 -0.308958 0.015100 0.220835 0.899123 0.377902 -0.071588 0.239101 -0.425554 0.872774 0.555513 0.000000 0.000000 0.000000 1.000000
0.945484 -0.102614 -0.309080 0.015100 0.221087 0.899098 0.377815 -0.071588 0.239124 -0.425551 0.872769 0.555513 0.000000 0.000000 0.000000 1.000000</float_array><technique_common><accessor source="#head_jnt-Matrix-animation-output-transform-array" count="21" stride="16"><param type="float4x4"/></accessor></technique_common></source><source id="head_jnt-Interpolations"><Name_array id="head_jnt-Interpolations-array" count="21">
 LINEAR LINEAR LINEAR LINEAR LINEAR LINEAR LINEAR LINEAR LINEAR LINEAR LINEAR
LINEAR LINEAR LINEAR LINEAR LINEAR LINEAR LINEAR LINEAR LINEAR LINEAR</Name_array><technique_common><accessor source="#head_jnt-Interpolations-array" count="21"><param type="name"/></accessor></technique_common></source><sampler id="head_jnt-Matrix-animation-transform"><input semantic="INPUT" source="#head_jnt-Matrix-animation-input"/><input semantic="OUTPUT" source="#head_jnt-Matrix-animation-output-transform"/><input semantic="INTERPOLATION" source="#head_jnt-Interpolations"/></sampler><channel source="#head_jnt-Matrix-animation-transform" target="head_jnt/matrix"/></animation></animation>
    <animation id="r_antenna1_jnt-anim" name="r_antenna1_jnt"><animation><source id="r_antenna1_jnt-Matrix-animation-input"><float_array id="r_antenna1_jnt-Matrix-animation-input-array" count="21">

0.000000 0.033333 0.066667 0.100000 0.133333 0.166667 0.200000 0.233333 0.266667 0.300000 0.333333 0.366667 0.400000 0.433333 0.466667 0.500000
0.533333 0.566667 0.600000 0.633333 0.666667</float_array><technique_common><accessor source="#r_antenna1_jnt-Matrix-animation-input-array" count="21"><param name="TIME" type="float"/></accessor></technique_common></source><source id="r_antenna1_jnt-Matrix-animation-output-transform"><float_array id="r_antenna1_jnt-Matrix-animation-output-transform-array" count="336">

0.889292 0.260580 0.375844 -0.248546 0.220379 0.475937 -0.851420 0.276260 -0.400741 0.839989 0.365820 0.377659 0.000000 0.000000 0.000000 1.000000
0.889292 0.260580 0.375844 -0.248546 0.220379 0.475937 -0.851420 0.276260 -0.400741 0.839989 0.365820 0.377659 0.000000 0.000000 0.000000 1.000000
0.889292 0.260580 0.375844 -0.248546 0.220379 0.475937 -0.851420 0.276260 -0.400741 0.839989 0.365820 0.377659 0.000000 0.000000 0.000000 1.000000
0.889292 0.260580 0.375844 -0.248546 0.220379 0.475937 -0.851420 0.276260 -0.400741 0.839989 0.365820 0.377659 0.000000 0.000000 0.000000 1.000000
0.889292 0.260580 0.375844 -0.248546 0.220379 0.475937 -0.851420 0.276260 -0.400741 0.839989 0.365820 0.377659 0.000000 0.000000 0.000000 1.000000
0.889292 0.260580 0.375844 -0.248546 0.220379 0.475937 -0.851420 0.276260 -0.400741 0.839989 0.365820 0.377659 0.000000 0.000000 0.000000 1.000000
0.889292 0.260580 0.375844 -0.248546 0.220379 0.475937 -0.851420 0.276260 -0.400741 0.839989 0.365820 0.377659 0.000000 0.000000 0.000000 1.000000
0.889292 0.260580 0.375844 -0.248546 0.220379 0.475937 -0.851420 0.276260 -0.400741 0.839989 0.365820 0.377659 0.000000 0.000000 0.000000 1.000000
0.889292 0.260580 0.375844 -0.248546 0.220379 0.475937 -0.851420 0.276260 -0.400741 0.839989 0.365820 0.377659 0.000000 0.000000 0.000000 1.000000
0.889292 0.260580 0.375844 -0.248546 0.220379 0.475937 -0.851420 0.276260 -0.400741 0.839989 0.365820 0.377659 0.000000 0.000000 0.000000 1.000000
0.889292 0.260580 0.375844 -0.248546 0.220379 0.475937 -0.851420 0.276260 -0.400741 0.839989 0.365820 0.377659 0.000000 0.000000 0.000000 1.000000
0.889292 0.260580 0.375844 -0.248546 0.220379 0.475937 -0.851420 0.276260 -0.400741 0.839989 0.365820 0.377659 0.000000 0.000000 0.000000 1.000000
0.889292 0.260580 0.375844 -0.248546 0.220379 0.475937 -0.851420 0.276260 -0.400741 0.839989 0.365820 0.377659 0.000000 0.000000 0.000000 1.000000
0.889292 0.260580 0.375844 -0.248546 0.220379 0.475937 -0.851420 0.276260 -0.400741 0.839989 0.365820 0.377659 0.000000 0.000000 0.000000 1.000000
0.889292 0.260580 0.375844 -0.248546 0.220379 0.475937 -0.851420 0.276260 -0.400741 0.839989 0.365820 0.377659 0.000000 0.000000 0.000000 1.000000
0.889292 0.260580 0.375844 -0.248546 0.220379 0.475937 -0.851420 0.276260 -0.400741 0.839989 0.365820 0.377659 0.000000 0.000000 0.000000 1.000000
0.889292 0.260580 0.375844 -0.248546 0.220379 0.475937 -0.851420 0.276260 -0.400741 0.839989 0.365820 0.377659 0.000000 0.000000 0.000000 1.000000
0.889292 0.260580 0.375844 -0.248546 0.220379 0.475937 -0.851420 0.276260 -0.400741 0.839989 0.365820 0.377659 0.000000 0.000000 0.000000 1.000000
0.889292 0.260580 0.375844 -0.248546 0.220379 0.475937 -0.851420 0.276260 -0.400741 0.839989 0.365820 0.377659 0.000000 0.000000 0.000000 1.000000
0.889292 0.260580 0.375844 -0.248546 0.220379 0.475937 -0.851420 0.276260 -0.400741 0.839989 0.365820 0.377659 0.000000 0.000000 0.000000 1.000000
0.889292 0.260580 0.375844 -0.248546 0.220379 0.475937 -0.851420 0.276260 -0.400741 0.839989 0.365820 0.377659 0.000000 0.000000 0.000000 1.000000</float_array><technique_common><accessor source="#r_antenna1_jnt-Matrix-animation-output-transform-array" count="21" stride="16"><param type="float4x4"/></accessor></technique_common></source><source id="r_antenna1_jnt-Interpolations"><Name_array id="r_antenna1_jnt-Interpolations-array" count="21">
 LINEAR LINEAR LINEAR LINEAR LINEAR LINEAR LINEAR LINEAR LINEAR LINEAR LINEAR
LINEAR LINEAR LINEAR LINEAR LINEAR LINEAR LINEAR LINEAR LINEAR LINEAR</Name_array><technique_common><accessor source="#r_antenna1_jnt-Interpolations-array" count="21"><param type="name"/></accessor></technique_common></source><sampler id="r_antenna1_jnt-Matrix-animation-transform"><input semantic="INPUT" source="#r_antenna1_jnt-Matrix-animation-input"/><input semantic="OUTPUT" source="#r_antenna1_jnt-Matrix-animation-output-transform"/><input semantic="INTERPOLATION" source="#r_antenna1_jnt-Interpolations"/></sampler><channel source="#r_antenna1_jnt-Matrix-animation-transform" target="r_antenna1_jnt/matrix"/></animation></animation>
    <animation id="r_antenna2_jnt-anim" name="r_antenna2_jnt"><animation><source id="r_antenna2_jnt-Matrix-animation-input"><float_array id="r_antenna2_jnt-Matrix-animation-input-array" count="21">

0.000000 0.033333 0.066667 0.100000 0.133333 0.166667 0.200000 0.233333 0.266667 0.300000 0.333333 0.366667 0.400000 0.433333 0.466667 0.500000
0.533333 0.566667 0.600000 0.633333 0.666667</float_array><technique_common><accessor source="#r_antenna2_jnt-Matrix-animation-input-array" count="21"><param name="TIME" type="float"/></accessor></technique_common></source><source id="r_antenna2_jnt-Matrix-animation-output-transform"><float_array id="r_antenna2_jnt-Matrix-animation-output-transform-array" count="336">

0.896318 -0.437585 -0.071650 -0.000000 0.437358 0.899073 -0.019663 0.000000 0.073022 -0.013712 0.997236 -0.779776 0.000000 0.000000 0.000000 1.000000
