<?xml version="1.0" encoding="utf-8"?>
<COLLADA xmlns="http://www.collada.org/2005/11/COLLADASchema" version="1.4.1">
  <asset><contributor><author></author><authoring_tool>FBX COLLADA exporter</authoring_tool><comments></comments></contributor><created>2019-12-09T16:40:25Z</created><keywords></keywords><modified>2019-12-09T16:40:25Z</modified><revision></revision><subject></subject><title></title><unit meter="0.010000" name="centimeter"></unit><up_axis>Y_UP</up_axis></asset>
  <library_animations>
    <animation id="spine1_jnt-anim" name="spine1_jnt"><animation><source id="spine1_jnt-Matrix-animation-input"><float_array id="spine1_jnt-Matrix-animation-input-array" count="121">

0.000000 0.033333 0.066667 0.100000 0.133333 0.166667 0.200000 0.233333 0.266667 0.300000 0.333333 0.366667 0.400000 0.433333 0.466667 0.500000
0.533333 0.566667 0.600000 0.633333 0.666667 0.700000 0.733333 0.766667 0.800000 0.833333 0.866667 0.900000 0.933333 0.966667 1.000000 1.033333
1.066667 1.100000 1.133333 1.166667 1.200000 1.233333 1.266667 1.300000 1.333333 1.366667 1.400000 1.433333 1.466667 1.500000 1.533333 1.566667
1.600000 1.633333 1.666667 1.700000 1.733333 1.766667 1.800000 1.833333 1.866667 1.900000 1.933333 1.966667 2.000000 2.033333 2.066667 2.100000
2.133333 2.166667 2.200000 2.233333 2.266667 2.300000 2.333333 2.366667 2.400000 2.433333 2.466667 2.500000 2.533333 2.566667 2.600000 2.633333
2.666667 2.700000 2.733333 2.766667 2.800000 2.833333 2.866667 2.900000 2.933333 2.966667 3.000000 3.033333 3.066667 3.100000 3.133333 3.166667
3.200000 3.233333 3.266667 3.300000 3.333333 3.366667 3.400000 3.433333 3.466667 3.500000 3.533333 3.566667 3.600000 3.633333 3.666667 3.700000
3.733333 3.766667 3.800000 3.833333 3.866667 3.900000 3.933333 3.966667 4.000000</float_array><technique_common><accessor source="#spine1_jnt-Matrix-animation-input-array" count="121"><param name="TIME" type="float"/></accessor></technique_common></source><source id="spine1_jnt-Matrix-animation-output-transform"><float_array id="spine1_jnt-Matrix-animation-output-transform-array" count="1936">

0.960850 0.110476 -0.254092 0.228068 0.255966 -0.002887 0.966681 0.230436 0.106062 -0.993875 -0.031052 -0.011491 0.000000 0.000000 0.000000 1.000000
0.960936 0.109757 -0.254078 0.228094 0.255884 -0.002459 0.966704 0.230167 0.105478 -0.993955 -0.030448 -0.011939 0.000000 0.000000 0.000000 1.000000
0.961184 0.107665 -0.254033 0.228171 0.255645 -0.001212 0.966770 0.229384 0.103779 -0.994186 -0.028689 -0.013241 0.000000 0.000000 0.000000 1.000000
0.961578 0.104299 -0.253946 0.228294 0.255258 0.000793 0.966873 0.228124 0.101045 -0.994546 -0.025860 -0.015336 0.000000 0.000000 0.000000 1.000000
0.962098 0.099757 -0.253803 0.228461 0.254734 0.003499 0.967005 0.226425 0.097353 -0.995006 -0.022046 -0.018164 0.000000 0.000000 0.000000 1.000000
0.962722 0.094139 -0.253583 0.228667 0.254082 0.006844 0.967158 0.224321 0.092783 -0.995536 -0.017330 -0.021663 0.000000 0.000000 0.000000 1.000000
0.963428 0.087545 -0.253265 0.228908 0.253310 0.010769 0.967325 0.221851 0.087412 -0.996102 -0.011801 -0.025772 0.000000 0.000000 0.000000 1.000000
0.964193 0.080075 -0.252826 0.229183 0.252428 0.015215 0.967496 0.219051 0.081319 -0.996673 -0.005543 -0.030431 0.000000 0.000000 0.000000 1.000000
0.964994 0.071829 -0.252245 0.229486 0.251445 0.020122 0.967662 0.215957 0.074582 -0.997214 0.001357 -0.035578 0.000000 0.000000 0.000000 1.000000
0.965810 0.062911 -0.251502 0.229814 0.250368 0.025430 0.967817 0.212606 0.067282 -0.997695 0.008810 -0.041152 0.000000 0.000000 0.000000 1.000000
0.966620 0.053420 -0.250582 0.230163 0.249209 0.031080 0.967951 0.209035 0.059496 -0.998088 0.016730 -0.047093 0.000000 0.000000 0.000000 1.000000
0.967407 0.043460 -0.249470 0.230531 0.247976 0.037012 0.968059 0.205281 0.051305 -0.998369 0.025028 -0.053338 0.000000 0.000000 0.000000 1.000000
0.968152 0.033133 -0.248160 0.230913 0.246679 0.043167 0.968135 0.201380 0.042789 -0.998518 0.033619 -0.059828 0.000000 0.000000 0.000000 1.000000
0.968843 0.022540 -0.246650 0.231306 0.245329 0.049487 0.968176 0.197369 0.034028 -0.998520 0.042415 -0.066500 0.000000 0.000000 0.000000 1.000000
0.969466 0.011782 -0.244942 0.231706 0.243937 0.055913 0.968178 0.193285 0.025103 -0.998366 0.051331 -0.073295 0.000000 0.000000 0.000000 1.000000
0.970014 0.000962 -0.243046 0.232109 0.242515 0.062386 0.968140 0.189164 0.016094 -0.998052 0.060282 -0.080151 0.000000 0.000000 0.000000 1.000000
0.970481 -0.009822 -0.240978 0.232513 0.241074 0.068850 0.968061 0.185043 0.007083 -0.997579 0.069185 -0.087007 0.000000 0.000000 0.000000 1.000000
0.970863 -0.020472 -0.238760 0.232913 0.239629 0.075245 0.967944 0.180959 -0.001850 -0.996955 0.077958 -0.093801 0.000000 0.000000 0.000000 1.000000
0.971160 -0.030889 -0.236419 0.233306 0.238191 0.081517 0.967791 0.176948 -0.010622 -0.996193 0.086523 -0.100474 0.000000 0.000000 0.000000 1.000000
0.971375 -0.040981 -0.233989 0.233688 0.236777 0.087607 0.967606 0.173047 -0.019154 -0.995312 0.094802 -0.106964 0.000000 0.000000 0.000000 1.000000
0.971513 -0.050652 -0.231508 0.234055 0.235400 0.093459 0.967395 0.169292 -0.027364 -0.994334 0.102720 -0.113209 0.000000 0.000000 0.000000 1.000000
0.971582 -0.059813 -0.229021 0.234405 0.234075 0.099017 0.967163 0.165722 -0.035172 -0.993287 0.110204 -0.119149 0.000000 0.000000 0.000000 1.000000
0.971591 -0.068373 -0.226575 0.234733 0.232820 0.104225 0.966919 0.162371 -0.042496 -0.992201 0.117183 -0.124724 0.000000 0.000000 0.000000 1.000000
0.971551 -0.076245 -0.224220 0.235036 0.231650 0.109029 0.966670 0.159277 -0.049257 -0.991110 0.123589 -0.129871 0.000000 0.000000 0.000000 1.000000
0.971476 -0.083343 -0.222009 0.235310 0.230581 0.113371 0.966426 0.156477 -0.055375 -0.990051 0.129354 -0.134529 0.000000 0.000000 0.000000 1.000000
0.971379 -0.089581 -0.219997 0.235552 0.229631 0.117197 0.966196 0.154007 -0.060770 -0.989060 0.134414 -0.138639 0.000000 0.000000 0.000000 1.000000
0.971273 -0.094876 -0.218238 0.235758 0.228817 0.120453 0.965989 0.151903 -0.065362 -0.988175 0.138702 -0.142138 0.000000 0.000000 0.000000 1.000000
0.971172 -0.099144 -0.216786 0.235924 0.228155 0.123081 0.965814 0.150203 -0.069072 -0.987432 0.142153 -0.144965 0.000000 0.000000 0.000000 1.000000
0.971088 -0.102299 -0.215692 0.236048 0.227662 0.125028 0.965680 0.148944 -0.071821 -0.986865 0.144703 -0.147061 0.000000 0.000000 0.000000 1.000000
0.971032 -0.104257 -0.215006 0.236124 0.227355 0.126237 0.965595 0.148161 -0.073528 -0.986506 0.146284 -0.148363 0.000000 0.000000 0.000000 1.000000
0.971012 -0.104929 -0.214768 0.236151 0.227250 0.126653 0.965565 0.147892 -0.074115 -0.986382 0.146826 -0.148810 0.000000 0.000000 0.000000 1.000000
0.971032 -0.104257 -0.215006 0.236124 0.227355 0.126237 0.965595 0.148161 -0.073528 -0.986506 0.146284 -0.148363 0.000000 0.000000 0.000000 1.000000
0.971088 -0.102299 -0.215692 0.236048 0.227662 0.125028 0.965680 0.148944 -0.071821 -0.986865 0.144703 -0.147061 0.000000 0.000000 0.000000 1.000000
0.971172 -0.099144 -0.216786 0.235924 0.228155 0.123081 0.965814 0.150203 -0.069072 -0.987432 0.142153 -0.144965 0.000000 0.000000 0.000000 1.000000
0.971273 -0.094876 -0.218238 0.235758 0.228817 0.120453 0.965989 0.151903 -0.065362 -0.988175 0.138702 -0.142138 0.000000 0.000000 0.000000 1.000000
0.971379 -0.089581 -0.219997 0.235552 0.229631 0.117197 0.966196 0.154007 -0.060770 -0.989060 0.134414 -0.138639 0.000000 0.000000 0.000000 1.000000
0.971476 -0.083343 -0.222009 0.235310 0.230581 0.113371 0.966426 0.156477 -0.055375 -0.990051 0.129354 -0.134529 0.000000 0.000000 0.000000 1.000000
0.971551 -0.076245 -0.224220 0.235036 0.231650 0.109029 0.966670 0.159277 -0.049257 -0.991110 0.123589 -0.129871 0.000000 0.000000 0.000000 1.000000
0.971591 -0.068373 -0.226575 0.234733 0.232820 0.104225 0.966919 0.162371 -0.042496 -0.992201 0.117183 -0.124724 0.000000 0.000000 0.000000 1.000000
0.971582 -0.059813 -0.229021 0.234405 0.234075 0.099017 0.967163 0.165722 -0.035172 -0.993287 0.110204 -0.119149 0.000000 0.000000 0.000000 1.000000
0.971513 -0.050652 -0.231508 0.234055 0.235400 0.093459 0.967395 0.169292 -0.027364 -0.994334 0.102720 -0.113209 0.000000 0.000000 0.000000 1.000000
0.971375 -0.040981 -0.233989 0.233688 0.236777 0.087607 0.967606 0.173047 -0.019154 -0.995312 0.094802 -0.106964 0.000000 0.000000 0.000000 1.000000
0.971160 -0.030889 -0.236419 0.233306 0.238191 0.081517 0.967791 0.176948 -0.010622 -0.996193 0.086523 -0.100474 0.000000 0.000000 0.000000 1.000000
0.970863 -0.020472 -0.238760 0.232913 0.239629 0.075245 0.967944 0.180959 -0.001850 -0.996955 0.077958 -0.093801 0.000000 0.000000 0.000000 1.000000
0.970481 -0.009822 -0.240978 0.232513 0.241074 0.068850 0.968061 0.185043 0.007083 -0.997579 0.069185 -0.087007 0.000000 0.000000 0.000000 1.000000
0.970014 0.000962 -0.243046 0.232109 0.242515 0.062386 0.968140 0.189164 0.016094 -0.998052 0.060282 -0.080151 0.000000 0.000000 0.000000 1.000000
0.969466 0.011782 -0.244942 0.231706 0.243937 0.055913 0.968178 0.193285 0.025103 -0.998366 0.051331 -0.073295 0.000000 0.000000 0.000000 1.000000
0.968843 0.022540 -0.246650 0.231306 0.245329 0.049487 0.968176 0.197369 0.034028 -0.998520 0.042415 -0.066500 0.000000 0.000000 0.000000 1.000000
0.968152 0.033133 -0.248160 0.230913 0.246679 0.043167 0.968135 0.201380 0.042789 -0.998518 0.033619 -0.059828 0.000000 0.000000 0.000000 1.000000
0.967407 0.043460 -0.249470 0.230531 0.247976 0.037012 0.968059 0.205281 0.051305 -0.998369 0.025028 -0.053338 0.000000 0.000000 0.000000 1.000000
0.966620 0.053420 -0.250582 0.230163 0.249209 0.031080 0.967951 0.209035 0.059496 -0.998088 0.016730 -0.047093 0.000000 0.000000 0.000000 1.000000
0.965810 0.062911 -0.251502 0.229814 0.250368 0.025430 0.967817 0.212606 0.067282 -0.997695 0.008810 -0.041152 0.000000 0.000000 0.000000 1.000000
0.964994 0.071829 -0.252245 0.229486 0.251445 0.020122 0.967662 0.215957 0.074582 -0.997214 0.001357 -0.035578 0.000000 0.000000 0.000000 1.000000
0.964193 0.080075 -0.252826 0.229183 0.252428 0.015215 0.967496 0.219051 0.081319 -0.996673 -0.005543 -0.030431 0.000000 0.000000 0.000000 1.000000
0.963428 0.087545 -0.253265 0.228908 0.253310 0.010769 0.967325 0.221851 0.087412 -0.996102 -0.011801 -0.025772 0.000000 0.000000 0.000000 1.000000
0.962722 0.094139 -0.253583 0.228667 0.254082 0.006844 0.967158 0.224321 0.092783 -0.995536 -0.017330 -0.021663 0.000000 0.000000 0.000000 1.000000
0.962098 0.099757 -0.253803 0.228461 0.254734 0.003499 0.967005 0.226425 0.097353 -0.995006 -0.022046 -0.018164 0.000000 0.000000 0.000000 1.000000
0.961578 0.104299 -0.253946 0.228294 0.255258 0.000793 0.966873 0.228124 0.101045 -0.994546 -0.025860 -0.015336 0.000000 0.000000 0.000000 1.000000
0.961184 0.107665 -0.254033 0.228171 0.255645 -0.001212 0.966770 0.229384 0.103779 -0.994186 -0.028689 -0.013241 0.000000 0.000000 0.000000 1.000000
0.960936 0.109757 -0.254078 0.228094 0.255884 -0.002459 0.966704 0.230167 0.105478 -0.993955 -0.030448 -0.011939 0.000000 0.000000 0.000000 1.000000
0.960850 0.110476 -0.254092 0.228068 0.255966 -0.002887 0.966681 0.230436 0.106062 -0.993875 -0.031052 -0.011491 0.000000 0.000000 0.000000 1.000000
0.960954 0.109776 -0.254000 0.228143 0.255779 -0.002201 0.966733 0.230102 0.105565 -0.993954 -0.030193 -0.011557 0.000000 0.000000 0.000000 1.000000
0.961257 0.107741 -0.253726 0.228360 0.255233 -0.000203 0.966879 0.229132 0.104121 -0.994179 -0.027694 -0.011749 0.000000 0.000000 0.000000 1.000000
0.961739 0.104469 -0.253268 0.228711 0.254354 0.003013 0.967106 0.227570 0.101795 -0.994524 -0.023674 -0.012057 0.000000 0.000000 0.000000 1.000000
0.962379 0.100060 -0.252614 0.229184 0.253166 0.007354 0.967395 0.225463 0.098656 -0.994954 -0.018254 -0.012474 0.000000 0.000000 0.000000 1.000000
0.963156 0.094618 -0.251749 0.229769 0.251692 0.012729 0.967724 0.222855 0.094768 -0.995432 -0.011555 -0.012989 0.000000 0.000000 0.000000 1.000000
0.964046 0.088244 -0.250654 0.230456 0.249957 0.019043 0.968070 0.219792 0.090200 -0.995917 -0.003698 -0.013594 0.000000 0.000000 0.000000 1.000000
0.965027 0.081043 -0.249310 0.231235 0.247983 0.026206 0.968410 0.216320 0.085017 -0.996366 0.005192 -0.014280 0.000000 0.000000 0.000000 1.000000
0.966074 0.073121 -0.247699 0.232096 0.245795 0.034123 0.968721 0.212484 0.079286 -0.996739 0.014992 -0.015038 0.000000 0.000000 0.000000 1.000000
0.967165 0.064582 -0.245805 0.233028 0.243416 0.042701 0.968982 0.208330 0.073075 -0.996998 0.025578 -0.015859 0.000000 0.000000 0.000000 1.000000
0.968280 0.055532 -0.243619 0.234021 0.240870 0.051846 0.969172 0.203903 0.066451 -0.997110 0.036825 -0.016734 0.000000 0.000000 0.000000 1.000000
0.969398 0.046075 -0.241134 0.235065 0.238181 0.061464 0.969274 0.199248 0.059481 -0.997045 0.048609 -0.017653 0.000000 0.000000 0.000000 1.000000
0.970500 0.036317 -0.238350 0.236150 0.235375 0.071460 0.969274 0.194412 0.052233 -0.996782 0.060804 -0.018609 0.000000 0.000000 0.000000 1.000000
0.971571 0.026358 -0.235277 0.237266 0.232476 0.081740 0.969161 0.189439 0.044777 -0.996305 0.073288 -0.019591 0.000000 0.000000 0.000000 1.000000
0.972596 0.016301 -0.231930 0.238402 0.229510 0.092208 0.968929 0.184375 0.037180 -0.995606 0.085940 -0.020592 0.000000 0.000000 0.000000 1.000000
0.973564 0.006242 -0.228331 0.239549 0.226502 0.102768 0.968574 0.179265 0.029511 -0.994686 0.098637 -0.021601 0.000000 0.000000 0.000000 1.000000
0.974464 -0.003722 -0.224513 0.240695 0.223479 0.113326 0.968098 0.174156 0.021840 -0.993551 0.111264 -0.022611 0.000000 0.000000 0.000000 1.000000
0.975290 -0.013500 -0.220515 0.241831 0.220469 0.123785 0.967507 0.169092 0.014235 -0.992217 0.123703 -0.023612 0.000000 0.000000 0.000000 1.000000
0.976037 -0.023005 -0.216384 0.242947 0.217498 0.134052 0.966812 0.164119 0.006765 -0.990707 0.135843 -0.024594 0.000000 0.000000 0.000000 1.000000
0.976703 -0.032152 -0.212174 0.244032 0.214596 0.144030 0.966025 0.159282 -0.000500 -0.989051 0.147574 -0.025550 0.000000 0.000000 0.000000 1.000000
0.977287 -0.040861 -0.207946 0.245077 0.211790 0.153626 0.965165 0.154627 -0.007491 -0.987284 0.158791 -0.026469 0.000000 0.000000 0.000000 1.000000
0.977790 -0.049056 -0.203765 0.246070 0.209109 0.162746 0.964255 0.150200 -0.014141 -0.985448 0.169390 -0.027344 0.000000 0.000000 0.000000 1.000000
0.978217 -0.056666 -0.199702 0.247002 0.206583 0.171297 0.963318 0.146046 -0.020379 -0.983589 0.179272 -0.028165 0.000000 0.000000 0.000000 1.000000
0.978571 -0.063621 -0.195833 0.247863 0.204242 0.179185 0.962381 0.142210 -0.026138 -0.981756 0.188340 -0.028923 0.000000 0.000000 0.000000 1.000000
0.978860 -0.069857 -0.192233 0.248642 0.202116 0.186319 0.961475 0.138738 -0.031349 -0.980003 0.196499 -0.029609 0.000000 0.000000 0.000000 1.000000
0.979088 -0.075308 -0.188983 0.249329 0.200234 0.192606 0.960630 0.135675 -0.035944 -0.978382 0.203658 -0.030214 0.000000 0.000000 0.000000 1.000000
0.979264 -0.079914 -0.186160 0.249914 0.198628 0.197956 0.959875 0.133068 -0.039856 -0.976948 0.209724 -0.030729 0.000000 0.000000 0.000000 1.000000
0.979394 -0.083611 -0.183841 0.250387 0.197327 0.202276 0.959243 0.130960 -0.043017 -0.975753 0.214606 -0.031146 0.000000 0.000000 0.000000 1.000000
0.979482 -0.086336 -0.182102 0.250737 0.196361 0.205475 0.958761 0.129398 -0.045358 -0.974847 0.218212 -0.031454 0.000000 0.000000 0.000000 1.000000
0.979534 -0.088023 -0.181013 0.250955 0.195760 0.207462 0.958456 0.128428 -0.046813 -0.974275 0.220448 -0.031646 0.000000 0.000000 0.000000 1.000000
0.979551 -0.088602 -0.180636 0.251030 0.195554 0.208145 0.958350 0.128095 -0.047313 -0.974077 0.221215 -0.031712 0.000000 0.000000 0.000000 1.000000
0.979534 -0.088023 -0.181013 0.250955 0.195760 0.207462 0.958456 0.128428 -0.046813 -0.974275 0.220448 -0.031646 0.000000 0.000000 0.000000 1.000000
0.979482 -0.086336 -0.182102 0.250737 0.196361 0.205475 0.958761 0.129398 -0.045358 -0.974847 0.218212 -0.031454 0.000000 0.000000 0.000000 1.000000
0.979394 -0.083611 -0.183841 0.250387 0.197327 0.202276 0.959243 0.130960 -0.043017 -0.975753 0.214606 -0.031146 0.000000 0.000000 0.000000 1.000000
0.979264 -0.079914 -0.186160 0.249914 0.198628 0.197956 0.959875 0.133068 -0.039856 -0.976948 0.209724 -0.030729 0.000000 0.000000 0.000000 1.000000
0.979088 -0.075308 -0.188983 0.249329 0.200234 0.192606 0.960630 0.135675 -0.035944 -0.978382 0.203658 -0.030214 0.000000 0.000000 0.000000 1.000000
0.978860 -0.069857 -0.192233 0.248642 0.202116 0.186319 0.961475 0.138738 -0.031349 -0.980003 0.196499 -0.029609 0.000000 0.000000 0.000000 1.000000
0.978571 -0.063621 -0.195833 0.247863 0.204242 0.179185 0.962381 0.142210 -0.026138 -0.981756 0.188340 -0.028923 0.000000 0.000000 0.000000 1.000000
0.978217 -0.056666 -0.199702 0.247002 0.206583 0.171297 0.963318 0.146046 -0.020379 -0.983589 0.179272 -0.028165 0.000000 0.000000 0.000000 1.000000
0.977790 -0.049056 -0.203765 0.246070 0.209109 0.162746 0.964255 0.150200 -0.014141 -0.985448 0.169390 -0.027344 0.000000 0.000000 0.000000 1.000000
0.977287 -0.040861 -0.207946 0.245077 0.211790 0.153626 0.965165 0.154627 -0.007491 -0.987284 0.158791 -0.026469 0.000000 0.000000 0.000000 1.000000
0.976703 -0.032152 -0.212174 0.244032 0.214596 0.144030 0.966025 0.159282 -0.000500 -0.989051 0.147574 -0.025550 0.000000 0.000000 0.000000 1.000000
0.976037 -0.023005 -0.216384 0.242947 0.217498 0.134052 0.966812 0.164119 0.006765 -0.990707 0.135843 -0.024594 0.000000 0.000000 0.000000 1.000000
0.975290 -0.013500 -0.220515 0.241831 0.220469 0.123785 0.967507 0.169092 0.014235 -0.992217 0.123703 -0.023612 0.000000 0.000000 0.000000 1.000000
0.974464 -0.003722 -0.224513 0.240695 0.223479 0.113326 0.968098 0.174156 0.021840 -0.993551 0.111264 -0.022611 0.000000 0.000000 0.000000 1.000000
0.973564 0.006242 -0.228331 0.239549 0.226502 0.102768 0.968574 0.179265 0.029511 -0.994686 0.098637 -0.021601 0.000000 0.000000 0.000000 1.000000
0.972596 0.016301 -0.231930 0.238402 0.229510 0.092208 0.968929 0.184375 0.037180 -0.995606 0.085940 -0.020592 0.000000 0.000000 0.000000 1.000000
0.971571 0.026358 -0.235277 0.237266 0.232476 0.081740 0.969161 0.189439 0.044777 -0.996305 0.073288 -0.019591 0.000000 0.000000 0.000000 1.000000
0.970500 0.036317 -0.238350 0.236150 0.235375 0.071460 0.969274 0.194412 0.052233 -0.996782 0.060804 -0.018609 0.000000 0.000000 0.000000 1.000000
0.969398 0.046075 -0.241134 0.235065 0.238181 0.061464 0.969274 0.199248 0.059481 -0.997045 0.048609 -0.017653 0.000000 0.000000 0.000000 1.000000
0.968280 0.055532 -0.243619 0.234021 0.240870 0.051846 0.969172 0.203903 0.066451 -0.997110 0.036825 -0.016734 0.000000 0.000000 0.000000 1.000000
0.967165 0.064582 -0.245805 0.233028 0.243416 0.042701 0.968982 0.208330 0.073075 -0.996998 0.025578 -0.015859 0.000000 0.000000 0.000000 1.000000
0.966074 0.073121 -0.247699 0.232096 0.245795 0.034123 0.968721 0.212484 0.079286 -0.996739 0.014992 -0.015038 0.000000 0.000000 0.000000 1.000000
0.965027 0.081043 -0.249310 0.231235 0.247983 0.026206 0.968410 0.216320 0.085017 -0.996366 0.005192 -0.014280 0.000000 0.000000 0.000000 1.000000
0.964046 0.088244 -0.250654 0.230456 0.249957 0.019043 0.968070 0.219792 0.090200 -0.995917 -0.003698 -0.013594 0.000000 0.000000 0.000000 1.000000
0.963156 0.094618 -0.251749 0.229769 0.251692 0.012729 0.967724 0.222855 0.094768 -0.995432 -0.011555 -0.012989 0.000000 0.000000 0.000000 1.000000
0.962379 0.100060 -0.252614 0.229184 0.253166 0.007354 0.967395 0.225463 0.098656 -0.994954 -0.018254 -0.012474 0.000000 0.000000 0.000000 1.000000
0.961739 0.104469 -0.253268 0.228711 0.254354 0.003013 0.967106 0.227570 0.101795 -0.994524 -0.023674 -0.012057 0.000000 0.000000 0.000000 1.000000
0.961257 0.107741 -0.253726 0.228360 0.255233 -0.000203 0.966879 0.229132 0.104121 -0.994179 -0.027694 -0.011749 0.000000 0.000000 0.000000 1.000000
0.960954 0.109776 -0.254000 0.228143 0.255779 -0.002201 0.966733 0.230102 0.105565 -0.993954 -0.030193 -0.011557 0.000000 0.000000 0.000000 1.000000
0.960850 0.110476 -0.254092 0.228068 0.255966 -0.002887 0.966681 0.230436 0.106062 -0.993875 -0.031052 -0.011491 0.000000 0.000000 0.000000 1.000000</float_array><technique_common><accessor source="#spine1_jnt-Matrix-animation-output-transform-array" count="121" stride="16"><param type="float4x4"/></accessor></technique_common></source><source id="spine1_jnt-Interpolations"><Name_array id="spine1_jnt-Interpolations-array" count="121">
 LINEAR LINEAR LINEAR LINEAR LINEAR LINEAR LINEAR LINEAR LINEAR LINEAR LINEAR
LINEAR LINEAR LINEAR LINEAR LINEAR LINEAR LINEAR LINEAR LINEAR LINEAR LINEAR LINEAR
LINEAR LINEAR LINEAR LINEAR LINEAR LINEAR LINEAR LINEAR LINEAR LINEAR LINEAR LINEAR
LINEAR LINEAR LINEAR LINEAR LINEAR LINEAR LINEAR LINEAR LINEAR LINEAR LINEAR LINEAR
LINEAR LINEAR LINEAR LINEAR LINEAR LINEAR LINEAR LINEAR LINEAR LINEAR LINEAR LINEAR
LINEAR LINEAR LINEAR LINEAR LINEAR LINEAR LINEAR LINEAR LINEAR LINEAR LINEAR LINEAR
LINEAR LINEAR LINEAR LINEAR LINEAR LINEAR LINEAR LINEAR LINEAR LINEAR LINEAR LINEAR
LINEAR LINEAR LINEAR LINEAR LINEAR LINEAR LINEAR LINEAR LINEAR LINEAR LINEAR LINEAR
LINEAR LINEAR LINEAR LINEAR LINEAR LINEAR LINEAR LINEAR LINEAR LINEAR LINEAR LINEAR
LINEAR LINEAR LINEAR LINEAR LINEAR LINEAR LINEAR LINEAR LINEAR LINEAR LINEAR LINEAR
LINEAR LINEAR</Name_array><technique_common><accessor source="#spine1_jnt-Interpolations-array" count="121"><param type="name"/></accessor></technique_common></source><sampler id="spine1_jnt-Matrix-animation-transform"><input semantic="INPUT" source="#spine1_jnt-Matrix-animation-input"/><input semantic="OUTPUT" source="#spine1_jnt-Matrix-animation-output-transform"/><input semantic="INTERPOLATION" source="#spine1_jnt-Interpolations"/></sampler><channel source="#spine1_jnt-Matrix-animation-transform" target="spine1_jnt/matrix"/></animation></animation>
    <animation id="r_uleg1_jnt-anim" name="r_uleg1_jnt"><animation><source id="r_uleg1_jnt-Matrix-animation-input"><float_array id="r_uleg1_jnt-Matrix-animation-input-array" count="121">

0.000000 0.033333 0.066667 0.100000 0.133333 0.166667 0.200000 0.233333 0.266667 0.300000 0.333333 0.366667 0.400000 0.433333 0.466667 0.500000
0.533333 0.566667 0.600000 0.633333 0.666667 0.700000 0.733333 0.766667 0.800000 0.833333 0.866667 0.900000 0.933333 0.966667 1.000000 1.033333
1.066667 1.100000 1.133333 1.166667 1.200000 1.233333 1.266667 1.300000 1.333333 1.366667 1.400000 1.433333 1.466667 1.500000 1.533333 1.566667
1.600000 1.633333 1.666667 1.700000 1.733333 1.766667 1.800000 1.833333 1.866667 1.900000 1.933333 1.966667 2.000000 2.033333 2.066667 2.100000
2.133333 2.166667 2.200000 2.233333 2.266667 2.300000 2.333333 2.366667 2.400000 2.433333 2.466667 2.500000 2.533333 2.566667 2.600000 2.633333
2.666667 2.700000 2.733333 2.766667 2.800000 2.833333 2.866667 2.900000 2.933333 2.966667 3.000000 3.033333 3.066667 3.100000 3.133333 3.166667
3.200000 3.233333 3.266667 3.300000 3.333333 3.366667 3.400000 3.433333 3.466667 3.500000 3.533333 3.566667 3.600000 3.633333 3.666667 3.700000
3.733333 3.766667 3.800000 3.833333 3.866667 3.900000 3.933333 3.966667 4.000000</float_array><technique_common><accessor source="#r_uleg1_jnt-Matrix-animation-input-array" count="121"><param name="TIME" type="float"/></accessor></technique_common></source><source id="r_uleg1_jnt-Matrix-animation-output-transform"><float_array id="r_uleg1_jnt-Matrix-animation-output-transform-array" count="1936">

-0.513232 0.219486 -0.829710 -0.413257 -0.820914 0.156495 0.549190 -0.379657 0.250385 0.962982 0.099861 0.248367 0.000000 0.000000 0.000000 1.000000
-0.512714 0.220183 -0.829846 -0.413257 -0.820891 0.157441 0.548955 -0.379657 0.251522 0.962669 0.100024 0.248367 0.000000 0.000000 0.000000 1.000000
-0.511187 0.222207 -0.830248 -0.413257 -0.820827 0.160181 0.548257 -0.379657 0.254816 0.961752 0.100511 0.248367 0.000000 0.000000 0.000000 1.000000
-0.508677 0.225454 -0.830914 -0.413257 -0.820737 0.164555 0.547095 -0.379657 0.260076 0.960256 0.101333 0.248367 0.000000 0.000000 0.000000 1.000000
-0.505182 0.229818 -0.831850 -0.413257 -0.820642 0.170386 0.545449 -0.379657 0.267090 0.958202 0.102522 0.248367 0.000000 0.000000 0.000000 1.000000
-0.500690 0.235187 -0.833064 -0.413257 -0.820570 0.177490 0.543289 -0.379657 0.275635 0.955607 0.104120 0.248367 0.000000 0.000000 0.000000 1.000000
-0.495179 0.241447 -0.834566 -0.413257 -0.820549 0.185673 0.540579 -0.379657 0.285477 0.952486 0.106178 0.248367 0.000000 0.000000 0.000000 1.000000
-0.488623 0.248481 -0.836364 -0.413257 -0.820614 0.194742 0.537279 -0.379657 0.296379 0.948859 0.108751 0.248367 0.000000 0.000000 0.000000 1.000000
-0.480992 0.256172 -0.838464 -0.413257 -0.820806 0.204506 0.533344 -0.379657 0.308098 0.944750 0.111902 0.248367 0.000000 0.000000 0.000000 1.000000
-0.472297 0.264402 -0.840849 -0.413257 -0.821144 0.214777 0.528765 -0.379657 0.320402 0.940193 0.115673 0.248367 0.000000 0.000000 0.000000 1.000000
-0.462506 0.273054 -0.843522 -0.413257 -0.821683 0.225381 0.523489 -0.379657 0.333054 0.935225 0.120123 0.248367 0.000000 0.000000 0.000000 1.000000
-0.451636 0.282013 -0.846460 -0.413257 -0.822450 0.236151 0.517503 -0.379657 0.345835 0.929893 0.125287 0.248367 0.000000 0.000000 0.000000 1.000000
-0.439708 0.291168 -0.849634 -0.413257 -0.823475 0.246936 0.510795 -0.379657 0.358532 0.924253 0.131190 0.248367 0.000000 0.000000 0.000000 1.000000
-0.426762 0.300412 -0.853011 -0.413257 -0.824785 0.257600 0.503361 -0.379657 0.370952 0.918365 0.137841 0.248367 0.000000 0.000000 0.000000 1.000000
-0.412851 0.309645 -0.856548 -0.413257 -0.826396 0.268025 0.495210 -0.379657 0.382915 0.912296 0.145235 0.248367 0.000000 0.000000 0.000000 1.000000
-0.398051 0.318771 -0.860198 -0.413257 -0.828318 0.278106 0.486359 -0.379657 0.394264 0.906114 0.153343 0.248367 0.000000 0.000000 0.000000 1.000000
-0.382454 0.327704 -0.863909 -0.413257 -0.830552 0.287759 0.476841 -0.379657 0.404861 0.899891 0.162121 0.248367 0.000000 0.000000 0.000000 1.000000
-0.366171 0.336364 -0.867628 -0.413257 -0.833086 0.296914 0.466701 -0.379657 0.414592 0.893701 0.171499 0.248367 0.000000 0.000000 0.000000 1.000000
-0.349339 0.344680 -0.871297 -0.413257 -0.835895 0.305514 0.456004 -0.379657 0.423369 0.887613 0.181388 0.248367 0.000000 0.000000 0.000000 1.000000
-0.332117 0.352585 -0.874861 -0.413257 -0.838945 0.313518 0.444835 -0.379657 0.431127 0.881697 0.191675 0.248367 0.000000 0.000000 0.000000 1.000000
-0.314691 0.360023 -0.878267 -0.413257 -0.842184 0.320895 0.433305 -0.379657 0.437831 0.876019 0.202223 0.248367 0.000000 0.000000 0.000000 1.000000
-0.297281 0.366943 -0.881463 -0.413257 -0.845550 0.327622 0.421555 -0.379657 0.443473 0.870641 0.212873 0.248367 0.000000 0.000000 0.000000 1.000000
-0.280137 0.373299 -0.884404 -0.413257 -0.848970 0.333686 0.409759 -0.379657 0.448076 0.865622 0.223442 0.248367 0.000000 0.000000 0.000000 1.000000
-0.263552 0.379049 -0.887052 -0.413257 -0.852358 0.339077 0.398136 -0.379657 0.451693 0.861016 0.233721 0.248367 0.000000 0.000000 0.000000 1.000000
-0.247855 0.384157 -0.889377 -0.413257 -0.855619 0.343789 0.386943 -0.379657 0.454405 0.856874 0.243482 0.248367 0.000000 0.000000 0.000000 1.000000
-0.233419 0.388585 -0.891357 -0.413257 -0.858652 0.347817 0.376484 -0.379657 0.456325 0.853244 0.252472 0.248367 0.000000 0.000000 0.000000 1.000000
-0.220653 0.392298 -0.892981 -0.413257 -0.861352 0.351152 0.367104 -0.379657 0.457586 0.850173 0.260424 0.248367 0.000000 0.000000 0.000000 1.000000
-0.209992 0.395262 -0.894244 -0.413257 -0.863614 0.353787 0.359175 -0.379657 0.458339 0.847705 0.267061 0.248367 0.000000 0.000000 0.000000 1.000000
-0.201879 0.397436 -0.895148 -0.413257 -0.865336 0.355704 0.353084 -0.379657 0.458736 0.845884 0.272106 0.248367 0.000000 0.000000 0.000000 1.000000
-0.196743 0.398777 -0.895695 -0.413257 -0.866426 0.356880 0.349202 -0.379657 0.458909 0.844756 0.275298 0.248367 0.000000 0.000000 0.000000 1.000000
-0.194959 0.399237 -0.895880 -0.413257 -0.866805 0.357282 0.347850 -0.379657 0.458956 0.844369 0.276405 0.248367 0.000000 0.000000 0.000000 1.000000
-0.196743 0.398777 -0.895695 -0.413257 -0.866426 0.356880 0.349202 -0.379657 0.458909 0.844756 0.275298 0.248367 0.000000 0.000000 0.000000 1.000000
-0.201879 0.397436 -0.895148 -0.413257 -0.865336 0.355704 0.353084 -0.379657 0.458736 0.845884 0.272106 0.248367 0.000000 0.000000 0.000000 1.000000
-0.209992 0.395262 -0.894244 -0.413257 -0.863614 0.353787 0.359175 -0.379657 0.458339 0.847705 0.267061 0.248367 0.000000 0.000000 0.000000 1.000000
-0.220653 0.392298 -0.892981 -0.413257 -0.861352 0.351152 0.367104 -0.379657 0.457586 0.850173 0.260424 0.248367 0.000000 0.000000 0.000000 1.000000
-0.233419 0.388585 -0.891357 -0.413257 -0.858652 0.347817 0.376484 -0.379657 0.456325 0.853244 0.252472 0.248367 0.000000 0.000000 0.000000 1.000000
-0.247855 0.384157 -0.889377 -0.413257 -0.855619 0.343789 0.386943 -0.379657 0.454405 0.856874 0.243482 0.248367 0.000000 0.000000 0.000000 1.000000
-0.263552 0.379049 -0.887052 -0.413257 -0.852358 0.339077 0.398136 -0.379657 0.451693 0.861016 0.233721 0.248367 0.000000 0.000000 0.000000 1.000000
-0.280137 0.373299 -0.884404 -0.413257 -0.848970 0.333686 0.409759 -0.379657 0.448076 0.865622 0.223442 0.248367 0.000000 0.000000 0.000000 1.000000
-0.297281 0.366943 -0.881463 -0.413257 -0.845550 0.327622 0.421555 -0.379657 0.443473 0.870641 0.212873 0.248367 0.000000 0.000000 0.000000 1.000000
-0.314691 0.360023 -0.878267 -0.413257 -0.842184 0.320895 0.433305 -0.379657 0.437831 0.876019 0.202223 0.248367 0.000000 0.000000 0.000000 1.000000
-0.332117 0.352585 -0.874861 -0.413257 -0.838945 0.313518 0.444835 -0.379657 0.431127 0.881697 0.191675 0.248367 0.000000 0.000000 0.000000 1.000000
-0.349339 0.344680 -0.871297 -0.413257 -0.835895 0.305514 0.456004 -0.379657 0.423369 0.887613 0.181388 0.248367 0.000000 0.000000 0.000000 1.000000
-0.366171 0.336364 -0.867628 -0.413257 -0.833086 0.296914 0.466701 -0.379657 0.414592 0.893701 0.171499 0.248367 0.000000 0.000000 0.000000 1.000000
-0.382454 0.327704 -0.863909 -0.413257 -0.830552 0.287759 0.476841 -0.379657 0.404861 0.899891 0.162121 0.248367 0.000000 0.000000 0.000000 1.000000
-0.398051 0.318771 -0.860198 -0.413257 -0.828318 0.278106 0.486359 -0.379657 0.394264 0.906114 0.153343 0.248367 0.000000 0.000000 0.000000 1.000000
-0.412851 0.309645 -0.856548 -0.413257 -0.826396 0.268025 0.495210 -0.379657 0.382915 0.912296 0.145235 0.248367 0.000000 0.000000 0.000000 1.000000
-0.426762 0.300412 -0.853011 -0.413257 -0.824785 0.257600 0.503361 -0.379657 0.370952 0.918365 0.137841 0.248367 0.000000 0.000000 0.000000 1.000000
-0.439708 0.291168 -0.849634 -0.413257 -0.823475 0.246936 0.510795 -0.379657 0.358532 0.924253 0.131190 0.248367 0.000000 0.000000 0.000000 1.000000
-0.451636 0.282013 -0.846460 -0.413257 -0.822450 0.236151 0.517503 -0.379657 0.345835 0.929893 0.125287 0.248367 0.000000 0.000000 0.000000 1.000000
-0.462506 0.273054 -0.843522 -0.413257 -0.821683 0.225381 0.523489 -0.379657 0.333054 0.935225 0.120123 0.248367 0.000000 0.000000 0.000000 1.000000
-0.472297 0.264402 -0.840849 -0.413257 -0.821144 0.214777 0.528765 -0.379657 0.320402 0.940193 0.115673 0.248367 0.000000 0.000000 0.000000 1.000000
-0.480992 0.256172 -0.838464 -0.413257 -0.820806 0.204506 0.533344 -0.379657 0.308098 0.944750 0.111902 0.248367 0.000000 0.000000 0.000000 1.000000
-0.488623 0.248481 -0.836364 -0.413257 -0.820614 0.194742 0.537279 -0.379657 0.296379 0.948859 0.108751 0.248367 0.000000 0.000000 0.000000 1.000000
-0.495179 0.241447 -0.834566 -0.413257 -0.820549 0.185673 0.540579 -0.379657 0.285477 0.952486 0.106178 0.248367 0.000000 0.000000 0.000000 1.000000
-0.500690 0.235187 -0.833064 -0.413257 -0.820570 0.177490 0.543289 -0.379657 0.275635 0.955607 0.104120 0.248367 0.000000 0.000000 0.000000 1.000000
-0.505182 0.229818 -0.831850 -0.413257 -0.820642 0.170386 0.545449 -0.379657 0.267090 0.958202 0.102522 0.248367 0.000000 0.000000 0.000000 1.000000
-0.508677 0.225454 -0.830914 -0.413257 -0.820737 0.164555 0.547095 -0.379657 0.260076 0.960256 0.101333 0.248367 0.000000 0.000000 0.000000 1.000000
-0.511187 0.222207 -0.830248 -0.413257 -0.820827 0.160181 0.548257 -0.379657 0.254816 0.961752 0.100511 0.248367 0.000000 0.000000 0.000000 1.000000
-0.512714 0.220183 -0.829846 -0.413257 -0.820891 0.157441 0.548955 -0.379657 0.251522 0.962669 0.100024 0.248367 0.000000 0.000000 0.000000 1.000000
-0.513232 0.219486 -0.829710 -0.413257 -0.820914 0.156495 0.549190 -0.379657 0.250385 0.962982 0.099861 0.248367 0.000000 0.000000 0.000000 1.000000
-0.513549 0.220379 -0.829277 -0.413257 -0.820177 0.157923 0.549881 -0.379657 0.252144 0.962545 0.099648 0.248367 0.000000 0.000000 0.000000 1.000000
-0.514430 0.222974 -0.828036 -0.413257 -0.818038 0.162066 0.551859 -0.379657 0.257247 0.961258 0.099030 0.248367 0.000000 0.000000 0.000000 1.000000
-0.515724 0.227151 -0.826094 -0.413257 -0.814608 0.168690 0.554939 -0.379657 0.265408 0.959138 0.098041 0.248367 0.000000 0.000000 0.000000 1.000000
-0.517231 0.232783 -0.823580 -0.413257 -0.810011 0.177546 0.558892 -0.379657 0.276323 0.956185 0.096724 0.248367 0.000000 0.000000 0.000000 1.000000
-0.518718 0.239743 -0.820643 -0.413257 -0.804377 0.188368 0.563466 -0.379657 0.289670 0.952387 0.095134 0.248367 0.000000 0.000000 0.000000 1.000000
-0.519937 0.247900 -0.817442 -0.413257 -0.797854 0.200881 0.568398 -0.379657 0.305114 0.947730 0.093342 0.248367 0.000000 0.000000 0.000000 1.000000
-0.520642 0.257117 -0.814140 -0.413257 -0.790598 0.214803 0.573424 -0.379657 0.322316 0.942205 0.091441 0.248367 0.000000 0.000000 0.000000 1.000000
-0.520595 0.267254 -0.810898 -0.413257 -0.782779 0.229849 0.578296 -0.379657 0.340936 0.935812 0.089542 0.248367 0.000000 0.000000 0.000000 1.000000
-0.519579 0.278165 -0.807875 -0.413257 -0.774584 0.245739 0.582780 -0.379657 0.360635 0.928567 0.087782 0.248367 0.000000 0.000000 0.000000 1.000000
-0.517437 0.289702 -0.805191 -0.413257 -0.766179 0.262198 0.586704 -0.379657 0.381088 0.920503 0.086293 0.248367 0.000000 0.000000 0.000000 1.000000
-0.514002 0.301714 -0.802976 -0.413257 -0.757770 0.278965 0.589884 -0.379657 0.401978 0.911673 0.085241 0.248367 0.000000 0.000000 0.000000 1.000000
-0.509180 0.314051 -0.801316 -0.413257 -0.749534 0.295794 0.592204 -0.379657 0.423007 0.902152 0.084779 0.248367 0.000000 0.000000 0.000000 1.000000
-0.502913 0.326566 -0.800270 -0.413257 -0.741643 0.312462 0.593577 -0.379657 0.443897 0.892032 0.085054 0.248367 0.000000 0.000000 0.000000 1.000000
-0.495185 0.339117 -0.799870 -0.413257 -0.734256 0.328769 0.593952 -0.379657 0.464392 0.881425 0.086197 0.248367 0.000000 0.000000 0.000000 1.000000
-0.486021 0.351567 -0.800115 -0.413257 -0.727513 0.344541 0.593309 -0.379657 0.484260 0.870455 0.088315 0.248367 0.000000 0.000000 0.000000 1.000000
-0.475487 0.363789 -0.800981 -0.413257 -0.721530 0.359630 0.591659 -0.379657 0.503295 0.859258 0.091485 0.248367 0.000000 0.000000 0.000000 1.000000
-0.463687 0.375666 -0.802415 -0.413257 -0.716396 0.373917 0.589036 -0.379657 0.521317 0.847975 0.095745 0.248367 0.000000 0.000000 0.000000 1.000000
-0.450762 0.387091 -0.804347 -0.413257 -0.712170 0.387308 0.585497 -0.379657 0.538170 0.836752 0.101091 0.248367 0.000000 0.000000 0.000000 1.000000
-0.436890 0.397968 -0.806690 -0.413257 -0.708881 0.399733 0.581121 -0.379657 0.553728 0.825733 0.107473 0.248367 0.000000 0.000000 0.000000 1.000000
-0.422284 0.408213 -0.809344 -0.413257 -0.706525 0.411143 0.576007 -0.379657 0.567890 0.815060 0.114794 0.248367 0.000000 0.000000 0.000000 1.000000
-0.407196 0.417751 -0.812204 -0.413257 -0.705062 0.421508 0.570280 -0.379657 0.580585 0.804870 0.122904 0.248367 0.000000 0.000000 0.000000 1.000000
-0.391918 0.426515 -0.815160 -0.413257 -0.704420 0.430810 0.564087 -0.379657 0.591771 0.795291 0.131604 0.248367 0.000000 0.000000 0.000000 1.000000
-0.376783 0.434445 -0.818102 -0.413257 -0.704494 0.439043 0.557610 -0.379657 0.601434 0.786446 0.140640 0.248367 0.000000 0.000000 0.000000 1.000000
-0.362173 0.441490 -0.820925 -0.413257 -0.705145 0.446207 0.551062 -0.379657 0.609591 0.778451 0.149710 0.248367 0.000000 0.000000 0.000000 1.000000
-0.348509 0.447597 -0.823528 -0.413257 -0.706208 0.452304 0.544693 -0.379657 0.616288 0.771413 0.158464 0.248367 0.000000 0.000000 0.000000 1.000000
-0.336258 0.452718 -0.825819 -0.413257 -0.707495 0.457334 0.538791 -0.379657 0.621596 0.765435 0.166514 0.248367 0.000000 0.000000 0.000000 1.000000
-0.325911 0.456804 -0.827715 -0.413257 -0.708804 0.461293 0.533671 -0.379657 0.625603 0.760617 0.173444 0.248367 0.000000 0.000000 0.000000 1.000000
-0.317970 0.459802 -0.829143 -0.413257 -0.709937 0.464166 0.529659 -0.379657 0.628398 0.757055 0.178840 0.248367 0.000000 0.000000 0.000000 1.000000
-0.312912 0.461651 -0.830039 -0.413257 -0.710714 0.465925 0.527067 -0.379657 0.630057 0.754846 0.182308 0.248367 0.000000 0.000000 0.000000 1.000000
-0.311151 0.462284 -0.830348 -0.413257 -0.710994 0.466526 0.526158 -0.379657 0.630613 0.754087 0.183521 0.248367 0.000000 0.000000 0.000000 1.000000
-0.312912 0.461651 -0.830039 -0.413257 -0.710714 0.465925 0.527067 -0.379657 0.630057 0.754846 0.182308 0.248367 0.000000 0.000000 0.000000 1.000000
-0.317970 0.459802 -0.829143 -0.413257 -0.709937 0.464166 0.529659 -0.379657 0.628398 0.757055 0.178840 0.248367 0.000000 0.000000 0.000000 1.000000
-0.325911 0.456804 -0.827715 -0.413257 -0.708804 0.461293 0.533671 -0.379657 0.625603 0.760617 0.173444 0.248367 0.000000 0.000000 0.000000 1.000000
-0.336258 0.452718 -0.825819 -0.413257 -0.707495 0.457334 0.538791 -0.379657 0.621596 0.765435 0.166514 0.248367 0.000000 0.000000 0.000000 1.000000
-0.348509 0.447597 -0.823528 -0.413257 -0.706208 0.452304 0.544693 -0.379657 0.616288 0.771413 0.158464 0.248367 0.000000 0.000000 0.000000 1.000000
-0.362173 0.441490 -0.820925 -0.413257 -0.705145 0.446207 0.551062 -0.379657 0.609591 0.778451 0.149710 0.248367 0.000000 0.000000 0.000000 1.000000
-0.376783 0.434445 -0.818102 -0.413257 -0.704494 0.439043 0.557610 -0.379657 0.601434 0.786446 0.140640 0.248367 0.000000 0.000000 0.000000 1.000000
-0.391918 0.426515 -0.815160 -0.413257 -0.704420 0.430810 0.564087 -0.379657 0.591771 0.795291 0.131604 0.248367 0.000000 0.000000 0.000000 1.000000
-0.407196 0.417751 -0.812204 -0.413257 -0.705062 0.421508 0.570280 -0.379657 0.580585 0.804870 0.122904 0.248367 0.000000 0.000000 0.000000 1.000000
-0.422284 0.408213 -0.809344 -0.413257 -0.706525 0.411143 0.576007 -0.379657 0.567890 0.815060 0.114794 0.248367 0.000000 0.000000 0.000000 1.000000
-0.436890 0.397968 -0.806690 -0.413257 -0.708881 0.399733 0.581121 -0.379657 0.553728 0.825733 0.107473 0.248367 0.000000 0.000000 0.000000 1.000000
-0.450762 0.387091 -0.804347 -0.413257 -0.712170 0.387308 0.585497 -0.379657 0.538170 0.836752 0.101091 0.248367 0.000000 0.000000 0.000000 1.000000
-0.463687 0.375666 -0.802415 -0.413257 -0.716396 0.373917 0.589036 -0.379657 0.521317 0.847975 0.095745 0.248367 0.000000 0.000000 0.000000 1.000000
-0.475487 0.363789 -0.800981 -0.413257 -0.721530 0.359630 0.591659 -0.379657 0.503295 0.859258 0.091485 0.248367 0.000000 0.000000 0.000000 1.000000
-0.486021 0.351567 -0.800115 -0.413257 -0.727513 0.344541 0.593309 -0.379657 0.484260 0.870455 0.088315 0.248367 0.000000 0.000000 0.000000 1.000000
-0.495185 0.339117 -0.799870 -0.413257 -0.734256 0.328769 0.593952 -0.379657 0.464392 0.881425 0.086197 0.248367 0.000000 0.000000 0.000000 1.000000
-0.502913 0.326566 -0.800270 -0.413257 -0.741643 0.312462 0.593577 -0.379657 0.443897 0.892032 0.085054 0.248367 0.000000 0.000000 0.000000 1.000000
-0.509180 0.314051 -0.801316 -0.413257 -0.749534 0.295794 0.592204 -0.379657 0.423007 0.902152 0.084779 0.248367 0.000000 0.000000 0.000000 1.000000
-0.514002 0.301714 -0.802976 -0.413257 -0.757770 0.278965 0.589884 -0.379657 0.401978 0.911673 0.085241 0.248367 0.000000 0.000000 0.000000 1.000000
-0.517437 0.289702 -0.805191 -0.413257 -0.766179 0.262198 0.586704 -0.379657 0.381088 0.920503 0.086293 0.248367 0.000000 0.000000 0.000000 1.000000
-0.519579 0.278165 -0.807875 -0.413257 -0.774584 0.245739 0.582780 -0.379657 0.360635 0.928567 0.087782 0.248367 0.000000 0.000000 0.000000 1.000000
