<?xml version="1.0" encoding="utf-8"?>
<COLLADA xmlns="http://www.collada.org/2005/11/COLLADASchema" version="1.4.1">
  <asset><contributor><author></author><authoring_tool>FBX COLLADA exporter</authoring_tool><comments></comments></contributor><created>2019-12-09T15:55:25Z</created><keywords></keywords><modified>2019-12-09T15:55:25Z</modified><revision></revision><subject></subject><title></title><unit meter="0.010000" name="centimeter"></unit><up_axis>Y_UP</up_axis></asset>
  <library_animations>
    <animation id="spine1_jnt-anim" name="spine1_jnt"><animation><source id="spine1_jnt-Matrix-animation-input"><float_array id="spine1_jnt-Matrix-animation-input-array" count="8">

0.000000 0.033333 0.066667 0.100000 0.133333 0.166667 0.200000 0.233333</float_array><technique_common><accessor source="#spine1_jnt-Matrix-animation-input-array" count="8"><param name="TIME" type="float"/></accessor></technique_common></source><source id="spine1_jnt-Matrix-animation-output-transform"><float_array id="spine1_jnt-Matrix-animation-output-transform-array" count="128">

0.102178 0.736334 0.668858 0.424427 -0.712384 0.523459 -0.467439 0.326168 -0.694311 -0.428722 0.578039 -0.016518 0.000000 0.000000 0.000000 1.000000
0.089495 0.736437 0.670560 0.424427 -0.713011 0.517457 -0.473132 0.326168 -0.695418 -0.435773 0.571398 -0.016518 0.000000 0.000000 0.000000 1.000000
0.056684 0.736375 0.674195 0.424427 -0.714170 0.501790 -0.488024 0.326168 -0.697673 -0.453827 0.554341 -0.016518 0.000000 0.000000 0.000000 1.000000
0.011642 0.735526 0.677396 0.424427 -0.714666 0.479935 -0.508837 0.326168 -0.699369 -0.478188 0.531243 -0.016518 0.000000 0.000000 0.000000 1.000000
-0.037549 0.733589 0.678555 0.424427 -0.713727 0.455575 -0.532020 0.326168 -0.699417 -0.504280 0.506476 -0.016518 0.000000 0.000000 0.000000 1.000000
-0.082684 0.730877 0.677482 0.424427 -0.711467 0.432736 -0.553674 0.326168 -0.697838 -0.527786 0.484214 -0.016518 0.000000 0.000000 0.000000 1.000000
-0.115620 0.728325 0.675407 0.424427 -0.708946 0.415753 -0.569689 0.326168 -0.695721 -0.544694 0.468274 -0.016518 0.000000 0.000000 0.000000 1.000000
-0.128363 0.727206 0.674310 0.424427 -0.707768 0.409106 -0.575931 0.326168 -0.694685 -0.551184 0.462179 -0.016518 0.000000 0.000000 0.000000 1.000000</float_array><technique_common><accessor source="#spine1_jnt-Matrix-animation-output-transform-array" count="8" stride="16"><param type="float4x4"/></accessor></technique_common></source><source id="spine1_jnt-Interpolations"><Name_array id="spine1_jnt-Interpolations-array" count="8">
 LINEAR LINEAR LINEAR LINEAR LINEAR LINEAR LINEAR LINEAR</Name_array><technique_common><accessor source="#spine1_jnt-Interpolations-array" count="8"><param type="name"/></accessor></technique_common></source><sampler id="spine1_jnt-Matrix-animation-transform"><input semantic="INPUT" source="#spine1_jnt-Matrix-animation-input"/><input semantic="OUTPUT" source="#spine1_jnt-Matrix-animation-output-transform"/><input semantic="INTERPOLATION" source="#spine1_jnt-Interpolations"/></sampler><channel source="#spine1_jnt-Matrix-animation-transform" target="spine1_jnt/matrix"/></animation></animation>
    <animation id="r_uleg1_jnt-anim" name="r_uleg1_jnt"><animation><source id="r_uleg1_jnt-Matrix-animation-input"><float_array id="r_uleg1_jnt-Matrix-animation-input-array" count="8">

0.000000 0.033333 0.066667 0.100000 0.133333 0.166667 0.200000 0.233333</float_array><technique_common><accessor source="#r_uleg1_jnt-Matrix-animation-input-array" count="8"><param name="TIME" type="float"/></accessor></technique_common></source><source id="r_uleg1_jnt-Matrix-animation-output-transform"><float_array id="r_uleg1_jnt-Matrix-animation-output-transform-array" count="128">

-0.670713 -0.740585 0.040949 -0.413257 -0.190638 0.118772 -0.974449 -0.379657 0.716799 -0.661382 -0.220845 0.248367 0.000000 0.000000 0.000000 1.000000
-0.675338 -0.735595 0.053087 -0.413257 -0.200958 0.114283 -0.972911 -0.379657 0.709601 -0.667712 -0.225004 0.248367 0.000000 0.000000 0.000000 1.000000
-0.686395 -0.722336 0.084214 -0.413257 -0.227030 0.102828 -0.968444 -0.379657 0.690883 -0.683854 -0.234572 0.248367 0.000000 0.000000 0.000000 1.000000
-0.699554 -0.703330 0.126297 -0.413257 -0.261439 0.087423 -0.961253 -0.379657 0.665037 -0.705467 -0.245035 0.248367 0.000000 0.000000 0.000000 1.000000
-0.711443 -0.681520 0.171404 -0.413257 -0.297356 0.070950 -0.952127 -0.379657 0.636732 -0.728352 -0.253130 0.248367 0.000000 0.000000 0.000000 1.000000
-0.720231 -0.660541 0.212020 -0.413257 -0.328941 0.056083 -0.942684 -0.379657 0.610790 -0.748692 -0.257672 0.248367 0.000000 0.000000 0.000000 1.000000
-0.725435 -0.644643 0.241203 -0.413257 -0.351241 0.045347 -0.935186 -0.379657 0.591924 -0.763137 -0.259321 0.248367 0.000000 0.000000 0.000000 1.000000
-0.727185 -0.638357 0.252393 -0.413257 -0.359712 0.041212 -0.932153 -0.379657 0.584645 -0.768636 -0.259593 0.248367 0.000000 0.000000 0.000000 1.000000</float_array><technique_common><accessor source="#r_uleg1_jnt-Matrix-animation-output-transform-array" count="8" stride="16"><param type="float4x4"/></accessor></technique_common></source><source id="r_uleg1_jnt-Interpolations"><Name_array id="r_uleg1_jnt-Interpolations-array" count="8">
 LINEAR LINEAR LINEAR LINEAR LINEAR LINEAR LINEAR LINEAR</Name_array><technique_common><accessor source="#r_uleg1_jnt-Interpolations-array" count="8"><param type="name"/></accessor></technique_common></source><sampler id="r_uleg1_jnt-Matrix-animation-transform"><input semantic="INPUT" source="#r_uleg1_jnt-Matrix-animation-input"/><input semantic="OUTPUT" source="#r_uleg1_jnt-Matrix-animation-output-transform"/><input semantic="INTERPOLATION" source="#r_uleg1_jnt-Interpolations"/></sampler><channel source="#r_uleg1_jnt-Matrix-animation-transform" target="r_uleg1_jnt/matrix"/></animation></animation>
    <animation id="r_leg1_jnt-anim" name="r_leg1_jnt"><animation><source id="r_leg1_jnt-Matrix-animation-input"><float_array id="r_leg1_jnt-Matrix-animation-input-array" count="8">

0.000000 0.033333 0.066667 0.100000 0.133333 0.166667 0.200000 0.233333</float_array><technique_common><accessor source="#r_leg1_jnt-Matrix-animation-input-array" count="8"><param name="TIME" type="float"/></accessor></technique_common></source><source id="r_leg1_jnt-Matrix-animation-output-transform"><float_array id="r_leg1_jnt-Matrix-animation-output-transform-array" count="128">

1.000000 0.000000 0.000047 -0.000000 -0.000000 1.000000 0.000000 0.000000 -0.000047 -0.000000 1.000000 0.230000 0.000000 0.000000 0.000000 1.000000
1.000000 0.000000 0.000047 -0.000000 -0.000000 1.000000 0.000000 0.000000 -0.000047 -0.000000 1.000000 0.230000 0.000000 0.000000 0.000000 1.000000
1.000000 0.000000 0.000047 -0.000000 -0.000000 1.000000 0.000000 0.000000 -0.000047 -0.000000 1.000000 0.230000 0.000000 0.000000 0.000000 1.000000
1.000000 0.000000 0.000047 -0.000000 -0.000000 1.000000 0.000000 0.000000 -0.000047 -0.000000 1.000000 0.230000 0.000000 0.000000 0.000000 1.000000
1.000000 0.000000 0.000047 -0.000000 -0.000000 1.000000 0.000000 0.000000 -0.000047 -0.000000 1.000000 0.230000 0.000000 0.000000 0.000000 1.000000
1.000000 0.000000 0.000047 -0.000000 -0.000000 1.000000 0.000000 0.000000 -0.000047 -0.000000 1.000000 0.230000 0.000000 0.000000 0.000000 1.000000
1.000000 0.000000 0.000047 -0.000000 -0.000000 1.000000 0.000000 0.000000 -0.000047 -0.000000 1.000000 0.230000 0.000000 0.000000 0.000000 1.000000
1.000000 0.000000 0.000047 -0.000000 -0.000000 1.000000 0.000000 0.000000 -0.000047 -0.000000 1.000000 0.230000 0.000000 0.000000 0.000000 1.000000</float_array><technique_common><accessor source="#r_leg1_jnt-Matrix-animation-output-transform-array" count="8" stride="16"><param type="float4x4"/></accessor></technique_common></source><source id="r_leg1_jnt-Interpolations"><Name_array id="r_leg1_jnt-Interpolations-array" count="8">
 LINEAR LINEAR LINEAR LINEAR LINEAR LINEAR LINEAR LINEAR</Name_array><technique_common><accessor source="#r_leg1_jnt-Interpolations-array" count="8"><param type="name"/></accessor></technique_common></source><sampler id="r_leg1_jnt-Matrix-animation-transform"><input semantic="INPUT" source="#r_leg1_jnt-Matrix-animation-input"/><input semantic="OUTPUT" source="#r_leg1_jnt-Matrix-animation-output-transform"/><input semantic="INTERPOLATION" source="#r_leg1_jnt-Interpolations"/></sampler><channel source="#r_leg1_jnt-Matrix-animation-transform" target="r_leg1_jnt/matrix"/></animation></animation>
    <animation id="r_leg2_jnt-anim" name="r_leg2_jnt"><animation><source id="r_leg2_jnt-Matrix-animation-input"><float_array id="r_leg2_jnt-Matrix-animation-input-array" count="8">

0.000000 0.033333 0.066667 0.100000 0.133333 0.166667 0.200000 0.233333</float_array><technique_common><accessor source="#r_leg2_jnt-Matrix-animation-input-array" count="8"><param name="TIME" type="float"/></accessor></technique_common></source><source id="r_leg2_jnt-Matrix-animation-output-transform"><float_array id="r_leg2_jnt-Matrix-animation-output-transform-array" count="128">

0.171928 -0.974254 0.145844 -0.380766 -0.163612 -0.174233 -0.971017 -0.436460 0.971428 0.143083 -0.189355 -0.094663 0.000000 0.000000 0.000000 1.000000
0.163938 -0.973028 0.162296 -0.380766 -0.166766 -0.189491 -0.967617 -0.436460 0.972272 0.131563 -0.193333 -0.094663 0.000000 0.000000 0.000000 1.000000
0.143779 -0.968351 0.204018 -0.380766 -0.174826 -0.227772 -0.957891 -0.436460 0.974045 0.102057 -0.202041 -0.094663 0.000000 0.000000 0.000000 1.000000
0.117245 -0.958660 0.259275 -0.380766 -0.185590 -0.277627 -0.942592 -0.436460 0.975608 0.062395 -0.210468 -0.094663 0.000000 0.000000 0.000000 1.000000
0.089644 -0.944205 0.316923 -0.380766 -0.196854 -0.328724 -0.923682 -0.436460 0.976326 0.020415 -0.215339 -0.094663 0.000000 0.000000 0.000000 1.000000
0.065452 -0.927779 0.367344 -0.380766 -0.206665 -0.372755 -0.904623 -0.436460 0.976220 -0.016708 -0.216137 -0.094663 0.000000 0.000000 0.000000 1.000000
0.048408 -0.914068 0.402663 -0.380766 -0.213476 -0.403288 -0.889824 -0.436460 0.975748 -0.042884 -0.214654 -0.094663 0.000000 0.000000 0.000000 1.000000
0.041940 -0.908397 0.415999 -0.380766 -0.216030 -0.414761 -0.883914 -0.436460 0.975486 -0.052797 -0.213636 -0.094663 0.000000 0.000000 0.000000 1.000000</float_array><technique_common><accessor source="#r_leg2_jnt-Matrix-animation-output-transform-array" count="8" stride="16"><param type="float4x4"/></accessor></technique_common></source><source id="r_leg2_jnt-Interpolations"><Name_array id="r_leg2_jnt-Interpolations-array" count="8">
 LINEAR LINEAR LINEAR LINEAR LINEAR LINEAR LINEAR LINEAR</Name_array><technique_common><accessor source="#r_leg2_jnt-Interpolations-array" count="8"><param type="name"/></accessor></technique_common></source><sampler id="r_leg2_jnt-Matrix-animation-transform"><input semantic="INPUT" source="#r_leg2_jnt-Matrix-animation-input"/><input semantic="OUTPUT" source="#r_leg2_jnt-Matrix-animation-output-transform"/><input semantic="INTERPOLATION" source="#r_leg2_jnt-Interpolations"/></sampler><channel source="#r_leg2_jnt-Matrix-animation-transform" target="r_leg2_jnt/matrix"/></animation></animation>
    <animation id="r_leg3_jnt-anim" name="r_leg3_jnt"><animation><source id="r_leg3_jnt-Matrix-animation-input"><float_array id="r_leg3_jnt-Matrix-animation-input-array" count="8">

0.000000 0.033333 0.066667 0.100000 0.133333 0.166667 0.200000 0.233333</float_array><technique_common><accessor source="#r_leg3_jnt-Matrix-animation-input-array" count="8"><param name="TIME" type="float"/></accessor></technique_common></source><source id="r_leg3_jnt-Matrix-animation-output-transform"><float_array id="r_leg3_jnt-Matrix-animation-output-transform-array" count="128">

-0.256356 -0.951416 0.170555 -0.336837 -0.355156 -0.071392 -0.932077 -0.444096 0.898969 -0.299517 -0.319599 -0.403838 0.000000 0.000000 0.000000 1.000000
-0.261990 -0.945144 0.195098 -0.336837 -0.366350 -0.089627 -0.926151 -0.444096 0.892832 -0.314117 -0.322772 -0.403838 0.000000 0.000000 0.000000 1.000000
-0.274758 -0.926732 0.256273 -0.336837 -0.394355 -0.134469 -0.909067 -0.444096 0.876922 -0.350836 -0.328515 -0.403838 0.000000 0.000000 0.000000 1.000000
-0.288448 -0.897111 0.334647 -0.336837 -0.430392 -0.190724 -0.882262 -0.444096 0.855313 -0.398516 -0.331096 -0.403838 0.000000 0.000000 0.000000 1.000000
-0.299075 -0.860306 0.412829 -0.336837 -0.466411 -0.245636 -0.849779 -0.444096 0.832475 -0.446695 -0.327793 -0.403838 0.000000 0.000000 0.000000 1.000000
-0.305559 -0.823506 0.477988 -0.336837 -0.496377 -0.290622 -0.818015 -0.444096 0.812554 -0.487214 -0.319967 -0.403838 0.000000 0.000000 0.000000 1.000000
-0.308669 -0.795285 0.521771 -0.336837 -0.516427 -0.320540 -0.794076 -0.444096 0.798766 -0.514563 -0.311766 -0.403838 0.000000 0.000000 0.000000 1.000000
-0.309556 -0.784116 0.537900 -0.336837 -0.523786 -0.331515 -0.784695 -0.444096 0.793614 -0.524651 -0.308087 -0.403838 0.000000 0.000000 0.000000 1.000000</float_array><technique_common><accessor source="#r_leg3_jnt-Matrix-animation-output-transform-array" count="8" stride="16"><param type="float4x4"/></accessor></technique_common></source><source id="r_leg3_jnt-Interpolations"><Name_array id="r_leg3_jnt-Interpolations-array" count="8">
 LINEAR LINEAR LINEAR LINEAR LINEAR LINEAR LINEAR LINEAR</Name_array><technique_common><accessor source="#r_leg3_jnt-Interpolations-array" count="8"><param type="name"/></accessor></technique_common></source><sampler id="r_leg3_jnt-Matrix-animation-transform"><input semantic="INPUT" source="#r_leg3_jnt-Matrix-animation-input"/><input semantic="OUTPUT" source="#r_leg3_jnt-Matrix-animation-output-transform"/><input semantic="INTERPOLATION" source="#r_leg3_jnt-Interpolations"/></sampler><channel source="#r_leg3_jnt-Matrix-animation-transform" target="r_leg3_jnt/matrix"/></animation></animation>
    <animation id="fin_jnt-anim" name="fin_jnt"><animation><source id="fin_jnt-Matrix-animation-input"><float_array id="fin_jnt-Matrix-animation-input-array" count="8">

0.000000 0.033333 0.066667 0.100000 0.133333 0.166667 0.200000 0.233333</float_array><technique_common><accessor source="#fin_jnt-Matrix-animation-input-array" count="8"><param name="TIME" type="float"/></accessor></technique_common></source><source id="fin_jnt-Matrix-animation-output-transform"><float_array id="fin_jnt-Matrix-animation-output-transform-array" count="128">

1.000000 0.000000 0.000000 0.000000 0.000000 1.000000 0.000000 0.860890 0.000000 -0.000000 1.000000 0.206318 0.000000 0.000000 0.000000 1.000000
1.000000 -0.000000 0.000000 0.000000 0.000000 1.000000 -0.000000 0.860890 -0.000000 -0.000000 1.000000 0.206318 0.000000 0.000000 0.000000 1.000000
1.000000 -0.000000 -0.000000 -0.000000 -0.000000 1.000000 0.000000 0.860890 0.000000 0.000000 1.000000 0.206318 0.000000 0.000000 0.000000 1.000000
1.000000 -0.000000 -0.000000 0.000000 0.000000 1.000000 -0.000000 0.860890 -0.000000 -0.000000 1.000000 0.206318 0.000000 0.000000 0.000000 1.000000
1.000000 -0.000000 0.000000 0.000000 0.000000 1.000000 -0.000000 0.860890 -0.000000 0.000000 1.000000 0.206318 0.000000 0.000000 0.000000 1.000000
1.000000 0.000000 -0.000000 0.000000 0.000000 1.000000 0.000000 0.860890 -0.000000 -0.000000 1.000000 0.206318 0.000000 0.000000 0.000000 1.000000
1.000000 0.000000 -0.000000 0.000000 0.000000 1.000000 -0.000000 0.860890 -0.000000 0.000000 1.000000 0.206318 0.000000 0.000000 0.000000 1.000000
1.000000 -0.000000 -0.000000 0.000000 0.000000 1.000000 -0.000000 0.860890 0.000000 -0.000000 1.000000 0.206318 0.000000 0.000000 0.000000 1.000000</float_array><technique_common><accessor source="#fin_jnt-Matrix-animation-output-transform-array" count="8" stride="16"><param type="float4x4"/></accessor></technique_common></source><source id="fin_jnt-Interpolations"><Name_array id="fin_jnt-Interpolations-array" count="8">
 LINEAR LINEAR LINEAR LINEAR LINEAR LINEAR LINEAR LINEAR</Name_array><technique_common><accessor source="#fin_jnt-Interpolations-array" count="8"><param type="name"/></accessor></technique_common></source><sampler id="fin_jnt-Matrix-animation-transform"><input semantic="INPUT" source="#fin_jnt-Matrix-animation-input"/><input semantic="OUTPUT" source="#fin_jnt-Matrix-animation-output-transform"/><input semantic="INTERPOLATION" source="#fin_jnt-Interpolations"/></sampler><channel source="#fin_jnt-Matrix-animation-transform" target="fin_jnt/matrix"/></animation></animation>
    <animation id="head_jnt-anim" name="head_jnt"><animation><source id="head_jnt-Matrix-animation-input"><float_array id="head_jnt-Matrix-animation-input-array" count="8">

0.000000 0.033333 0.066667 0.100000 0.133333 0.166667 0.200000 0.233333</float_array><technique_common><accessor source="#head_jnt-Matrix-animation-input-array" count="8"><param name="TIME" type="float"/></accessor></technique_common></source><source id="head_jnt-Matrix-animation-output-transform"><float_array id="head_jnt-Matrix-animation-output-transform-array" count="128">

0.941238 0.139616 -0.307537 0.000000 -0.214082 0.950897 -0.223524 -0.212827 0.261229 0.276228 0.924910 0.514614 0.000000 0.000000 0.000000 1.000000
0.946640 0.116454 -0.300519 0.000000 -0.190445 0.954355 -0.230083 -0.212827 0.260008 0.275038 0.925608 0.514614 0.000000 0.000000 0.000000 1.000000
0.957816 0.056343 -0.281805 0.000000 -0.128893 0.960657 -0.246016 -0.212827 0.256857 0.271961 0.927395 0.514614 0.000000 0.000000 0.000000 1.000000
0.966597 -0.026378 -0.254941 0.000000 -0.043730 0.963132 -0.265453 -0.212827 0.252544 0.267734 0.929806 0.514614 0.000000 0.000000 0.000000 1.000000
0.967528 -0.116546 -0.224292 0.000000 0.049654 0.957702 -0.283445 -0.212827 0.247840 0.263104 0.932390 0.514614 0.000000 0.000000 0.000000 1.000000
0.960430 -0.198673 -0.195200 0.000000 0.135180 0.945270 -0.296969 -0.212827 0.243517 0.258831 0.934723 0.514614 0.000000 0.000000 0.000000 1.000000
0.950441 -0.257987 -0.173509 0.000000 0.197215 0.931700 -0.305028 -0.212827 0.240352 0.255692 0.936404 0.514614 0.000000 0.000000 0.000000 1.000000
0.945484 -0.280757 -0.165032 0.000000 0.221087 0.925429 -0.307735 -0.212827 0.239124 0.254472 0.937050 0.514614 0.000000 0.000000 0.000000 1.000000</float_array><technique_common><accessor source="#head_jnt-Matrix-animation-output-transform-array" count="8" stride="16"><param type="float4x4"/></accessor></technique_common></source><source id="head_jnt-Interpolations"><Name_array id="head_jnt-Interpolations-array" count="8">
 LINEAR LINEAR LINEAR LINEAR LINEAR LINEAR LINEAR LINEAR</Name_array><technique_common><accessor source="#head_jnt-Interpolations-array" count="8"><param type="name"/></accessor></technique_common></source><sampler id="head_jnt-Matrix-animation-transform"><input semantic="INPUT" source="#head_jnt-Matrix-animation-input"/><input semantic="OUTPUT" source="#head_jnt-Matrix-animation-output-transform"/><input semantic="INTERPOLATION" source="#head_jnt-Interpolations"/></sampler><channel source="#head_jnt-Matrix-animation-transform" target="head_jnt/matrix"/></animation></animation>
    <animation id="r_antenna1_jnt-anim" name="r_antenna1_jnt"><animation><source id="r_antenna1_jnt-Matrix-animation-input"><float_array id="r_antenna1_jnt-Matrix-animation-input-array" count="8">

0.000000 0.033333 0.066667 0.100000 0.133333 0.166667 0.200000 0.233333</float_array><technique_common><accessor source="#r_antenna1_jnt-Matrix-animation-input-array" count="8"><param name="TIME" type="float"/></accessor></technique_common></source><source id="r_antenna1_jnt-Matrix-animation-output-transform"><float_array id="r_antenna1_jnt-Matrix-animation-output-transform-array" count="128">

0.889292 0.260580 0.375844 -0.248546 0.220379 0.475937 -0.851420 0.276260 -0.400741 0.839989 0.365820 0.377659 0.000000 0.000000 0.000000 1.000000
0.889292 0.260580 0.375844 -0.248546 0.220379 0.475937 -0.851420 0.276260 -0.400741 0.839989 0.365820 0.377659 0.000000 0.000000 0.000000 1.000000
0.889292 0.260580 0.375844 -0.248546 0.220379 0.475937 -0.851420 0.276260 -0.400741 0.839989 0.365820 0.377659 0.000000 0.000000 0.000000 1.000000
0.889292 0.260580 0.375844 -0.248546 0.220379 0.475937 -0.851420 0.276260 -0.400741 0.839989 0.365820 0.377659 0.000000 0.000000 0.000000 1.000000
0.889292 0.260580 0.375844 -0.248546 0.220379 0.475937 -0.851420 0.276260 -0.400741 0.839989 0.365820 0.377659 0.000000 0.000000 0.000000 1.000000
0.889292 0.260580 0.375844 -0.248546 0.220379 0.475937 -0.851420 0.276260 -0.400741 0.839989 0.365820 0.377659 0.000000 0.000000 0.000000 1.000000
0.889292 0.260580 0.375844 -0.248546 0.220379 0.475937 -0.851420 0.276260 -0.400741 0.839989 0.365820 0.377659 0.000000 0.000000 0.000000 1.000000
0.889292 0.260580 0.375844 -0.248546 0.220379 0.475937 -0.851420 0.276260 -0.400741 0.839989 0.365820 0.377659 0.000000 0.000000 0.000000 1.000000</float_array><technique_common><accessor source="#r_antenna1_jnt-Matrix-animation-output-transform-array" count="8" stride="16"><param type="float4x4"/></accessor></technique_common></source><source id="r_antenna1_jnt-Interpolations"><Name_array id="r_antenna1_jnt-Interpolations-array" count="8">
 LINEAR LINEAR LINEAR LINEAR LINEAR LINEAR LINEAR LINEAR</Name_array><technique_common><accessor source="#r_antenna1_jnt-Interpolations-array" count="8"><param type="name"/></accessor></technique_common></source><sampler id="r_antenna1_jnt-Matrix-animation-transform"><input semantic="INPUT" source="#r_antenna1_jnt-Matrix-animation-input"/><input semantic="OUTPUT" source="#r_antenna1_jnt-Matrix-animation-output-transform"/><input semantic="INTERPOLATION" source="#r_antenna1_jnt-Interpolations"/></sampler><channel source="#r_antenna1_jnt-Matrix-animation-transform" target="r_antenna1_jnt/matrix"/></animation></animation>
    <animation id="r_antenna2_jnt-anim" name="r_antenna2_jnt"><animation><source id="r_antenna2_jnt-Matrix-animation-input"><float_array id="r_antenna2_jnt-Matrix-animation-input-array" count="8">

0.000000 0.033333 0.066667 0.100000 0.133333 0.166667 0.200000 0.233333</float_array><technique_common><accessor source="#r_antenna2_jnt-Matrix-animation-input-array" count="8"><param name="TIME" type="float"/></accessor></technique_common></source><source id="r_antenna2_jnt-Matrix-animation-output-transform"><float_array id="r_antenna2_jnt-Matrix-animation-output-transform-array" count="128">

0.896318 -0.437585 -0.071650 0.000000 0.437358 0.899073 -0.019663 0.000000 0.073022 -0.013712 0.997236 -0.779776 0.000000 0.000000 0.000000 1.000000
0.896318 -0.437585 -0.071650 0.000000 0.437358 0.899073 -0.019663 -0.000000 0.073022 -0.013712 0.997236 -0.779776 0.000000 0.000000 0.000000 1.000000
0.896318 -0.437585 -0.071650 -0.000000 0.437358 0.899073 -0.019663 0.000000 0.073022 -0.013712 0.997236 -0.779776 0.000000 0.000000 0.000000 1.000000
0.896318 -0.437585 -0.071650 0.000000 0.437358 0.899073 -0.019663 0.000000 0.073022 -0.013712 0.997236 -0.779776 0.000000 0.000000 0.000000 1.000000
0.896318 -0.437585 -0.071650 -0.000000 0.437358 0.899073 -0.019663 0.000000 0.073022 -0.013712 0.997236 -0.779776 0.000000 0.000000 0.000000 1.000000
0.896318 -0.437585 -0.071650 0.000000 0.437358 0.899073 -0.019663 0.000000 0.073022 -0.013712 0.997236 -0.779776 0.000000 0.000000 0.000000 1.000000
0.896318 -0.437585 -0.071650 -0.000000 0.437358 0.899073 -0.019663 0.000000 0.073022 -0.013712 0.997236 -0.779776 0.000000 0.000000 0.000000 1.000000
0.896318 -0.437585 -0.071650 0.000000 0.437358 0.899073 -0.019663 0.000000 0.073022 -0.013712 0.997236 -0.779776 0.000000 0.000000 0.000000 1.000000</float_array><technique_common><accessor source="#r_antenna2_jnt-Matrix-animation-output-transform-array" count="8" stride="16"><param type="float4x4"/></accessor></technique_common></source><source id="r_antenna2_jnt-Interpolations"><Name_array id="r_antenna2_jnt-Interpolations-array" count="8">
 LINEAR LINEAR LINEAR LINEAR LINEAR LINEAR LINEAR LINEAR</Name_array><technique_common><accessor source="#r_antenna2_jnt-Interpolations-array" count="8"><param type="name"/></accessor></technique_common></source><sampler id="r_antenna2_jnt-Matrix-animation-transform"><input semantic="INPUT" source="#r_antenna2_jnt-Matrix-animation-input"/><input semantic="OUTPUT" source="#r_antenna2_jnt-Matrix-animation-output-transform"/><input semantic="INTERPOLATION" source="#r_antenna2_jnt-Interpolations"/></sampler><channel source="#r_antenna2_jnt-Matrix-animation-transform" target="r_antenna2_jnt/matrix"/></animation></animation>
    <animation id="l_antenna1_jnt-anim" name="l_antenna1_jnt"><animation><source id="l_antenna1_jnt-Matrix-animation-input"><float_array id="l_antenna1_jnt-Matrix-animation-input-array" count="8">

0.000000 0.033333 0.066667 0.100000 0.133333 0.166667 0.200000 0.233333</float_array><technique_common><accessor source="#l_antenna1_jnt-Matrix-animation-input-array" count="8"><param name="TIME" type="float"/></accessor></technique_common></source><source id="l_antenna1_jnt-Matrix-animation-output-transform"><float_array id="l_antenna1_jnt-Matrix-animation-output-transform-array" count="128">

0.889292 0.260580 0.375844 0.248546 -0.220379 -0.475937 0.851420 0.276260 0.400741 -0.839989 -0.365820 0.377658 0.000000 0.000000 0.000000 1.000000
0.889292 0.260580 0.375844 0.248546 -0.220379 -0.475937 0.851420 0.276260 0.400741 -0.839989 -0.365820 0.377658 0.000000 0.000000 0.000000 1.000000
0.889292 0.260580 0.375844 0.248546 -0.220379 -0.475937 0.851420 0.276260 0.400741 -0.839989 -0.365820 0.377658 0.000000 0.000000 0.000000 1.000000
0.889292 0.260580 0.375844 0.248546 -0.220379 -0.475937 0.851420 0.276260 0.400741 -0.839989 -0.365820 0.377658 0.000000 0.000000 0.000000 1.000000
0.889292 0.260580 0.375844 0.248546 -0.220379 -0.475937 0.851420 0.276260 0.400741 -0.839989 -0.365820 0.377658 0.000000 0.000000 0.000000 1.000000
0.889292 0.260580 0.375844 0.248546 -0.220379 -0.475937 0.851420 0.276260 0.400741 -0.839989 -0.365820 0.377658 0.000000 0.000000 0.000000 1.000000
0.889292 0.260580 0.375844 0.248546 -0.220379 -0.475937 0.851420 0.276260 0.400741 -0.839989 -0.365820 0.377658 0.000000 0.000000 0.000000 1.000000
0.889292 0.260580 0.375844 0.248546 -0.220379 -0.475937 0.851420 0.276260 0.400741 -0.839989 -0.365820 0.377658 0.000000 0.000000 0.000000 1.000000</float_array><technique_common><accessor source="#l_antenna1_jnt-Matrix-animation-output-transform-array" count="8" stride="16"><param type="float4x4"/></accessor></technique_common></source><source id="l_antenna1_jnt-Interpolations"><Name_array id="l_antenna1_jnt-Interpolations-array" count="8">
 LINEAR LINEAR LINEAR LINEAR LINEAR LINEAR LINEAR LINEAR</Name_array><technique_common><accessor source="#l_antenna1_jnt-Interpolations-array" count="8"><param type="name"/></accessor></technique_common></source><sampler id="l_antenna1_jnt-Matrix-animation-transform"><input semantic="INPUT" source="#l_antenna1_jnt-Matrix-animation-input"/><input semantic="OUTPUT" source="#l_antenna1_jnt-Matrix-animation-output-transform"/><input semantic="INTERPOLATION" source="#l_antenna1_jnt-Interpolations"/></sampler><channel source="#l_antenna1_jnt-Matrix-animation-transform" target="l_antenna1_jnt/matrix"/></animation></animation>
    <animation id="l_antenna2_jnt-anim" name="l_antenna2_jnt"><animation><source id="l_antenna2_jnt-Matrix-animation-input"><float_array id="l_antenna2_jnt-Matrix-animation-input-array" count="8">

0.000000 0.033333 0.066667 0.100000 0.133333 0.166667 0.200000 0.233333</float_array><technique_common><accessor source="#l_antenna2_jnt-Matrix-animation-input-array" count="8"><param name="TIME" type="float"/></accessor></technique_common></source><source id="l_antenna2_jnt-Matrix-animation-output-transform"><float_array id="l_antenna2_jnt-Matrix-animation-output-transform-array" count="128">

0.896318 -0.437585 -0.071650 0.000000 0.437358 0.899073 -0.019663 -0.000002 0.073022 -0.013712 0.997236 0.779777 0.000000 0.000000 0.000000 1.000000
0.896318 -0.437585 -0.071650 0.000000 0.437358 0.899073 -0.019663 -0.000002 0.073022 -0.013712 0.997236 0.779777 0.000000 0.000000 0.000000 1.000000
0.896318 -0.437585 -0.071650 0.000000 0.437358 0.899073 -0.019663 -0.000002 0.073022 -0.013712 0.997236 0.779777 0.000000 0.000000 0.000000 1.000000
0.896318 -0.437585 -0.071650 0.000000 0.437358 0.899073 -0.019663 -0.000002 0.073022 -0.013712 0.997236 0.779777 0.000000 0.000000 0.000000 1.000000
0.896318 -0.437585 -0.071650 0.000000 0.437358 0.899073 -0.019663 -0.000002 0.073022 -0.013712 0.997236 0.779777 0.000000 0.000000 0.000000 1.000000
0.896318 -0.437585 -0.071650 0.000000 0.437358 0.899073 -0.019663 -0.000002 0.073022 -0.013712 0.997236 0.779777 0.000000 0.000000 0.000000 1.000000
0.896318 -0.437585 -0.071650 0.000000 0.437358 0.899073 -0.019663 -0.000002 0.073022 -0.013712 0.997236 0.779777 0.000000 0.000000 0.000000 1.000000
0.896318 -0.437585 -0.071650 0.000000 0.437358 0.899073 -0.019663 -0.000002 0.073022 -0.013712 0.997236 0.779777 0.000000 0.000000 0.000000 1.000000</float_array><technique_common><accessor source="#l_antenna2_jnt-Matrix-animation-output-transform-array" count="8" stride="16"><param type="float4x4"/></accessor></technique_common></source><source id="l_antenna2_jnt-Interpolations"><Name_array id="l_antenna2_jnt-Interpolations-array" count="8">
 LINEAR LINEAR LINEAR LINEAR LINEAR LINEAR LINEAR LINEAR</Name_array><technique_common><accessor source="#l_antenna2_jnt-Interpolations-array" count="8"><param type="name"/></accessor></technique_common></source><sampler id="l_antenna2_jnt-Matrix-animation-transform"><input semantic="INPUT" source="#l_antenna2_jnt-Matrix-animation-input"/><input semantic="OUTPUT" source="#l_antenna2_jnt-Matrix-animation-output-transform"/><input semantic="INTERPOLATION" source="#l_antenna2_jnt-Interpolations"/></sampler><channel source="#l_antenna2_jnt-Matrix-animation-transform" target="l_antenna2_jnt/matrix"/></animation></animation>
    <animation id="spine2_jnt-anim" name="spine2_jnt"><animation><source id="spine2_jnt-Matrix-animation-input"><float_array id="spine2_jnt-Matrix-animation-input-array" count="8">

0.000000 0.033333 0.066667 0.100000 0.133333 0.166667 0.200000 0.233333</float_array><technique_common><accessor source="#spine2_jnt-Matrix-animation-input-array" count="8"><param name="TIME" type="float"/></accessor></technique_common></source><source id="spine2_jnt-Matrix-animation-output-transform"><float_array id="spine2_jnt-Matrix-animation-output-transform-array" count="128">

-1.000000 0.000000 0.000000 -0.000000 -0.000000 0.797972 -0.602694 -0.193410 -0.000000 -0.602694 -0.797972 -0.576051 0.000000 0.000000 0.000000 1.000000
-1.000000 0.000000 0.000000 -0.000000 0.000000 0.797972 -0.602694 -0.193410 -0.000000 -0.602694 -0.797972 -0.576051 0.000000 0.000000 0.000000 1.000000
-1.000000 -0.000000 0.000000 -0.000000 0.000000 0.797972 -0.602694 -0.193410 -0.000000 -0.602694 -0.797972 -0.576051 0.000000 0.000000 0.000000 1.000000
-1.000000 0.000000 0.000000 -0.000000 0.000000 0.797972 -0.602694 -0.193410 0.000000 -0.602694 -0.797972 -0.576051 0.000000 0.000000 0.000000 1.000000
-1.000000 0.000000 0.000000 -0.000000 0.000000 0.797972 -0.602694 -0.193410 -0.000000 -0.602694 -0.797972 -0.576051 0.000000 0.000000 0.000000 1.000000
-1.000000 0.000000 0.000000 -0.000000 0.000000 0.797972 -0.602694 -0.193410 -0.000000 -0.602694 -0.797972 -0.576051 0.000000 0.000000 0.000000 1.000000
-1.000000 0.000000 0.000000 -0.000000 0.000000 0.797972 -0.602694 -0.193410 -0.000000 -0.602694 -0.797972 -0.576051 0.000000 0.000000 0.000000 1.000000
-1.000000 0.000000 0.000000 -0.000000 0.000000 0.797972 -0.602694 -0.193410 -0.000000 -0.602694 -0.797972 -0.576051 0.000000 0.000000 0.000000 1.000000</float_array><technique_common><accessor source="#spine2_jnt-Matrix-animation-output-transform-array" count="8" stride="16"><param type="float4x4"/></accessor></technique_common></source><source id="spine2_jnt-Interpolations"><Name_array id="spine2_jnt-Interpolations-array" count="8">
 LINEAR LINEAR LINEAR LINEAR LINEAR LINEAR LINEAR LINEAR</Name_array><technique_common><accessor source="#spine2_jnt-Interpolations-array" count="8"><param type="name"/></accessor></technique_common></source><sampler id="spine2_jnt-Matrix-animation-transform"><input semantic="INPUT" source="#spine2_jnt-Matrix-animation-input"/><input semantic="OUTPUT" source="#spine2_jnt-Matrix-animation-output-transform"/><input semantic="INTERPOLATION" source="#spine2_jnt-Interpolations"/></sampler><channel source="#spine2_jnt-Matrix-animation-transform" target="spine2_jnt/matrix"/></animation></animation>
    <animation id="spine3_jnt-anim" name="spine3_jnt"><animation><source id="spine3_jnt-Matrix-animation-input"><float_array id="spine3_jnt-Matrix-animation-input-array" count="8">

0.000000 0.033333 0.066667 0.100000 0.133333 0.166667 0.200000 0.233333</float_array><technique_common><accessor source="#spine3_jnt-Matrix-animation-input-array" count="8"><param name="TIME" type="float"/></accessor></technique_common></source><source id="spine3_jnt-Matrix-animation-output-transform"><float_array id="spine3_jnt-Matrix-animation-output-transform-array" count="128">

1.000000 0.000000 0.000000 0.000000 -0.000000 0.999915 -0.013009 -0.000000 0.000000 0.013009 0.999915 0.593174 0.000000 0.000000 0.000000 1.000000
1.000000 -0.000000 0.000000 0.000000 0.000000 0.999915 -0.013009 -0.000000 0.000000 0.013009 0.999915 0.593174 0.000000 0.000000 0.000000 1.000000
1.000000 -0.000000 0.000000 0.000000 -0.000000 0.999915 -0.013009 -0.000000 0.000000 0.013009 0.999915 0.593174 0.000000 0.000000 0.000000 1.000000
1.000000 -0.000000 -0.000000 0.000000 0.000000 0.999915 -0.013009 -0.000000 0.000000 0.013009 0.999915 0.593174 0.000000 0.000000 0.000000 1.000000
1.000000 0.000000 0.000000 0.000000 0.000000 0.999915 -0.013009 -0.000000 0.000000 0.013009 0.999915 0.593174 0.000000 0.000000 0.000000 1.000000
1.000000 0.000000 -0.000000 0.000000 0.000000 0.999915 -0.013009 -0.000000 0.000000 0.013009 0.999915 0.593174 0.000000 0.000000 0.000000 1.000000
1.000000 0.000000 -0.000000 0.000000 -0.000000 0.999915 -0.013009 -0.000000 -0.000000 0.013009 0.999915 0.593174 0.000000 0.000000 0.000000 1.000000
1.000000 0.000000 -0.000000 0.000000 0.000000 0.999915 -0.013009 -0.000000 -0.000000 0.013009 0.999915 0.593174 0.000000 0.000000 0.000000 1.000000</float_array><technique_common><accessor source="#spine3_jnt-Matrix-animation-output-transform-array" count="8" stride="16"><param type="float4x4"/></accessor></technique_common></source><source id="spine3_jnt-Interpolations"><Name_array id="spine3_jnt-Interpolations-array" count="8">
 LINEAR LINEAR LINEAR LINEAR LINEAR LINEAR LINEAR LINEAR</Name_array><technique_common><accessor source="#spine3_jnt-Interpolations-array" count="8"><param type="name"/></accessor></technique_common></source><sampler id="spine3_jnt-Matrix-animation-transform"><input semantic="INPUT" source="#spine3_jnt-Matrix-animation-input"/><input semantic="OUTPUT" source="#spine3_jnt-Matrix-animation-output-transform"/><input semantic="INTERPOLATION" source="#spine3_jnt-Interpolations"/></sampler><channel source="#spine3_jnt-Matrix-animation-transform" target="spine3_jnt/matrix"/></animation></animation>
    <animation id="l_uleg1_jnt-anim" name="l_uleg1_jnt"><animation><source id="l_uleg1_jnt-Matrix-animation-input"><float_array id="l_uleg1_jnt-Matrix-animation-input-array" count="8">

0.000000 0.033333 0.066667 0.100000 0.133333 0.166667 0.200000 0.233333</float_array><technique_common><accessor source="#l_uleg1_jnt-Matrix-animation-input-array" count="8"><param name="TIME" type="float"/></accessor></technique_common></source><source id="l_uleg1_jnt-Matrix-animation-output-transform"><float_array id="l_uleg1_jnt-Matrix-animation-output-transform-array" count="128">

0.628755 -0.202597 -0.750747 0.413257 0.773912 0.069075 0.629515 -0.379656 -0.075681 -0.976823 0.200223 0.248367 0.000000 0.000000 0.000000 1.000000
0.619028 -0.192099 -0.761513 0.413257 0.782315 0.065394 0.619441 -0.379656 -0.069195 -0.979194 0.190763 0.248367 0.000000 0.000000 0.000000 1.000000
0.592819 -0.164469 -0.788362 0.413257 0.803567 0.055968 0.592577 -0.379656 -0.053338 -0.984793 0.165341 0.248367 0.000000 0.000000 0.000000 1.000000
0.554459 -0.125423 -0.822705 0.413257 0.831522 0.043287 0.553802 -0.379656 -0.033847 -0.991159 0.128293 0.248367 0.000000 0.000000 0.000000 1.000000
0.509563 -0.081298 -0.856584 0.413257 0.860288 0.029859 0.508933 -0.379656 -0.015799 -0.996242 0.085155 0.248367 0.000000 0.000000 0.000000 1.000000
0.465792 -0.039453 -0.884014 0.413257 0.884891 0.018011 0.465450 -0.379656 -0.002441 -0.999059 0.043301 0.248367 0.000000 0.000000 0.000000 1.000000
0.432416 -0.008108 -0.901638 0.413257 0.901659 0.009705 0.432339 -0.379656 0.005245 -0.999920 0.011507 0.248367 0.000000 0.000000 0.000000 1.000000
0.419199 0.004201 -0.907885 0.413257 0.907862 0.006578 0.419218 -0.379656 0.007733 -0.999970 -0.001057 0.248367 0.000000 0.000000 0.000000 1.000000</float_array><technique_common><accessor source="#l_uleg1_jnt-Matrix-animation-output-transform-array" count="8" stride="16"><param type="float4x4"/></accessor></technique_common></source><source id="l_uleg1_jnt-Interpolations"><Name_array id="l_uleg1_jnt-Interpolations-array" count="8">
 LINEAR LINEAR LINEAR LINEAR LINEAR LINEAR LINEAR LINEAR</Name_array><technique_common><accessor source="#l_uleg1_jnt-Interpolations-array" count="8"><param type="name"/></accessor></technique_common></source><sampler id="l_uleg1_jnt-Matrix-animation-transform"><input semantic="INPUT" source="#l_uleg1_jnt-Matrix-animation-input"/><input semantic="OUTPUT" source="#l_uleg1_jnt-Matrix-animation-output-transform"/><input semantic="INTERPOLATION" source="#l_uleg1_jnt-Interpolations"/></sampler><channel source="#l_uleg1_jnt-Matrix-animation-transform" target="l_uleg1_jnt/matrix"/></animation></animation>
    <animation id="l_leg1_jnt-anim" name="l_leg1_jnt"><animation><source id="l_leg1_jnt-Matrix-animation-input"><float_array id="l_leg1_jnt-Matrix-animation-input-array" count="8">

0.000000 0.033333 0.066667 0.100000 0.133333 0.166667 0.200000 0.233333</float_array><technique_common><accessor source="#l_leg1_jnt-Matrix-animation-input-array" count="8"><param name="TIME" type="float"/></accessor></technique_common></source><source id="l_leg1_jnt-Matrix-animation-output-transform"><float_array id="l_leg1_jnt-Matrix-animation-output-transform-array" count="128">

1.000000 -0.000000 0.000049 -0.000000 0.000000 1.000000 -0.000002 0.000000 -0.000049 0.000002 1.000000 -0.230000 0.000000 0.000000 0.000000 1.000000
1.000000 -0.000000 0.000049 -0.000000 0.000000 1.000000 -0.000002 0.000000 -0.000049 0.000002 1.000000 -0.230000 0.000000 0.000000 0.000000 1.000000
1.000000 -0.000000 0.000049 -0.000000 0.000000 1.000000 -0.000002 0.000000 -0.000049 0.000002 1.000000 -0.230000 0.000000 0.000000 0.000000 1.000000
1.000000 -0.000000 0.000049 -0.000000 0.000000 1.000000 -0.000002 0.000000 -0.000049 0.000002 1.000000 -0.230000 0.000000 0.000000 0.000000 1.000000
1.000000 -0.000000 0.000049 -0.000000 0.000000 1.000000 -0.000002 0.000000 -0.000049 0.000002 1.000000 -0.230000 0.000000 0.000000 0.000000 1.000000
1.000000 -0.000000 0.000049 -0.000000 0.000000 1.000000 -0.000002 0.000000 -0.000049 0.000002 1.000000 -0.230000 0.000000 0.000000 0.000000 1.000000
1.000000 -0.000000 0.000049 -0.000000 0.000000 1.000000 -0.000002 0.000000 -0.000049 0.000002 1.000000 -0.230000 0.000000 0.000000 0.000000 1.000000
1.000000 -0.000000 0.000049 -0.000000 0.000000 1.000000 -0.000002 0.000000 -0.000049 0.000002 1.000000 -0.230000 0.000000 0.000000 0.000000 1.000000</float_array><technique_common><accessor source="#l_leg1_jnt-Matrix-animation-output-transform-array" count="8" stride="16"><param type="float4x4"/></accessor></technique_common></source><source id="l_leg1_jnt-Interpolations"><Name_array id="l_leg1_jnt-Interpolations-array" count="8">
