<?xml version="1.0" encoding="utf-8"?>
<COLLADA xmlns="http://www.collada.org/2005/11/COLLADASchema" version="1.4.1">
  <asset><contributor><author></author><authoring_tool>FBX COLLADA exporter</authoring_tool><comments></comments></contributor><created>2019-12-09T16:39:42Z</created><keywords></keywords><modified>2019-12-09T16:39:42Z</modified><revision></revision><subject></subject><title></title><unit meter="0.010000" name="centimeter"></unit><up_axis>Y_UP</up_axis></asset>
  <library_animations>
    <animation id="spine1_jnt-anim" name="spine1_jnt"><animation><source id="spine1_jnt-Matrix-animation-input"><float_array id="spine1_jnt-Matrix-animation-input-array" count="7">

0.000000 0.033333 0.066667 0.100000 0.133333 0.166667 0.200000</float_array><technique_common><accessor source="#spine1_jnt-Matrix-animation-input-array" count="7"><param name="TIME" type="float"/></accessor></technique_common></source><source id="spine1_jnt-Matrix-animation-output-transform"><float_array id="spine1_jnt-Matrix-animation-output-transform-array" count="112">

0.976621 -0.048284 -0.209475 0.199987 0.210891 0.404078 0.890082 0.298457 0.041668 -0.913449 0.404813 -0.347926 0.000000 0.000000 0.000000 1.000000
0.976621 -0.048284 -0.209475 0.196987 0.210891 0.404078 0.890082 0.315984 0.041668 -0.913449 0.404813 -0.344471 0.000000 0.000000 0.000000 1.000000
0.976621 -0.048284 -0.209475 0.191790 0.210891 0.404078 0.890082 0.348614 0.041668 -0.913449 0.404813 -0.338038 0.000000 0.000000 0.000000 1.000000
0.976621 -0.048284 -0.209475 0.190103 0.210891 0.404078 0.890082 0.366423 0.041668 -0.913449 0.404813 -0.334527 0.000000 0.000000 0.000000 1.000000
0.976621 -0.048284 -0.209475 0.196282 0.210891 0.404078 0.890082 0.345926 0.041668 -0.913449 0.404813 -0.311419 0.000000 0.000000 0.000000 1.000000
0.976621 -0.048284 -0.209475 0.205695 0.210891 0.404078 0.890082 0.307414 0.041668 -0.913449 0.404813 -0.268590 0.000000 0.000000 0.000000 1.000000
0.976621 -0.048284 -0.209475 0.210562 0.210891 0.404078 0.890082 0.286633 0.041668 -0.913449 0.404813 -0.245538 0.000000 0.000000 0.000000 1.000000</float_array><technique_common><accessor source="#spine1_jnt-Matrix-animation-output-transform-array" count="7" stride="16"><param type="float4x4"/></accessor></technique_common></source><source id="spine1_jnt-Interpolations"><Name_array id="spine1_jnt-Interpolations-array" count="7">
 LINEAR LINEAR LINEAR LINEAR LINEAR LINEAR LINEAR</Name_array><technique_common><accessor source="#spine1_jnt-Interpolations-array" count="7"><param type="name"/></accessor></technique_common></source><sampler id="spine1_jnt-Matrix-animation-transform"><input semantic="INPUT" source="#spine1_jnt-Matrix-animation-input"/><input semantic="OUTPUT" source="#spine1_jnt-Matrix-animation-output-transform"/><input semantic="INTERPOLATION" source="#spine1_jnt-Interpolations"/></sampler><channel source="#spine1_jnt-Matrix-animation-transform" target="spine1_jnt/matrix"/></animation></animation>
    <animation id="r_uleg1_jnt-anim" name="r_uleg1_jnt"><animation><source id="r_uleg1_jnt-Matrix-animation-input"><float_array id="r_uleg1_jnt-Matrix-animation-input-array" count="7">

0.000000 0.033333 0.066667 0.100000 0.133333 0.166667 0.200000</float_array><technique_common><accessor source="#r_uleg1_jnt-Matrix-animation-input-array" count="7"><param name="TIME" type="float"/></accessor></technique_common></source><source id="r_uleg1_jnt-Matrix-animation-output-transform"><float_array id="r_uleg1_jnt-Matrix-animation-output-transform-array" count="112">

-0.033974 -0.230889 -0.972387 -0.413257 -0.950651 0.307693 -0.039845 -0.379657 0.308396 0.923047 -0.229949 0.248367 0.000000 0.000000 0.000000 1.000000
0.003898 -0.273811 -0.961776 -0.413257 -0.957497 0.276376 -0.082563 -0.379657 0.288418 0.921219 -0.261096 0.248367 0.000000 0.000000 0.000000 1.000000
0.185963 -0.356965 -0.915420 -0.413257 -0.938383 0.211690 -0.273175 -0.379657 0.291300 0.909815 -0.295603 0.248367 0.000000 0.000000 0.000000 1.000000
0.444368 -0.412776 -0.795081 -0.413257 -0.821990 0.165009 -0.545073 -0.379657 0.356188 0.895761 -0.265973 0.248367 0.000000 0.000000 0.000000 1.000000
0.470619 -0.432009 -0.769341 -0.413257 -0.804391 0.148249 -0.575306 -0.379657 0.362592 0.889601 -0.277736 0.248367 0.000000 0.000000 0.000000 1.000000
0.287018 -0.444705 -0.848444 -0.413257 -0.914328 0.136984 -0.381104 -0.379657 0.285703 0.885140 -0.367290 0.248367 0.000000 0.000000 0.000000 1.000000
0.186957 -0.449571 -0.873460 -0.413257 -0.953042 0.132624 -0.272253 -0.379657 0.238238 0.883344 -0.403665 0.248367 0.000000 0.000000 0.000000 1.000000</float_array><technique_common><accessor source="#r_uleg1_jnt-Matrix-animation-output-transform-array" count="7" stride="16"><param type="float4x4"/></accessor></technique_common></source><source id="r_uleg1_jnt-Interpolations"><Name_array id="r_uleg1_jnt-Interpolations-array" count="7">
 LINEAR LINEAR LINEAR LINEAR LINEAR LINEAR LINEAR</Name_array><technique_common><accessor source="#r_uleg1_jnt-Interpolations-array" count="7"><param type="name"/></accessor></technique_common></source><sampler id="r_uleg1_jnt-Matrix-animation-transform"><input semantic="INPUT" source="#r_uleg1_jnt-Matrix-animation-input"/><input semantic="OUTPUT" source="#r_uleg1_jnt-Matrix-animation-output-transform"/><input semantic="INTERPOLATION" source="#r_uleg1_jnt-Interpolations"/></sampler><channel source="#r_uleg1_jnt-Matrix-animation-transform" target="r_uleg1_jnt/matrix"/></animation></animation>
    <animation id="r_leg1_jnt-anim" name="r_leg1_jnt"><animation><source id="r_leg1_jnt-Matrix-animation-input"><float_array id="r_leg1_jnt-Matrix-animation-input-array" count="7">

0.000000 0.033333 0.066667 0.100000 0.133333 0.166667 0.200000</float_array><technique_common><accessor source="#r_leg1_jnt-Matrix-animation-input-array" count="7"><param name="TIME" type="float"/></accessor></technique_common></source><source id="r_leg1_jnt-Matrix-animation-output-transform"><float_array id="r_leg1_jnt-Matrix-animation-output-transform-array" count="112">

0.743581 0.000000 0.668646 -0.000000 0.000000 1.000000 -0.000000 0.000000 -0.668646 0.000000 0.743581 0.230000 0.000000 0.000000 0.000000 1.000000
0.695814 0.000000 0.718222 -0.000000 0.000000 1.000000 -0.000000 0.000000 -0.718222 0.000000 0.695814 0.230000 0.000000 0.000000 0.000000 1.000000
0.721854 0.000000 0.692045 -0.000000 0.000000 1.000000 -0.000000 0.000000 -0.692045 0.000000 0.721854 0.230000 0.000000 0.000000 0.000000 1.000000
0.891899 0.000000 0.452235 -0.000000 0.000000 1.000000 -0.000000 0.000000 -0.452235 0.000000 0.891899 0.230000 0.000000 0.000000 0.000000 1.000000
0.916176 0.000000 0.400776 -0.000000 0.000000 1.000000 -0.000000 0.000000 -0.400776 0.000000 0.916176 0.230000 0.000000 0.000000 0.000000 1.000000
0.770916 0.000000 0.636937 -0.000000 0.000000 1.000000 -0.000000 0.000000 -0.636937 0.000000 0.770916 0.230000 0.000000 0.000000 0.000000 1.000000
0.682083 0.000000 0.731274 -0.000000 0.000000 1.000000 -0.000000 0.000000 -0.731274 0.000000 0.682083 0.230000 0.000000 0.000000 0.000000 1.000000</float_array><technique_common><accessor source="#r_leg1_jnt-Matrix-animation-output-transform-array" count="7" stride="16"><param type="float4x4"/></accessor></technique_common></source><source id="r_leg1_jnt-Interpolations"><Name_array id="r_leg1_jnt-Interpolations-array" count="7">
 LINEAR LINEAR LINEAR LINEAR LINEAR LINEAR LINEAR</Name_array><technique_common><accessor source="#r_leg1_jnt-Interpolations-array" count="7"><param type="name"/></accessor></technique_common></source><sampler id="r_leg1_jnt-Matrix-animation-transform"><input semantic="INPUT" source="#r_leg1_jnt-Matrix-animation-input"/><input semantic="OUTPUT" source="#r_leg1_jnt-Matrix-animation-output-transform"/><input semantic="INTERPOLATION" source="#r_leg1_jnt-Interpolations"/></sampler><channel source="#r_leg1_jnt-Matrix-animation-transform" target="r_leg1_jnt/matrix"/></animation></animation>
    <animation id="r_leg2_jnt-anim" name="r_leg2_jnt"><animation><source id="r_leg2_jnt-Matrix-animation-input"><float_array id="r_leg2_jnt-Matrix-animation-input-array" count="7">

0.000000 0.033333 0.066667 0.100000 0.133333 0.166667 0.200000</float_array><technique_common><accessor source="#r_leg2_jnt-Matrix-animation-input-array" count="7"><param name="TIME" type="float"/></accessor></technique_common></source><source id="r_leg2_jnt-Matrix-animation-output-transform"><float_array id="r_leg2_jnt-Matrix-animation-output-transform-array" count="112">

-0.643416 -0.761039 -0.082671 -0.380766 -0.657722 0.604839 -0.448967 -0.436460 0.391685 -0.234498 -0.889716 -0.094663 0.000000 0.000000 0.000000 1.000000
-0.564527 -0.820270 -0.092009 -0.380766 -0.635994 0.503320 -0.584962 -0.436460 0.526137 -0.271710 -0.805825 -0.094663 0.000000 0.000000 0.000000 1.000000
-0.420917 -0.901134 -0.103852 -0.380766 -0.516059 0.332045 -0.789575 -0.436460 0.745997 -0.278752 -0.604802 -0.094663 0.000000 0.000000 0.000000 1.000000
-0.352523 -0.929361 -0.109618 -0.380766 -0.426656 0.263873 -0.865064 -0.436460 0.832882 -0.258186 -0.489538 -0.094663 0.000000 0.000000 0.000000 1.000000
-0.406555 -0.906145 -0.116681 -0.380766 -0.490374 0.324182 -0.808974 -0.436460 0.770874 -0.271674 -0.576148 -0.094663 0.000000 0.000000 0.000000 1.000000
-0.528052 -0.840542 -0.121039 -0.380766 -0.596369 0.468515 -0.651795 -0.436460 0.604570 -0.271998 -0.748674 -0.094663 0.000000 0.000000 0.000000 1.000000
-0.603553 -0.788286 -0.119702 -0.380766 -0.629819 0.563415 -0.534688 -0.436460 0.488929 -0.247322 -0.836529 -0.094663 0.000000 0.000000 0.000000 1.000000</float_array><technique_common><accessor source="#r_leg2_jnt-Matrix-animation-output-transform-array" count="7" stride="16"><param type="float4x4"/></accessor></technique_common></source><source id="r_leg2_jnt-Interpolations"><Name_array id="r_leg2_jnt-Interpolations-array" count="7">
 LINEAR LINEAR LINEAR LINEAR LINEAR LINEAR LINEAR</Name_array><technique_common><accessor source="#r_leg2_jnt-Interpolations-array" count="7"><param type="name"/></accessor></technique_common></source><sampler id="r_leg2_jnt-Matrix-animation-transform"><input semantic="INPUT" source="#r_leg2_jnt-Matrix-animation-input"/><input semantic="OUTPUT" source="#r_leg2_jnt-Matrix-animation-output-transform"/><input semantic="INTERPOLATION" source="#r_leg2_jnt-Interpolations"/></sampler><channel source="#r_leg2_jnt-Matrix-animation-transform" target="r_leg2_jnt/matrix"/></animation></animation>
    <animation id="r_leg3_jnt-anim" name="r_leg3_jnt"><animation><source id="r_leg3_jnt-Matrix-animation-input"><float_array id="r_leg3_jnt-Matrix-animation-input-array" count="7">

0.000000 0.033333 0.066667 0.100000 0.133333 0.166667 0.200000</float_array><technique_common><accessor source="#r_leg3_jnt-Matrix-animation-input-array" count="7"><param name="TIME" type="float"/></accessor></technique_common></source><source id="r_leg3_jnt-Matrix-animation-output-transform"><float_array id="r_leg3_jnt-Matrix-animation-output-transform-array" count="112">

-0.921942 -0.343426 -0.179114 -0.336837 -0.271872 0.903150 -0.332274 -0.444096 0.275879 -0.257641 -0.926019 -0.403838 0.000000 0.000000 0.000000 1.000000
-0.884679 -0.424209 -0.193363 -0.336837 -0.297939 0.833468 -0.465364 -0.444096 0.358573 -0.354088 -0.863740 -0.403838 0.000000 0.000000 0.000000 1.000000
-0.795330 -0.568760 -0.209672 -0.336837 -0.288200 0.659089 -0.694653 -0.444096 0.533284 -0.492051 -0.688109 -0.403838 0.000000 0.000000 0.000000 1.000000
-0.741493 -0.636077 -0.213529 -0.336837 -0.249997 0.557242 -0.791822 -0.444096 0.622647 -0.533749 -0.572209 -0.403838 0.000000 0.000000 0.000000 1.000000
-0.782030 -0.583949 -0.217792 -0.336837 -0.275769 0.637595 -0.719322 -0.444096 0.558910 -0.502471 -0.659653 -0.403838 0.000000 0.000000 0.000000 1.000000
-0.869274 -0.447014 -0.211048 -0.336837 -0.292471 0.809272 -0.509451 -0.444096 0.398526 -0.381127 -0.834218 -0.403838 0.000000 0.000000 0.000000 1.000000
-0.916549 -0.347809 -0.197401 -0.336837 -0.265583 0.898393 -0.349793 -0.444096 0.299005 -0.268176 -0.915793 -0.403838 0.000000 0.000000 0.000000 1.000000</float_array><technique_common><accessor source="#r_leg3_jnt-Matrix-animation-output-transform-array" count="7" stride="16"><param type="float4x4"/></accessor></technique_common></source><source id="r_leg3_jnt-Interpolations"><Name_array id="r_leg3_jnt-Interpolations-array" count="7">
 LINEAR LINEAR LINEAR LINEAR LINEAR LINEAR LINEAR</Name_array><technique_common><accessor source="#r_leg3_jnt-Interpolations-array" count="7"><param type="name"/></accessor></technique_common></source><sampler id="r_leg3_jnt-Matrix-animation-transform"><input semantic="INPUT" source="#r_leg3_jnt-Matrix-animation-input"/><input semantic="OUTPUT" source="#r_leg3_jnt-Matrix-animation-output-transform"/><input semantic="INTERPOLATION" source="#r_leg3_jnt-Interpolations"/></sampler><channel source="#r_leg3_jnt-Matrix-animation-transform" target="r_leg3_jnt/matrix"/></animation></animation>
    <animation id="fin_jnt-anim" name="fin_jnt"><animation><source id="fin_jnt-Matrix-animation-input"><float_array id="fin_jnt-Matrix-animation-input-array" count="7">

0.000000 0.033333 0.066667 0.100000 0.133333 0.166667 0.200000</float_array><technique_common><accessor source="#fin_jnt-Matrix-animation-input-array" count="7"><param name="TIME" type="float"/></accessor></technique_common></source><source id="fin_jnt-Matrix-animation-output-transform"><float_array id="fin_jnt-Matrix-animation-output-transform-array" count="112">

0.830901 0.556421 -0.000000 0.184134 -0.556421 0.830901 -0.000000 0.724213 -0.000000 0.000000 1.000000 0.339920 0.000000 0.000000 0.000000 1.000000
0.830901 0.556421 -0.000000 0.184134 -0.556421 0.830901 -0.000000 0.724213 -0.000000 0.000000 1.000000 0.339920 0.000000 0.000000 0.000000 1.000000
0.830901 0.556421 -0.000000 0.184134 -0.556421 0.830901 -0.000000 0.724213 -0.000000 0.000000 1.000000 0.339920 0.000000 0.000000 0.000000 1.000000
0.830901 0.556421 -0.000000 0.184134 -0.556421 0.830901 -0.000000 0.724213 -0.000000 0.000000 1.000000 0.339920 0.000000 0.000000 0.000000 1.000000
0.830901 0.556421 -0.000000 0.184134 -0.556421 0.830901 -0.000000 0.724213 -0.000000 0.000000 1.000000 0.339920 0.000000 0.000000 0.000000 1.000000
0.830901 0.556421 -0.000000 0.184134 -0.556421 0.830901 -0.000000 0.724213 -0.000000 0.000000 1.000000 0.339920 0.000000 0.000000 0.000000 1.000000
0.830901 0.556421 -0.000000 0.184134 -0.556421 0.830901 -0.000000 0.724213 -0.000000 0.000000 1.000000 0.339920 0.000000 0.000000 0.000000 1.000000</float_array><technique_common><accessor source="#fin_jnt-Matrix-animation-output-transform-array" count="7" stride="16"><param type="float4x4"/></accessor></technique_common></source><source id="fin_jnt-Interpolations"><Name_array id="fin_jnt-Interpolations-array" count="7">
 LINEAR LINEAR LINEAR LINEAR LINEAR LINEAR LINEAR</Name_array><technique_common><accessor source="#fin_jnt-Interpolations-array" count="7"><param type="name"/></accessor></technique_common></source><sampler id="fin_jnt-Matrix-animation-transform"><input semantic="INPUT" source="#fin_jnt-Matrix-animation-input"/><input semantic="OUTPUT" source="#fin_jnt-Matrix-animation-output-transform"/><input semantic="INTERPOLATION" source="#fin_jnt-Interpolations"/></sampler><channel source="#fin_jnt-Matrix-animation-transform" target="fin_jnt/matrix"/></animation></animation>
    <animation id="head_jnt-anim" name="head_jnt"><animation><source id="head_jnt-Matrix-animation-input"><float_array id="head_jnt-Matrix-animation-input-array" count="7">

0.000000 0.033333 0.066667 0.100000 0.133333 0.166667 0.200000</float_array><technique_common><accessor source="#head_jnt-Matrix-animation-input-array" count="7"><param name="TIME" type="float"/></accessor></technique_common></source><source id="head_jnt-Matrix-animation-output-transform"><float_array id="head_jnt-Matrix-animation-output-transform-array" count="112">

1.000000 -0.000000 -0.000000 0.000000 -0.000000 0.410675 -0.911782 -0.367949 0.000000 0.911782 0.410675 0.414658 0.000000 0.000000 0.000000 1.000000
0.999931 0.003974 0.011029 0.000715 0.008705 0.378403 -0.925600 -0.382620 -0.007852 0.925632 0.378343 0.420277 0.000000 0.000000 0.000000 1.000000
0.999158 0.016971 0.037341 0.002200 0.030452 0.302961 -0.952516 -0.413008 -0.027478 0.952852 0.302189 0.430714 0.000000 0.000000 0.000000 1.000000
0.996872 0.038972 0.068750 0.003471 0.058643 0.218351 -0.974107 -0.438676 -0.052975 0.975092 0.215382 0.436333 0.000000 0.000000 0.000000 1.000000
0.993144 0.068396 0.094798 0.004238 0.086674 0.113304 -0.989773 -0.453333 -0.078437 0.991203 0.106599 0.435495 0.000000 0.000000 0.000000 1.000000
0.989301 0.098700 0.107429 0.004790 0.108077 -0.001221 -0.994142 -0.463271 -0.097990 0.995117 -0.011875 0.433937 0.000000 0.000000 0.000000 1.000000
0.987529 0.112757 0.109878 0.005002 0.116591 -0.054760 -0.991669 -0.466930 -0.105801 0.992112 -0.067224 0.433098 0.000000 0.000000 0.000000 1.000000</float_array><technique_common><accessor source="#head_jnt-Matrix-animation-output-transform-array" count="7" stride="16"><param type="float4x4"/></accessor></technique_common></source><source id="head_jnt-Interpolations"><Name_array id="head_jnt-Interpolations-array" count="7">
 LINEAR LINEAR LINEAR LINEAR LINEAR LINEAR LINEAR</Name_array><technique_common><accessor source="#head_jnt-Interpolations-array" count="7"><param type="name"/></accessor></technique_common></source><sampler id="head_jnt-Matrix-animation-transform"><input semantic="INPUT" source="#head_jnt-Matrix-animation-input"/><input semantic="OUTPUT" source="#head_jnt-Matrix-animation-output-transform"/><input semantic="INTERPOLATION" source="#head_jnt-Interpolations"/></sampler><channel source="#head_jnt-Matrix-animation-transform" target="head_jnt/matrix"/></animation></animation>
    <animation id="r_antenna1_jnt-anim" name="r_antenna1_jnt"><animation><source id="r_antenna1_jnt-Matrix-animation-input"><float_array id="r_antenna1_jnt-Matrix-animation-input-array" count="7">

0.000000 0.033333 0.066667 0.100000 0.133333 0.166667 0.200000</float_array><technique_common><accessor source="#r_antenna1_jnt-Matrix-animation-input-array" count="7"><param name="TIME" type="float"/></accessor></technique_common></source><source id="r_antenna1_jnt-Matrix-animation-output-transform"><float_array id="r_antenna1_jnt-Matrix-animation-output-transform-array" count="112">

0.889292 0.132196 0.437818 -0.248546 0.220379 0.714971 -0.663513 0.276260 -0.400741 0.686542 0.606685 0.377659 0.000000 0.000000 0.000000 1.000000
0.889587 0.114431 0.442200 -0.248546 0.216258 0.747213 -0.628415 0.276260 -0.402327 0.654659 0.639964 0.377659 0.000000 0.000000 0.000000 1.000000
0.890249 0.076430 0.449016 -0.248546 0.205938 0.811756 -0.546481 0.276260 -0.406259 0.578974 0.706925 0.377659 0.000000 0.000000 0.000000 1.000000
0.890948 0.041940 0.452165 -0.248546 0.192483 0.866972 -0.459685 0.276260 -0.411293 0.496590 0.764354 0.377659 0.000000 0.000000 0.000000 1.000000
0.891464 0.009572 0.452990 -0.248546 0.178989 0.911019 -0.371494 0.276260 -0.416238 0.412254 0.810428 0.377659 0.000000 0.000000 0.000000 1.000000
0.891738 -0.024721 0.451876 -0.248546 0.168584 0.944785 -0.281000 0.276260 -0.419979 0.326757 0.846669 0.377659 0.000000 0.000000 0.000000 1.000000
0.891818 -0.040619 0.450567 -0.248546 0.164416 0.956958 -0.239162 0.276260 -0.421460 0.287369 0.860111 0.377659 0.000000 0.000000 0.000000 1.000000</float_array><technique_common><accessor source="#r_antenna1_jnt-Matrix-animation-output-transform-array" count="7" stride="16"><param type="float4x4"/></accessor></technique_common></source><source id="r_antenna1_jnt-Interpolations"><Name_array id="r_antenna1_jnt-Interpolations-array" count="7">
 LINEAR LINEAR LINEAR LINEAR LINEAR LINEAR LINEAR</Name_array><technique_common><accessor source="#r_antenna1_jnt-Interpolations-array" count="7"><param type="name"/></accessor></technique_common></source><sampler id="r_antenna1_jnt-Matrix-animation-transform"><input semantic="INPUT" source="#r_antenna1_jnt-Matrix-animation-input"/><input semantic="OUTPUT" source="#r_antenna1_jnt-Matrix-animation-output-transform"/><input semantic="INTERPOLATION" source="#r_antenna1_jnt-Interpolations"/></sampler><channel source="#r_antenna1_jnt-Matrix-animation-transform" target="r_antenna1_jnt/matrix"/></animation></animation>
    <animation id="r_antenna2_jnt-anim" name="r_antenna2_jnt"><animation><source id="r_antenna2_jnt-Matrix-animation-input"><float_array id="r_antenna2_jnt-Matrix-animation-input-array" count="7">

0.000000 0.033333 0.066667 0.100000 0.133333 0.166667 0.200000</float_array><technique_common><accessor source="#r_antenna2_jnt-Matrix-animation-input-array" count="7"><param name="TIME" type="float"/></accessor></technique_common></source><source id="r_antenna2_jnt-Matrix-animation-output-transform"><float_array id="r_antenna2_jnt-Matrix-animation-output-transform-array" count="112">

0.896318 -0.437585 -0.071650 -0.000000 0.437358 0.899073 -0.019663 0.000000 0.073022 -0.013712 0.997236 -0.779776 0.000000 0.000000 0.000000 1.000000
0.896318 -0.437585 -0.071650 0.000000 0.437358 0.899073 -0.019663 0.000000 0.073022 -0.013712 0.997236 -0.779776 0.000000 0.000000 0.000000 1.000000
0.896318 -0.437585 -0.071650 -0.000000 0.437358 0.899073 -0.019663 0.000000 0.073022 -0.013712 0.997236 -0.779776 0.000000 0.000000 0.000000 1.000000
0.896318 -0.437585 -0.071650 0.000000 0.437358 0.899073 -0.019663 -0.000000 0.073022 -0.013712 0.997236 -0.779776 0.000000 0.000000 0.000000 1.000000
0.896318 -0.437585 -0.071650 0.000000 0.437358 0.899073 -0.019663 0.000000 0.073022 -0.013712 0.997236 -0.779776 0.000000 0.000000 0.000000 1.000000
0.896318 -0.437585 -0.071650 -0.000000 0.437358 0.899073 -0.019663 0.000000 0.073022 -0.013712 0.997236 -0.779776 0.000000 0.000000 0.000000 1.000000
0.896318 -0.437585 -0.071650 -0.000000 0.437358 0.899073 -0.019663 0.000000 0.073022 -0.013712 0.997236 -0.779776 0.000000 0.000000 0.000000 1.000000</float_array><technique_common><accessor source="#r_antenna2_jnt-Matrix-animation-output-transform-array" count="7" stride="16"><param type="float4x4"/></accessor></technique_common></source><source id="r_antenna2_jnt-Interpolations"><Name_array id="r_antenna2_jnt-Interpolations-array" count="7">
 LINEAR LINEAR LINEAR LINEAR LINEAR LINEAR LINEAR</Name_array><technique_common><accessor source="#r_antenna2_jnt-Interpolations-array" count="7"><param type="name"/></accessor></technique_common></source><sampler id="r_antenna2_jnt-Matrix-animation-transform"><input semantic="INPUT" source="#r_antenna2_jnt-Matrix-animation-input"/><input semantic="OUTPUT" source="#r_antenna2_jnt-Matrix-animation-output-transform"/><input semantic="INTERPOLATION" source="#r_antenna2_jnt-Interpolations"/></sampler><channel source="#r_antenna2_jnt-Matrix-animation-transform" target="r_antenna2_jnt/matrix"/></animation></animation>
    <animation id="l_antenna1_jnt-anim" name="l_antenna1_jnt"><animation><source id="l_antenna1_jnt-Matrix-animation-input"><float_array id="l_antenna1_jnt-Matrix-animation-input-array" count="7">

0.000000 0.033333 0.066667 0.100000 0.133333 0.166667 0.200000</float_array><technique_common><accessor source="#l_antenna1_jnt-Matrix-animation-input-array" count="7"><param name="TIME" type="float"/></accessor></technique_common></source><source id="l_antenna1_jnt-Matrix-animation-output-transform"><float_array id="l_antenna1_jnt-Matrix-animation-output-transform-array" count="112">

0.889292 0.177642 0.421431 0.248546 -0.220379 -0.640991 0.735230 0.276260 0.400741 -0.746708 -0.530880 0.377658 0.000000 0.000000 0.000000 1.000000
0.888640 0.155438 0.431460 0.248546 -0.227007 -0.668377 0.708336 0.276260 0.398480 -0.727400 -0.558662 0.377658 0.000000 0.000000 0.000000 1.000000
0.886819 0.103055 0.450479 0.248546 -0.243526 -0.724257 0.645095 0.276260 0.392743 -0.681785 -0.617189 0.377658 0.000000 0.000000 0.000000 1.000000
0.884038 0.043922 0.465346 0.248546 -0.264886 -0.773198 0.576195 0.276260 0.385112 -0.632642 -0.671902 0.377658 0.000000 0.000000 0.000000 1.000000
0.880788 -0.017644 0.473182 0.248546 -0.286107 -0.816090 0.502134 0.276260 0.377299 -0.577655 -0.723851 0.377658 0.000000 0.000000 0.000000 1.000000
0.877968 -0.075802 0.472680 0.248546 -0.302329 -0.853361 0.424703 0.276260 0.371173 -0.515781 -0.772141 0.377658 0.000000 0.000000 0.000000 1.000000
0.876762 -0.101468 0.470099 0.248546 -0.308792 -0.868155 0.388529 0.276260 0.368696 -0.485810 -0.792497 0.377658 0.000000 0.000000 0.000000 1.000000</float_array><technique_common><accessor source="#l_antenna1_jnt-Matrix-animation-output-transform-array" count="7" stride="16"><param type="float4x4"/></accessor></technique_common></source><source id="l_antenna1_jnt-Interpolations"><Name_array id="l_antenna1_jnt-Interpolations-array" count="7">
 LINEAR LINEAR LINEAR LINEAR LINEAR LINEAR LINEAR</Name_array><technique_common><accessor source="#l_antenna1_jnt-Interpolations-array" count="7"><param type="name"/></accessor></technique_common></source><sampler id="l_antenna1_jnt-Matrix-animation-transform"><input semantic="INPUT" source="#l_antenna1_jnt-Matrix-animation-input"/><input semantic="OUTPUT" source="#l_antenna1_jnt-Matrix-animation-output-transform"/><input semantic="INTERPOLATION" source="#l_antenna1_jnt-Interpolations"/></sampler><channel source="#l_antenna1_jnt-Matrix-animation-transform" target="l_antenna1_jnt/matrix"/></animation></animation>
    <animation id="l_antenna2_jnt-anim" name="l_antenna2_jnt"><animation><source id="l_antenna2_jnt-Matrix-animation-input"><float_array id="l_antenna2_jnt-Matrix-animation-input-array" count="7">

0.000000 0.033333 0.066667 0.100000 0.133333 0.166667 0.200000</float_array><technique_common><accessor source="#l_antenna2_jnt-Matrix-animation-input-array" count="7"><param name="TIME" type="float"/></accessor></technique_common></source><source id="l_antenna2_jnt-Matrix-animation-output-transform"><float_array id="l_antenna2_jnt-Matrix-animation-output-transform-array" count="112">

0.896318 -0.437585 -0.071650 0.000000 0.437358 0.899073 -0.019663 -0.000002 0.073022 -0.013712 0.997236 0.779777 0.000000 0.000000 0.000000 1.000000
0.896318 -0.437585 -0.071650 0.000000 0.437358 0.899073 -0.019663 -0.000002 0.073022 -0.013712 0.997236 0.779777 0.000000 0.000000 0.000000 1.000000
0.896318 -0.437585 -0.071650 0.000000 0.437358 0.899073 -0.019663 -0.000002 0.073022 -0.013712 0.997236 0.779777 0.000000 0.000000 0.000000 1.000000
0.896318 -0.437585 -0.071650 0.000000 0.437358 0.899073 -0.019663 -0.000002 0.073022 -0.013712 0.997236 0.779777 0.000000 0.000000 0.000000 1.000000
0.896318 -0.437585 -0.071650 0.000000 0.437358 0.899073 -0.019663 -0.000002 0.073022 -0.013712 0.997236 0.779777 0.000000 0.000000 0.000000 1.000000
0.896318 -0.437585 -0.071650 0.000000 0.437358 0.899073 -0.019663 -0.000002 0.073022 -0.013712 0.997236 0.779777 0.000000 0.000000 0.000000 1.000000
0.896318 -0.437585 -0.071650 0.000000 0.437358 0.899073 -0.019663 -0.000002 0.073022 -0.013712 0.997236 0.779777 0.000000 0.000000 0.000000 1.000000</float_array><technique_common><accessor source="#l_antenna2_jnt-Matrix-animation-output-transform-array" count="7" stride="16"><param type="float4x4"/></accessor></technique_common></source><source id="l_antenna2_jnt-Interpolations"><Name_array id="l_antenna2_jnt-Interpolations-array" count="7">
 LINEAR LINEAR LINEAR LINEAR LINEAR LINEAR LINEAR</Name_array><technique_common><accessor source="#l_antenna2_jnt-Interpolations-array" count="7"><param type="name"/></accessor></technique_common></source><sampler id="l_antenna2_jnt-Matrix-animation-transform"><input semantic="INPUT" source="#l_antenna2_jnt-Matrix-animation-input"/><input semantic="OUTPUT" source="#l_antenna2_jnt-Matrix-animation-output-transform"/><input semantic="INTERPOLATION" source="#l_antenna2_jnt-Interpolations"/></sampler><channel source="#l_antenna2_jnt-Matrix-animation-transform" target="l_antenna2_jnt/matrix"/></animation></animation>
    <animation id="spine2_jnt-anim" name="spine2_jnt"><animation><source id="spine2_jnt-Matrix-animation-input"><float_array id="spine2_jnt-Matrix-animation-input-array" count="7">

0.000000 0.033333 0.066667 0.100000 0.133333 0.166667 0.200000</float_array><technique_common><accessor source="#spine2_jnt-Matrix-animation-input-array" count="7"><param name="TIME" type="float"/></accessor></technique_common></source><source id="spine2_jnt-Matrix-animation-output-transform"><float_array id="spine2_jnt-Matrix-animation-output-transform-array" count="112">

-1.000000 0.000000 0.000000 -0.000000 -0.000000 0.726174 -0.687511 -0.193410 -0.000000 -0.687511 -0.726174 -0.576051 0.000000 0.000000 0.000000 1.000000
-0.999890 -0.013619 0.005870 -0.000000 -0.013890 0.721278 -0.692507 -0.193410 0.005197 -0.692512 -0.721387 -0.576051 0.000000 0.000000 0.000000 1.000000
-0.999076 -0.038419 0.019257 -0.000000 -0.040886 0.711716 -0.701276 -0.193410 0.013237 -0.701416 -0.712629 -0.576051 0.000000 0.000000 0.000000 1.000000
-0.998176 -0.050802 0.032607 -0.000000 -0.058993 0.706370 -0.705381 -0.193410 0.012802 -0.706018 -0.708078 -0.576051 0.000000 0.000000 0.000000 1.000000
-0.998049 -0.045564 0.042694 -0.000000 -0.062375 0.758806 -0.648323 -0.193410 -0.002857 -0.649721 -0.760168 -0.576051 0.000000 0.000000 0.000000 1.000000
-0.997809 -0.040038 0.052677 -0.000000 -0.062002 0.843753 -0.533138 -0.193410 -0.023101 -0.535236 -0.844387 -0.576051 0.000000 0.000000 0.000000 1.000000
-0.997579 -0.038514 0.057912 -0.000000 -0.061151 0.882377 -0.466553 -0.193410 -0.033132 -0.468965 -0.882595 -0.576051 0.000000 0.000000 0.000000 1.000000</float_array><technique_common><accessor source="#spine2_jnt-Matrix-animation-output-transform-array" count="7" stride="16"><param type="float4x4"/></accessor></technique_common></source><source id="spine2_jnt-Interpolations"><Name_array id="spine2_jnt-Interpolations-array" count="7">
 LINEAR LINEAR LINEAR LINEAR LINEAR LINEAR LINEAR</Name_array><technique_common><accessor source="#spine2_jnt-Interpolations-array" count="7"><param type="name"/></accessor></technique_common></source><sampler id="spine2_jnt-Matrix-animation-transform"><input semantic="INPUT" source="#spine2_jnt-Matrix-animation-input"/><input semantic="OUTPUT" source="#spine2_jnt-Matrix-animation-output-transform"/><input semantic="INTERPOLATION" source="#spine2_jnt-Interpolations"/></sampler><channel source="#spine2_jnt-Matrix-animation-transform" target="spine2_jnt/matrix"/></animation></animation>
    <animation id="spine3_jnt-anim" name="spine3_jnt"><animation><source id="spine3_jnt-Matrix-animation-input"><float_array id="spine3_jnt-Matrix-animation-input-array" count="7">

0.000000 0.033333 0.066667 0.100000 0.133333 0.166667 0.200000</float_array><technique_common><accessor source="#spine3_jnt-Matrix-animation-input-array" count="7"><param name="TIME" type="float"/></accessor></technique_common></source><source id="spine3_jnt-Matrix-animation-output-transform"><float_array id="spine3_jnt-Matrix-animation-output-transform-array" count="112">

1.000000 0.000000 -0.000000 0.000000 0.000000 0.983444 -0.181213 -0.000000 -0.000000 0.181213 0.983444 0.593174 0.000000 0.000000 0.000000 1.000000
0.999999 -0.001192 -0.000139 0.000000 0.001105 0.959324 -0.282306 -0.000000 0.000470 0.282305 0.959324 0.593174 0.000000 0.000000 0.000000 1.000000
0.999991 -0.004190 0.000322 0.000000 0.003866 0.887311 -0.461156 -0.000000 0.001646 0.461153 0.887319 0.593174 0.000000 0.000000 0.000000 1.000000
0.999967 -0.007972 0.001456 0.000000 0.007456 0.834629 -0.550762 -0.000000 0.003175 0.550754 0.834661 0.593174 0.000000 0.000000 0.000000 1.000000
0.999928 -0.011887 0.001682 0.000000 0.011045 0.855977 -0.516896 -0.000000 0.004704 0.516877 0.856047 0.593174 0.000000 0.000000 0.000000 1.000000
0.999887 -0.014974 0.000993 0.000000 0.013806 0.891990 -0.451844 -0.000000 0.005880 0.451807 0.892096 0.593174 0.000000 0.000000 0.000000 1.000000
0.999869 -0.016201 0.000424 0.000000 0.014911 0.909352 -0.415759 -0.000000 0.006351 0.415711 0.909475 0.593174 0.000000 0.000000 0.000000 1.000000</float_array><technique_common><accessor source="#spine3_jnt-Matrix-animation-output-transform-array" count="7" stride="16"><param type="float4x4"/></accessor></technique_common></source><source id="spine3_jnt-Interpolations"><Name_array id="spine3_jnt-Interpolations-array" count="7">
 LINEAR LINEAR LINEAR LINEAR LINEAR LINEAR LINEAR</Name_array><technique_common><accessor source="#spine3_jnt-Interpolations-array" count="7"><param type="name"/></accessor></technique_common></source><sampler id="spine3_jnt-Matrix-animation-transform"><input semantic="INPUT" source="#spine3_jnt-Matrix-animation-input"/><input semantic="OUTPUT" source="#spine3_jnt-Matrix-animation-output-transform"/><input semantic="INTERPOLATION" source="#spine3_jnt-Interpolations"/></sampler><channel source="#spine3_jnt-Matrix-animation-transform" target="spine3_jnt/matrix"/></animation></animation>
    <animation id="l_uleg1_jnt-anim" name="l_uleg1_jnt"><animation><source id="l_uleg1_jnt-Matrix-animation-input"><float_array id="l_uleg1_jnt-Matrix-animation-input-array" count="7">

0.000000 0.033333 0.066667 0.100000 0.133333 0.166667 0.200000</float_array><technique_common><accessor source="#l_uleg1_jnt-Matrix-animation-input-array" count="7"><param name="TIME" type="float"/></accessor></technique_common></source><source id="l_uleg1_jnt-Matrix-animation-output-transform"><float_array id="l_uleg1_jnt-Matrix-animation-output-transform-array" count="112">

-0.232483 -0.379794 -0.895382 0.413257 0.890773 -0.452751 -0.039244 -0.379656 -0.390480 -0.806705 0.443567 0.248367 0.000000 0.000000 0.000000 1.000000
-0.176427 -0.430726 -0.885070 0.413257 0.908024 -0.418310 0.022572 -0.379656 -0.379956 -0.799682 0.464911 0.248367 0.000000 0.000000 0.000000 1.000000
0.011280 -0.524080 -0.851594 0.413257 0.910046 -0.347527 0.225925 -0.379656 -0.414355 -0.777538 0.473017 0.248367 0.000000 0.000000 0.000000 1.000000
0.224575 -0.575232 -0.786559 0.413257 0.834117 -0.303838 0.460359 -0.379656 -0.503800 -0.759467 0.411576 0.248367 0.000000 0.000000 0.000000 1.000000
0.233367 -0.583363 -0.777964 0.413257 0.830526 -0.296525 0.471486 -0.379656 -0.505733 -0.756149 0.415299 0.248367 0.000000 0.000000 0.000000 1.000000
0.091243 -0.591057 -0.801452 0.413257 0.903387 -0.289504 0.316352 -0.379656 -0.419006 -0.752887 0.507539 0.248367 0.000000 0.000000 0.000000 1.000000
0.008345 -0.594637 -0.803951 0.413257 0.932247 -0.286204 0.221365 -0.379656 -0.361726 -0.751328 0.551960 0.248367 0.000000 0.000000 0.000000 1.000000</float_array><technique_common><accessor source="#l_uleg1_jnt-Matrix-animation-output-transform-array" count="7" stride="16"><param type="float4x4"/></accessor></technique_common></source><source id="l_uleg1_jnt-Interpolations"><Name_array id="l_uleg1_jnt-Interpolations-array" count="7">
 LINEAR LINEAR LINEAR LINEAR LINEAR LINEAR LINEAR</Name_array><technique_common><accessor source="#l_uleg1_jnt-Interpolations-array" count="7"><param type="name"/></accessor></technique_common></source><sampler id="l_uleg1_jnt-Matrix-animation-transform"><input semantic="INPUT" source="#l_uleg1_jnt-Matrix-animation-input"/><input semantic="OUTPUT" source="#l_uleg1_jnt-Matrix-animation-output-transform"/><input semantic="INTERPOLATION" source="#l_uleg1_jnt-Interpolations"/></sampler><channel source="#l_uleg1_jnt-Matrix-animation-transform" target="l_uleg1_jnt/matrix"/></animation></animation>
    <animation id="l_leg1_jnt-anim" name="l_leg1_jnt"><animation><source id="l_leg1_jnt-Matrix-animation-input"><float_array id="l_leg1_jnt-Matrix-animation-input-array" count="7">

0.000000 0.033333 0.066667 0.100000 0.133333 0.166667 0.200000</float_array><technique_common><accessor source="#l_leg1_jnt-Matrix-animation-input-array" count="7"><param name="TIME" type="float"/></accessor></technique_common></source><source id="l_leg1_jnt-Matrix-animation-output-transform"><float_array id="l_leg1_jnt-Matrix-animation-output-transform-array" count="112">

0.547136 -0.000003 0.837044 -0.000000 0.000000 1.000000 0.000004 0.000000 -0.837044 -0.000002 0.547136 -0.230000 0.000000 0.000000 0.000000 1.000000
0.511379 -0.000003 0.859355 -0.000000 0.000000 1.000000 0.000004 0.000000 -0.859355 -0.000002 0.511379 -0.230000 0.000000 0.000000 0.000000 1.000000
0.554330 -0.000003 0.832297 -0.000000 0.000000 1.000000 0.000004 0.000000 -0.832297 -0.000002 0.554330 -0.230000 0.000000 0.000000 0.000000 1.000000
0.721034 -0.000002 0.692900 -0.000000 0.000000 1.000000 0.000003 0.000000 -0.692900 -0.000002 0.721034 -0.230000 0.000000 0.000000 0.000000 1.000000
0.736345 -0.000002 0.676607 -0.000000 0.000000 1.000000 0.000002 0.000000 -0.676607 -0.000002 0.736345 -0.230000 0.000000 0.000000 0.000000 1.000000
0.594706 -0.000003 0.803943 -0.000000 0.000000 1.000000 0.000003 0.000000 -0.803943 -0.000002 0.594706 -0.230000 0.000000 0.000000 0.000000 1.000000
0.510909 -0.000003 0.859635 -0.000000 0.000000 1.000000 0.000004 0.000000 -0.859635 -0.000002 0.510909 -0.230000 0.000000 0.000000 0.000000 1.000000</float_array><technique_common><accessor source="#l_leg1_jnt-Matrix-animation-output-transform-array" count="7" stride="16"><param type="float4x4"/></accessor></technique_common></source><source id="l_leg1_jnt-Interpolations"><Name_array id="l_leg1_jnt-Interpolations-array" count="7">
 LINEAR LINEAR LINEAR LINEAR LINEAR LINEAR LINEAR</Name_array><technique_common><accessor source="#l_leg1_jnt-Interpolations-array" count="7"><param type="name"/></accessor></technique_common></source><sampler id="l_leg1_jnt-Matrix-animation-transform"><input semantic="INPUT" source="#l_leg1_jnt-Matrix-animation-input"/><input semantic="OUTPUT" source="#l_leg1_jnt-Matrix-animation-output-transform"/><input semantic="INTERPOLATION" source="#l_leg1_jnt-Interpolations"/></sampler><channel source="#l_leg1_jnt-Matrix-animation-transform" target="l_leg1_jnt/matrix"/></animation></animation>
    <animation id="l_leg3_jnt-anim" name="l_leg3_jnt"><animation><source id="l_leg3_jnt-Matrix-animation-input"><float_array id="l_leg3_jnt-Matrix-animation-input-array" count="7">

0.000000 0.033333 0.066667 0.100000 0.133333 0.166667 0.200000</float_array><technique_common><accessor source="#l_leg3_jnt-Matrix-animation-input-array" count="7"><param name="TIME" type="float"/></accessor></technique_common></source><source id="l_leg3_jnt-Matrix-animation-output-transform"><float_array id="l_leg3_jnt-Matrix-animation-output-transform-array" count="112">

-0.916583 -0.395499 -0.058789 0.336837 0.354234 -0.871398 0.339387 -0.444095 -0.185456 0.290251 0.938808 -0.403838 0.000000 0.000000 0.000000 1.000000
-0.886674 -0.459280 -0.053586 0.336837 0.390425 -0.805713 0.445415 -0.444095 -0.247746 0.374017 0.893719 -0.403838 0.000000 0.000000 0.000000 1.000000
-0.821834 -0.568267 -0.040767 0.336837 0.419764 -0.652340 0.631071 -0.444095 -0.385211 0.501523 0.774653 -0.403838 0.000000 0.000000 0.000000 1.000000
-0.784230 -0.619721 -0.030486 0.336837 0.414632 -0.559985 0.717284 -0.444095 -0.461587 0.549876 0.696113 -0.403838 0.000000 0.000000 0.000000 1.000000
-0.812833 -0.580275 -0.050827 0.336837 0.410751 -0.632857 0.656335 -0.444095 -0.413021 0.512613 0.752756 -0.403838 0.000000 0.000000 0.000000 1.000000
-0.877874 -0.467251 -0.104949 0.336837 0.363845 -0.793254 0.488227 -0.444095 -0.311376 0.390416 0.866383 -0.403838 0.000000 0.000000 0.000000 1.000000
-0.916005 -0.375808 -0.140369 0.336837 0.306568 -0.881436 0.359287 -0.444095 -0.258750 0.286076 0.922610 -0.403838 0.000000 0.000000 0.000000 1.000000</float_array><technique_common><accessor source="#l_leg3_jnt-Matrix-animation-output-transform-array" count="7" stride="16"><param type="float4x4"/></accessor></technique_common></source><source id="l_leg3_jnt-Interpolations"><Name_array id="l_leg3_jnt-Interpolations-array" count="7">
