<?xml version="1.0" encoding="utf-8"?>
<COLLADA xmlns="http://www.collada.org/2005/11/COLLADASchema" version="1.4.1">
  <asset><contributor><author></author><authoring_tool>FBX COLLADA exporter</authoring_tool><comments></comments></contributor><created>2019-12-09T16:09:58Z</created><keywords></keywords><modified>2019-12-09T16:09:58Z</modified><revision></revision><subject></subject><title></title><unit meter="0.010000" name="centimeter"></unit><up_axis>Y_UP</up_axis></asset>
  <library_animations>
    <animation id="spine1_jnt-anim" name="spine1_jnt"><animation><source id="spine1_jnt-Matrix-animation-input"><float_array id="spine1_jnt-Matrix-animation-input-array" count="21">

0.000000 0.033333 0.066667 0.100000 0.133333 0.166667 0.200000 0.233333 0.266667 0.300000 0.333333 0.366667 0.400000 0.433333 0.466667 0.500000
0.533333 0.566667 0.600000 0.633333 0.666667</float_array><technique_common><accessor source="#spine1_jnt-Matrix-animation-input-array" count="21"><param name="TIME" type="float"/></accessor></technique_common></source><source id="spine1_jnt-Matrix-animation-output-transform"><float_array id="spine1_jnt-Matrix-animation-output-transform-array" count="336">

0.257222 0.811641 0.524476 0.424427 -0.624140 0.553886 -0.551053 0.326168 -0.737758 -0.185603 0.649049 -0.016518 0.000000 0.000000 0.000000 1.000000
0.254501 0.810405 0.527705 0.418635 -0.625079 0.554215 -0.549656 0.324753 -0.737907 -0.189969 0.647615 -0.016917 0.000000 0.000000 0.000000 1.000000
0.246699 0.809216 0.533206 0.401332 -0.627742 0.552614 -0.548232 0.319604 -0.738295 -0.199468 0.644308 -0.017969 0.000000 0.000000 0.000000 1.000000
0.234352 0.807941 0.540657 0.376303 -0.631873 0.549239 -0.546875 0.311929 -0.738793 -0.213466 0.639232 -0.019456 0.000000 0.000000 0.000000 1.000000
0.217985 0.806412 0.549711 0.347336 -0.637192 0.544236 -0.545705 0.302938 -0.739235 -0.231316 0.632474 -0.021161 0.000000 0.000000 0.000000 1.000000
0.198126 0.804451 0.560005 0.318215 -0.643405 0.537748 -0.544846 0.293840 -0.739443 -0.252361 0.624129 -0.022865 0.000000 0.000000 0.000000 1.000000
0.175311 0.801891 0.571171 0.292727 -0.650218 0.529930 -0.544418 0.285844 -0.739244 -0.275943 0.614307 -0.024352 0.000000 0.000000 0.000000 1.000000
0.150091 0.798601 0.582846 0.274658 -0.657349 0.520952 -0.544519 0.280160 -0.738488 -0.301406 0.603149 -0.025404 0.000000 0.000000 0.000000 1.000000
0.123030 0.794491 0.594683 0.267793 -0.664532 0.511009 -0.545223 0.277996 -0.737063 -0.328107 0.590834 -0.025803 0.000000 0.000000 0.000000 1.000000
0.094711 0.789532 0.606357 0.270875 -0.671530 0.500315 -0.546564 0.278944 -0.734899 -0.355422 0.577580 -0.025620 0.000000 0.000000 0.000000 1.000000
0.065729 0.783755 0.617582 0.279396 -0.678142 0.489109 -0.548539 0.281565 -0.731985 -0.382754 0.563646 -0.025115 0.000000 0.000000 0.000000 1.000000
0.036688 0.777258 0.628112 0.292267 -0.684208 0.477648 -0.551101 0.285523 -0.728364 -0.409540 0.549330 -0.024352 0.000000 0.000000 0.000000 1.000000
0.008199 0.770200 0.637750 0.308402 -0.689609 0.466203 -0.554160 0.290485 -0.724135 -0.435255 0.534959 -0.023396 0.000000 0.000000 0.000000 1.000000
-0.019130 0.762800 0.646352 0.326712 -0.694276 0.455056 -0.557589 0.296117 -0.719455 -0.459413 0.520888 -0.022311 0.000000 0.000000 0.000000 1.000000
-0.044695 0.755325 0.653825 0.346110 -0.698180 0.444492 -0.561223 0.302082 -0.714526 -0.481572 0.507486 -0.021161 0.000000 0.000000 0.000000 1.000000
-0.067900 0.748082 0.660124 0.365508 -0.701333 0.434799 -0.564873 0.308048 -0.709592 -0.501322 0.495132 -0.020011 0.000000 0.000000 0.000000 1.000000
-0.088161 0.741406 0.665241 0.383818 -0.703779 0.426258 -0.568330 0.313679 -0.704928 -0.518287 0.484206 -0.018926 0.000000 0.000000 0.000000 1.000000
-0.104902 0.735644 0.669196 0.399953 -0.705581 0.419149 -0.571375 0.318641 -0.700822 -0.532111 0.475087 -0.017969 0.000000 0.000000 0.000000 1.000000
-0.117559 0.731143 0.672019 0.412824 -0.706810 0.413744 -0.573790 0.322600 -0.697567 -0.542444 0.468140 -0.017206 0.000000 0.000000 0.000000 1.000000
-0.125567 0.728233 0.673728 0.421345 -0.707529 0.410309 -0.575369 0.325221 -0.695440 -0.548930 0.463724 -0.016701 0.000000 0.000000 0.000000 1.000000
-0.128363 0.727206 0.674310 0.424427 -0.707768 0.409106 -0.575931 0.326168 -0.694685 -0.551184 0.462179 -0.016518 0.000000 0.000000 0.000000 1.000000</float_array><technique_common><accessor source="#spine1_jnt-Matrix-animation-output-transform-array" count="21" stride="16"><param type="float4x4"/></accessor></technique_common></source><source id="spine1_jnt-Interpolations"><Name_array id="spine1_jnt-Interpolations-array" count="21">
 LINEAR LINEAR LINEAR LINEAR LINEAR LINEAR LINEAR LINEAR LINEAR LINEAR LINEAR
LINEAR LINEAR LINEAR LINEAR LINEAR LINEAR LINEAR LINEAR LINEAR LINEAR</Name_array><technique_common><accessor source="#spine1_jnt-Interpolations-array" count="21"><param type="name"/></accessor></technique_common></source><sampler id="spine1_jnt-Matrix-animation-transform"><input semantic="INPUT" source="#spine1_jnt-Matrix-animation-input"/><input semantic="OUTPUT" source="#spine1_jnt-Matrix-animation-output-transform"/><input semantic="INTERPOLATION" source="#spine1_jnt-Interpolations"/></sampler><channel source="#spine1_jnt-Matrix-animation-transform" target="spine1_jnt/matrix"/></animation></animation>
    <animation id="r_uleg1_jnt-anim" name="r_uleg1_jnt"><animation><source id="r_uleg1_jnt-Matrix-animation-input"><float_array id="r_uleg1_jnt-Matrix-animation-input-array" count="21">

0.000000 0.033333 0.066667 0.100000 0.133333 0.166667 0.200000 0.233333 0.266667 0.300000 0.333333 0.366667 0.400000 0.433333 0.466667 0.500000
0.533333 0.566667 0.600000 0.633333 0.666667</float_array><technique_common><accessor source="#r_uleg1_jnt-Matrix-animation-input-array" count="21"><param name="TIME" type="float"/></accessor></technique_common></source><source id="r_uleg1_jnt-Matrix-animation-output-transform"><float_array id="r_uleg1_jnt-Matrix-animation-output-transform-array" count="336">

-0.542954 -0.583437 -0.603989 -0.413257 0.405923 0.447287 -0.796970 -0.379657 0.735138 -0.677891 -0.006026 0.248367 0.000000 0.000000 0.000000 1.000000
-0.553598 -0.585797 -0.591921 -0.413257 0.390389 0.445291 -0.805799 -0.379657 0.735612 -0.677169 -0.017824 0.248367 0.000000 0.000000 0.000000 1.000000
-0.579072 -0.592060 -0.560483 -0.413257 0.353726 0.436943 -0.827018 -0.379657 0.734543 -0.677160 -0.043595 0.248367 0.000000 0.000000 0.000000 1.000000
-0.614865 -0.602100 -0.509329 -0.413257 0.296947 0.421549 -0.856807 -0.379657 0.730591 -0.678065 -0.080404 0.248367 0.000000 0.000000 0.000000 1.000000
-0.655651 -0.615406 -0.437490 -0.413257 0.220111 0.398463 -0.890381 -0.379657 0.722269 -0.680076 -0.125795 0.248367 0.000000 0.000000 0.000000 1.000000
-0.695353 -0.630867 -0.344224 -0.413257 0.122837 0.367595 -0.921838 -0.379657 0.708092 -0.683286 -0.178115 0.248367 0.000000 0.000000 0.000000 1.000000
-0.726843 -0.646724 -0.231188 -0.413257 0.006609 0.330013 -0.943953 -0.379657 0.686772 -0.687634 -0.235593 0.248367 0.000000 0.000000 0.000000 1.000000
-0.743035 -0.660861 -0.105652 -0.413257 -0.121359 0.288297 -0.949819 -0.379657 0.658158 -0.692927 -0.294416 0.248367 0.000000 0.000000 0.000000 1.000000
-0.740880 -0.671448 0.015969 -0.413257 -0.243363 0.246216 -0.938164 -0.379657 0.625997 -0.698953 -0.345822 0.248367 0.000000 0.000000 0.000000 1.000000
-0.727181 -0.677615 0.109753 -0.413257 -0.332143 0.207403 -0.920144 -0.379657 0.600741 -0.705564 -0.375885 0.248367 0.000000 0.000000 0.000000 1.000000
-0.716387 -0.679713 0.157415 -0.413257 -0.365465 0.173387 -0.914534 -0.379657 0.594327 -0.712690 -0.372624 0.248367 0.000000 0.000000 0.000000 1.000000
-0.721547 -0.678563 0.137558 -0.413257 -0.314636 0.144381 -0.938168 -0.379657 0.616745 -0.720212 -0.317678 0.248367 0.000000 0.000000 0.000000 1.000000
-0.725811 -0.675039 -0.132368 -0.413257 0.068949 0.120066 -0.990369 -0.379657 0.684430 -0.727947 -0.040602 0.248367 0.000000 0.000000 0.000000 1.000000
-0.741454 -0.669938 -0.037809 -0.413257 -0.039587 0.099922 -0.994207 -0.379657 0.669835 -0.735662 -0.100608 0.248367 0.000000 0.000000 0.000000 1.000000
-0.746587 -0.663953 0.042107 -0.413257 -0.129905 0.083414 -0.988012 -0.379657 0.652481 -0.743107 -0.148527 0.248367 0.000000 0.000000 0.000000 1.000000
-0.745549 -0.657683 0.107752 -0.413257 -0.202972 0.070074 -0.976674 -0.379657 0.634791 -0.750029 -0.185735 0.248367 0.000000 0.000000 0.000000 1.000000
-0.741423 -0.651648 0.160148 -0.413257 -0.260469 0.059528 -0.963645 -0.379657 0.618424 -0.756182 -0.213870 0.248367 0.000000 0.000000 0.000000 1.000000
-0.736311 -0.646312 0.200317 -0.413257 -0.304006 0.051501 -0.951277 -0.379657 0.604505 -0.761333 -0.234404 0.248367 0.000000 0.000000 0.000000 1.000000
-0.731638 -0.642087 0.228979 -0.413257 -0.334767 0.045813 -0.941187 -0.379657 0.593833 -0.765262 -0.248468 0.248367 0.000000 0.000000 0.000000 1.000000
-0.728376 -0.639332 0.246420 -0.413257 -0.353362 0.042379 -0.934526 -0.379657 0.587030 -0.767762 -0.256783 0.248367 0.000000 0.000000 0.000000 1.000000
-0.727185 -0.638357 0.252393 -0.413257 -0.359712 0.041212 -0.932153 -0.379657 0.584645 -0.768636 -0.259593 0.248367 0.000000 0.000000 0.000000 1.000000</float_array><technique_common><accessor source="#r_uleg1_jnt-Matrix-animation-output-transform-array" count="21" stride="16"><param type="float4x4"/></accessor></technique_common></source><source id="r_uleg1_jnt-Interpolations"><Name_array id="r_uleg1_jnt-Interpolations-array" count="21">
 LINEAR LINEAR LINEAR LINEAR LINEAR LINEAR LINEAR LINEAR LINEAR LINEAR LINEAR
LINEAR LINEAR LINEAR LINEAR LINEAR LINEAR LINEAR LINEAR LINEAR LINEAR</Name_array><technique_common><accessor source="#r_uleg1_jnt-Interpolations-array" count="21"><param type="name"/></accessor></technique_common></source><sampler id="r_uleg1_jnt-Matrix-animation-transform"><input semantic="INPUT" source="#r_uleg1_jnt-Matrix-animation-input"/><input semantic="OUTPUT" source="#r_uleg1_jnt-Matrix-animation-output-transform"/><input semantic="INTERPOLATION" source="#r_uleg1_jnt-Interpolations"/></sampler><channel source="#r_uleg1_jnt-Matrix-animation-transform" target="r_uleg1_jnt/matrix"/></animation></animation>
    <animation id="r_leg1_jnt-anim" name="r_leg1_jnt"><animation><source id="r_leg1_jnt-Matrix-animation-input"><float_array id="r_leg1_jnt-Matrix-animation-input-array" count="21">

0.000000 0.033333 0.066667 0.100000 0.133333 0.166667 0.200000 0.233333 0.266667 0.300000 0.333333 0.366667 0.400000 0.433333 0.466667 0.500000
0.533333 0.566667 0.600000 0.633333 0.666667</float_array><technique_common><accessor source="#r_leg1_jnt-Matrix-animation-input-array" count="21"><param name="TIME" type="float"/></accessor></technique_common></source><source id="r_leg1_jnt-Matrix-animation-output-transform"><float_array id="r_leg1_jnt-Matrix-animation-output-transform-array" count="336">

0.535407 0.000000 0.844594 -0.000000 0.000000 1.000000 -0.000000 0.000000 -0.844594 0.000000 0.535407 0.230000 0.000000 0.000000 0.000000 1.000000
0.519165 0.000000 0.854674 -0.000000 0.000000 1.000000 -0.000000 0.000000 -0.854674 0.000000 0.519165 0.230000 0.000000 0.000000 0.000000 1.000000
0.473772 0.000000 0.880648 -0.000000 0.000000 1.000000 -0.000000 0.000000 -0.880648 0.000000 0.473772 0.230000 0.000000 0.000000 0.000000 1.000000
0.407967 0.000000 0.912997 -0.000000 0.000000 1.000000 -0.000000 0.000000 -0.912997 0.000000 0.407967 0.230000 0.000000 0.000000 0.000000 1.000000
0.331061 0.000000 0.943609 -0.000000 0.000000 1.000000 -0.000000 0.000000 -0.943609 0.000000 0.331061 0.230000 0.000000 0.000000 0.000000 1.000000
0.253291 0.000000 0.967390 -0.000000 0.000000 1.000000 -0.000000 0.000000 -0.967390 0.000000 0.253291 0.230000 0.000000 0.000000 0.000000 1.000000
0.187280 0.000000 0.982307 -0.000000 0.000000 1.000000 -0.000000 0.000000 -0.982307 0.000000 0.187280 0.230000 0.000000 0.000000 0.000000 1.000000
0.150218 0.000000 0.988653 -0.000000 0.000000 1.000000 -0.000000 0.000000 -0.988653 0.000000 0.150218 0.230000 0.000000 0.000000 0.000000 1.000000
0.167384 0.000000 0.985892 -0.000000 0.000000 1.000000 -0.000000 0.000000 -0.985892 0.000000 0.167384 0.230000 0.000000 0.000000 0.000000 1.000000
0.258418 0.000000 0.966033 -0.000000 0.000000 1.000000 -0.000000 0.000000 -0.966033 0.000000 0.258418 0.230000 0.000000 0.000000 0.000000 1.000000
0.427467 0.000000 0.904031 -0.000000 0.000000 1.000000 -0.000000 0.000000 -0.904031 0.000000 0.427467 0.230000 0.000000 0.000000 0.000000 1.000000
0.680163 0.000000 0.733061 -0.000000 0.000000 1.000000 -0.000000 0.000000 -0.733061 0.000000 0.680163 0.230000 0.000000 0.000000 0.000000 1.000000
1.000000 0.000000 0.000047 -0.000000 -0.000000 1.000000 0.000000 0.000000 -0.000047 -0.000000 1.000000 0.230000 0.000000 0.000000 0.000000 1.000000
1.000000 -0.000000 0.000047 -0.000000 -0.000000 1.000000 0.000000 0.000000 -0.000047 -0.000000 1.000000 0.230000 0.000000 0.000000 0.000000 1.000000
1.000000 0.000000 0.000047 -0.000000 -0.000000 1.000000 0.000000 0.000000 -0.000047 -0.000000 1.000000 0.230000 0.000000 0.000000 0.000000 1.000000
1.000000 0.000000 0.000047 -0.000000 -0.000000 1.000000 0.000000 0.000000 -0.000047 -0.000000 1.000000 0.230000 0.000000 0.000000 0.000000 1.000000
1.000000 0.000000 0.000047 -0.000000 -0.000000 1.000000 0.000000 0.000000 -0.000047 -0.000000 1.000000 0.230000 0.000000 0.000000 0.000000 1.000000
1.000000 0.000000 0.000047 -0.000000 -0.000000 1.000000 0.000000 0.000000 -0.000047 -0.000000 1.000000 0.230000 0.000000 0.000000 0.000000 1.000000
1.000000 0.000000 0.000047 -0.000000 -0.000000 1.000000 0.000000 0.000000 -0.000047 -0.000000 1.000000 0.230000 0.000000 0.000000 0.000000 1.000000
1.000000 0.000000 0.000047 -0.000000 -0.000000 1.000000 0.000000 0.000000 -0.000047 -0.000000 1.000000 0.230000 0.000000 0.000000 0.000000 1.000000
1.000000 0.000000 0.000047 -0.000000 -0.000000 1.000000 0.000000 0.000000 -0.000047 -0.000000 1.000000 0.230000 0.000000 0.000000 0.000000 1.000000</float_array><technique_common><accessor source="#r_leg1_jnt-Matrix-animation-output-transform-array" count="21" stride="16"><param type="float4x4"/></accessor></technique_common></source><source id="r_leg1_jnt-Interpolations"><Name_array id="r_leg1_jnt-Interpolations-array" count="21">
 LINEAR LINEAR LINEAR LINEAR LINEAR LINEAR LINEAR LINEAR LINEAR LINEAR LINEAR
LINEAR LINEAR LINEAR LINEAR LINEAR LINEAR LINEAR LINEAR LINEAR LINEAR</Name_array><technique_common><accessor source="#r_leg1_jnt-Interpolations-array" count="21"><param type="name"/></accessor></technique_common></source><sampler id="r_leg1_jnt-Matrix-animation-transform"><input semantic="INPUT" source="#r_leg1_jnt-Matrix-animation-input"/><input semantic="OUTPUT" source="#r_leg1_jnt-Matrix-animation-output-transform"/><input semantic="INTERPOLATION" source="#r_leg1_jnt-Interpolations"/></sampler><channel source="#r_leg1_jnt-Matrix-animation-transform" target="r_leg1_jnt/matrix"/></animation></animation>
    <animation id="r_leg2_jnt-anim" name="r_leg2_jnt"><animation><source id="r_leg2_jnt-Matrix-animation-input"><float_array id="r_leg2_jnt-Matrix-animation-input-array" count="21">

0.000000 0.033333 0.066667 0.100000 0.133333 0.166667 0.200000 0.233333 0.266667 0.300000 0.333333 0.366667 0.400000 0.433333 0.466667 0.500000
0.533333 0.566667 0.600000 0.633333 0.666667</float_array><technique_common><accessor source="#r_leg2_jnt-Matrix-animation-input-array" count="21"><param name="TIME" type="float"/></accessor></technique_common></source><source id="r_leg2_jnt-Matrix-animation-output-transform"><float_array id="r_leg2_jnt-Matrix-animation-output-transform-array" count="336">

0.444854 -0.425996 -0.787802 -0.380766 0.139866 0.901885 -0.408706 -0.436460 0.884614 0.071627 0.460790 -0.094663 0.000000 0.000000 0.000000 1.000000
0.445658 -0.429144 -0.785636 -0.380766 0.139820 0.900204 -0.412411 -0.436460 0.884217 0.073947 0.461186 -0.094663 0.000000 0.000000 0.000000 1.000000
0.450505 -0.436515 -0.778781 -0.380766 0.145615 0.896562 -0.418298 -0.436460 0.880819 0.075043 0.467469 -0.094663 0.000000 0.000000 0.000000 1.000000
0.456652 -0.452182 -0.766160 -0.380766 0.156641 0.888609 -0.431088 -0.436460 0.875747 0.076845 0.476615 -0.094663 0.000000 0.000000 0.000000 1.000000
0.460846 -0.480661 -0.746047 -0.380766 0.172400 0.873107 -0.456028 -0.436460 0.870574 0.081540 0.485234 -0.094663 0.000000 0.000000 0.000000 1.000000
0.458865 -0.526743 -0.715531 -0.380766 0.191962 0.845072 -0.499002 -0.436460 0.867521 0.091620 0.488889 -0.094663 0.000000 0.000000 0.000000 1.000000
0.445192 -0.594490 -0.669617 -0.380766 0.212829 0.796632 -0.565757 -0.436460 0.869775 0.109356 0.481179 -0.094663 0.000000 0.000000 0.000000 1.000000
0.413449 -0.684519 -0.600411 -0.380766 0.228895 0.716372 -0.659104 -0.436460 0.881287 0.135075 0.452866 -0.094663 0.000000 0.000000 0.000000 1.000000
0.359128 -0.789007 -0.498493 -0.380766 0.228272 0.592161 -0.772811 -0.436460 0.904941 0.163746 0.392770 -0.094663 0.000000 0.000000 0.000000 1.000000
0.290499 -0.884212 -0.365759 -0.380766 0.201639 0.430227 -0.879913 -0.436460 0.935389 0.181863 0.303272 -0.094663 0.000000 0.000000 0.000000 1.000000
0.223783 -0.949393 -0.220396 -0.380766 0.152679 0.257487 -0.954143 -0.436460 0.962606 0.179871 0.202574 -0.094663 0.000000 0.000000 0.000000 1.000000
0.168173 -0.982447 -0.080725 -0.380766 0.090663 0.096959 -0.991150 -0.436460 0.981579 0.159366 0.105377 -0.094663 0.000000 0.000000 0.000000 1.000000
0.126547 -0.991102 0.041253 -0.380766 0.026446 -0.038202 -0.998920 -0.436460 0.991608 0.127502 0.021377 -0.094663 0.000000 0.000000 0.000000 1.000000
0.097270 -0.985104 0.141804 -0.380766 -0.032661 -0.145563 -0.988810 -0.436460 0.994722 0.091550 -0.046333 -0.094663 0.000000 0.000000 0.000000 1.000000
0.077267 -0.971941 0.222172 -0.380766 -0.083434 -0.228360 -0.969995 -0.436460 0.993513 0.056412 -0.098737 -0.094663 0.000000 0.000000 0.000000 1.000000
0.063747 -0.956332 0.285245 -0.380766 -0.125186 -0.291231 -0.948427 -0.436460 0.990083 0.024751 -0.138284 -0.094663 0.000000 0.000000 0.000000 1.000000
0.054657 -0.941043 0.333843 -0.380766 -0.158330 -0.338281 -0.927630 -0.436460 0.985872 -0.002156 -0.167485 -0.094663 0.000000 0.000000 0.000000 1.000000
0.048628 -0.927705 0.370134 -0.380766 -0.183559 -0.372561 -0.909673 -0.436460 0.981805 -0.023706 -0.188406 -0.094663 0.000000 0.000000 0.000000 1.000000
0.044793 -0.917353 0.395545 -0.380766 -0.201452 -0.396103 -0.895834 -0.436460 0.978474 -0.039556 -0.202546 -0.094663 0.000000 0.000000 0.000000 1.000000
0.042644 -0.910723 0.410811 -0.380766 -0.212308 -0.410054 -0.887007 -0.436460 0.976272 -0.049393 -0.210840 -0.094663 0.000000 0.000000 0.000000 1.000000
0.041940 -0.908397 0.415999 -0.380766 -0.216030 -0.414761 -0.883914 -0.436460 0.975486 -0.052797 -0.213636 -0.094663 0.000000 0.000000 0.000000 1.000000</float_array><technique_common><accessor source="#r_leg2_jnt-Matrix-animation-output-transform-array" count="21" stride="16"><param type="float4x4"/></accessor></technique_common></source><source id="r_leg2_jnt-Interpolations"><Name_array id="r_leg2_jnt-Interpolations-array" count="21">
 LINEAR LINEAR LINEAR LINEAR LINEAR LINEAR LINEAR LINEAR LINEAR LINEAR LINEAR
LINEAR LINEAR LINEAR LINEAR LINEAR LINEAR LINEAR LINEAR LINEAR LINEAR</Name_array><technique_common><accessor source="#r_leg2_jnt-Interpolations-array" count="21"><param type="name"/></accessor></technique_common></source><sampler id="r_leg2_jnt-Matrix-animation-transform"><input semantic="INPUT" source="#r_leg2_jnt-Matrix-animation-input"/><input semantic="OUTPUT" source="#r_leg2_jnt-Matrix-animation-output-transform"/><input semantic="INTERPOLATION" source="#r_leg2_jnt-Interpolations"/></sampler><channel source="#r_leg2_jnt-Matrix-animation-transform" target="r_leg2_jnt/matrix"/></animation></animation>
    <animation id="r_leg3_jnt-anim" name="r_leg3_jnt"><animation><source id="r_leg3_jnt-Matrix-animation-input"><float_array id="r_leg3_jnt-Matrix-animation-input-array" count="21">

0.000000 0.033333 0.066667 0.100000 0.133333 0.166667 0.200000 0.233333 0.266667 0.300000 0.333333 0.366667 0.400000 0.433333 0.466667 0.500000
0.533333 0.566667 0.600000 0.633333 0.666667</float_array><technique_common><accessor source="#r_leg3_jnt-Matrix-animation-input-array" count="21"><param name="TIME" type="float"/></accessor></technique_common></source><source id="r_leg3_jnt-Matrix-animation-output-transform"><float_array id="r_leg3_jnt-Matrix-animation-output-transform-array" count="336">

0.327184 -0.532740 -0.780473 -0.336837 0.375487 0.831223 -0.409973 -0.444096 0.867156 -0.158921 0.472000 -0.403838 0.000000 0.000000 0.000000 1.000000
0.329843 -0.531887 -0.779935 -0.336837 0.374683 0.832072 -0.408985 -0.444096 0.866497 -0.157328 0.473742 -0.403838 0.000000 0.000000 0.000000 1.000000
0.339938 -0.530808 -0.776328 -0.336837 0.378730 0.832858 -0.403622 -0.444096 0.860817 -0.156813 0.484153 -0.403838 0.000000 0.000000 0.000000 1.000000
0.352798 -0.534058 -0.768320 -0.336837 0.387175 0.830847 -0.399737 -0.444096 0.851839 -0.156448 0.499895 -0.403838 0.000000 0.000000 0.000000 1.000000
0.362986 -0.547247 -0.754163 -0.336837 0.400069 0.822499 -0.404277 -0.444096 0.841538 -0.154970 0.517492 -0.403838 0.000000 0.000000 0.000000 1.000000
0.363075 -0.577569 -0.731157 -0.336837 0.417593 0.802350 -0.426440 -0.444096 0.832942 -0.150496 0.532502 -0.403838 0.000000 0.000000 0.000000 1.000000
0.342011 -0.633475 -0.694073 -0.336837 0.438461 0.760860 -0.478376 -0.444096 0.831132 -0.140715 0.537977 -0.403838 0.000000 0.000000 0.000000 1.000000
0.283443 -0.721475 -0.631770 -0.336837 0.454866 0.681111 -0.573746 -0.444096 0.844249 -0.124746 0.521231 -0.403838 0.000000 0.000000 0.000000 1.000000
0.169110 -0.835094 -0.523469 -0.336837 0.441138 0.539081 -0.717488 -0.444096 0.881362 -0.109588 0.459556 -0.403838 0.000000 0.000000 0.000000 1.000000
0.014017 -0.933916 -0.357218 -0.336837 0.361594 0.337809 -0.868985 -0.444096 0.932230 -0.116987 0.342434 -0.403838 0.000000 0.000000 0.000000 1.000000
-0.130165 -0.978546 -0.159702 -0.336837 0.217192 0.129019 -0.967565 -0.444096 0.967411 -0.160629 0.195739 -0.403838 0.000000 0.000000 0.000000 1.000000
-0.230265 -0.972774 0.026227 -0.336837 0.047184 -0.038080 -0.998160 -0.444096 0.971983 -0.228604 0.054668 -0.403838 0.000000 0.000000 0.000000 1.000000
-0.285495 -0.942244 0.175125 -0.336837 -0.107384 -0.150129 -0.982817 -0.444096 0.952345 -0.299395 -0.058321 -0.403838 0.000000 0.000000 0.000000 1.000000
-0.310985 -0.906429 0.285788 -0.336837 -0.230668 -0.219724 -0.947900 -0.444096 0.921998 -0.360705 -0.140753 -0.403838 0.000000 0.000000 0.000000 1.000000
-0.320259 -0.873566 0.366492 -0.336837 -0.323834 -0.262610 -0.908937 -0.444096 0.890262 -0.409778 -0.198787 -0.403838 0.000000 0.000000 0.000000 1.000000
-0.321534 -0.845914 0.425494 -0.336837 -0.392892 -0.289664 -0.872772 -0.444096 0.861540 -0.447799 -0.239215 -0.403838 0.000000 0.000000 0.000000 1.000000
-0.319271 -0.823649 0.468687 -0.336837 -0.443493 -0.307209 -0.841984 -0.444096 0.837484 -0.476681 -0.267200 -0.403838 0.000000 0.000000 0.000000 1.000000
-0.315862 -0.806484 0.499814 -0.336837 -0.479768 -0.318715 -0.817461 -0.444096 0.818568 -0.498000 -0.286256 -0.403838 0.000000 0.000000 0.000000 1.000000
-0.312637 -0.794181 0.521089 -0.336837 -0.504400 -0.326047 -0.799546 -0.444096 0.804884 -0.512805 -0.298650 -0.403838 0.000000 0.000000 0.000000 1.000000
-0.310378 -0.786680 0.533666 -0.336837 -0.518902 -0.330171 -0.788497 -0.444096 0.796496 -0.521653 -0.305732 -0.403838 0.000000 0.000000 0.000000 1.000000
-0.309556 -0.784116 0.537900 -0.336837 -0.523786 -0.331515 -0.784695 -0.444096 0.793614 -0.524652 -0.308087 -0.403838 0.000000 0.000000 0.000000 1.000000</float_array><technique_common><accessor source="#r_leg3_jnt-Matrix-animation-output-transform-array" count="21" stride="16"><param type="float4x4"/></accessor></technique_common></source><source id="r_leg3_jnt-Interpolations"><Name_array id="r_leg3_jnt-Interpolations-array" count="21">
 LINEAR LINEAR LINEAR LINEAR LINEAR LINEAR LINEAR LINEAR LINEAR LINEAR LINEAR
LINEAR LINEAR LINEAR LINEAR LINEAR LINEAR LINEAR LINEAR LINEAR LINEAR</Name_array><technique_common><accessor source="#r_leg3_jnt-Interpolations-array" count="21"><param type="name"/></accessor></technique_common></source><sampler id="r_leg3_jnt-Matrix-animation-transform"><input semantic="INPUT" source="#r_leg3_jnt-Matrix-animation-input"/><input semantic="OUTPUT" source="#r_leg3_jnt-Matrix-animation-output-transform"/><input semantic="INTERPOLATION" source="#r_leg3_jnt-Interpolations"/></sampler><channel source="#r_leg3_jnt-Matrix-animation-transform" target="r_leg3_jnt/matrix"/></animation></animation>
    <animation id="fin_jnt-anim" name="fin_jnt"><animation><source id="fin_jnt-Matrix-animation-input"><float_array id="fin_jnt-Matrix-animation-input-array" count="21">

0.000000 0.033333 0.066667 0.100000 0.133333 0.166667 0.200000 0.233333 0.266667 0.300000 0.333333 0.366667 0.400000 0.433333 0.466667 0.500000
0.533333 0.566667 0.600000 0.633333 0.666667</float_array><technique_common><accessor source="#fin_jnt-Matrix-animation-input-array" count="21"><param name="TIME" type="float"/></accessor></technique_common></source><source id="fin_jnt-Matrix-animation-output-transform"><float_array id="fin_jnt-Matrix-animation-output-transform-array" count="336">

1.000000 -0.000000 -0.000000 0.000000 -0.000000 1.000000 -0.000000 0.860890 -0.000000 0.000000 1.000000 0.206318 0.000000 0.000000 0.000000 1.000000
1.000000 0.000000 0.000000 -0.000000 0.000000 1.000000 0.000000 0.860890 0.000000 0.000000 1.000000 0.206318 0.000000 0.000000 0.000000 1.000000
1.000000 0.000000 0.000000 0.000000 0.000000 1.000000 0.000000 0.860890 -0.000000 0.000000 1.000000 0.206318 0.000000 0.000000 0.000000 1.000000
1.000000 0.000000 -0.000000 -0.000000 0.000000 1.000000 0.000000 0.860890 0.000000 -0.000000 1.000000 0.206318 0.000000 0.000000 0.000000 1.000000
1.000000 -0.000000 -0.000000 0.000000 0.000000 1.000000 0.000000 0.860890 0.000000 -0.000000 1.000000 0.206318 0.000000 0.000000 0.000000 1.000000
1.000000 -0.000000 0.000000 0.000000 -0.000000 1.000000 0.000000 0.860890 0.000000 -0.000000 1.000000 0.206318 0.000000 0.000000 0.000000 1.000000
1.000000 -0.000000 0.000000 -0.000000 -0.000000 1.000000 -0.000000 0.860890 0.000000 -0.000000 1.000000 0.206318 0.000000 0.000000 0.000000 1.000000
1.000000 -0.000000 0.000000 -0.000000 -0.000000 1.000000 -0.000000 0.860890 0.000000 0.000000 1.000000 0.206318 0.000000 0.000000 0.000000 1.000000
1.000000 0.000000 0.000000 0.000000 -0.000000 1.000000 0.000000 0.860890 0.000000 0.000000 1.000000 0.206318 0.000000 0.000000 0.000000 1.000000
1.000000 0.000000 -0.000000 -0.000000 0.000000 1.000000 0.000000 0.860890 0.000000 0.000000 1.000000 0.206318 0.000000 0.000000 0.000000 1.000000
1.000000 0.000000 -0.000000 0.000000 -0.000000 1.000000 0.000000 0.860890 -0.000000 -0.000000 1.000000 0.206318 0.000000 0.000000 0.000000 1.000000
1.000000 0.000000 0.000000 -0.000000 0.000000 1.000000 -0.000000 0.860890 0.000000 -0.000000 1.000000 0.206318 0.000000 0.000000 0.000000 1.000000
1.000000 -0.000000 0.000000 -0.000000 0.000000 1.000000 0.000000 0.860890 0.000000 0.000000 1.000000 0.206318 0.000000 0.000000 0.000000 1.000000
1.000000 -0.000000 -0.000000 0.000000 -0.000000 1.000000 0.000000 0.860890 -0.000000 0.000000 1.000000 0.206318 0.000000 0.000000 0.000000 1.000000
1.000000 0.000000 0.000000 0.000000 -0.000000 1.000000 -0.000000 0.860890 0.000000 0.000000 1.000000 0.206318 0.000000 0.000000 0.000000 1.000000
1.000000 0.000000 0.000000 -0.000000 0.000000 1.000000 0.000000 0.860890 -0.000000 0.000000 1.000000 0.206318 0.000000 0.000000 0.000000 1.000000
1.000000 0.000000 -0.000000 0.000000 -0.000000 1.000000 -0.000000 0.860890 0.000000 0.000000 1.000000 0.206318 0.000000 0.000000 0.000000 1.000000
1.000000 -0.000000 -0.000000 -0.000000 0.000000 1.000000 0.000000 0.860890 0.000000 -0.000000 1.000000 0.206318 0.000000 0.000000 0.000000 1.000000
1.000000 -0.000000 0.000000 0.000000 0.000000 1.000000 0.000000 0.860890 0.000000 -0.000000 1.000000 0.206318 0.000000 0.000000 0.000000 1.000000
1.000000 0.000000 0.000000 0.000000 -0.000000 1.000000 0.000000 0.860890 -0.000000 -0.000000 1.000000 0.206318 0.000000 0.000000 0.000000 1.000000
1.000000 -0.000000 -0.000000 0.000000 0.000000 1.000000 -0.000000 0.860890 0.000000 -0.000000 1.000000 0.206318 0.000000 0.000000 0.000000 1.000000</float_array><technique_common><accessor source="#fin_jnt-Matrix-animation-output-transform-array" count="21" stride="16"><param type="float4x4"/></accessor></technique_common></source><source id="fin_jnt-Interpolations"><Name_array id="fin_jnt-Interpolations-array" count="21">
 LINEAR LINEAR LINEAR LINEAR LINEAR LINEAR LINEAR LINEAR LINEAR LINEAR LINEAR
LINEAR LINEAR LINEAR LINEAR LINEAR LINEAR LINEAR LINEAR LINEAR LINEAR</Name_array><technique_common><accessor source="#fin_jnt-Interpolations-array" count="21"><param type="name"/></accessor></technique_common></source><sampler id="fin_jnt-Matrix-animation-transform"><input semantic="INPUT" source="#fin_jnt-Matrix-animation-input"/><input semantic="OUTPUT" source="#fin_jnt-Matrix-animation-output-transform"/><input semantic="INTERPOLATION" source="#fin_jnt-Interpolations"/></sampler><channel source="#fin_jnt-Matrix-animation-transform" target="fin_jnt/matrix"/></animation></animation>
    <animation id="head_jnt-anim" name="head_jnt"><animation><source id="head_jnt-Matrix-animation-input"><float_array id="head_jnt-Matrix-animation-input-array" count="21">

0.000000 0.033333 0.066667 0.100000 0.133333 0.166667 0.200000 0.233333 0.266667 0.300000 0.333333 0.366667 0.400000 0.433333 0.466667 0.500000
0.533333 0.566667 0.600000 0.633333 0.666667</float_array><technique_common><accessor source="#head_jnt-Matrix-animation-input-array" count="21"><param name="TIME" type="float"/></accessor></technique_common></source><source id="head_jnt-Matrix-animation-output-transform"><float_array id="head_jnt-Matrix-animation-output-transform-array" count="336">

0.977081 -0.076635 -0.198592 0.000000 -0.042629 0.843600 -0.535277 -0.212827 0.208554 0.531475 0.820999 0.514614 0.000000 0.000000 0.000000 1.000000
0.977117 -0.078116 -0.197841 0.000361 -0.040691 0.844294 -0.534333 -0.214914 0.208776 0.530156 0.821795 0.513563 0.000000 0.000000 0.000000 1.000000
0.977196 -0.082369 -0.195715 0.001327 -0.035144 0.846248 -0.531628 -0.220506 0.209413 0.526383 0.824055 0.510746 0.000000 0.000000 0.000000 1.000000
0.977255 -0.089122 -0.192429 0.002726 -0.026391 0.849243 -0.527343 -0.228601 0.210417 0.520427 0.827575 0.506668 0.000000 0.000000 0.000000 1.000000
0.977213 -0.098112 -0.188226 0.004384 -0.014833 0.853032 -0.521648 -0.238199 0.211743 0.512553 0.832138 0.501833 0.000000 0.000000 0.000000 1.000000
0.976977 -0.109078 -0.183354 0.006129 -0.000876 0.857361 -0.514715 -0.248298 0.213345 0.503025 0.837526 0.496745 0.000000 0.000000 0.000000 1.000000
0.976459 -0.121747 -0.178060 0.007787 0.015071 0.861978 -0.506721 -0.257896 0.215175 0.492109 0.843521 0.491910 0.000000 0.000000 0.000000 1.000000
0.975585 -0.135837 -0.172575 0.009186 0.032600 0.866645 -0.497859 -0.265992 0.217189 0.480078 0.849914 0.487832 0.000000 0.000000 0.000000 1.000000
0.974299 -0.151049 -0.167110 0.010152 0.051299 0.871147 -0.488335 -0.271583 0.219339 0.467211 0.856507 0.485015 0.000000 0.000000 0.000000 1.000000
0.972572 -0.167068 -0.161842 0.010513 0.070756 0.875304 -0.478369 -0.273670 0.221581 0.453797 0.863117 0.483964 0.000000 0.000000 0.000000 1.000000
0.970403 -0.183189 -0.157350 0.010268 0.090561 0.880084 -0.466102 -0.272253 0.223866 0.438058 0.870626 0.484678 0.000000 0.000000 0.000000 1.000000
0.967827 -0.198820 -0.154215 0.009597 0.110306 0.886113 -0.450152 -0.268367 0.226151 0.418658 0.879535 0.486635 0.000000 0.000000 0.000000 1.000000
0.964907 -0.213768 -0.152505 0.008594 0.129589 0.892765 -0.431483 -0.262562 0.228389 0.396578 0.889137 0.489560 0.000000 0.000000 0.000000 1.000000
0.961741 -0.227805 -0.152179 0.007353 0.148013 0.899497 -0.411092 -0.255385 0.230533 0.372840 0.898802 0.493175 0.000000 0.000000 0.000000 1.000000
0.958456 -0.240683 -0.153082 0.005971 0.165190 0.905876 -0.390001 -0.247386 0.232540 0.348511 0.908001 0.497205 0.000000 0.000000 0.000000 1.000000
0.955201 -0.252152 -0.154954 0.004542 0.180737 0.911584 -0.369255 -0.239112 0.234362 0.324706 0.916319 0.501373 0.000000 0.000000 0.000000 1.000000
0.952145 -0.261974 -0.157448 0.003159 0.194282 0.916415 -0.349911 -0.231112 0.235955 0.302577 0.923457 0.505403 0.000000 0.000000 0.000000 1.000000
0.949468 -0.269932 -0.160148 0.001919 0.205455 0.920260 -0.333032 -0.223935 0.237273 0.283300 0.929216 0.509019 0.000000 0.000000 0.000000 1.000000
0.947353 -0.275831 -0.162604 0.000916 0.213892 0.923070 -0.319675 -0.218130 0.238271 0.268066 0.933471 0.511943 0.000000 0.000000 0.000000 1.000000
0.945973 -0.279496 -0.164367 0.000245 0.219226 0.924816 -0.310894 -0.214244 0.238903 0.258064 0.936124 0.513901 0.000000 0.000000 0.000000 1.000000
0.945484 -0.280757 -0.165032 0.000000 0.221087 0.925429 -0.307735 -0.212827 0.239124 0.254472 0.937050 0.514614 0.000000 0.000000 0.000000 1.000000</float_array><technique_common><accessor source="#head_jnt-Matrix-animation-output-transform-array" count="21" stride="16"><param type="float4x4"/></accessor></technique_common></source><source id="head_jnt-Interpolations"><Name_array id="head_jnt-Interpolations-array" count="21">
 LINEAR LINEAR LINEAR LINEAR LINEAR LINEAR LINEAR LINEAR LINEAR LINEAR LINEAR
LINEAR LINEAR LINEAR LINEAR LINEAR LINEAR LINEAR LINEAR LINEAR LINEAR</Name_array><technique_common><accessor source="#head_jnt-Interpolations-array" count="21"><param type="name"/></accessor></technique_common></source><sampler id="head_jnt-Matrix-animation-transform"><input semantic="INPUT" source="#head_jnt-Matrix-animation-input"/><input semantic="OUTPUT" source="#head_jnt-Matrix-animation-output-transform"/><input semantic="INTERPOLATION" source="#head_jnt-Interpolations"/></sampler><channel source="#head_jnt-Matrix-animation-transform" target="head_jnt/matrix"/></animation></animation>
    <animation id="r_antenna1_jnt-anim" name="r_antenna1_jnt"><animation><source id="r_antenna1_jnt-Matrix-animation-input"><float_array id="r_antenna1_jnt-Matrix-animation-input-array" count="21">

0.000000 0.033333 0.066667 0.100000 0.133333 0.166667 0.200000 0.233333 0.266667 0.300000 0.333333 0.366667 0.400000 0.433333 0.466667 0.500000
0.533333 0.566667 0.600000 0.633333 0.666667</float_array><technique_common><accessor source="#r_antenna1_jnt-Matrix-animation-input-array" count="21"><param name="TIME" type="float"/></accessor></technique_common></source><source id="r_antenna1_jnt-Matrix-animation-output-transform"><float_array id="r_antenna1_jnt-Matrix-animation-output-transform-array" count="336">

0.889292 0.260580 0.375844 -0.248546 0.220379 0.475937 -0.851420 0.276260 -0.400741 0.839989 0.365820 0.377659 0.000000 0.000000 0.000000 1.000000
0.889292 0.255592 0.379254 -0.248546 0.220379 0.487144 -0.845058 0.276260 -0.400741 0.835083 0.376886 0.377659 0.000000 0.000000 0.000000 1.000000
0.889292 0.242229 0.387924 -0.248546 0.220379 0.516277 -0.827582 0.276260 -0.400741 0.821452 0.405738 0.377659 0.000000 0.000000 0.000000 1.000000
0.889292 0.222841 0.399378 -0.248546 0.220379 0.556388 -0.801165 0.276260 -0.400741 0.800484 0.445681 0.377659 0.000000 0.000000 0.000000 1.000000
0.889292 0.199953 0.411314 -0.248546 0.220379 0.600703 -0.768498 0.276260 -0.400741 0.774064 0.490135 0.377659 0.000000 0.000000 0.000000 1.000000
0.889292 0.176428 0.421940 -0.248546 0.220379 0.643105 -0.733382 0.276260 -0.400741 0.745177 0.533027 0.377659 0.000000 0.000000 0.000000 1.000000
0.889292 0.155444 0.430113 -0.248546 0.220379 0.678426 -0.700836 0.276260 -0.400741 0.718036 0.569061 0.377659 0.000000 0.000000 0.000000 1.000000
0.889292 0.140372 0.435266 -0.248546 0.220379 0.702420 -0.676786 0.276260 -0.400741 0.697784 0.593721 0.377659 0.000000 0.000000 0.000000 1.000000
0.889292 0.134609 0.437082 -0.248546 0.220379 0.711300 -0.667447 0.276260 -0.400741 0.689879 0.602888 0.377659 0.000000 0.000000 0.000000 1.000000
0.889292 0.137251 0.436260 -0.248546 0.220379 0.707249 -0.671738 0.276260 -0.400741 0.693514 0.598703 0.377659 0.000000 0.000000 0.000000 1.000000
0.889292 0.144528 0.433903 -0.248546 0.220379 0.695915 -0.683473 0.276260 -0.400741 0.703430 0.587020 0.377659 0.000000 0.000000 0.000000 1.000000
0.889292 0.155444 0.430113 -0.248546 0.220379 0.678426 -0.700836 0.276260 -0.400741 0.718036 0.569061 0.377659 0.000000 0.000000 0.000000 1.000000
0.889292 0.168987 0.424975 -0.248546 0.220379 0.655892 -0.721969 0.276260 -0.400741 0.735697 0.546038 0.377659 0.000000 0.000000 0.000000 1.000000
0.889292 0.184149 0.418628 -0.248546 0.220379 0.629524 -0.745072 0.276260 -0.400741 0.754843 0.519248 0.377659 0.000000 0.000000 0.000000 1.000000
0.889292 0.199953 0.411314 -0.248546 0.220379 0.600703 -0.768498 0.276260 -0.400741 0.774064 0.490135 0.377659 0.000000 0.000000 0.000000 1.000000
0.889292 0.215466 0.403404 -0.248546 0.220379 0.571012 -0.790809 0.276260 -0.400741 0.792161 0.460312 0.377659 0.000000 0.000000 0.000000 1.000000
0.889292 0.229823 0.395400 -0.248546 0.220379 0.542225 -0.810817 0.276260 -0.400741 0.808191 0.431548 0.377659 0.000000 0.000000 0.000000 1.000000
0.889292 0.242229 0.387924 -0.248546 0.220379 0.516277 -0.827582 0.276260 -0.400741 0.821452 0.405738 0.377659 0.000000 0.000000 0.000000 1.000000
0.889292 0.251953 0.381681 -0.248546 0.220379 0.495204 -0.840361 0.276260 -0.400741 0.831440 0.384855 0.377659 0.000000 0.000000 0.000000 1.000000
0.889292 0.258301 0.377413 -0.248546 0.220379 0.481079 -0.848526 0.276260 -0.400741 0.837761 0.370895 0.377659 0.000000 0.000000 0.000000 1.000000
0.889292 0.260580 0.375844 -0.248546 0.220379 0.475937 -0.851420 0.276260 -0.400741 0.839989 0.365820 0.377659 0.000000 0.000000 0.000000 1.000000</float_array><technique_common><accessor source="#r_antenna1_jnt-Matrix-animation-output-transform-array" count="21" stride="16"><param type="float4x4"/></accessor></technique_common></source><source id="r_antenna1_jnt-Interpolations"><Name_array id="r_antenna1_jnt-Interpolations-array" count="21">
 LINEAR LINEAR LINEAR LINEAR LINEAR LINEAR LINEAR LINEAR LINEAR LINEAR LINEAR
LINEAR LINEAR LINEAR LINEAR LINEAR LINEAR LINEAR LINEAR LINEAR LINEAR</Name_array><technique_common><accessor source="#r_antenna1_jnt-Interpolations-array" count="21"><param type="name"/></accessor></technique_common></source><sampler id="r_antenna1_jnt-Matrix-animation-transform"><input semantic="INPUT" source="#r_antenna1_jnt-Matrix-animation-input"/><input semantic="OUTPUT" source="#r_antenna1_jnt-Matrix-animation-output-transform"/><input semantic="INTERPOLATION" source="#r_antenna1_jnt-Interpolations"/></sampler><channel source="#r_antenna1_jnt-Matrix-animation-transform" target="r_antenna1_jnt/matrix"/></animation></animation>
    <animation id="r_antenna2_jnt-anim" name="r_antenna2_jnt"><animation><source id="r_antenna2_jnt-Matrix-animation-input"><float_array id="r_antenna2_jnt-Matrix-animation-input-array" count="21">

0.000000 0.033333 0.066667 0.100000 0.133333 0.166667 0.200000 0.233333 0.266667 0.300000 0.333333 0.366667 0.400000 0.433333 0.466667 0.500000
0.533333 0.566667 0.600000 0.633333 0.666667</float_array><technique_common><accessor source="#r_antenna2_jnt-Matrix-animation-input-array" count="21"><param name="TIME" type="float"/></accessor></technique_common></source><source id="r_antenna2_jnt-Matrix-animation-output-transform"><float_array id="r_antenna2_jnt-Matrix-animation-output-transform-array" count="336">

0.896318 -0.437585 -0.071650 -0.000000 0.437358 0.899073 -0.019663 0.000000 0.073022 -0.013712 0.997236 -0.779776 0.000000 0.000000 0.000000 1.000000
0.896318 -0.437585 -0.071650 -0.000000 0.437358 0.899073 -0.019663 0.000000 0.073022 -0.013712 0.997236 -0.779776 0.000000 0.000000 0.000000 1.000000
