<?xml version="1.0" encoding="utf-8"?>
<COLLADA xmlns="http://www.collada.org/2005/11/COLLADASchema" version="1.4.1">
  <asset><contributor><author></author><authoring_tool>FBX COLLADA exporter</authoring_tool><comments></comments></contributor><created>2020-02-24T13:26:58Z</created><keywords></keywords><modified>2020-02-24T13:26:58Z</modified><revision></revision><subject></subject><title></title><unit meter="0.010000" name="centimeter"></unit><up_axis>Y_UP</up_axis></asset>
  <library_animations>
    <animation id="spine1_jnt-anim" name="spine1_jnt"><animation><source id="spine1_jnt-Matrix-animation-input"><float_array id="spine1_jnt-Matrix-animation-input-array" count="21">

0.000000 0.033333 0.066667 0.100000 0.133333 0.166667 0.200000 0.233333 0.266667 0.300000 0.333333 0.366667 0.400000 0.433333 0.466667 0.500000
0.533333 0.566667 0.600000 0.633333 0.666667</float_array><technique_common><accessor source="#spine1_jnt-Matrix-animation-input-array" count="21"><param name="TIME" type="float"/></accessor></technique_common></source><source id="spine1_jnt-Matrix-animation-output-transform"><float_array id="spine1_jnt-Matrix-animation-output-transform-array" count="336">

-0.041164 0.738420 0.673084 0.424427 -0.599990 0.520403 -0.607612 0.326168 -0.798948 -0.428855 0.421623 -0.016518 0.000000 0.000000 0.000000 1.000000
-0.042555 0.738217 0.673220 0.424616 -0.597919 0.521023 -0.609121 0.325937 -0.800426 -0.428452 0.419221 -0.016218 0.000000 0.000000 0.000000 1.000000
-0.046549 0.737640 0.673588 0.425162 -0.591969 0.522786 -0.613407 0.325266 -0.804615 -0.427297 0.412325 -0.015370 0.000000 0.000000 0.000000 1.000000
-0.052893 0.736745 0.674099 0.426033 -0.582515 0.525530 -0.620076 0.324184 -0.811097 -0.425470 0.401368 -0.014060 0.000000 0.000000 0.000000 1.000000
-0.061343 0.735590 0.674644 0.427201 -0.569913 0.529086 -0.628703 0.322712 -0.819412 -0.423055 0.386766 -0.012389 0.000000 0.000000 0.000000 1.000000
-0.071659 0.734236 0.675102 0.428637 -0.554517 0.533277 -0.638848 0.320871 -0.829081 -0.420134 0.368932 -0.010460 0.000000 0.000000 0.000000 1.000000
-0.083592 0.732742 0.675353 0.430311 -0.536690 0.537931 -0.650072 0.318684 -0.839628 -0.416796 0.348289 -0.008377 0.000000 0.000000 0.000000 1.000000
-0.096882 0.731162 0.675289 0.432189 -0.516814 0.542886 -0.661950 0.316182 -0.850598 -0.413130 0.325279 -0.006239 0.000000 0.000000 0.000000 1.000000
-0.111254 0.729547 0.674821 0.434233 -0.495295 0.547989 -0.674085 0.313403 -0.861571 -0.409230 0.300375 -0.004138 0.000000 0.000000 0.000000 1.000000
-0.126415 0.727938 0.673888 0.436401 -0.472566 0.553105 -0.686117 0.310397 -0.872182 -0.405192 0.274078 -0.002155 0.000000 0.000000 0.000000 1.000000
-0.142057 0.726373 0.672459 0.438647 -0.449087 0.558115 -0.697731 0.307223 -0.882123 -0.401110 0.246921 -0.000352 0.000000 0.000000 0.000000 1.000000
-0.157853 0.724881 0.670544 0.440920 -0.425345 0.562918 -0.708664 0.303949 -0.891159 -0.397077 0.219466 0.001221 0.000000 0.000000 0.000000 1.000000
-0.173466 0.723486 0.668190 0.443168 -0.401846 0.567430 -0.718709 0.300653 -0.899127 -0.393181 0.192301 0.002537 0.000000 0.000000 0.000000 1.000000
-0.188549 0.722206 0.665483 0.445339 -0.379115 0.571581 -0.727713 0.297417 -0.905936 -0.389505 0.166028 0.003585 0.000000 0.000000 0.000000 1.000000
-0.202752 0.721056 0.662548 0.447379 -0.357685 0.575315 -0.735577 0.294329 -0.911566 -0.386123 0.141265 0.004374 0.000000 0.000000 0.000000 1.000000
-0.204380 0.722367 0.660617 0.449236 -0.333843 0.582967 -0.740742 0.291478 -0.920205 -0.371935 0.122011 0.004929 0.000000 0.000000 0.000000 1.000000
-0.187347 0.727222 0.660340 0.450860 -0.305700 0.595696 -0.742761 0.288953 -0.933514 -0.341020 0.110710 0.005286 0.000000 0.000000 0.000000 1.000000
-0.159663 0.733317 0.660873 0.452203 -0.276642 0.609399 -0.743036 0.286844 -0.947616 -0.301461 0.105568 0.005491 0.000000 0.000000 0.000000 1.000000
-0.129483 0.738654 0.661532 0.453217 -0.250495 0.621142 -0.742586 0.285236 -0.959420 -0.261862 0.104602 0.005591 0.000000 0.000000 0.000000 1.000000
-0.105168 0.742109 0.661977 0.453859 -0.231524 0.629105 -0.742040 0.284212 -0.967128 -0.231302 0.105654 0.005630 0.000000 0.000000 0.000000 1.000000
-0.095184 0.743312 0.662138 0.454084 -0.224211 0.632059 -0.741776 0.283854 -0.969881 -0.219064 0.106497 0.005639 0.000000 0.000000 0.000000 1.000000</float_array><technique_common><accessor source="#spine1_jnt-Matrix-animation-output-transform-array" count="21" stride="16"><param type="float4x4"/></accessor></technique_common></source><source id="spine1_jnt-Interpolations"><Name_array id="spine1_jnt-Interpolations-array" count="21">
 LINEAR LINEAR LINEAR LINEAR LINEAR LINEAR LINEAR LINEAR LINEAR LINEAR LINEAR
LINEAR LINEAR LINEAR LINEAR LINEAR LINEAR LINEAR LINEAR LINEAR LINEAR</Name_array><technique_common><accessor source="#spine1_jnt-Interpolations-array" count="21"><param type="name"/></accessor></technique_common></source><sampler id="spine1_jnt-Matrix-animation-transform"><input semantic="INPUT" source="#spine1_jnt-Matrix-animation-input"/><input semantic="OUTPUT" source="#spine1_jnt-Matrix-animation-output-transform"/><input semantic="INTERPOLATION" source="#spine1_jnt-Interpolations"/></sampler><channel source="#spine1_jnt-Matrix-animation-transform" target="spine1_jnt/matrix"/></animation></animation>
    <animation id="r_uleg1_jnt-anim" name="r_uleg1_jnt"><animation><source id="r_uleg1_jnt-Matrix-animation-input"><float_array id="r_uleg1_jnt-Matrix-animation-input-array" count="21">

0.000000 0.033333 0.066667 0.100000 0.133333 0.166667 0.200000 0.233333 0.266667 0.300000 0.333333 0.366667 0.400000 0.433333 0.466667 0.500000
0.533333 0.566667 0.600000 0.633333 0.666667</float_array><technique_common><accessor source="#r_uleg1_jnt-Matrix-animation-input-array" count="21"><param name="TIME" type="float"/></accessor></technique_common></source><source id="r_uleg1_jnt-Matrix-animation-output-transform"><float_array id="r_uleg1_jnt-Matrix-animation-output-transform-array" count="336">

-0.821210 -0.569327 0.038473 -0.413257 -0.202196 0.227279 -0.952608 -0.379657 0.533601 -0.790070 -0.301759 0.248367 0.000000 0.000000 0.000000 1.000000
-0.822848 -0.566958 0.038473 -0.413257 -0.201540 0.227860 -0.952608 -0.379657 0.531322 -0.791605 -0.301759 0.248367 0.000000 0.000000 0.000000 1.000000
-0.827498 -0.560150 0.038473 -0.413257 -0.199653 0.229515 -0.952608 -0.379657 0.524773 -0.795962 -0.301759 0.248367 0.000000 0.000000 0.000000 1.000000
-0.834721 -0.549327 0.038474 -0.413257 -0.196648 0.232095 -0.952608 -0.379657 0.514363 -0.802728 -0.301759 0.248367 0.000000 0.000000 0.000000 1.000000
-0.844044 -0.534892 0.038474 -0.413257 -0.192628 0.235442 -0.952608 -0.379657 0.500484 -0.811454 -0.301758 0.248367 0.000000 0.000000 0.000000 1.000000
-0.854973 -0.517244 0.038474 -0.413257 -0.187696 0.239392 -0.952608 -0.379657 0.483521 -0.821675 -0.301758 0.248367 0.000000 0.000000 0.000000 1.000000
-0.867015 -0.496794 0.038474 -0.413257 -0.181958 0.243781 -0.952608 -0.379657 0.463871 -0.832926 -0.301757 0.248367 0.000000 0.000000 0.000000 1.000000
-0.879698 -0.473975 0.038475 -0.413257 -0.175527 0.248450 -0.952608 -0.379657 0.441953 -0.844761 -0.301757 0.248367 0.000000 0.000000 0.000000 1.000000
-0.892579 -0.449247 0.038475 -0.413257 -0.168527 0.253250 -0.952609 -0.379657 0.418213 -0.856762 -0.301756 0.248367 0.000000 0.000000 0.000000 1.000000
-0.905262 -0.423108 0.038476 -0.413257 -0.161093 0.258042 -0.952609 -0.379657 0.393128 -0.868559 -0.301755 0.248367 0.000000 0.000000 0.000000 1.000000
-0.917407 -0.396086 0.038476 -0.413257 -0.153373 0.262703 -0.952609 -0.379657 0.367207 -0.879831 -0.301754 0.248367 0.000000 0.000000 0.000000 1.000000
-0.928736 -0.368741 0.038476 -0.413257 -0.145525 0.267129 -0.952609 -0.379657 0.340988 -0.890321 -0.301754 0.248367 0.000000 0.000000 0.000000 1.000000
-0.939036 -0.341659 0.038476 -0.413257 -0.137719 0.271235 -0.952609 -0.379657 0.315032 -0.899833 -0.301753 0.248367 0.000000 0.000000 0.000000 1.000000
-0.948163 -0.315447 0.038477 -0.413257 -0.130133 0.274955 -0.952610 -0.379657 0.289919 -0.908236 -0.301752 0.248367 0.000000 0.000000 0.000000 1.000000
-0.956033 -0.290723 0.038477 -0.413257 -0.122950 0.278240 -0.952610 -0.379657 0.266240 -0.915457 -0.301751 0.248367 0.000000 0.000000 0.000000 1.000000
-0.963188 -0.267953 0.021689 -0.413257 -0.100981 0.285855 -0.952937 -0.379657 0.249142 -0.920048 -0.302391 0.248367 0.000000 0.000000 0.000000 1.000000
-0.968704 -0.247340 -0.020854 -0.413257 -0.055871 0.299131 -0.952575 -0.379657 0.241848 -0.921598 -0.303589 0.248367 0.000000 0.000000 0.000000 1.000000
-0.970311 -0.229177 -0.077295 -0.413257 0.001492 0.313908 -0.949452 -0.379657 0.241857 -0.921379 -0.304246 0.248367 0.000000 0.000000 0.000000 1.000000
-0.967421 -0.214266 -0.134861 -0.413257 0.059022 0.327128 -0.943135 -0.379657 0.246199 -0.920368 -0.303824 0.248367 0.000000 0.000000 0.000000 1.000000
-0.962319 -0.204016 -0.179778 -0.413257 0.103511 0.336521 -0.935970 -0.379657 0.251452 -0.919310 -0.302722 0.248367 0.000000 0.000000 0.000000 1.000000
-0.959565 -0.200204 -0.197872 -0.413257 0.121331 0.340129 -0.932519 -0.379657 0.253996 -0.918820 -0.302085 0.248367 0.000000 0.000000 0.000000 1.000000</float_array><technique_common><accessor source="#r_uleg1_jnt-Matrix-animation-output-transform-array" count="21" stride="16"><param type="float4x4"/></accessor></technique_common></source><source id="r_uleg1_jnt-Interpolations"><Name_array id="r_uleg1_jnt-Interpolations-array" count="21">
 LINEAR LINEAR LINEAR LINEAR LINEAR LINEAR LINEAR LINEAR LINEAR LINEAR LINEAR
LINEAR LINEAR LINEAR LINEAR LINEAR LINEAR LINEAR LINEAR LINEAR LINEAR</Name_array><technique_common><accessor source="#r_uleg1_jnt-Interpolations-array" count="21"><param type="name"/></accessor></technique_common></source><sampler id="r_uleg1_jnt-Matrix-animation-transform"><input semantic="INPUT" source="#r_uleg1_jnt-Matrix-animation-input"/><input semantic="OUTPUT" source="#r_uleg1_jnt-Matrix-animation-output-transform"/><input semantic="INTERPOLATION" source="#r_uleg1_jnt-Interpolations"/></sampler><channel source="#r_uleg1_jnt-Matrix-animation-transform" target="r_uleg1_jnt/matrix"/></animation></animation>
    <animation id="r_leg1_jnt-anim" name="r_leg1_jnt"><animation><source id="r_leg1_jnt-Matrix-animation-input"><float_array id="r_leg1_jnt-Matrix-animation-input-array" count="21">

0.000000 0.033333 0.066667 0.100000 0.133333 0.166667 0.200000 0.233333 0.266667 0.300000 0.333333 0.366667 0.400000 0.433333 0.466667 0.500000
0.533333 0.566667 0.600000 0.633333 0.666667</float_array><technique_common><accessor source="#r_leg1_jnt-Matrix-animation-input-array" count="21"><param name="TIME" type="float"/></accessor></technique_common></source><source id="r_leg1_jnt-Matrix-animation-output-transform"><float_array id="r_leg1_jnt-Matrix-animation-output-transform-array" count="336">

1.000000 0.000000 0.000047 -0.000000 -0.000000 1.000000 0.000000 0.000000 -0.000047 -0.000000 1.000000 0.230000 0.000000 0.000000 0.000000 1.000000
1.000000 0.000000 0.000047 -0.000000 -0.000000 1.000000 0.000000 0.000000 -0.000047 -0.000000 1.000000 0.230000 0.000000 0.000000 0.000000 1.000000
1.000000 0.000000 0.000047 -0.000000 -0.000000 1.000000 0.000000 0.000000 -0.000047 -0.000000 1.000000 0.230000 0.000000 0.000000 0.000000 1.000000
1.000000 0.000000 0.000047 -0.000000 -0.000000 1.000000 0.000000 0.000000 -0.000047 -0.000000 1.000000 0.230000 0.000000 0.000000 0.000000 1.000000
1.000000 0.000000 0.000047 -0.000000 -0.000000 1.000000 0.000000 0.000000 -0.000047 -0.000000 1.000000 0.230000 0.000000 0.000000 0.000000 1.000000
1.000000 0.000000 0.000047 -0.000000 -0.000000 1.000000 0.000000 0.000000 -0.000047 -0.000000 1.000000 0.230000 0.000000 0.000000 0.000000 1.000000
1.000000 0.000000 0.000047 -0.000000 -0.000000 1.000000 0.000000 0.000000 -0.000047 -0.000000 1.000000 0.230000 0.000000 0.000000 0.000000 1.000000
1.000000 0.000000 0.000047 -0.000000 -0.000000 1.000000 0.000000 0.000000 -0.000047 -0.000000 1.000000 0.230000 0.000000 0.000000 0.000000 1.000000
1.000000 0.000000 0.000047 -0.000000 -0.000000 1.000000 0.000000 0.000000 -0.000047 -0.000000 1.000000 0.230000 0.000000 0.000000 0.000000 1.000000
1.000000 0.000000 0.000047 -0.000000 -0.000000 1.000000 0.000000 0.000000 -0.000047 -0.000000 1.000000 0.230000 0.000000 0.000000 0.000000 1.000000
1.000000 0.000000 0.000047 -0.000000 -0.000000 1.000000 0.000000 0.000000 -0.000047 -0.000000 1.000000 0.230000 0.000000 0.000000 0.000000 1.000000
1.000000 0.000000 0.000047 -0.000000 -0.000000 1.000000 0.000000 0.000000 -0.000047 -0.000000 1.000000 0.230000 0.000000 0.000000 0.000000 1.000000
1.000000 0.000000 0.000047 -0.000000 -0.000000 1.000000 0.000000 0.000000 -0.000047 -0.000000 1.000000 0.230000 0.000000 0.000000 0.000000 1.000000
1.000000 0.000000 0.000047 -0.000000 -0.000000 1.000000 0.000000 0.000000 -0.000047 -0.000000 1.000000 0.230000 0.000000 0.000000 0.000000 1.000000
1.000000 0.000000 0.000047 -0.000000 -0.000000 1.000000 0.000000 0.000000 -0.000047 -0.000000 1.000000 0.230000 0.000000 0.000000 0.000000 1.000000
1.000000 0.000000 0.000047 -0.000000 -0.000000 1.000000 0.000000 0.000000 -0.000047 -0.000000 1.000000 0.230000 0.000000 0.000000 0.000000 1.000000
1.000000 0.000000 0.000047 -0.000000 -0.000000 1.000000 0.000000 0.000000 -0.000047 -0.000000 1.000000 0.230000 0.000000 0.000000 0.000000 1.000000
1.000000 0.000000 0.000047 -0.000000 -0.000000 1.000000 0.000000 0.000000 -0.000047 -0.000000 1.000000 0.230000 0.000000 0.000000 0.000000 1.000000
1.000000 0.000000 0.000047 -0.000000 -0.000000 1.000000 0.000000 0.000000 -0.000047 -0.000000 1.000000 0.230000 0.000000 0.000000 0.000000 1.000000
1.000000 0.000000 0.000047 -0.000000 -0.000000 1.000000 0.000000 0.000000 -0.000047 -0.000000 1.000000 0.230000 0.000000 0.000000 0.000000 1.000000
1.000000 0.000000 0.000047 -0.000000 -0.000000 1.000000 0.000000 0.000000 -0.000047 -0.000000 1.000000 0.230000 0.000000 0.000000 0.000000 1.000000</float_array><technique_common><accessor source="#r_leg1_jnt-Matrix-animation-output-transform-array" count="21" stride="16"><param type="float4x4"/></accessor></technique_common></source><source id="r_leg1_jnt-Interpolations"><Name_array id="r_leg1_jnt-Interpolations-array" count="21">
 LINEAR LINEAR LINEAR LINEAR LINEAR LINEAR LINEAR LINEAR LINEAR LINEAR LINEAR
LINEAR LINEAR LINEAR LINEAR LINEAR LINEAR LINEAR LINEAR LINEAR LINEAR</Name_array><technique_common><accessor source="#r_leg1_jnt-Interpolations-array" count="21"><param type="name"/></accessor></technique_common></source><sampler id="r_leg1_jnt-Matrix-animation-transform"><input semantic="INPUT" source="#r_leg1_jnt-Matrix-animation-input"/><input semantic="OUTPUT" source="#r_leg1_jnt-Matrix-animation-output-transform"/><input semantic="INTERPOLATION" source="#r_leg1_jnt-Interpolations"/></sampler><channel source="#r_leg1_jnt-Matrix-animation-transform" target="r_leg1_jnt/matrix"/></animation></animation>
    <animation id="r_leg2_jnt-anim" name="r_leg2_jnt"><animation><source id="r_leg2_jnt-Matrix-animation-input"><float_array id="r_leg2_jnt-Matrix-animation-input-array" count="21">

0.000000 0.033333 0.066667 0.100000 0.133333 0.166667 0.200000 0.233333 0.266667 0.300000 0.333333 0.366667 0.400000 0.433333 0.466667 0.500000
0.533333 0.566667 0.600000 0.633333 0.666667</float_array><technique_common><accessor source="#r_leg2_jnt-Matrix-animation-input-array" count="21"><param name="TIME" type="float"/></accessor></technique_common></source><source id="r_leg2_jnt-Matrix-animation-output-transform"><float_array id="r_leg2_jnt-Matrix-animation-output-transform-array" count="336">

-0.049073 -0.974622 0.218414 -0.380766 -0.268737 -0.197729 -0.942700 -0.436460 0.961963 -0.104957 -0.252214 -0.094663 0.000000 0.000000 0.000000 1.000000
-0.049073 -0.974622 0.218414 -0.380766 -0.268737 -0.197729 -0.942700 -0.436460 0.961963 -0.104957 -0.252214 -0.094663 0.000000 0.000000 0.000000 1.000000
-0.049073 -0.974622 0.218414 -0.380766 -0.268737 -0.197729 -0.942700 -0.436460 0.961963 -0.104957 -0.252214 -0.094663 0.000000 0.000000 0.000000 1.000000
-0.049073 -0.974622 0.218414 -0.380766 -0.268737 -0.197729 -0.942700 -0.436460 0.961963 -0.104957 -0.252214 -0.094663 0.000000 0.000000 0.000000 1.000000
-0.049073 -0.974622 0.218414 -0.380766 -0.268737 -0.197729 -0.942700 -0.436460 0.961963 -0.104957 -0.252214 -0.094663 0.000000 0.000000 0.000000 1.000000
-0.049073 -0.974622 0.218414 -0.380766 -0.268737 -0.197729 -0.942700 -0.436460 0.961963 -0.104957 -0.252214 -0.094663 0.000000 0.000000 0.000000 1.000000
-0.049073 -0.974622 0.218414 -0.380766 -0.268737 -0.197729 -0.942700 -0.436460 0.961963 -0.104957 -0.252214 -0.094663 0.000000 0.000000 0.000000 1.000000
-0.049073 -0.974622 0.218414 -0.380766 -0.268737 -0.197729 -0.942700 -0.436460 0.961963 -0.104957 -0.252214 -0.094663 0.000000 0.000000 0.000000 1.000000
-0.049073 -0.974622 0.218414 -0.380766 -0.268737 -0.197729 -0.942700 -0.436460 0.961963 -0.104957 -0.252214 -0.094663 0.000000 0.000000 0.000000 1.000000
-0.049073 -0.974622 0.218414 -0.380766 -0.268737 -0.197729 -0.942700 -0.436460 0.961963 -0.104957 -0.252214 -0.094663 0.000000 0.000000 0.000000 1.000000
-0.049073 -0.974622 0.218414 -0.380766 -0.268737 -0.197729 -0.942700 -0.436460 0.961963 -0.104957 -0.252214 -0.094663 0.000000 0.000000 0.000000 1.000000
-0.049073 -0.974622 0.218414 -0.380766 -0.268737 -0.197729 -0.942700 -0.436460 0.961963 -0.104957 -0.252214 -0.094663 0.000000 0.000000 0.000000 1.000000
-0.049073 -0.974622 0.218414 -0.380766 -0.268737 -0.197729 -0.942700 -0.436460 0.961963 -0.104957 -0.252214 -0.094663 0.000000 0.000000 0.000000 1.000000
-0.049073 -0.974622 0.218414 -0.380766 -0.268737 -0.197729 -0.942700 -0.436460 0.961963 -0.104957 -0.252214 -0.094663 0.000000 0.000000 0.000000 1.000000
-0.049073 -0.974622 0.218414 -0.380766 -0.268737 -0.197729 -0.942700 -0.436460 0.961963 -0.104957 -0.252214 -0.094663 0.000000 0.000000 0.000000 1.000000
-0.048644 -0.978645 0.199717 -0.380766 -0.268129 -0.179820 -0.946452 -0.436460 0.962154 -0.099589 -0.253656 -0.094663 0.000000 0.000000 0.000000 1.000000
-0.047520 -0.987277 0.151745 -0.380766 -0.266563 -0.133873 -0.954475 -0.436460 0.962645 -0.085807 -0.256810 -0.094663 0.000000 0.000000 0.000000 1.000000
-0.045940 -0.995163 0.086834 -0.380766 -0.264432 -0.071710 -0.961734 -0.436460 0.963309 -0.067144 -0.259859 -0.094663 0.000000 0.000000 0.000000 1.000000
-0.044208 -0.998837 0.019217 -0.380766 -0.262206 -0.006961 -0.964987 -0.436460 0.963999 -0.047699 -0.261593 -0.094663 0.000000 0.000000 0.000000 1.000000
-0.042762 -0.998491 -0.034465 -0.380766 -0.260437 0.044445 -0.964467 -0.436460 0.964543 -0.032267 -0.261945 -0.094663 0.000000 0.000000 0.000000 1.000000
-0.042154 -0.997523 -0.056305 -0.380766 -0.259718 0.065358 -0.963470 -0.436460 0.964764 -0.025991 -0.261830 -0.094663 0.000000 0.000000 0.000000 1.000000</float_array><technique_common><accessor source="#r_leg2_jnt-Matrix-animation-output-transform-array" count="21" stride="16"><param type="float4x4"/></accessor></technique_common></source><source id="r_leg2_jnt-Interpolations"><Name_array id="r_leg2_jnt-Interpolations-array" count="21">
 LINEAR LINEAR LINEAR LINEAR LINEAR LINEAR LINEAR LINEAR LINEAR LINEAR LINEAR
LINEAR LINEAR LINEAR LINEAR LINEAR LINEAR LINEAR LINEAR LINEAR LINEAR</Name_array><technique_common><accessor source="#r_leg2_jnt-Interpolations-array" count="21"><param type="name"/></accessor></technique_common></source><sampler id="r_leg2_jnt-Matrix-animation-transform"><input semantic="INPUT" source="#r_leg2_jnt-Matrix-animation-input"/><input semantic="OUTPUT" source="#r_leg2_jnt-Matrix-animation-output-transform"/><input semantic="INTERPOLATION" source="#r_leg2_jnt-Interpolations"/></sampler><channel source="#r_leg2_jnt-Matrix-animation-transform" target="r_leg2_jnt/matrix"/></animation></animation>
    <animation id="r_leg3_jnt-anim" name="r_leg3_jnt"><animation><source id="r_leg3_jnt-Matrix-animation-input"><float_array id="r_leg3_jnt-Matrix-animation-input-array" count="21">

0.000000 0.033333 0.066667 0.100000 0.133333 0.166667 0.200000 0.233333 0.266667 0.300000 0.333333 0.366667 0.400000 0.433333 0.466667 0.500000
0.533333 0.566667 0.600000 0.633333 0.666667</float_array><technique_common><accessor source="#r_leg3_jnt-Matrix-animation-input-array" count="21"><param name="TIME" type="float"/></accessor></technique_common></source><source id="r_leg3_jnt-Matrix-animation-output-transform"><float_array id="r_leg3_jnt-Matrix-animation-output-transform-array" count="336">

-0.438838 -0.814219 0.380091 -0.336837 -0.506133 -0.125531 -0.853271 -0.444096 0.742462 -0.566824 -0.357016 -0.403838 0.000000 0.000000 0.000000 1.000000
-0.438838 -0.814219 0.380091 -0.336837 -0.506133 -0.125531 -0.853271 -0.444096 0.742462 -0.566824 -0.357016 -0.403838 0.000000 0.000000 0.000000 1.000000
-0.438838 -0.814219 0.380091 -0.336837 -0.506133 -0.125531 -0.853271 -0.444096 0.742462 -0.566824 -0.357016 -0.403838 0.000000 0.000000 0.000000 1.000000
-0.438838 -0.814219 0.380091 -0.336837 -0.506133 -0.125531 -0.853271 -0.444096 0.742462 -0.566824 -0.357016 -0.403838 0.000000 0.000000 0.000000 1.000000
-0.438838 -0.814219 0.380091 -0.336837 -0.506133 -0.125531 -0.853271 -0.444096 0.742462 -0.566824 -0.357016 -0.403838 0.000000 0.000000 0.000000 1.000000
-0.438838 -0.814219 0.380091 -0.336837 -0.506133 -0.125531 -0.853271 -0.444096 0.742462 -0.566824 -0.357016 -0.403838 0.000000 0.000000 0.000000 1.000000
-0.438838 -0.814219 0.380091 -0.336837 -0.506133 -0.125531 -0.853271 -0.444096 0.742462 -0.566824 -0.357016 -0.403838 0.000000 0.000000 0.000000 1.000000
-0.438838 -0.814219 0.380091 -0.336837 -0.506133 -0.125531 -0.853271 -0.444096 0.742462 -0.566824 -0.357016 -0.403838 0.000000 0.000000 0.000000 1.000000
-0.438838 -0.814219 0.380091 -0.336837 -0.506133 -0.125531 -0.853271 -0.444096 0.742462 -0.566824 -0.357016 -0.403838 0.000000 0.000000 0.000000 1.000000
-0.438838 -0.814219 0.380091 -0.336837 -0.506133 -0.125531 -0.853271 -0.444096 0.742462 -0.566824 -0.357016 -0.403838 0.000000 0.000000 0.000000 1.000000
-0.438838 -0.814219 0.380091 -0.336837 -0.506133 -0.125531 -0.853271 -0.444096 0.742462 -0.566824 -0.357016 -0.403838 0.000000 0.000000 0.000000 1.000000
-0.438838 -0.814219 0.380091 -0.336837 -0.506133 -0.125531 -0.853271 -0.444096 0.742462 -0.566824 -0.357016 -0.403838 0.000000 0.000000 0.000000 1.000000
-0.438838 -0.814219 0.380091 -0.336837 -0.506133 -0.125531 -0.853271 -0.444096 0.742462 -0.566824 -0.357016 -0.403838 0.000000 0.000000 0.000000 1.000000
-0.438838 -0.814219 0.380091 -0.336837 -0.506133 -0.125531 -0.853271 -0.444096 0.742462 -0.566824 -0.357016 -0.403838 0.000000 0.000000 0.000000 1.000000
-0.438838 -0.814219 0.380091 -0.336837 -0.506133 -0.125531 -0.853271 -0.444096 0.742462 -0.566824 -0.357016 -0.403838 0.000000 0.000000 0.000000 1.000000
-0.443125 -0.820945 0.360124 -0.336837 -0.498271 -0.108398 -0.860218 -0.444096 0.745229 -0.560624 -0.361019 -0.403838 0.000000 0.000000 0.000000 1.000000
-0.453234 -0.836500 0.307972 -0.336837 -0.477640 -0.063805 -0.876235 -0.444096 0.752621 -0.544239 -0.370627 -0.403838 0.000000 0.000000 0.000000 1.000000
-0.464827 -0.853554 0.235332 -0.336837 -0.448724 -0.002027 -0.893668 -0.444096 0.763271 -0.521000 -0.382068 -0.403838 0.000000 0.000000 0.000000 1.000000
-0.474258 -0.866232 0.157232 -0.336837 -0.417465 0.064031 -0.906434 -0.444096 0.775114 -0.495523 -0.391988 -0.403838 0.000000 0.000000 0.000000 1.000000
-0.479739 -0.872408 0.093569 -0.336837 -0.391895 0.117639 -0.912458 -0.444096 0.785028 -0.474411 -0.398328 -0.403838 0.000000 0.000000 0.000000 1.000000
-0.481441 -0.873893 0.067278 -0.336837 -0.381318 0.139722 -0.913824 -0.444096 0.789184 -0.465606 -0.400499 -0.403838 0.000000 0.000000 0.000000 1.000000</float_array><technique_common><accessor source="#r_leg3_jnt-Matrix-animation-output-transform-array" count="21" stride="16"><param type="float4x4"/></accessor></technique_common></source><source id="r_leg3_jnt-Interpolations"><Name_array id="r_leg3_jnt-Interpolations-array" count="21">
 LINEAR LINEAR LINEAR LINEAR LINEAR LINEAR LINEAR LINEAR LINEAR LINEAR LINEAR
LINEAR LINEAR LINEAR LINEAR LINEAR LINEAR LINEAR LINEAR LINEAR LINEAR</Name_array><technique_common><accessor source="#r_leg3_jnt-Interpolations-array" count="21"><param type="name"/></accessor></technique_common></source><sampler id="r_leg3_jnt-Matrix-animation-transform"><input semantic="INPUT" source="#r_leg3_jnt-Matrix-animation-input"/><input semantic="OUTPUT" source="#r_leg3_jnt-Matrix-animation-output-transform"/><input semantic="INTERPOLATION" source="#r_leg3_jnt-Interpolations"/></sampler><channel source="#r_leg3_jnt-Matrix-animation-transform" target="r_leg3_jnt/matrix"/></animation></animation>
    <animation id="fin_jnt-anim" name="fin_jnt"><animation><source id="fin_jnt-Matrix-animation-input"><float_array id="fin_jnt-Matrix-animation-input-array" count="21">

0.000000 0.033333 0.066667 0.100000 0.133333 0.166667 0.200000 0.233333 0.266667 0.300000 0.333333 0.366667 0.400000 0.433333 0.466667 0.500000
0.533333 0.566667 0.600000 0.633333 0.666667</float_array><technique_common><accessor source="#fin_jnt-Matrix-animation-input-array" count="21"><param name="TIME" type="float"/></accessor></technique_common></source><source id="fin_jnt-Matrix-animation-output-transform"><float_array id="fin_jnt-Matrix-animation-output-transform-array" count="336">

1.000000 0.000000 -0.000000 -0.000000 0.000000 1.000000 -0.000000 0.860890 -0.000000 0.000000 1.000000 0.206318 0.000000 0.000000 0.000000 1.000000
1.000000 -0.000000 0.000000 0.000000 0.000000 1.000000 0.000000 0.860890 0.000000 -0.000000 1.000000 0.206318 0.000000 0.000000 0.000000 1.000000
1.000000 0.000000 -0.000000 0.000000 0.000000 1.000000 0.000000 0.860890 -0.000000 0.000000 1.000000 0.206318 0.000000 0.000000 0.000000 1.000000
1.000000 -0.000000 0.000000 0.000000 -0.000000 1.000000 0.000000 0.860890 0.000000 -0.000000 1.000000 0.206318 0.000000 0.000000 0.000000 1.000000
1.000000 0.000000 -0.000000 -0.000000 0.000000 1.000000 0.000000 0.860890 -0.000000 0.000000 1.000000 0.206318 0.000000 0.000000 0.000000 1.000000
1.000000 -0.000000 0.000000 0.000000 0.000000 1.000000 -0.000000 0.860890 -0.000000 0.000000 1.000000 0.206318 0.000000 0.000000 0.000000 1.000000
1.000000 0.000000 0.000000 0.000000 0.000000 1.000000 0.000000 0.860890 -0.000000 0.000000 1.000000 0.206318 0.000000 0.000000 0.000000 1.000000
1.000000 0.000000 -0.000000 0.000000 0.000000 1.000000 -0.000000 0.860890 -0.000000 0.000000 1.000000 0.206318 0.000000 0.000000 0.000000 1.000000
1.000000 -0.000000 0.000000 0.000000 -0.000000 1.000000 -0.000000 0.860890 0.000000 -0.000000 1.000000 0.206318 0.000000 0.000000 0.000000 1.000000
1.000000 0.000000 0.000000 -0.000000 -0.000000 1.000000 0.000000 0.860890 0.000000 0.000000 1.000000 0.206318 0.000000 0.000000 0.000000 1.000000
1.000000 0.000000 0.000000 -0.000000 -0.000000 1.000000 0.000000 0.860890 0.000000 0.000000 1.000000 0.206318 0.000000 0.000000 0.000000 1.000000
1.000000 0.000000 0.000000 -0.000000 0.000000 1.000000 -0.000000 0.860890 0.000000 -0.000000 1.000000 0.206318 0.000000 0.000000 0.000000 1.000000
1.000000 0.000000 0.000000 0.000000 -0.000000 1.000000 0.000000 0.860890 0.000000 -0.000000 1.000000 0.206318 0.000000 0.000000 0.000000 1.000000
1.000000 0.000000 0.000000 0.000000 -0.000000 1.000000 -0.000000 0.860890 0.000000 -0.000000 1.000000 0.206318 0.000000 0.000000 0.000000 1.000000
1.000000 0.000000 0.000000 0.000000 0.000000 1.000000 0.000000 0.860890 -0.000000 0.000000 1.000000 0.206318 0.000000 0.000000 0.000000 1.000000
1.000000 0.000000 0.000000 0.000000 -0.000000 1.000000 -0.000000 0.860890 -0.000000 0.000000 1.000000 0.206318 0.000000 0.000000 0.000000 1.000000
1.000000 -0.000000 0.000000 -0.000000 -0.000000 1.000000 -0.000000 0.860890 0.000000 -0.000000 1.000000 0.206318 0.000000 0.000000 0.000000 1.000000
1.000000 0.000000 0.000000 0.000000 0.000000 1.000000 0.000000 0.860890 0.000000 -0.000000 1.000000 0.206318 0.000000 0.000000 0.000000 1.000000
1.000000 0.000000 0.000000 -0.000000 0.000000 1.000000 -0.000000 0.860890 -0.000000 0.000000 1.000000 0.206318 0.000000 0.000000 0.000000 1.000000
1.000000 0.000000 -0.000000 0.000000 -0.000000 1.000000 0.000000 0.860890 0.000000 0.000000 1.000000 0.206318 0.000000 0.000000 0.000000 1.000000
1.000000 0.000000 -0.000000 0.000000 0.000000 1.000000 0.000000 0.860890 0.000000 -0.000000 1.000000 0.206318 0.000000 0.000000 0.000000 1.000000</float_array><technique_common><accessor source="#fin_jnt-Matrix-animation-output-transform-array" count="21" stride="16"><param type="float4x4"/></accessor></technique_common></source><source id="fin_jnt-Interpolations"><Name_array id="fin_jnt-Interpolations-array" count="21">
 LINEAR LINEAR LINEAR LINEAR LINEAR LINEAR LINEAR LINEAR LINEAR LINEAR LINEAR
LINEAR LINEAR LINEAR LINEAR LINEAR LINEAR LINEAR LINEAR LINEAR LINEAR</Name_array><technique_common><accessor source="#fin_jnt-Interpolations-array" count="21"><param type="name"/></accessor></technique_common></source><sampler id="fin_jnt-Matrix-animation-transform"><input semantic="INPUT" source="#fin_jnt-Matrix-animation-input"/><input semantic="OUTPUT" source="#fin_jnt-Matrix-animation-output-transform"/><input semantic="INTERPOLATION" source="#fin_jnt-Interpolations"/></sampler><channel source="#fin_jnt-Matrix-animation-transform" target="fin_jnt/matrix"/></animation></animation>
    <animation id="head_jnt-anim" name="head_jnt"><animation><source id="head_jnt-Matrix-animation-input"><float_array id="head_jnt-Matrix-animation-input-array" count="21">

0.000000 0.033333 0.066667 0.100000 0.133333 0.166667 0.200000 0.233333 0.266667 0.300000 0.333333 0.366667 0.400000 0.433333 0.466667 0.500000
0.533333 0.566667 0.600000 0.633333 0.666667</float_array><technique_common><accessor source="#head_jnt-Matrix-animation-input-array" count="21"><param name="TIME" type="float"/></accessor></technique_common></source><source id="head_jnt-Matrix-animation-output-transform"><float_array id="head_jnt-Matrix-animation-output-transform-array" count="336">

0.945484 -0.102614 -0.309080 0.015100 0.221087 0.899098 0.377815 -0.071588 0.239124 -0.425551 0.872769 0.555513 0.000000 0.000000 0.000000 1.000000
0.946423 -0.104299 -0.305624 0.015100 0.221307 0.898704 0.378623 -0.071588 0.235176 -0.425974 0.873635 0.555513 0.000000 0.000000 0.000000 1.000000
0.949022 -0.109130 -0.295716 0.015100 0.221915 0.897574 0.380940 -0.071588 0.223855 -0.427144 0.876035 0.555513 0.000000 0.000000 0.000000 1.000000
0.952864 -0.116781 -0.280023 0.015100 0.222813 0.895785 0.384609 -0.071588 0.205925 -0.428873 0.879581 0.555513 0.000000 0.000000 0.000000 1.000000
0.957444 -0.126931 -0.259208 0.015100 0.223884 0.893411 0.389476 -0.071588 0.182143 -0.430935 0.883810 0.555513 0.000000 0.000000 0.000000 1.000000
0.962228 -0.139253 -0.233937 0.015100 0.225003 0.890530 0.395386 -0.071588 0.153269 -0.433088 0.888225 0.555513 0.000000 0.000000 0.000000 1.000000
0.966686 -0.153411 -0.204898 0.015100 0.226045 0.887219 0.402176 -0.071588 0.120091 -0.435094 0.892340 0.555513 0.000000 0.000000 0.000000 1.000000
0.970338 -0.169058 -0.172809 0.015100 0.226899 0.883561 0.409680 -0.071588 0.083428 -0.436738 0.895712 0.555513 0.000000 0.000000 0.000000 1.000000
0.972784 -0.185828 -0.138415 0.015100 0.227471 0.879639 0.417722 -0.071588 0.044131 -0.437839 0.897970 0.555513 0.000000 0.000000 0.000000 1.000000
0.973728 -0.203345 -0.102489 0.015100 0.227692 0.875543 0.426123 -0.071588 0.003084 -0.438264 0.898841 0.555513 0.000000 0.000000 0.000000 1.000000
0.972999 -0.221222 -0.065824 0.015100 0.227522 0.871363 0.434696 -0.071588 -0.038808 -0.437936 0.898168 0.555513 0.000000 0.000000 0.000000 1.000000
0.970562 -0.239071 -0.029218 0.015100 0.226952 0.867189 0.443256 -0.071588 -0.080632 -0.436839 0.895919 0.555513 0.000000 0.000000 0.000000 1.000000
0.966521 -0.256503 0.006534 0.015100 0.226007 0.863113 0.451616 -0.071588 -0.121481 -0.435020 0.892188 0.555513 0.000000 0.000000 0.000000 1.000000
0.961115 -0.271840 0.048592 0.014451 0.224743 0.872244 0.434374 -0.077657 -0.160464 -0.406563 0.899421 0.553756 0.000000 0.000000 0.000000 1.000000
0.954705 -0.279343 0.102501 0.012740 0.223244 0.900186 0.373936 -0.093657 -0.196726 -0.334116 0.921773 0.549123 0.000000 0.000000 0.000000 1.000000
0.947754 -0.274139 0.163124 0.010322 0.221618 0.933640 0.281426 -0.116277 -0.229449 -0.230572 0.945616 0.542573 0.000000 0.000000 0.000000 1.000000
0.940805 -0.254933 0.223372 0.007550 0.219993 0.960615 0.169769 -0.142208 -0.257855 -0.110579 0.959835 0.535064 0.000000 0.000000 0.000000 1.000000
0.934442 -0.225009 0.276025 0.004778 0.218505 0.974312 0.054517 -0.168138 -0.281201 0.009370 0.959603 0.527555 0.000000 0.000000 0.000000 1.000000
0.929258 -0.191753 0.315770 0.002359 0.217293 0.974954 -0.047410 -0.190759 -0.298770 0.112671 0.947651 0.521005 0.000000 0.000000 0.000000 1.000000
0.925811 -0.164870 0.340135 0.000649 0.216487 0.968932 -0.119596 -0.206758 -0.309850 0.184358 0.932741 0.516372 0.000000 0.000000 0.000000 1.000000
0.924577 -0.154057 0.348459 0.000000 0.216199 0.965234 -0.146909 -0.212827 -0.313712 0.211165 0.925740 0.514614 0.000000 0.000000 0.000000 1.000000</float_array><technique_common><accessor source="#head_jnt-Matrix-animation-output-transform-array" count="21" stride="16"><param type="float4x4"/></accessor></technique_common></source><source id="head_jnt-Interpolations"><Name_array id="head_jnt-Interpolations-array" count="21">
 LINEAR LINEAR LINEAR LINEAR LINEAR LINEAR LINEAR LINEAR LINEAR LINEAR LINEAR
LINEAR LINEAR LINEAR LINEAR LINEAR LINEAR LINEAR LINEAR LINEAR LINEAR</Name_array><technique_common><accessor source="#head_jnt-Interpolations-array" count="21"><param type="name"/></accessor></technique_common></source><sampler id="head_jnt-Matrix-animation-transform"><input semantic="INPUT" source="#head_jnt-Matrix-animation-input"/><input semantic="OUTPUT" source="#head_jnt-Matrix-animation-output-transform"/><input semantic="INTERPOLATION" source="#head_jnt-Interpolations"/></sampler><channel source="#head_jnt-Matrix-animation-transform" target="head_jnt/matrix"/></animation></animation>
    <animation id="r_antenna1_jnt-anim" name="r_antenna1_jnt"><animation><source id="r_antenna1_jnt-Matrix-animation-input"><float_array id="r_antenna1_jnt-Matrix-animation-input-array" count="21">

0.000000 0.033333 0.066667 0.100000 0.133333 0.166667 0.200000 0.233333 0.266667 0.300000 0.333333 0.366667 0.400000 0.433333 0.466667 0.500000
0.533333 0.566667 0.600000 0.633333 0.666667</float_array><technique_common><accessor source="#r_antenna1_jnt-Matrix-animation-input-array" count="21"><param name="TIME" type="float"/></accessor></technique_common></source><source id="r_antenna1_jnt-Matrix-animation-output-transform"><float_array id="r_antenna1_jnt-Matrix-animation-output-transform-array" count="336">

0.889292 0.260580 0.375844 -0.248546 0.220379 0.475937 -0.851420 0.276260 -0.400741 0.839989 0.365820 0.377659 0.000000 0.000000 0.000000 1.000000
0.889292 0.260580 0.375844 -0.248546 0.220379 0.475937 -0.851420 0.276260 -0.400741 0.839989 0.365820 0.377659 0.000000 0.000000 0.000000 1.000000
0.889292 0.260580 0.375844 -0.248546 0.220379 0.475937 -0.851420 0.276260 -0.400741 0.839989 0.365820 0.377659 0.000000 0.000000 0.000000 1.000000
0.889292 0.260580 0.375844 -0.248546 0.220379 0.475937 -0.851420 0.276260 -0.400741 0.839989 0.365820 0.377659 0.000000 0.000000 0.000000 1.000000
0.889292 0.260580 0.375844 -0.248546 0.220379 0.475937 -0.851420 0.276260 -0.400741 0.839989 0.365820 0.377659 0.000000 0.000000 0.000000 1.000000
0.889292 0.260580 0.375844 -0.248546 0.220379 0.475937 -0.851420 0.276260 -0.400741 0.839989 0.365820 0.377659 0.000000 0.000000 0.000000 1.000000
0.889292 0.260580 0.375844 -0.248546 0.220379 0.475937 -0.851420 0.276260 -0.400741 0.839989 0.365820 0.377659 0.000000 0.000000 0.000000 1.000000
0.889292 0.260580 0.375844 -0.248546 0.220379 0.475937 -0.851420 0.276260 -0.400741 0.839989 0.365820 0.377659 0.000000 0.000000 0.000000 1.000000
0.889292 0.260580 0.375844 -0.248546 0.220379 0.475937 -0.851420 0.276260 -0.400741 0.839989 0.365820 0.377659 0.000000 0.000000 0.000000 1.000000
0.889292 0.260580 0.375844 -0.248546 0.220379 0.475937 -0.851420 0.276260 -0.400741 0.839989 0.365820 0.377659 0.000000 0.000000 0.000000 1.000000
0.889292 0.260580 0.375844 -0.248546 0.220379 0.475937 -0.851420 0.276260 -0.400741 0.839989 0.365820 0.377659 0.000000 0.000000 0.000000 1.000000
0.889292 0.260580 0.375844 -0.248546 0.220379 0.475937 -0.851420 0.276260 -0.400741 0.839989 0.365820 0.377659 0.000000 0.000000 0.000000 1.000000
0.889292 0.260580 0.375844 -0.248546 0.220379 0.475937 -0.851420 0.276260 -0.400741 0.839989 0.365820 0.377659 0.000000 0.000000 0.000000 1.000000
0.889292 0.260580 0.375844 -0.248546 0.220379 0.475937 -0.851420 0.276260 -0.400741 0.839989 0.365820 0.377659 0.000000 0.000000 0.000000 1.000000
0.889292 0.260580 0.375844 -0.248546 0.220379 0.475937 -0.851420 0.276260 -0.400741 0.839989 0.365820 0.377659 0.000000 0.000000 0.000000 1.000000
0.889292 0.260580 0.375844 -0.248546 0.220379 0.475937 -0.851420 0.276260 -0.400741 0.839989 0.365820 0.377659 0.000000 0.000000 0.000000 1.000000
0.889292 0.260580 0.375844 -0.248546 0.220379 0.475937 -0.851420 0.276260 -0.400741 0.839989 0.365820 0.377659 0.000000 0.000000 0.000000 1.000000
0.889292 0.260580 0.375844 -0.248546 0.220379 0.475937 -0.851420 0.276260 -0.400741 0.839989 0.365820 0.377659 0.000000 0.000000 0.000000 1.000000
0.889292 0.260580 0.375844 -0.248546 0.220379 0.475937 -0.851420 0.276260 -0.400741 0.839989 0.365820 0.377659 0.000000 0.000000 0.000000 1.000000
0.889292 0.260580 0.375844 -0.248546 0.220379 0.475937 -0.851420 0.276260 -0.400741 0.839989 0.365820 0.377659 0.000000 0.000000 0.000000 1.000000
0.889292 0.260580 0.375844 -0.248546 0.220379 0.475937 -0.851420 0.276260 -0.400741 0.839989 0.365820 0.377659 0.000000 0.000000 0.000000 1.000000</float_array><technique_common><accessor source="#r_antenna1_jnt-Matrix-animation-output-transform-array" count="21" stride="16"><param type="float4x4"/></accessor></technique_common></source><source id="r_antenna1_jnt-Interpolations"><Name_array id="r_antenna1_jnt-Interpolations-array" count="21">
 LINEAR LINEAR LINEAR LINEAR LINEAR LINEAR LINEAR LINEAR LINEAR LINEAR LINEAR
LINEAR LINEAR LINEAR LINEAR LINEAR LINEAR LINEAR LINEAR LINEAR LINEAR</Name_array><technique_common><accessor source="#r_antenna1_jnt-Interpolations-array" count="21"><param type="name"/></accessor></technique_common></source><sampler id="r_antenna1_jnt-Matrix-animation-transform"><input semantic="INPUT" source="#r_antenna1_jnt-Matrix-animation-input"/><input semantic="OUTPUT" source="#r_antenna1_jnt-Matrix-animation-output-transform"/><input semantic="INTERPOLATION" source="#r_antenna1_jnt-Interpolations"/></sampler><channel source="#r_antenna1_jnt-Matrix-animation-transform" target="r_antenna1_jnt/matrix"/></animation></animation>
    <animation id="r_antenna2_jnt-anim" name="r_antenna2_jnt"><animation><source id="r_antenna2_jnt-Matrix-animation-input"><float_array id="r_antenna2_jnt-Matrix-animation-input-array" count="21">

0.000000 0.033333 0.066667 0.100000 0.133333 0.166667 0.200000 0.233333 0.266667 0.300000 0.333333 0.366667 0.400000 0.433333 0.466667 0.500000
0.533333 0.566667 0.600000 0.633333 0.666667</float_array><technique_common><accessor source="#r_antenna2_jnt-Matrix-animation-input-array" count="21"><param name="TIME" type="float"/></accessor></technique_common></source><source id="r_antenna2_jnt-Matrix-animation-output-transform"><float_array id="r_antenna2_jnt-Matrix-animation-output-transform-array" count="336">

0.896318 -0.437585 -0.071650 0.000000 0.437358 0.899073 -0.019663 0.000000 0.073022 -0.013712 0.997236 -0.779776 0.000000 0.000000 0.000000 1.000000
