<?xml version="1.0" encoding="utf-8"?>
<COLLADA xmlns="http://www.collada.org/2005/11/COLLADASchema" version="1.4.1">
  <asset><contributor><author></author><authoring_tool>FBX COLLADA exporter</authoring_tool><comments></comments></contributor><created>2019-11-28T10:10:51Z</created><keywords></keywords><modified>2019-11-28T10:10:51Z</modified><revision></revision><subject></subject><title></title><unit meter="0.010000" name="centimeter"></unit><up_axis>Y_UP</up_axis></asset>
  <library_animations>
    <animation id="root_jnt-anim" name="root_jnt"><animation><source id="root_jnt-Matrix-animation-input"><float_array id="root_jnt-Matrix-animation-input-array" count="31">

0.000000 0.033333 0.066667 0.100000 0.133333 0.166667 0.200000 0.233333 0.266667 0.300000 0.333333 0.366667 0.400000 0.433333 0.466667 0.500000
0.533333 0.566667 0.600000 0.633333 0.666667 0.700000 0.733333 0.766667 0.800000 0.833333 0.866667 0.900000 0.933333 0.966667 1.000000</float_array><technique_common><accessor source="#root_jnt-Matrix-animation-input-array" count="31"><param name="TIME" type="float"/></accessor></technique_common></source><source id="root_jnt-Matrix-animation-output-transform"><float_array id="root_jnt-Matrix-animation-output-transform-array" count="496">

1.000000 0.000000 0.000000 0.000000 0.000000 1.000000 0.000000 0.594957 0.000000 0.000000 1.000000 0.000000 0.000000 0.000000 0.000000 1.000000
1.000000 0.000000 0.000000 0.000000 0.000000 1.000000 0.000000 0.594957 0.000000 0.000000 1.000000 0.000000 0.000000 0.000000 0.000000 1.000000
1.000000 0.000000 0.000000 0.000000 0.000000 1.000000 0.000000 0.594957 0.000000 0.000000 1.000000 0.000000 0.000000 0.000000 0.000000 1.000000
1.000000 0.000000 0.000000 0.000000 0.000000 1.000000 0.000000 0.594957 0.000000 0.000000 1.000000 0.000000 0.000000 0.000000 0.000000 1.000000
1.000000 0.000000 0.000000 0.000000 0.000000 1.000000 0.000000 0.594957 0.000000 0.000000 1.000000 0.000000 0.000000 0.000000 0.000000 1.000000
1.000000 0.000000 0.000000 0.000000 0.000000 1.000000 0.000000 0.594957 0.000000 0.000000 1.000000 0.000000 0.000000 0.000000 0.000000 1.000000
1.000000 0.000000 0.000000 0.000000 0.000000 1.000000 0.000000 0.594957 0.000000 0.000000 1.000000 0.000000 0.000000 0.000000 0.000000 1.000000
1.000000 0.000000 0.000000 0.000000 0.000000 1.000000 0.000000 0.594957 0.000000 0.000000 1.000000 0.000000 0.000000 0.000000 0.000000 1.000000
1.000000 0.000000 0.000000 0.000000 0.000000 1.000000 0.000000 0.594957 0.000000 0.000000 1.000000 0.000000 0.000000 0.000000 0.000000 1.000000
1.000000 0.000000 0.000000 0.000000 0.000000 1.000000 0.000000 0.594957 0.000000 0.000000 1.000000 0.000000 0.000000 0.000000 0.000000 1.000000
1.000000 0.000000 0.000000 0.000000 0.000000 1.000000 0.000000 0.594957 0.000000 0.000000 1.000000 0.000000 0.000000 0.000000 0.000000 1.000000
1.000000 0.000000 0.000000 0.000000 0.000000 1.000000 0.000000 0.594957 0.000000 0.000000 1.000000 0.000000 0.000000 0.000000 0.000000 1.000000
1.000000 0.000000 0.000000 0.000000 0.000000 1.000000 0.000000 0.594957 0.000000 0.000000 1.000000 0.000000 0.000000 0.000000 0.000000 1.000000
1.000000 0.000000 0.000000 0.000000 0.000000 1.000000 0.000000 0.594957 0.000000 0.000000 1.000000 0.000000 0.000000 0.000000 0.000000 1.000000
1.000000 0.000000 0.000000 0.000000 0.000000 1.000000 0.000000 0.594957 0.000000 0.000000 1.000000 0.000000 0.000000 0.000000 0.000000 1.000000
1.000000 0.000000 0.000000 0.000000 0.000000 1.000000 0.000000 0.594957 0.000000 0.000000 1.000000 0.000000 0.000000 0.000000 0.000000 1.000000
1.000000 0.000000 0.000000 0.000000 0.000000 1.000000 0.000000 0.594957 0.000000 0.000000 1.000000 0.000000 0.000000 0.000000 0.000000 1.000000
1.000000 0.000000 0.000000 0.000000 0.000000 1.000000 0.000000 0.594957 0.000000 0.000000 1.000000 0.000000 0.000000 0.000000 0.000000 1.000000
1.000000 0.000000 0.000000 0.000000 0.000000 1.000000 0.000000 0.594957 0.000000 0.000000 1.000000 0.000000 0.000000 0.000000 0.000000 1.000000
1.000000 0.000000 0.000000 0.000000 0.000000 1.000000 0.000000 0.594957 0.000000 0.000000 1.000000 0.000000 0.000000 0.000000 0.000000 1.000000
1.000000 0.000000 0.000000 0.000000 0.000000 1.000000 0.000000 0.594957 0.000000 0.000000 1.000000 0.000000 0.000000 0.000000 0.000000 1.000000
1.000000 0.000000 0.000000 0.000000 0.000000 1.000000 0.000000 0.594957 0.000000 0.000000 1.000000 0.000000 0.000000 0.000000 0.000000 1.000000
1.000000 0.000000 0.000000 0.000000 0.000000 1.000000 0.000000 0.594957 0.000000 0.000000 1.000000 0.000000 0.000000 0.000000 0.000000 1.000000
1.000000 0.000000 0.000000 0.000000 0.000000 1.000000 0.000000 0.594957 0.000000 0.000000 1.000000 0.000000 0.000000 0.000000 0.000000 1.000000
1.000000 0.000000 0.000000 0.000000 0.000000 1.000000 0.000000 0.594957 0.000000 0.000000 1.000000 0.000000 0.000000 0.000000 0.000000 1.000000
1.000000 0.000000 0.000000 0.000000 0.000000 1.000000 0.000000 0.594957 0.000000 0.000000 1.000000 0.000000 0.000000 0.000000 0.000000 1.000000
1.000000 0.000000 0.000000 0.000000 0.000000 1.000000 0.000000 0.594957 0.000000 0.000000 1.000000 0.000000 0.000000 0.000000 0.000000 1.000000
1.000000 0.000000 0.000000 0.000000 0.000000 1.000000 0.000000 0.594957 0.000000 0.000000 1.000000 0.000000 0.000000 0.000000 0.000000 1.000000
1.000000 0.000000 0.000000 0.000000 0.000000 1.000000 0.000000 0.594957 0.000000 0.000000 1.000000 0.000000 0.000000 0.000000 0.000000 1.000000
1.000000 0.000000 0.000000 0.000000 0.000000 1.000000 0.000000 0.594957 0.000000 0.000000 1.000000 0.000000 0.000000 0.000000 0.000000 1.000000
1.000000 0.000000 0.000000 0.000000 0.000000 1.000000 0.000000 0.594957 0.000000 0.000000 1.000000 0.000000 0.000000 0.000000 0.000000 1.000000</float_array><technique_common><accessor source="#root_jnt-Matrix-animation-output-transform-array" count="31" stride="16"><param type="float4x4"/></accessor></technique_common></source><source id="root_jnt-Interpolations"><Name_array id="root_jnt-Interpolations-array" count="31">
 LINEAR LINEAR LINEAR LINEAR LINEAR LINEAR LINEAR LINEAR LINEAR LINEAR LINEAR
LINEAR LINEAR LINEAR LINEAR LINEAR LINEAR LINEAR LINEAR LINEAR LINEAR LINEAR LINEAR
LINEAR LINEAR LINEAR LINEAR LINEAR LINEAR LINEAR LINEAR</Name_array><technique_common><accessor source="#root_jnt-Interpolations-array" count="31"><param type="name"/></accessor></technique_common></source><sampler id="root_jnt-Matrix-animation-transform"><input semantic="INPUT" source="#root_jnt-Matrix-animation-input"/><input semantic="OUTPUT" source="#root_jnt-Matrix-animation-output-transform"/><input semantic="INTERPOLATION" source="#root_jnt-Interpolations"/></sampler><channel source="#root_jnt-Matrix-animation-transform" target="root_jnt/matrix"/></animation></animation>
    <animation id="neck01_jnt-anim" name="neck01_jnt"><animation><source id="neck01_jnt-Matrix-animation-input"><float_array id="neck01_jnt-Matrix-animation-input-array" count="31">

0.000000 0.033333 0.066667 0.100000 0.133333 0.166667 0.200000 0.233333 0.266667 0.300000 0.333333 0.366667 0.400000 0.433333 0.466667 0.500000
0.533333 0.566667 0.600000 0.633333 0.666667 0.700000 0.733333 0.766667 0.800000 0.833333 0.866667 0.900000 0.933333 0.966667 1.000000</float_array><technique_common><accessor source="#neck01_jnt-Matrix-animation-input-array" count="31"><param name="TIME" type="float"/></accessor></technique_common></source><source id="neck01_jnt-Matrix-animation-output-transform"><float_array id="neck01_jnt-Matrix-animation-output-transform-array" count="496">

1.000000 0.000000 0.000000 4.215000 0.000000 0.716655 -0.697428 0.879035 0.000000 0.697428 0.716655 -0.229874 0.000000 0.000000 0.000000 1.000000
1.000000 0.000000 0.000000 4.215000 0.000000 0.721438 -0.692480 0.879035 0.000000 0.692480 0.721438 -0.229874 0.000000 0.000000 0.000000 1.000000
1.000000 0.000000 0.000000 4.215000 0.000000 0.734646 -0.678450 0.879035 0.000000 0.678450 0.734646 -0.229874 0.000000 0.000000 0.000000 1.000000
1.000000 0.000000 0.000000 4.215000 0.000000 0.754398 -0.656417 0.879035 0.000000 0.656417 0.754398 -0.229874 0.000000 0.000000 0.000000 1.000000
1.000000 0.000000 0.000000 4.215000 0.000000 0.778697 -0.627400 0.879035 0.000000 0.627400 0.778697 -0.229874 0.000000 0.000000 0.000000 1.000000
1.000000 0.000000 0.000000 4.215000 0.000000 0.805566 -0.592506 0.879035 0.000000 0.592506 0.805566 -0.229874 0.000000 0.000000 0.000000 1.000000
1.000000 0.000000 0.000000 4.215000 0.000000 0.833163 -0.553028 0.879035 0.000000 0.553028 0.833163 -0.229874 0.000000 0.000000 0.000000 1.000000
1.000000 0.000000 0.000000 4.215000 0.000000 0.859883 -0.510492 0.879035 0.000000 0.510492 0.859883 -0.229874 0.000000 0.000000 0.000000 1.000000
1.000000 0.000000 0.000000 4.215000 0.000000 0.884433 -0.466668 0.879035 0.000000 0.466668 0.884433 -0.229874 0.000000 0.000000 0.000000 1.000000
1.000000 0.000000 0.000000 4.215000 0.000000 0.905878 -0.423538 0.879035 0.000000 0.423538 0.905878 -0.229874 0.000000 0.000000 0.000000 1.000000
1.000000 0.000000 0.000000 4.215000 0.000000 0.923648 -0.383242 0.879035 0.000000 0.383242 0.923648 -0.229874 0.000000 0.000000 0.000000 1.000000
1.000000 0.000000 0.000000 4.215000 0.000000 0.937489 -0.348016 0.879035 0.000000 0.348016 0.937489 -0.229874 0.000000 0.000000 0.000000 1.000000
1.000000 0.000000 0.000000 4.215000 0.000000 0.947375 -0.320126 0.879035 0.000000 0.320126 0.947375 -0.229874 0.000000 0.000000 0.000000 1.000000
1.000000 0.000000 0.000000 4.215000 0.000000 0.953367 -0.301813 0.879035 0.000000 0.301813 0.953367 -0.229874 0.000000 0.000000 0.000000 1.000000
1.000000 0.000000 0.000000 4.215000 0.000000 0.955422 -0.295245 0.879035 0.000000 0.295245 0.955422 -0.229874 0.000000 0.000000 0.000000 1.000000
1.000000 0.000000 0.000000 4.215000 0.000000 0.938564 -0.345106 0.879035 0.000000 0.345106 0.938564 -0.229874 0.000000 0.000000 0.000000 1.000000
1.000000 0.000000 0.000000 4.215000 0.000000 0.919106 -0.394011 0.879035 0.000000 0.394011 0.919106 -0.229874 0.000000 0.000000 0.000000 1.000000
1.000000 0.000000 0.000000 4.215000 0.000000 0.928625 -0.371020 0.879035 0.000000 0.371020 0.928625 -0.229874 0.000000 0.000000 0.000000 1.000000
1.000000 0.000000 0.000000 4.215000 0.000000 0.937569 -0.347799 0.879035 0.000000 0.347799 0.937569 -0.229874 0.000000 0.000000 0.000000 1.000000
1.000000 0.000000 0.000000 4.215000 0.000000 0.937569 -0.347799 0.879035 0.000000 0.347799 0.937569 -0.229874 0.000000 0.000000 0.000000 1.000000
1.000000 0.000000 0.000000 4.215000 0.000000 0.937569 -0.347799 0.879035 0.000000 0.347799 0.937569 -0.229874 0.000000 0.000000 0.000000 1.000000
1.000000 0.000000 0.000000 4.215000 0.000000 0.937569 -0.347799 0.879035 0.000000 0.347799 0.937569 -0.229874 0.000000 0.000000 0.000000 1.000000
1.000000 0.000000 0.000000 4.215000 0.000000 0.937569 -0.347799 0.879035 0.000000 0.347799 0.937569 -0.229874 0.000000 0.000000 0.000000 1.000000
1.000000 0.000000 0.000000 4.215000 0.000000 0.937569 -0.347799 0.879035 0.000000 0.347799 0.937569 -0.229874 0.000000 0.000000 0.000000 1.000000
1.000000 0.000000 0.000000 4.215000 0.000000 0.937569 -0.347799 0.879035 0.000000 0.347799 0.937569 -0.229874 0.000000 0.000000 0.000000 1.000000
1.000000 0.000000 0.000000 4.215000 0.000000 0.937569 -0.347799 0.879035 0.000000 0.347799 0.937569 -0.229874 0.000000 0.000000 0.000000 1.000000
1.000000 0.000000 0.000000 4.215000 0.000000 0.937569 -0.347799 0.879035 0.000000 0.347799 0.937569 -0.229874 0.000000 0.000000 0.000000 1.000000
1.000000 0.000000 0.000000 4.215000 0.000000 0.937569 -0.347799 0.879035 0.000000 0.347799 0.937569 -0.229874 0.000000 0.000000 0.000000 1.000000
1.000000 0.000000 0.000000 4.215000 0.000000 0.937569 -0.347799 0.879035 0.000000 0.347799 0.937569 -0.229874 0.000000 0.000000 0.000000 1.000000
1.000000 0.000000 0.000000 4.215000 0.000000 0.937569 -0.347799 0.879035 0.000000 0.347799 0.937569 -0.229874 0.000000 0.000000 0.000000 1.000000
1.000000 0.000000 0.000000 4.215000 0.000000 0.937569 -0.347799 0.879035 0.000000 0.347799 0.937569 -0.229874 0.000000 0.000000 0.000000 1.000000</float_array><technique_common><accessor source="#neck01_jnt-Matrix-animation-output-transform-array" count="31" stride="16"><param type="float4x4"/></accessor></technique_common></source><source id="neck01_jnt-Interpolations"><Name_array id="neck01_jnt-Interpolations-array" count="31">
 LINEAR LINEAR LINEAR LINEAR LINEAR LINEAR LINEAR LINEAR LINEAR LINEAR LINEAR
LINEAR LINEAR LINEAR LINEAR LINEAR LINEAR LINEAR LINEAR LINEAR LINEAR LINEAR LINEAR
LINEAR LINEAR LINEAR LINEAR LINEAR LINEAR LINEAR LINEAR</Name_array><technique_common><accessor source="#neck01_jnt-Interpolations-array" count="31"><param type="name"/></accessor></technique_common></source><sampler id="neck01_jnt-Matrix-animation-transform"><input semantic="INPUT" source="#neck01_jnt-Matrix-animation-input"/><input semantic="OUTPUT" source="#neck01_jnt-Matrix-animation-output-transform"/><input semantic="INTERPOLATION" source="#neck01_jnt-Interpolations"/></sampler><channel source="#neck01_jnt-Matrix-animation-transform" target="neck01_jnt/matrix"/></animation></animation>
    <animation id="neck02_jnt-anim" name="neck02_jnt"><animation><source id="neck02_jnt-Matrix-animation-input"><float_array id="neck02_jnt-Matrix-animation-input-array" count="31">

0.000000 0.033333 0.066667 0.100000 0.133333 0.166667 0.200000 0.233333 0.266667 0.300000 0.333333 0.366667 0.400000 0.433333 0.466667 0.500000
0.533333 0.566667 0.600000 0.633333 0.666667 0.700000 0.733333 0.766667 0.800000 0.833333 0.866667 0.900000 0.933333 0.966667 1.000000</float_array><technique_common><accessor source="#neck02_jnt-Matrix-animation-input-array" count="31"><param name="TIME" type="float"/></accessor></technique_common></source><source id="neck02_jnt-Matrix-animation-output-transform"><float_array id="neck02_jnt-Matrix-animation-output-transform-array" count="496">

1.000000 0.000000 0.000000 0.000000 0.000000 0.970698 -0.240303 0.710136 0.000000 0.240303 0.970698 -0.227272 0.000000 0.000000 0.000000 1.000000
1.000000 0.000000 0.000000 -0.000000 0.000000 0.972630 -0.232360 0.710136 0.000000 0.232360 0.972630 -0.227272 0.000000 0.000000 0.000000 1.000000
1.000000 0.000000 0.000000 0.000000 0.000000 0.977693 -0.210040 0.710136 0.000000 0.210040 0.977693 -0.227272 0.000000 0.000000 0.000000 1.000000
1.000000 0.000000 0.000000 -0.000000 0.000000 0.984470 -0.175553 0.710136 0.000000 0.175553 0.984470 -0.227272 0.000000 0.000000 0.000000 1.000000
1.000000 0.000000 0.000000 0.000000 0.000000 0.991365 -0.131130 0.710136 0.000000 0.131130 0.991365 -0.227272 0.000000 0.000000 0.000000 1.000000
1.000000 0.000000 0.000000 0.000000 0.000000 0.996866 -0.079112 0.710136 0.000000 0.079112 0.996866 -0.227272 0.000000 0.000000 0.000000 1.000000
1.000000 0.000000 0.000000 0.000000 0.000000 0.999759 -0.021973 0.710136 0.000000 0.021973 0.999759 -0.227272 0.000000 0.000000 0.000000 1.000000
1.000000 0.000000 0.000000 0.000000 0.000000 0.999290 0.037687 0.710136 0.000000 -0.037687 0.999290 -0.227272 0.000000 0.000000 0.000000 1.000000
1.000000 0.000000 0.000000 0.000000 0.000000 0.995264 0.097214 0.710136 0.000000 -0.097214 0.995264 -0.227272 0.000000 0.000000 0.000000 1.000000
1.000000 0.000000 0.000000 0.000000 0.000000 0.988075 0.153972 0.710136 0.000000 -0.153972 0.988075 -0.227272 0.000000 0.000000 0.000000 1.000000
1.000000 0.000000 0.000000 0.000000 0.000000 0.978672 0.205429 0.710136 0.000000 -0.205429 0.978672 -0.227272 0.000000 0.000000 0.000000 1.000000
1.000000 0.000000 0.000000 0.000000 0.000000 0.968451 0.249205 0.710136 0.000000 -0.249205 0.968451 -0.227272 0.000000 0.000000 0.000000 1.000000
1.000000 0.000000 0.000000 0.000000 0.000000 0.959095 0.283084 0.710136 0.000000 -0.283084 0.959095 -0.227272 0.000000 0.000000 0.000000 1.000000
1.000000 0.000000 0.000000 -0.000000 0.000000 0.952365 0.304960 0.710136 0.000000 -0.304960 0.952365 -0.227272 0.000000 0.000000 0.000000 1.000000
1.000000 0.000000 0.000000 -0.000000 0.000000 0.949841 0.312734 0.710136 0.000000 -0.312734 0.949841 -0.227272 0.000000 0.000000 0.000000 1.000000
1.000000 0.000000 0.000000 0.000000 0.000000 0.949841 0.312734 0.710136 0.000000 -0.312734 0.949841 -0.227272 0.000000 0.000000 0.000000 1.000000
1.000000 0.000000 0.000000 0.000000 0.000000 0.949841 0.312734 0.710136 0.000000 -0.312734 0.949841 -0.227272 0.000000 0.000000 0.000000 1.000000
1.000000 0.000000 0.000000 -0.000000 0.000000 0.949841 0.312734 0.710136 0.000000 -0.312734 0.949841 -0.227272 0.000000 0.000000 0.000000 1.000000
1.000000 0.000000 0.000000 0.000000 0.000000 0.949841 0.312734 0.710136 0.000000 -0.312734 0.949841 -0.227272 0.000000 0.000000 0.000000 1.000000
1.000000 0.000000 0.000000 0.000000 0.000000 0.949841 0.312734 0.710136 0.000000 -0.312734 0.949841 -0.227272 0.000000 0.000000 0.000000 1.000000
1.000000 0.000000 0.000000 0.000000 0.000000 0.949841 0.312734 0.710136 0.000000 -0.312734 0.949841 -0.227272 0.000000 0.000000 0.000000 1.000000
1.000000 0.000000 0.000000 0.000000 0.000000 0.949841 0.312734 0.710136 0.000000 -0.312734 0.949841 -0.227272 0.000000 0.000000 0.000000 1.000000
1.000000 0.000000 0.000000 0.000000 0.000000 0.949841 0.312734 0.710136 0.000000 -0.312734 0.949841 -0.227272 0.000000 0.000000 0.000000 1.000000
1.000000 0.000000 0.000000 0.000000 0.000000 0.949841 0.312734 0.710136 0.000000 -0.312734 0.949841 -0.227272 0.000000 0.000000 0.000000 1.000000
1.000000 0.000000 0.000000 0.000000 0.000000 0.949841 0.312734 0.710136 0.000000 -0.312734 0.949841 -0.227272 0.000000 0.000000 0.000000 1.000000
1.000000 0.000000 0.000000 0.000000 0.000000 0.949841 0.312734 0.710136 0.000000 -0.312734 0.949841 -0.227272 0.000000 0.000000 0.000000 1.000000
1.000000 0.000000 0.000000 0.000000 0.000000 0.949841 0.312734 0.710136 0.000000 -0.312734 0.949841 -0.227272 0.000000 0.000000 0.000000 1.000000
1.000000 0.000000 0.000000 0.000000 0.000000 0.949841 0.312734 0.710136 0.000000 -0.312734 0.949841 -0.227272 0.000000 0.000000 0.000000 1.000000
1.000000 0.000000 0.000000 0.000000 0.000000 0.949841 0.312734 0.710136 0.000000 -0.312734 0.949841 -0.227272 0.000000 0.000000 0.000000 1.000000
1.000000 0.000000 0.000000 0.000000 0.000000 0.949841 0.312734 0.710136 0.000000 -0.312734 0.949841 -0.227272 0.000000 0.000000 0.000000 1.000000
1.000000 0.000000 0.000000 0.000000 0.000000 0.949841 0.312734 0.710136 0.000000 -0.312734 0.949841 -0.227272 0.000000 0.000000 0.000000 1.000000</float_array><technique_common><accessor source="#neck02_jnt-Matrix-animation-output-transform-array" count="31" stride="16"><param type="float4x4"/></accessor></technique_common></source><source id="neck02_jnt-Interpolations"><Name_array id="neck02_jnt-Interpolations-array" count="31">
 LINEAR LINEAR LINEAR LINEAR LINEAR LINEAR LINEAR LINEAR LINEAR LINEAR LINEAR
LINEAR LINEAR LINEAR LINEAR LINEAR LINEAR LINEAR LINEAR LINEAR LINEAR LINEAR LINEAR
LINEAR LINEAR LINEAR LINEAR LINEAR LINEAR LINEAR LINEAR</Name_array><technique_common><accessor source="#neck02_jnt-Interpolations-array" count="31"><param type="name"/></accessor></technique_common></source><sampler id="neck02_jnt-Matrix-animation-transform"><input semantic="INPUT" source="#neck02_jnt-Matrix-animation-input"/><input semantic="OUTPUT" source="#neck02_jnt-Matrix-animation-output-transform"/><input semantic="INTERPOLATION" source="#neck02_jnt-Interpolations"/></sampler><channel source="#neck02_jnt-Matrix-animation-transform" target="neck02_jnt/matrix"/></animation></animation>
    <animation id="head_jnt-anim" name="head_jnt"><animation><source id="head_jnt-Matrix-animation-input"><float_array id="head_jnt-Matrix-animation-input-array" count="31">

0.000000 0.033333 0.066667 0.100000 0.133333 0.166667 0.200000 0.233333 0.266667 0.300000 0.333333 0.366667 0.400000 0.433333 0.466667 0.500000
0.533333 0.566667 0.600000 0.633333 0.666667 0.700000 0.733333 0.766667 0.800000 0.833333 0.866667 0.900000 0.933333 0.966667 1.000000</float_array><technique_common><accessor source="#head_jnt-Matrix-animation-input-array" count="31"><param name="TIME" type="float"/></accessor></technique_common></source><source id="head_jnt-Matrix-animation-output-transform"><float_array id="head_jnt-Matrix-animation-output-transform-array" count="496">

1.000000 0.000000 0.000000 0.000096 0.000000 1.000000 0.000472 0.622134 0.000000 -0.000472 1.000000 0.000000 0.000000 0.000000 0.000000 1.000000
1.000000 0.000000 0.000000 0.000096 0.000000 1.000000 0.000472 0.622134 0.000000 -0.000472 1.000000 0.000000 0.000000 0.000000 0.000000 1.000000
1.000000 0.000000 0.000000 0.000096 0.000000 1.000000 0.000472 0.622134 0.000000 -0.000472 1.000000 0.000000 0.000000 0.000000 0.000000 1.000000
1.000000 0.000000 0.000000 0.000096 0.000000 1.000000 0.000472 0.622134 0.000000 -0.000472 1.000000 -0.000000 0.000000 0.000000 0.000000 1.000000
1.000000 0.000000 0.000000 0.000096 0.000000 1.000000 0.000472 0.622134 0.000000 -0.000472 1.000000 -0.000000 0.000000 0.000000 0.000000 1.000000
1.000000 0.000000 0.000000 0.000096 0.000000 1.000000 0.000472 0.622134 0.000000 -0.000472 1.000000 -0.000000 0.000000 0.000000 0.000000 1.000000
1.000000 0.000000 0.000000 0.000096 0.000000 1.000000 0.000472 0.622134 0.000000 -0.000472 1.000000 -0.000000 0.000000 0.000000 0.000000 1.000000
1.000000 0.000000 0.000000 0.000096 0.000000 1.000000 0.000472 0.622134 0.000000 -0.000472 1.000000 -0.000000 0.000000 0.000000 0.000000 1.000000
1.000000 0.000000 0.000000 0.000096 0.000000 1.000000 0.000472 0.622134 0.000000 -0.000472 1.000000 0.000000 0.000000 0.000000 0.000000 1.000000
1.000000 0.000000 0.000000 0.000096 0.000000 1.000000 0.000472 0.622134 0.000000 -0.000472 1.000000 0.000000 0.000000 0.000000 0.000000 1.000000
1.000000 0.000000 0.000000 0.000096 0.000000 1.000000 0.000472 0.622134 0.000000 -0.000472 1.000000 0.000000 0.000000 0.000000 0.000000 1.000000
1.000000 0.000000 0.000000 0.000096 0.000000 1.000000 0.000472 0.622134 0.000000 -0.000472 1.000000 0.000000 0.000000 0.000000 0.000000 1.000000
1.000000 0.000000 0.000000 0.000096 0.000000 1.000000 0.000472 0.622134 0.000000 -0.000472 1.000000 0.000000 0.000000 0.000000 0.000000 1.000000
1.000000 0.000000 0.000000 0.000096 0.000000 1.000000 0.000472 0.622134 0.000000 -0.000472 1.000000 0.000000 0.000000 0.000000 0.000000 1.000000
1.000000 0.000000 0.000000 0.000096 0.000000 1.000000 0.000472 0.622134 0.000000 -0.000472 1.000000 -0.000000 0.000000 0.000000 0.000000 1.000000
1.000000 0.000000 0.000000 0.000096 0.000000 1.000000 0.000472 0.622134 0.000000 -0.000472 1.000000 -0.000000 0.000000 0.000000 0.000000 1.000000
0.999739 -0.000106 -0.022832 0.000096 0.000120 1.000000 0.000612 0.622134 0.022832 -0.000615 0.999739 -0.000000 0.000000 0.000000 0.000000 1.000000
0.996352 -0.000363 -0.085340 0.000096 0.000448 0.999999 0.000970 0.622134 0.085340 -0.001005 0.996351 0.000000 0.000000 0.000000 0.000000 1.000000
0.984024 -0.000657 -0.178037 0.000096 0.000926 0.999999 0.001429 0.622134 0.178036 -0.001571 0.984023 0.000000 0.000000 0.000000 0.000000 1.000000
0.956908 -0.000875 -0.290392 0.000096 0.001483 0.999997 0.001873 0.622134 0.290389 -0.002223 0.956906 0.000000 0.000000 0.000000 0.000000 1.000000
0.911639 -0.000939 -0.410990 0.000096 0.002030 0.999995 0.002218 0.622134 0.410986 -0.002856 0.911637 0.000000 0.000000 0.000000 0.000000 1.000000
0.848917 -0.000829 -0.528526 0.000096 0.002486 0.999994 0.002423 0.622134 0.528521 -0.003371 0.848914 0.000000 0.000000 0.000000 0.000000 1.000000
0.773934 -0.000578 -0.633267 0.000096 0.002791 0.999993 0.002497 0.622134 0.633261 -0.003700 0.773930 0.000000 0.000000 0.000000 0.000000 1.000000
0.695694 -0.000258 -0.718339 0.000096 0.002932 0.999993 0.002481 0.622134 0.718333 -0.003832 0.695689 0.000000 0.000000 0.000000 0.000000 1.000000
0.625552 0.000050 -0.780183 0.000096 0.002944 0.999993 0.002424 0.622134 0.780177 -0.003813 0.625547 0.000000 0.000000 0.000000 0.000000 1.000000
0.575511 0.000271 -0.817794 0.000096 0.002898 0.999993 0.002371 0.622134 0.817789 -0.003735 0.575506 0.000000 0.000000 0.000000 0.000000 1.000000
0.556689 0.000354 -0.830721 0.000096 0.002870 0.999993 0.002350 0.622134 0.830716 -0.003692 0.556684 0.000000 0.000000 0.000000 0.000000 1.000000
0.615043 0.000074 -0.788494 0.000096 0.003171 0.999992 0.002568 0.622134 0.788487 -0.004079 0.615037 0.000000 0.000000 0.000000 0.000000 1.000000
0.670205 -0.000233 -0.742176 0.000096 0.003455 0.999990 0.002806 0.622134 0.742168 -0.004445 0.670199 0.000000 0.000000 0.000000 0.000000 1.000000
0.649912 -0.000115 -0.760010 0.000096 0.003351 0.999991 0.002714 0.622134 0.760002 -0.004311 0.649906 0.000000 0.000000 0.000000 0.000000 1.000000
0.629144 0.000000 -0.777289 0.000096 0.003244 0.999991 0.002625 0.622134 0.777282 -0.004173 0.629138 0.000000 0.000000 0.000000 0.000000 1.000000</float_array><technique_common><accessor source="#head_jnt-Matrix-animation-output-transform-array" count="31" stride="16"><param type="float4x4"/></accessor></technique_common></source><source id="head_jnt-Interpolations"><Name_array id="head_jnt-Interpolations-array" count="31">
 LINEAR LINEAR LINEAR LINEAR LINEAR LINEAR LINEAR LINEAR LINEAR LINEAR LINEAR
LINEAR LINEAR LINEAR LINEAR LINEAR LINEAR LINEAR LINEAR LINEAR LINEAR LINEAR LINEAR
LINEAR LINEAR LINEAR LINEAR LINEAR LINEAR LINEAR LINEAR</Name_array><technique_common><accessor source="#head_jnt-Interpolations-array" count="31"><param type="name"/></accessor></technique_common></source><sampler id="head_jnt-Matrix-animation-transform"><input semantic="INPUT" source="#head_jnt-Matrix-animation-input"/><input semantic="OUTPUT" source="#head_jnt-Matrix-animation-output-transform"/><input semantic="INTERPOLATION" source="#head_jnt-Interpolations"/></sampler><channel source="#head_jnt-Matrix-animation-transform" target="head_jnt/matrix"/></animation></animation>
    <animation id="lowereye_jnt-anim" name="lowereye_jnt"><animation><source id="lowereye_jnt-Matrix-animation-input"><float_array id="lowereye_jnt-Matrix-animation-input-array" count="31">

0.000000 0.033333 0.066667 0.100000 0.133333 0.166667 0.200000 0.233333 0.266667 0.300000 0.333333 0.366667 0.400000 0.433333 0.466667 0.500000
0.533333 0.566667 0.600000 0.633333 0.666667 0.700000 0.733333 0.766667 0.800000 0.833333 0.866667 0.900000 0.933333 0.966667 1.000000</float_array><technique_common><accessor source="#lowereye_jnt-Matrix-animation-input-array" count="31"><param name="TIME" type="float"/></accessor></technique_common></source><source id="lowereye_jnt-Matrix-animation-output-transform"><float_array id="lowereye_jnt-Matrix-animation-output-transform-array" count="496">

1.000000 0.000000 0.000000 0.000001 0.000000 1.420000 0.000000 0.036613 0.000000 0.000000 1.000000 1.770522 0.000000 0.000000 0.000000 1.000000
1.000000 0.000000 0.000000 0.000001 0.000000 1.420000 0.000000 0.036613 0.000000 -0.000000 1.000000 1.770522 0.000000 0.000000 0.000000 1.000000
1.000000 0.000000 0.000000 0.000001 0.000000 1.420000 0.000000 0.036613 0.000000 -0.000000 1.000000 1.770522 0.000000 0.000000 0.000000 1.000000
1.000000 0.000000 0.000000 0.000001 0.000000 1.420000 0.000000 0.036613 0.000000 0.000000 1.000000 1.770522 0.000000 0.000000 0.000000 1.000000
1.000000 0.000000 0.000000 0.000001 0.000000 1.420000 0.000000 0.036613 0.000000 0.000000 1.000000 1.770522 0.000000 0.000000 0.000000 1.000000
1.000000 0.000000 0.000000 0.000001 0.000000 1.420000 0.000000 0.036613 0.000000 0.000000 1.000000 1.770522 0.000000 0.000000 0.000000 1.000000
1.000000 0.000000 0.000000 0.000001 0.000000 1.420000 -0.000000 0.036613 0.000000 0.000000 1.000000 1.770522 0.000000 0.000000 0.000000 1.000000
1.000000 0.000000 0.000000 0.000001 0.000000 1.420000 0.000000 0.036613 0.000000 -0.000000 1.000000 1.770522 0.000000 0.000000 0.000000 1.000000
1.000000 0.000000 0.000000 0.000001 0.000000 1.420000 0.000000 0.036613 0.000000 0.000000 1.000000 1.770522 0.000000 0.000000 0.000000 1.000000
1.000000 0.000000 0.000000 0.000001 0.000000 1.420000 0.000000 0.036613 0.000000 -0.000000 1.000000 1.770522 0.000000 0.000000 0.000000 1.000000
1.000000 0.000000 0.000000 0.000001 0.000000 1.420000 0.000000 0.036613 0.000000 0.000000 1.000000 1.770522 0.000000 0.000000 0.000000 1.000000
1.000000 0.000000 0.000000 0.000001 0.000000 1.419923 0.000000 0.036613 0.000000 -0.000000 1.000000 1.770522 0.000000 0.000000 0.000000 1.000000
1.000000 0.000000 0.000000 0.000001 0.000000 1.418858 -0.000000 0.036613 0.000000 0.000000 1.000000 1.770522 0.000000 0.000000 0.000000 1.000000
1.000000 0.000000 0.000000 0.000001 0.000000 1.414696 0.000000 0.036613 0.000000 -0.000000 1.000000 1.770522 0.000000 0.000000 0.000000 1.000000
1.000000 0.000000 0.000000 0.000001 0.000000 1.404737 0.000000 0.036613 0.000000 -0.000000 1.000000 1.770522 0.000000 0.000000 0.000000 1.000000
1.000000 0.000000 0.000000 0.000001 0.000000 1.386311 0.000000 0.036613 0.000000 0.000000 1.000000 1.770522 0.000000 0.000000 0.000000 1.000000
1.000000 -0.000000 0.000000 0.000001 -0.000000 1.357291 0.000000 0.036613 0.000000 -0.000000 1.000000 1.770522 0.000000 0.000000 0.000000 1.000000
1.000000 0.000000 0.000000 0.000001 -0.000000 1.316430 -0.000000 0.036613 -0.000000 -0.000000 1.000000 1.770522 0.000000 0.000000 0.000000 1.000000
1.000000 -0.000000 0.000000 0.000001 -0.000000 1.263560 -0.000000 0.036613 -0.000000 0.000000 1.000000 1.770522 0.000000 0.000000 0.000000 1.000000
1.000000 0.000000 -0.000000 0.000001 -0.000000 1.199614 0.000000 0.036613 0.000000 0.000000 1.000000 1.770522 0.000000 0.000000 0.000000 1.000000
1.000000 0.000000 -0.000000 0.000001 0.000000 1.126525 0.000000 0.036613 0.000000 0.000000 1.000000 1.770522 0.000000 0.000000 0.000000 1.000000
1.000000 -0.000000 -0.000000 0.000001 0.000000 1.047013 0.000000 0.036613 -0.000000 0.000000 1.000000 1.770522 0.000000 0.000000 0.000000 1.000000
1.000000 0.000000 0.000000 0.000001 -0.000000 0.964314 0.000000 0.036613 -0.000000 -0.000000 1.000000 1.770522 0.000000 0.000000 0.000000 1.000000
1.000000 0.000000 0.000000 0.000001 0.000000 0.881872 -0.000000 0.036613 0.000000 0.000000 1.000000 1.770522 0.000000 0.000000 0.000000 1.000000
1.000000 0.000000 0.000000 0.000001 0.000000 0.803058 0.000000 0.036613 0.000000 0.000000 1.000000 1.770522 0.000000 0.000000 0.000000 1.000000
1.000000 -0.000000 0.000000 0.000001 0.000000 0.730927 0.000000 0.036613 -0.000000 -0.000000 1.000000 1.770522 0.000000 0.000000 0.000000 1.000000
1.000000 0.000000 0.000000 0.000001 -0.000000 0.668078 0.000000 0.036613 0.000000 0.000000 1.000000 1.770522 0.000000 0.000000 0.000000 1.000000
1.000000 0.000000 -0.000000 0.000001 0.000000 0.616598 0.000000 0.036613 -0.000000 0.000000 1.000000 1.770522 0.000000 0.000000 0.000000 1.000000
1.000000 -0.000000 0.000000 0.000001 -0.000000 0.578136 0.000000 0.036613 0.000000 0.000000 1.000000 1.770522 0.000000 0.000000 0.000000 1.000000
1.000000 -0.000000 0.000000 0.000001 -0.000000 0.554063 -0.000000 0.036613 -0.000000 -0.000000 1.000000 1.770522 0.000000 0.000000 0.000000 1.000000
1.000000 -0.000000 0.000000 0.000001 -0.000000 0.545714 0.000000 0.036613 0.000000 -0.000000 1.000000 1.770522 0.000000 0.000000 0.000000 1.000000</float_array><technique_common><accessor source="#lowereye_jnt-Matrix-animation-output-transform-array" count="31" stride="16"><param type="float4x4"/></accessor></technique_common></source><source id="lowereye_jnt-Interpolations"><Name_array id="lowereye_jnt-Interpolations-array" count="31">
 LINEAR LINEAR LINEAR LINEAR LINEAR LINEAR LINEAR LINEAR LINEAR LINEAR LINEAR
LINEAR LINEAR LINEAR LINEAR LINEAR LINEAR LINEAR LINEAR LINEAR LINEAR LINEAR LINEAR
LINEAR LINEAR LINEAR LINEAR LINEAR LINEAR LINEAR LINEAR</Name_array><technique_common><accessor source="#lowereye_jnt-Interpolations-array" count="31"><param type="name"/></accessor></technique_common></source><sampler id="lowereye_jnt-Matrix-animation-transform"><input semantic="INPUT" source="#lowereye_jnt-Matrix-animation-input"/><input semantic="OUTPUT" source="#lowereye_jnt-Matrix-animation-output-transform"/><input semantic="INTERPOLATION" source="#lowereye_jnt-Interpolations"/></sampler><channel source="#lowereye_jnt-Matrix-animation-transform" target="lowereye_jnt/matrix"/></animation></animation>
    <animation id="uppereye_jnt-anim" name="uppereye_jnt"><animation><source id="uppereye_jnt-Matrix-animation-input"><float_array id="uppereye_jnt-Matrix-animation-input-array" count="31">

0.000000 0.033333 0.066667 0.100000 0.133333 0.166667 0.200000 0.233333 0.266667 0.300000 0.333333 0.366667 0.400000 0.433333 0.466667 0.500000
0.533333 0.566667 0.600000 0.633333 0.666667 0.700000 0.733333 0.766667 0.800000 0.833333 0.866667 0.900000 0.933333 0.966667 1.000000</float_array><technique_common><accessor source="#uppereye_jnt-Matrix-animation-input-array" count="31"><param name="TIME" type="float"/></accessor></technique_common></source><source id="uppereye_jnt-Matrix-animation-output-transform"><float_array id="uppereye_jnt-Matrix-animation-output-transform-array" count="496">

1.000000 0.000000 0.000000 -0.000206 0.000000 1.000000 0.000000 0.666435 0.000000 -0.000000 1.000000 1.696793 0.000000 0.000000 0.000000 1.000000
1.000000 0.000000 0.000000 -0.000206 0.000000 1.000000 0.000000 0.666435 0.000000 0.000000 1.000000 1.696793 0.000000 0.000000 0.000000 1.000000
1.000000 0.000000 0.000000 -0.000206 0.000000 1.000000 0.000000 0.666435 0.000000 -0.000000 1.000000 1.696793 0.000000 0.000000 0.000000 1.000000
1.000000 0.000000 0.000000 -0.000206 0.000000 1.000000 0.000000 0.666435 0.000000 0.000000 1.000000 1.696793 0.000000 0.000000 0.000000 1.000000
1.000000 0.000000 0.000000 -0.000206 0.000000 1.000000 0.000000 0.666435 0.000000 0.000000 1.000000 1.696793 0.000000 0.000000 0.000000 1.000000
1.000000 0.000000 0.000000 -0.000206 0.000000 1.000000 0.000000 0.666435 0.000000 0.000000 1.000000 1.696793 0.000000 0.000000 0.000000 1.000000
1.000000 0.000000 0.000000 -0.000206 0.000000 1.000000 -0.000000 0.666435 0.000000 0.000000 1.000000 1.696793 0.000000 0.000000 0.000000 1.000000
1.000000 0.000000 0.000000 -0.000206 0.000000 1.000000 0.000000 0.666435 0.000000 0.000000 1.000000 1.696793 0.000000 0.000000 0.000000 1.000000
1.000000 0.000000 0.000000 -0.000206 0.000000 1.000000 0.000000 0.666435 0.000000 -0.000000 1.000000 1.696793 0.000000 0.000000 0.000000 1.000000
1.000000 0.000000 0.000000 -0.000206 0.000000 1.000000 0.000000 0.666435 0.000000 -0.000000 1.000000 1.696793 0.000000 0.000000 0.000000 1.000000
1.000000 0.000000 0.000000 -0.000206 0.000000 1.000000 0.000000 0.666435 0.000000 0.000000 1.000000 1.696793 0.000000 0.000000 0.000000 1.000000
1.000000 0.000000 0.000000 -0.000206 0.000000 0.999906 0.000000 0.666435 0.000000 0.000000 1.000000 1.696793 0.000000 0.000000 0.000000 1.000000
1.000000 0.000000 0.000000 -0.000206 0.000000 0.998615 -0.000000 0.666435 0.000000 0.000000 1.000000 1.696793 0.000000 0.000000 0.000000 1.000000
1.000000 0.000000 0.000000 -0.000206 0.000000 0.993626 0.000000 0.666435 0.000000 -0.000000 1.000000 1.696793 0.000000 0.000000 0.000000 1.000000
1.000000 0.000000 0.000000 -0.000206 0.000000 0.981881 0.000000 0.666435 0.000000 0.000000 1.000000 1.696793 0.000000 0.000000 0.000000 1.000000
1.000000 0.000000 0.000000 -0.000206 0.000000 0.960632 0.000000 0.666435 0.000000 0.000000 1.000000 1.696793 0.000000 0.000000 0.000000 1.000000
1.000000 -0.000000 0.000000 -0.000206 -0.000000 0.928112 0.000000 0.666435 0.000000 -0.000000 1.000000 1.696793 0.000000 0.000000 0.000000 1.000000
1.000000 0.000000 0.000000 -0.000206 -0.000000 0.883950 -0.000000 0.666435 -0.000000 -0.000000 1.000000 1.696793 0.000000 0.000000 0.000000 1.000000
1.000000 0.000000 0.000000 -0.000206 -0.000000 0.829310 -0.000000 0.666435 -0.000000 0.000000 1.000000 1.696793 0.000000 0.000000 0.000000 1.000000
1.000000 0.000000 -0.000000 -0.000206 -0.000000 0.766774 0.000000 0.666435 0.000000 0.000000 1.000000 1.696793 0.000000 0.000000 0.000000 1.000000
1.000000 0.000000 -0.000000 -0.000206 0.000000 0.700000 0.000000 0.666435 0.000000 -0.000000 1.000000 1.696793 0.000000 0.000000 0.000000 1.000000
1.000000 0.000000 -0.000000 -0.000206 0.000000 0.633226 0.000000 0.666435 -0.000000 0.000000 1.000000 1.696793 0.000000 0.000000 0.000000 1.000000
1.000000 -0.000000 0.000000 -0.000206 -0.000000 0.570690 0.000000 0.666435 -0.000000 0.000000 1.000000 1.696793 0.000000 0.000000 0.000000 1.000000
1.000000 0.000000 0.000000 -0.000206 0.000000 0.516050 -0.000000 0.666435 0.000000 -0.000000 1.000000 1.696793 0.000000 0.000000 0.000000 1.000000
1.000000 0.000000 0.000000 -0.000206 0.000000 0.471888 0.000000 0.666435 0.000000 0.000000 1.000000 1.696793 0.000000 0.000000 0.000000 1.000000
1.000000 -0.000000 0.000000 -0.000206 0.000000 0.439368 0.000000 0.666435 -0.000000 -0.000000 1.000000 1.696793 0.000000 0.000000 0.000000 1.000000
1.000000 0.000000 0.000000 -0.000206 -0.000000 0.418119 0.000000 0.666435 0.000000 0.000000 1.000000 1.696793 0.000000 0.000000 0.000000 1.000000
1.000000 0.000000 -0.000000 -0.000206 0.000000 0.406374 0.000000 0.666435 -0.000000 -0.000000 1.000000 1.696793 0.000000 0.000000 0.000000 1.000000
1.000000 -0.000000 0.000000 -0.000206 -0.000000 0.401385 0.000000 0.666435 0.000000 0.000000 1.000000 1.696793 0.000000 0.000000 0.000000 1.000000
1.000000 -0.000000 0.000000 -0.000206 -0.000000 0.400094 -0.000000 0.666435 -0.000000 0.000000 1.000000 1.696793 0.000000 0.000000 0.000000 1.000000
1.000000 0.000000 0.000000 -0.000206 -0.000000 0.400000 0.000000 0.666435 0.000000 0.000000 1.000000 1.696793 0.000000 0.000000 0.000000 1.000000</float_array><technique_common><accessor source="#uppereye_jnt-Matrix-animation-output-transform-array" count="31" stride="16"><param type="float4x4"/></accessor></technique_common></source><source id="uppereye_jnt-Interpolations"><Name_array id="uppereye_jnt-Interpolations-array" count="31">
 LINEAR LINEAR LINEAR LINEAR LINEAR LINEAR LINEAR LINEAR LINEAR LINEAR LINEAR
LINEAR LINEAR LINEAR LINEAR LINEAR LINEAR LINEAR LINEAR LINEAR LINEAR LINEAR LINEAR
LINEAR LINEAR LINEAR LINEAR LINEAR LINEAR LINEAR LINEAR</Name_array><technique_common><accessor source="#uppereye_jnt-Interpolations-array" count="31"><param type="name"/></accessor></technique_common></source><sampler id="uppereye_jnt-Matrix-animation-transform"><input semantic="INPUT" source="#uppereye_jnt-Matrix-animation-input"/><input semantic="OUTPUT" source="#uppereye_jnt-Matrix-animation-output-transform"/><input semantic="INTERPOLATION" source="#uppereye_jnt-Interpolations"/></sampler><channel source="#uppereye_jnt-Matrix-animation-transform" target="uppereye_jnt/matrix"/></animation></animation>
    <animation id="lamp_jnt-anim" name="lamp_jnt"><animation><source id="lamp_jnt-Matrix-animation-input"><float_array id="lamp_jnt-Matrix-animation-input-array" count="31">

0.000000 0.033333 0.066667 0.100000 0.133333 0.166667 0.200000 0.233333 0.266667 0.300000 0.333333 0.366667 0.400000 0.433333 0.466667 0.500000
0.533333 0.566667 0.600000 0.633333 0.666667 0.700000 0.733333 0.766667 0.800000 0.833333 0.866667 0.900000 0.933333 0.966667 1.000000</float_array><technique_common><accessor source="#lamp_jnt-Matrix-animation-input-array" count="31"><param name="TIME" type="float"/></accessor></technique_common></source><source id="lamp_jnt-Matrix-animation-output-transform"><float_array id="lamp_jnt-Matrix-animation-output-transform-array" count="496">

1.000000 0.000000 0.000000 -4.146596 0.000000 0.668493 -0.743718 2.181666 0.000000 0.743718 0.668493 -1.019675 0.000000 0.000000 0.000000 1.000000
1.000000 0.000000 0.000000 -4.146596 0.000000 0.672151 -0.740414 2.181666 0.000000 0.740414 0.672151 -1.019675 0.000000 0.000000 0.000000 1.000000
1.000000 0.000000 0.000000 -4.146596 0.000000 0.682597 -0.730795 2.181666 0.000000 0.730795 0.682597 -1.019675 0.000000 0.000000 0.000000 1.000000
1.000000 0.000000 0.000000 -4.146596 0.000000 0.698928 -0.715192 2.181666 0.000000 0.715192 0.698928 -1.019675 0.000000 0.000000 0.000000 1.000000
