<?xml version="1.0" encoding="utf-8"?>
<COLLADA xmlns="http://www.collada.org/2005/11/COLLADASchema" version="1.4.1">
  <asset><contributor><author></author><authoring_tool>FBX COLLADA exporter</authoring_tool><comments></comments></contributor><created>2020-02-26T09:07:29Z</created><keywords></keywords><modified>2020-02-26T09:07:29Z</modified><revision></revision><subject></subject><title></title><unit meter="0.010000" name="centimeter"></unit><up_axis>Y_UP</up_axis></asset>
  <library_animations>
    <animation id="root_jnt-anim" name="root_jnt"><animation><source id="root_jnt-Matrix-animation-input"><float_array id="root_jnt-Matrix-animation-input-array" count="31">

0.000000 0.033333 0.066667 0.100000 0.133333 0.166667 0.200000 0.233333 0.266667 0.300000 0.333333 0.366667 0.400000 0.433333 0.466667 0.500000
0.533333 0.566667 0.600000 0.633333 0.666667 0.700000 0.733333 0.766667 0.800000 0.833333 0.866667 0.900000 0.933333 0.966667 1.000000</float_array><technique_common><accessor source="#root_jnt-Matrix-animation-input-array" count="31"><param name="TIME" type="float"/></accessor></technique_common></source><source id="root_jnt-Matrix-animation-output-transform"><float_array id="root_jnt-Matrix-animation-output-transform-array" count="496">

1.000000 0.000000 0.000000 0.000000 0.000000 1.000000 0.000000 0.594957 0.000000 0.000000 1.000000 0.000000 0.000000 0.000000 0.000000 1.000000
1.000000 0.000000 0.000000 0.000000 0.000000 1.000000 0.000000 0.594957 0.000000 0.000000 1.000000 0.000000 0.000000 0.000000 0.000000 1.000000
1.000000 0.000000 0.000000 0.000000 0.000000 1.000000 0.000000 0.594957 0.000000 0.000000 1.000000 0.000000 0.000000 0.000000 0.000000 1.000000
1.000000 0.000000 0.000000 0.000000 0.000000 1.000000 0.000000 0.594957 0.000000 0.000000 1.000000 0.000000 0.000000 0.000000 0.000000 1.000000
1.000000 0.000000 0.000000 0.000000 0.000000 1.000000 0.000000 0.594957 0.000000 0.000000 1.000000 0.000000 0.000000 0.000000 0.000000 1.000000
1.000000 0.000000 0.000000 0.000000 0.000000 1.000000 0.000000 0.594957 0.000000 0.000000 1.000000 0.000000 0.000000 0.000000 0.000000 1.000000
1.000000 0.000000 0.000000 0.000000 0.000000 1.000000 0.000000 0.594957 0.000000 0.000000 1.000000 0.000000 0.000000 0.000000 0.000000 1.000000
1.000000 0.000000 0.000000 0.000000 0.000000 1.000000 0.000000 0.594957 0.000000 0.000000 1.000000 0.000000 0.000000 0.000000 0.000000 1.000000
1.000000 0.000000 0.000000 0.000000 0.000000 1.000000 0.000000 0.594957 0.000000 0.000000 1.000000 0.000000 0.000000 0.000000 0.000000 1.000000
1.000000 0.000000 0.000000 0.000000 0.000000 1.000000 0.000000 0.594957 0.000000 0.000000 1.000000 0.000000 0.000000 0.000000 0.000000 1.000000
1.000000 0.000000 0.000000 0.000000 0.000000 1.000000 0.000000 0.594957 0.000000 0.000000 1.000000 0.000000 0.000000 0.000000 0.000000 1.000000
1.000000 0.000000 0.000000 0.000000 0.000000 1.000000 0.000000 0.594957 0.000000 0.000000 1.000000 0.000000 0.000000 0.000000 0.000000 1.000000
1.000000 0.000000 0.000000 0.000000 0.000000 1.000000 0.000000 0.594957 0.000000 0.000000 1.000000 0.000000 0.000000 0.000000 0.000000 1.000000
1.000000 0.000000 0.000000 0.000000 0.000000 1.000000 0.000000 0.594957 0.000000 0.000000 1.000000 0.000000 0.000000 0.000000 0.000000 1.000000
1.000000 0.000000 0.000000 0.000000 0.000000 1.000000 0.000000 0.594957 0.000000 0.000000 1.000000 0.000000 0.000000 0.000000 0.000000 1.000000
1.000000 0.000000 0.000000 0.000000 0.000000 1.000000 0.000000 0.594957 0.000000 0.000000 1.000000 0.000000 0.000000 0.000000 0.000000 1.000000
1.000000 0.000000 0.000000 0.000000 0.000000 1.000000 0.000000 0.594957 0.000000 0.000000 1.000000 0.000000 0.000000 0.000000 0.000000 1.000000
1.000000 0.000000 0.000000 0.000000 0.000000 1.000000 0.000000 0.594957 0.000000 0.000000 1.000000 0.000000 0.000000 0.000000 0.000000 1.000000
1.000000 0.000000 0.000000 0.000000 0.000000 1.000000 0.000000 0.594957 0.000000 0.000000 1.000000 0.000000 0.000000 0.000000 0.000000 1.000000
1.000000 0.000000 0.000000 0.000000 0.000000 1.000000 0.000000 0.594957 0.000000 0.000000 1.000000 0.000000 0.000000 0.000000 0.000000 1.000000
1.000000 0.000000 0.000000 0.000000 0.000000 1.000000 0.000000 0.594957 0.000000 0.000000 1.000000 0.000000 0.000000 0.000000 0.000000 1.000000
1.000000 0.000000 0.000000 0.000000 0.000000 1.000000 0.000000 0.594957 0.000000 0.000000 1.000000 0.000000 0.000000 0.000000 0.000000 1.000000
1.000000 0.000000 0.000000 0.000000 0.000000 1.000000 0.000000 0.594957 0.000000 0.000000 1.000000 0.000000 0.000000 0.000000 0.000000 1.000000
1.000000 0.000000 0.000000 0.000000 0.000000 1.000000 0.000000 0.594957 0.000000 0.000000 1.000000 0.000000 0.000000 0.000000 0.000000 1.000000
1.000000 0.000000 0.000000 0.000000 0.000000 1.000000 0.000000 0.594957 0.000000 0.000000 1.000000 0.000000 0.000000 0.000000 0.000000 1.000000
1.000000 0.000000 0.000000 0.000000 0.000000 1.000000 0.000000 0.594957 0.000000 0.000000 1.000000 0.000000 0.000000 0.000000 0.000000 1.000000
1.000000 0.000000 0.000000 0.000000 0.000000 1.000000 0.000000 0.594957 0.000000 0.000000 1.000000 0.000000 0.000000 0.000000 0.000000 1.000000
1.000000 0.000000 0.000000 0.000000 0.000000 1.000000 0.000000 0.594957 0.000000 0.000000 1.000000 0.000000 0.000000 0.000000 0.000000 1.000000
1.000000 0.000000 0.000000 0.000000 0.000000 1.000000 0.000000 0.594957 0.000000 0.000000 1.000000 0.000000 0.000000 0.000000 0.000000 1.000000
1.000000 0.000000 0.000000 0.000000 0.000000 1.000000 0.000000 0.594957 0.000000 0.000000 1.000000 0.000000 0.000000 0.000000 0.000000 1.000000
1.000000 0.000000 0.000000 0.000000 0.000000 1.000000 0.000000 0.594957 0.000000 0.000000 1.000000 0.000000 0.000000 0.000000 0.000000 1.000000</float_array><technique_common><accessor source="#root_jnt-Matrix-animation-output-transform-array" count="31" stride="16"><param type="float4x4"/></accessor></technique_common></source><source id="root_jnt-Interpolations"><Name_array id="root_jnt-Interpolations-array" count="31">
 LINEAR LINEAR LINEAR LINEAR LINEAR LINEAR LINEAR LINEAR LINEAR LINEAR LINEAR
LINEAR LINEAR LINEAR LINEAR LINEAR LINEAR LINEAR LINEAR LINEAR LINEAR LINEAR LINEAR
LINEAR LINEAR LINEAR LINEAR LINEAR LINEAR LINEAR LINEAR</Name_array><technique_common><accessor source="#root_jnt-Interpolations-array" count="31"><param type="name"/></accessor></technique_common></source><sampler id="root_jnt-Matrix-animation-transform"><input semantic="INPUT" source="#root_jnt-Matrix-animation-input"/><input semantic="OUTPUT" source="#root_jnt-Matrix-animation-output-transform"/><input semantic="INTERPOLATION" source="#root_jnt-Interpolations"/></sampler><channel source="#root_jnt-Matrix-animation-transform" target="root_jnt/matrix"/></animation></animation>
    <animation id="neck01_jnt-anim" name="neck01_jnt"><animation><source id="neck01_jnt-Matrix-animation-input"><float_array id="neck01_jnt-Matrix-animation-input-array" count="31">

0.000000 0.033333 0.066667 0.100000 0.133333 0.166667 0.200000 0.233333 0.266667 0.300000 0.333333 0.366667 0.400000 0.433333 0.466667 0.500000
0.533333 0.566667 0.600000 0.633333 0.666667 0.700000 0.733333 0.766667 0.800000 0.833333 0.866667 0.900000 0.933333 0.966667 1.000000</float_array><technique_common><accessor source="#neck01_jnt-Matrix-animation-input-array" count="31"><param name="TIME" type="float"/></accessor></technique_common></source><source id="neck01_jnt-Matrix-animation-output-transform"><float_array id="neck01_jnt-Matrix-animation-output-transform-array" count="496">

1.000000 0.000000 0.000000 4.215000 0.000000 0.937569 -0.347799 0.879035 0.000000 0.347799 0.937569 -0.229874 0.000000 0.000000 0.000000 1.000000
1.000000 0.000000 0.000000 4.215000 0.000000 0.936697 -0.350141 0.879035 0.000000 0.350141 0.936697 -0.229874 0.000000 0.000000 0.000000 1.000000
1.000000 0.000000 0.000000 4.215000 0.000000 0.934128 -0.356938 0.879035 0.000000 0.356938 0.934128 -0.229874 0.000000 0.000000 0.000000 1.000000
1.000000 0.000000 0.000000 4.215000 0.000000 0.929890 -0.367839 0.879035 0.000000 0.367839 0.929890 -0.229874 0.000000 0.000000 0.000000 1.000000
1.000000 0.000000 0.000000 4.215000 0.000000 0.923968 -0.382469 0.879035 0.000000 0.382469 0.923968 -0.229874 0.000000 0.000000 0.000000 1.000000
1.000000 0.000000 0.000000 4.215000 0.000000 0.916323 -0.400441 0.879035 0.000000 0.400441 0.916323 -0.229874 0.000000 0.000000 0.000000 1.000000
1.000000 0.000000 0.000000 4.215000 0.000000 0.906897 -0.421352 0.879035 0.000000 0.421352 0.906897 -0.229874 0.000000 0.000000 0.000000 1.000000
1.000000 0.000000 0.000000 4.215000 0.000000 0.895636 -0.444788 0.879035 0.000000 0.444788 0.895636 -0.229874 0.000000 0.000000 0.000000 1.000000
1.000000 0.000000 0.000000 4.215000 0.000000 0.882490 -0.470331 0.879035 0.000000 0.470331 0.882490 -0.229874 0.000000 0.000000 0.000000 1.000000
1.000000 0.000000 0.000000 4.215000 0.000000 0.867432 -0.497556 0.879035 0.000000 0.497556 0.867432 -0.229874 0.000000 0.000000 0.000000 1.000000
1.000000 0.000000 0.000000 4.215000 0.000000 0.850461 -0.526038 0.879035 0.000000 0.526038 0.850461 -0.229874 0.000000 0.000000 0.000000 1.000000
1.000000 0.000000 0.000000 4.215000 0.000000 0.831610 -0.555360 0.879035 0.000000 0.555360 0.831610 -0.229874 0.000000 0.000000 0.000000 1.000000
1.000000 0.000000 0.000000 4.215000 0.000000 0.810953 -0.585112 0.879035 0.000000 0.585112 0.810953 -0.229874 0.000000 0.000000 0.000000 1.000000
1.000000 0.000000 0.000000 4.215000 0.000000 0.788603 -0.614902 0.879035 0.000000 0.614902 0.788603 -0.229874 0.000000 0.000000 0.000000 1.000000
1.000000 0.000000 0.000000 4.215000 0.000000 0.764721 -0.644361 0.879035 0.000000 0.644361 0.764721 -0.229874 0.000000 0.000000 0.000000 1.000000
1.000000 0.000000 0.000000 4.215000 0.000000 0.739510 -0.673146 0.879035 0.000000 0.673146 0.739510 -0.229874 0.000000 0.000000 0.000000 1.000000
1.000000 0.000000 0.000000 4.215000 0.000000 0.713216 -0.700944 0.879035 0.000000 0.700944 0.713216 -0.229874 0.000000 0.000000 0.000000 1.000000
1.000000 0.000000 0.000000 4.215000 0.000000 0.686126 -0.727483 0.879035 0.000000 0.727483 0.686126 -0.229874 0.000000 0.000000 0.000000 1.000000
1.000000 0.000000 0.000000 4.215000 0.000000 0.658562 -0.752527 0.879035 0.000000 0.752527 0.658562 -0.229874 0.000000 0.000000 0.000000 1.000000
1.000000 0.000000 0.000000 4.215000 0.000000 0.630877 -0.775883 0.879035 0.000000 0.775883 0.630877 -0.229874 0.000000 0.000000 0.000000 1.000000
1.000000 0.000000 0.000000 4.215000 0.000000 0.603452 -0.797399 0.879035 0.000000 0.797399 0.603452 -0.229874 0.000000 0.000000 0.000000 1.000000
1.000000 0.000000 0.000000 4.215000 0.000000 0.576686 -0.816966 0.879035 0.000000 0.816966 0.576686 -0.229874 0.000000 0.000000 0.000000 1.000000
1.000000 0.000000 0.000000 4.215000 0.000000 0.550993 -0.834510 0.879035 0.000000 0.834510 0.550993 -0.229874 0.000000 0.000000 0.000000 1.000000
1.000000 0.000000 0.000000 4.215000 0.000000 0.526795 -0.849992 0.879035 0.000000 0.849992 0.526795 -0.229874 0.000000 0.000000 0.000000 1.000000
1.000000 0.000000 0.000000 4.215000 0.000000 0.504518 -0.863401 0.879035 0.000000 0.863401 0.504518 -0.229874 0.000000 0.000000 0.000000 1.000000
1.000000 0.000000 0.000000 4.215000 0.000000 0.484583 -0.874745 0.879035 0.000000 0.874745 0.484583 -0.229874 0.000000 0.000000 0.000000 1.000000
1.000000 0.000000 0.000000 4.215000 0.000000 0.467407 -0.884042 0.879035 0.000000 0.884042 0.467407 -0.229874 0.000000 0.000000 0.000000 1.000000
1.000000 0.000000 0.000000 4.215000 0.000000 0.453396 -0.891309 0.879035 0.000000 0.891309 0.453396 -0.229874 0.000000 0.000000 0.000000 1.000000
1.000000 0.000000 0.000000 4.215000 0.000000 0.442941 -0.896551 0.879035 0.000000 0.896551 0.442941 -0.229874 0.000000 0.000000 0.000000 1.000000
1.000000 0.000000 0.000000 4.215000 0.000000 0.436414 -0.899746 0.879035 0.000000 0.899746 0.436414 -0.229874 0.000000 0.000000 0.000000 1.000000
1.000000 0.000000 0.000000 4.215000 0.000000 0.434165 -0.900833 0.879035 0.000000 0.900833 0.434165 -0.229874 0.000000 0.000000 0.000000 1.000000</float_array><technique_common><accessor source="#neck01_jnt-Matrix-animation-output-transform-array" count="31" stride="16"><param type="float4x4"/></accessor></technique_common></source><source id="neck01_jnt-Interpolations"><Name_array id="neck01_jnt-Interpolations-array" count="31">
 LINEAR LINEAR LINEAR LINEAR LINEAR LINEAR LINEAR LINEAR LINEAR LINEAR LINEAR
LINEAR LINEAR LINEAR LINEAR LINEAR LINEAR LINEAR LINEAR LINEAR LINEAR LINEAR LINEAR
LINEAR LINEAR LINEAR LINEAR LINEAR LINEAR LINEAR LINEAR</Name_array><technique_common><accessor source="#neck01_jnt-Interpolations-array" count="31"><param type="name"/></accessor></technique_common></source><sampler id="neck01_jnt-Matrix-animation-transform"><input semantic="INPUT" source="#neck01_jnt-Matrix-animation-input"/><input semantic="OUTPUT" source="#neck01_jnt-Matrix-animation-output-transform"/><input semantic="INTERPOLATION" source="#neck01_jnt-Interpolations"/></sampler><channel source="#neck01_jnt-Matrix-animation-transform" target="neck01_jnt/matrix"/></animation></animation>
    <animation id="neck02_jnt-anim" name="neck02_jnt"><animation><source id="neck02_jnt-Matrix-animation-input"><float_array id="neck02_jnt-Matrix-animation-input-array" count="31">

0.000000 0.033333 0.066667 0.100000 0.133333 0.166667 0.200000 0.233333 0.266667 0.300000 0.333333 0.366667 0.400000 0.433333 0.466667 0.500000
0.533333 0.566667 0.600000 0.633333 0.666667 0.700000 0.733333 0.766667 0.800000 0.833333 0.866667 0.900000 0.933333 0.966667 1.000000</float_array><technique_common><accessor source="#neck02_jnt-Matrix-animation-input-array" count="31"><param name="TIME" type="float"/></accessor></technique_common></source><source id="neck02_jnt-Matrix-animation-output-transform"><float_array id="neck02_jnt-Matrix-animation-output-transform-array" count="496">

1.000000 0.000000 0.000000 0.000000 0.000000 0.949841 0.312734 0.710136 0.000000 -0.312734 0.949841 -0.227272 0.000000 0.000000 0.000000 1.000000
1.000000 0.000000 0.000000 -0.000000 0.000000 0.949030 0.315187 0.710136 0.000000 -0.315187 0.949030 -0.227272 0.000000 0.000000 0.000000 1.000000
1.000000 0.000000 0.000000 0.000000 0.000000 0.946634 0.322311 0.710136 0.000000 -0.322311 0.946634 -0.227272 0.000000 0.000000 0.000000 1.000000
1.000000 0.000000 0.000000 0.000000 0.000000 0.942666 0.333737 0.710136 0.000000 -0.333737 0.942666 -0.227272 0.000000 0.000000 0.000000 1.000000
1.000000 0.000000 0.000000 0.000000 0.000000 0.937093 0.349080 0.710136 0.000000 -0.349080 0.937093 -0.227272 0.000000 0.000000 0.000000 1.000000
1.000000 0.000000 0.000000 0.000000 0.000000 0.929851 0.367935 0.710136 0.000000 -0.367935 0.929851 -0.227272 0.000000 0.000000 0.000000 1.000000
1.000000 0.000000 0.000000 0.000000 0.000000 0.920863 0.389887 0.710136 0.000000 -0.389887 0.920863 -0.227272 0.000000 0.000000 0.000000 1.000000
1.000000 0.000000 0.000000 0.000000 0.000000 0.910046 0.414507 0.710136 0.000000 -0.414507 0.910046 -0.227272 0.000000 0.000000 0.000000 1.000000
1.000000 0.000000 0.000000 0.000000 0.000000 0.897331 0.441359 0.710136 0.000000 -0.441359 0.897331 -0.227272 0.000000 0.000000 0.000000 1.000000
1.000000 0.000000 0.000000 -0.000000 0.000000 0.882667 0.469998 0.710136 0.000000 -0.469998 0.882667 -0.227272 0.000000 0.000000 0.000000 1.000000
1.000000 0.000000 0.000000 0.000000 0.000000 0.866035 0.499984 0.710136 0.000000 -0.499984 0.866035 -0.227272 0.000000 0.000000 0.000000 1.000000
1.000000 0.000000 0.000000 0.000000 0.000000 0.847451 0.530874 0.710136 0.000000 -0.530874 0.847451 -0.227272 0.000000 0.000000 0.000000 1.000000
1.000000 0.000000 0.000000 0.000000 0.000000 0.826973 0.562241 0.710136 0.000000 -0.562241 0.826973 -0.227272 0.000000 0.000000 0.000000 1.000000
1.000000 0.000000 0.000000 -0.000000 0.000000 0.804709 0.593670 0.710136 0.000000 -0.593670 0.804709 -0.227272 0.000000 0.000000 0.000000 1.000000
1.000000 0.000000 0.000000 0.000000 0.000000 0.780810 0.624768 0.710136 0.000000 -0.624768 0.780810 -0.227272 0.000000 0.000000 0.000000 1.000000
1.000000 0.000000 0.000000 0.000000 0.000000 0.755480 0.655172 0.710136 0.000000 -0.655172 0.755480 -0.227272 0.000000 0.000000 0.000000 1.000000
1.000000 0.000000 0.000000 -0.000000 0.000000 0.728967 0.684549 0.710136 0.000000 -0.684549 0.728967 -0.227272 0.000000 0.000000 0.000000 1.000000
1.000000 0.000000 0.000000 0.000000 0.000000 0.701563 0.712608 0.710136 0.000000 -0.712608 0.701563 -0.227272 0.000000 0.000000 0.000000 1.000000
1.000000 0.000000 0.000000 0.000000 0.000000 0.673601 0.739095 0.710136 0.000000 -0.739095 0.673601 -0.227272 0.000000 0.000000 0.000000 1.000000
1.000000 0.000000 0.000000 0.000000 0.000000 0.645447 0.763805 0.710136 0.000000 -0.763805 0.645447 -0.227272 0.000000 0.000000 0.000000 1.000000
1.000000 0.000000 0.000000 0.000000 0.000000 0.617497 0.786573 0.710136 0.000000 -0.786573 0.617497 -0.227272 0.000000 0.000000 0.000000 1.000000
1.000000 0.000000 0.000000 0.000000 0.000000 0.590167 0.807281 0.710136 0.000000 -0.807281 0.590167 -0.227272 0.000000 0.000000 0.000000 1.000000
1.000000 0.000000 0.000000 0.000000 0.000000 0.563890 0.825850 0.710136 0.000000 -0.825850 0.563890 -0.227272 0.000000 0.000000 0.000000 1.000000
1.000000 0.000000 0.000000 0.000000 0.000000 0.539108 0.842237 0.710136 0.000000 -0.842237 0.539108 -0.227272 0.000000 0.000000 0.000000 1.000000
1.000000 0.000000 0.000000 0.000000 0.000000 0.516266 0.856428 0.710136 0.000000 -0.856428 0.516266 -0.227272 0.000000 0.000000 0.000000 1.000000
1.000000 0.000000 0.000000 0.000000 0.000000 0.495807 0.868433 0.710136 0.000000 -0.868433 0.495807 -0.227272 0.000000 0.000000 0.000000 1.000000
1.000000 0.000000 0.000000 0.000000 0.000000 0.478166 0.878270 0.710136 0.000000 -0.878270 0.478166 -0.227272 0.000000 0.000000 0.000000 1.000000
1.000000 0.000000 0.000000 0.000000 0.000000 0.463766 0.885957 0.710136 0.000000 -0.885957 0.463766 -0.227272 0.000000 0.000000 0.000000 1.000000
1.000000 0.000000 0.000000 0.000000 0.000000 0.453017 0.891502 0.710136 0.000000 -0.891502 0.453017 -0.227272 0.000000 0.000000 0.000000 1.000000
1.000000 0.000000 0.000000 -0.000000 0.000000 0.446304 0.894882 0.710136 0.000000 -0.894882 0.446304 -0.227272 0.000000 0.000000 0.000000 1.000000
1.000000 0.000000 0.000000 0.000000 0.000000 0.443990 0.896032 0.710136 0.000000 -0.896032 0.443990 -0.227272 0.000000 0.000000 0.000000 1.000000</float_array><technique_common><accessor source="#neck02_jnt-Matrix-animation-output-transform-array" count="31" stride="16"><param type="float4x4"/></accessor></technique_common></source><source id="neck02_jnt-Interpolations"><Name_array id="neck02_jnt-Interpolations-array" count="31">
 LINEAR LINEAR LINEAR LINEAR LINEAR LINEAR LINEAR LINEAR LINEAR LINEAR LINEAR
LINEAR LINEAR LINEAR LINEAR LINEAR LINEAR LINEAR LINEAR LINEAR LINEAR LINEAR LINEAR
LINEAR LINEAR LINEAR LINEAR LINEAR LINEAR LINEAR LINEAR</Name_array><technique_common><accessor source="#neck02_jnt-Interpolations-array" count="31"><param type="name"/></accessor></technique_common></source><sampler id="neck02_jnt-Matrix-animation-transform"><input semantic="INPUT" source="#neck02_jnt-Matrix-animation-input"/><input semantic="OUTPUT" source="#neck02_jnt-Matrix-animation-output-transform"/><input semantic="INTERPOLATION" source="#neck02_jnt-Interpolations"/></sampler><channel source="#neck02_jnt-Matrix-animation-transform" target="neck02_jnt/matrix"/></animation></animation>
    <animation id="head_jnt-anim" name="head_jnt"><animation><source id="head_jnt-Matrix-animation-input"><float_array id="head_jnt-Matrix-animation-input-array" count="31">

0.000000 0.033333 0.066667 0.100000 0.133333 0.166667 0.200000 0.233333 0.266667 0.300000 0.333333 0.366667 0.400000 0.433333 0.466667 0.500000
0.533333 0.566667 0.600000 0.633333 0.666667 0.700000 0.733333 0.766667 0.800000 0.833333 0.866667 0.900000 0.933333 0.966667 1.000000</float_array><technique_common><accessor source="#head_jnt-Matrix-animation-input-array" count="31"><param name="TIME" type="float"/></accessor></technique_common></source><source id="head_jnt-Matrix-animation-output-transform"><float_array id="head_jnt-Matrix-animation-output-transform-array" count="496">

0.629144 0.000000 -0.777289 0.000096 0.003244 0.999991 0.002625 0.622134 0.777282 -0.004173 0.629138 0.000000 0.000000 0.000000 0.000000 1.000000
0.627999 -0.000017 -0.778214 0.000096 0.003276 0.999991 0.002621 0.622134 0.778207 -0.004196 0.627994 0.000000 0.000000 0.000000 0.000000 1.000000
0.624661 -0.000067 -0.780896 0.000096 0.003369 0.999991 0.002609 0.622134 0.780889 -0.004261 0.624656 -0.000000 0.000000 0.000000 0.000000 1.000000
0.619265 -0.000145 -0.785182 0.000096 0.003515 0.999990 0.002588 0.622134 0.785174 -0.004363 0.619260 0.000000 0.000000 0.000000 0.000000 1.000000
0.611936 -0.000248 -0.790907 0.000096 0.003708 0.999990 0.002556 0.622134 0.790899 -0.004497 0.611931 0.000000 0.000000 0.000000 0.000000 1.000000
0.602794 -0.000371 -0.797897 0.000096 0.003939 0.999989 0.002511 0.622134 0.797887 -0.004657 0.602789 -0.000000 0.000000 0.000000 0.000000 1.000000
0.591956 -0.000510 -0.805970 0.000096 0.004198 0.999988 0.002451 0.622134 0.805960 -0.004834 0.591951 0.000000 0.000000 0.000000 0.000000 1.000000
0.579538 -0.000661 -0.814945 0.000096 0.004476 0.999987 0.002373 0.622134 0.814933 -0.005023 0.579533 0.000000 0.000000 0.000000 0.000000 1.000000
0.565660 -0.000819 -0.824638 0.000096 0.004764 0.999986 0.002275 0.622134 0.824625 -0.005215 0.565656 0.000000 0.000000 0.000000 0.000000 1.000000
0.550448 -0.000980 -0.834869 0.000096 0.005051 0.999985 0.002156 0.622134 0.834854 -0.005404 0.550445 -0.000000 0.000000 0.000000 0.000000 1.000000
0.534033 -0.001142 -0.845463 0.000096 0.005331 0.999984 0.002016 0.622134 0.845447 -0.005584 0.534030 0.000000 0.000000 0.000000 0.000000 1.000000
0.516555 -0.001302 -0.856253 0.000096 0.005594 0.999983 0.001854 0.622134 0.856236 -0.005748 0.516553 0.000000 0.000000 0.000000 0.000000 1.000000
0.498163 -0.001457 -0.867082 0.000096 0.005833 0.999982 0.001671 0.622134 0.867064 -0.005890 0.498163 0.000000 0.000000 0.000000 0.000000 1.000000
0.479016 -0.001606 -0.877805 0.000096 0.006042 0.999981 0.001468 0.622134 0.877785 -0.006007 0.479016 -0.000000 0.000000 0.000000 0.000000 1.000000
0.459282 -0.001747 -0.888289 0.000096 0.006216 0.999980 0.001247 0.622134 0.888269 -0.006095 0.459283 0.000000 0.000000 0.000000 0.000000 1.000000
0.439138 -0.001881 -0.898418 0.000096 0.006352 0.999979 0.001011 0.622134 0.898397 -0.006151 0.439141 -0.000000 0.000000 0.000000 0.000000 1.000000
0.418771 -0.002007 -0.908090 0.000096 0.006447 0.999979 0.000763 0.622134 0.908069 -0.006174 0.418775 -0.000000 0.000000 0.000000 0.000000 1.000000
0.398376 -0.002124 -0.917220 0.000096 0.006500 0.999979 0.000507 0.622134 0.917199 -0.006164 0.398381 0.000000 0.000000 0.000000 0.000000 1.000000
0.378154 -0.002233 -0.925740 0.000096 0.006512 0.999979 0.000248 0.622134 0.925720 -0.006122 0.378160 -0.000000 0.000000 0.000000 0.000000 1.000000
0.358312 -0.002335 -0.933599 0.000096 0.006486 0.999979 -0.000012 0.622134 0.933579 -0.006051 0.358319 -0.000000 0.000000 0.000000 0.000000 1.000000
0.339062 -0.002430 -0.940761 0.000096 0.006425 0.999979 -0.000268 0.622134 0.940742 -0.005953 0.339071 -0.000000 0.000000 0.000000 0.000000 1.000000
0.320621 -0.002518 -0.947204 0.000096 0.006333 0.999980 -0.000515 0.622134 0.947186 -0.005834 0.320631 -0.000000 0.000000 0.000000 0.000000 1.000000
0.303206 -0.002600 -0.952922 0.000096 0.006219 0.999980 -0.000749 0.622134 0.952905 -0.005699 0.303216 0.000000 0.000000 0.000000 0.000000 1.000000
0.287035 -0.002674 -0.957916 0.000096 0.006087 0.999981 -0.000967 0.622134 0.957901 -0.005553 0.287046 -0.000000 0.000000 0.000000 0.000000 1.000000
0.272327 -0.002741 -0.962201 0.000096 0.005948 0.999982 -0.001166 0.622134 0.962186 -0.005405 0.272339 -0.000000 0.000000 0.000000 0.000000 1.000000
0.259301 -0.002801 -0.965793 0.000096 0.005808 0.999982 -0.001341 0.622134 0.965779 -0.005261 0.259313 -0.000000 0.000000 0.000000 0.000000 1.000000
0.248172 -0.002852 -0.968712 0.000096 0.005676 0.999983 -0.001490 0.622134 0.968699 -0.005129 0.248184 -0.000000 0.000000 0.000000 0.000000 1.000000
0.239154 -0.002894 -0.970977 0.000096 0.005562 0.999983 -0.001611 0.622134 0.970966 -0.005015 0.239166 0.000000 0.000000 0.000000 0.000000 1.000000
0.232458 -0.002925 -0.972602 0.000096 0.005472 0.999984 -0.001700 0.622134 0.972591 -0.004927 0.232471 0.000000 0.000000 0.000000 0.000000 1.000000
0.228292 -0.002945 -0.973588 0.000096 0.005414 0.999984 -0.001755 0.622134 0.973578 -0.004871 0.228305 -0.000000 0.000000 0.000000 0.000000 1.000000
0.226860 -0.002951 -0.973923 0.000096 0.005394 0.999984 -0.001774 0.622134 0.973913 -0.004851 0.226872 -0.000000 0.000000 0.000000 0.000000 1.000000</float_array><technique_common><accessor source="#head_jnt-Matrix-animation-output-transform-array" count="31" stride="16"><param type="float4x4"/></accessor></technique_common></source><source id="head_jnt-Interpolations"><Name_array id="head_jnt-Interpolations-array" count="31">
 LINEAR LINEAR LINEAR LINEAR LINEAR LINEAR LINEAR LINEAR LINEAR LINEAR LINEAR
LINEAR LINEAR LINEAR LINEAR LINEAR LINEAR LINEAR LINEAR LINEAR LINEAR LINEAR LINEAR
LINEAR LINEAR LINEAR LINEAR LINEAR LINEAR LINEAR LINEAR</Name_array><technique_common><accessor source="#head_jnt-Interpolations-array" count="31"><param type="name"/></accessor></technique_common></source><sampler id="head_jnt-Matrix-animation-transform"><input semantic="INPUT" source="#head_jnt-Matrix-animation-input"/><input semantic="OUTPUT" source="#head_jnt-Matrix-animation-output-transform"/><input semantic="INTERPOLATION" source="#head_jnt-Interpolations"/></sampler><channel source="#head_jnt-Matrix-animation-transform" target="head_jnt/matrix"/></animation></animation>
    <animation id="lowereye_jnt-anim" name="lowereye_jnt"><animation><source id="lowereye_jnt-Matrix-animation-input"><float_array id="lowereye_jnt-Matrix-animation-input-array" count="31">

0.000000 0.033333 0.066667 0.100000 0.133333 0.166667 0.200000 0.233333 0.266667 0.300000 0.333333 0.366667 0.400000 0.433333 0.466667 0.500000
0.533333 0.566667 0.600000 0.633333 0.666667 0.700000 0.733333 0.766667 0.800000 0.833333 0.866667 0.900000 0.933333 0.966667 1.000000</float_array><technique_common><accessor source="#lowereye_jnt-Matrix-animation-input-array" count="31"><param name="TIME" type="float"/></accessor></technique_common></source><source id="lowereye_jnt-Matrix-animation-output-transform"><float_array id="lowereye_jnt-Matrix-animation-output-transform-array" count="496">

1.000000 -0.000000 0.000000 0.000001 -0.000000 0.545714 0.000000 0.036613 0.000000 -0.000000 1.000000 1.770522 0.000000 0.000000 0.000000 1.000000
1.000000 0.000000 0.000000 0.000001 0.000000 0.545714 -0.000000 0.036613 0.000000 0.000000 1.000000 1.770522 0.000000 0.000000 0.000000 1.000000
1.000000 0.000000 -0.000000 0.000001 0.000000 0.545714 -0.000000 0.036613 -0.000000 -0.000000 1.000000 1.770522 0.000000 0.000000 0.000000 1.000000
1.000000 -0.000000 -0.000000 0.000001 -0.000000 0.545714 0.000000 0.036613 0.000000 0.000000 1.000000 1.770522 0.000000 0.000000 0.000000 1.000000
1.000000 0.000000 0.000000 0.000001 0.000000 0.545714 -0.000000 0.036613 0.000000 -0.000000 1.000000 1.770522 0.000000 0.000000 0.000000 1.000000
1.000000 -0.000000 0.000000 0.000001 0.000000 0.545714 -0.000000 0.036613 0.000000 0.000000 1.000000 1.770522 0.000000 0.000000 0.000000 1.000000
1.000000 0.000000 0.000000 0.000001 0.000000 0.545714 -0.000000 0.036613 -0.000000 0.000000 1.000000 1.770522 0.000000 0.000000 0.000000 1.000000
1.000000 0.000000 -0.000000 0.000001 -0.000000 0.545714 -0.000000 0.036613 0.000000 0.000000 1.000000 1.770522 0.000000 0.000000 0.000000 1.000000
1.000000 0.000000 0.000000 0.000001 0.000000 0.545714 0.000000 0.036613 -0.000000 0.000000 1.000000 1.770522 0.000000 0.000000 0.000000 1.000000
1.000000 0.000000 0.000000 0.000001 -0.000000 0.545714 0.000000 0.036613 0.000000 0.000000 1.000000 1.770522 0.000000 0.000000 0.000000 1.000000
1.000000 0.000000 0.000000 0.000001 0.000000 0.545714 0.000000 0.036613 0.000000 0.000000 1.000000 1.770522 0.000000 0.000000 0.000000 1.000000
1.000000 0.000000 0.000000 0.000001 0.000000 0.545714 0.000000 0.036613 0.000000 -0.000000 1.000000 1.770522 0.000000 0.000000 0.000000 1.000000
1.000000 0.000000 -0.000000 0.000001 -0.000000 0.545714 -0.000000 0.036613 0.000000 0.000000 1.000000 1.770522 0.000000 0.000000 0.000000 1.000000
1.000000 -0.000000 -0.000000 0.000001 -0.000000 0.545714 -0.000000 0.036613 0.000000 0.000000 1.000000 1.770522 0.000000 0.000000 0.000000 1.000000
1.000000 0.000000 0.000000 0.000001 0.000000 0.545714 0.000000 0.036613 0.000000 0.000000 1.000000 1.770522 0.000000 0.000000 0.000000 1.000000
1.000000 0.000000 0.000000 0.000001 -0.000000 0.545714 0.000000 0.036613 0.000000 0.000000 1.000000 1.770522 0.000000 0.000000 0.000000 1.000000
1.000000 0.000000 0.000000 0.000001 0.000000 0.545714 0.000000 0.036613 0.000000 -0.000000 1.000000 1.770522 0.000000 0.000000 0.000000 1.000000
1.000000 0.000000 0.000000 0.000001 -0.000000 0.545714 -0.000000 0.036613 0.000000 0.000000 1.000000 1.770522 0.000000 0.000000 0.000000 1.000000
1.000000 -0.000000 0.000000 0.000001 0.000000 0.545714 -0.000000 0.036613 0.000000 0.000000 1.000000 1.770522 0.000000 0.000000 0.000000 1.000000
1.000000 0.000000 0.000000 0.000001 0.000000 0.545714 -0.000000 0.036613 -0.000000 -0.000000 1.000000 1.770522 0.000000 0.000000 0.000000 1.000000
1.000000 -0.000000 0.000000 0.000001 0.000000 0.545714 -0.000000 0.036613 -0.000000 -0.000000 1.000000 1.770522 0.000000 0.000000 0.000000 1.000000
1.000000 0.000000 0.000000 0.000001 0.000000 0.545714 -0.000000 0.036613 0.000000 0.000000 1.000000 1.770522 0.000000 0.000000 0.000000 1.000000
1.000000 -0.000000 0.000000 0.000001 0.000000 0.545714 0.000000 0.036613 0.000000 -0.000000 1.000000 1.770522 0.000000 0.000000 0.000000 1.000000
1.000000 0.000000 0.000000 0.000001 0.000000 0.545714 0.000000 0.036613 0.000000 -0.000000 1.000000 1.770522 0.000000 0.000000 0.000000 1.000000
1.000000 0.000000 0.000000 0.000001 0.000000 0.545714 0.000000 0.036613 -0.000000 0.000000 1.000000 1.770522 0.000000 0.000000 0.000000 1.000000
1.000000 -0.000000 0.000000 0.000001 -0.000000 0.545714 0.000000 0.036613 0.000000 -0.000000 1.000000 1.770522 0.000000 0.000000 0.000000 1.000000
1.000000 -0.000000 0.000000 0.000001 0.000000 0.545714 0.000000 0.036613 0.000000 0.000000 1.000000 1.770522 0.000000 0.000000 0.000000 1.000000
1.000000 0.000000 -0.000000 0.000001 0.000000 0.545714 -0.000000 0.036613 -0.000000 -0.000000 1.000000 1.770522 0.000000 0.000000 0.000000 1.000000
1.000000 0.000000 0.000000 0.000001 0.000000 0.545714 -0.000000 0.036613 0.000000 -0.000000 1.000000 1.770522 0.000000 0.000000 0.000000 1.000000
1.000000 -0.000000 -0.000000 0.000001 0.000000 0.545714 0.000000 0.036613 0.000000 0.000000 1.000000 1.770522 0.000000 0.000000 0.000000 1.000000
1.000000 0.000000 0.000000 0.000001 0.000000 0.545714 0.000000 0.036613 0.000000 0.000000 1.000000 1.770522 0.000000 0.000000 0.000000 1.000000</float_array><technique_common><accessor source="#lowereye_jnt-Matrix-animation-output-transform-array" count="31" stride="16"><param type="float4x4"/></accessor></technique_common></source><source id="lowereye_jnt-Interpolations"><Name_array id="lowereye_jnt-Interpolations-array" count="31">
 LINEAR LINEAR LINEAR LINEAR LINEAR LINEAR LINEAR LINEAR LINEAR LINEAR LINEAR
LINEAR LINEAR LINEAR LINEAR LINEAR LINEAR LINEAR LINEAR LINEAR LINEAR LINEAR LINEAR
LINEAR LINEAR LINEAR LINEAR LINEAR LINEAR LINEAR LINEAR</Name_array><technique_common><accessor source="#lowereye_jnt-Interpolations-array" count="31"><param type="name"/></accessor></technique_common></source><sampler id="lowereye_jnt-Matrix-animation-transform"><input semantic="INPUT" source="#lowereye_jnt-Matrix-animation-input"/><input semantic="OUTPUT" source="#lowereye_jnt-Matrix-animation-output-transform"/><input semantic="INTERPOLATION" source="#lowereye_jnt-Interpolations"/></sampler><channel source="#lowereye_jnt-Matrix-animation-transform" target="lowereye_jnt/matrix"/></animation></animation>
    <animation id="uppereye_jnt-anim" name="uppereye_jnt"><animation><source id="uppereye_jnt-Matrix-animation-input"><float_array id="uppereye_jnt-Matrix-animation-input-array" count="31">

0.000000 0.033333 0.066667 0.100000 0.133333 0.166667 0.200000 0.233333 0.266667 0.300000 0.333333 0.366667 0.400000 0.433333 0.466667 0.500000
0.533333 0.566667 0.600000 0.633333 0.666667 0.700000 0.733333 0.766667 0.800000 0.833333 0.866667 0.900000 0.933333 0.966667 1.000000</float_array><technique_common><accessor source="#uppereye_jnt-Matrix-animation-input-array" count="31"><param name="TIME" type="float"/></accessor></technique_common></source><source id="uppereye_jnt-Matrix-animation-output-transform"><float_array id="uppereye_jnt-Matrix-animation-output-transform-array" count="496">

1.000000 0.000000 0.000000 -0.000206 -0.000000 0.400000 0.000000 0.666435 0.000000 0.000000 1.000000 1.696793 0.000000 0.000000 0.000000 1.000000
1.000000 0.000000 0.000000 -0.000206 0.000000 0.400000 -0.000000 0.666435 0.000000 0.000000 1.000000 1.696793 0.000000 0.000000 0.000000 1.000000
1.000000 0.000000 -0.000000 -0.000206 0.000000 0.400000 -0.000000 0.666435 -0.000000 0.000000 1.000000 1.696793 0.000000 0.000000 0.000000 1.000000
1.000000 -0.000000 -0.000000 -0.000206 -0.000000 0.400000 0.000000 0.666435 0.000000 -0.000000 1.000000 1.696793 0.000000 0.000000 0.000000 1.000000
1.000000 0.000000 0.000000 -0.000206 0.000000 0.400000 -0.000000 0.666435 0.000000 -0.000000 1.000000 1.696793 0.000000 0.000000 0.000000 1.000000
1.000000 -0.000000 0.000000 -0.000206 0.000000 0.400000 -0.000000 0.666435 0.000000 0.000000 1.000000 1.696793 0.000000 0.000000 0.000000 1.000000
1.000000 0.000000 0.000000 -0.000206 0.000000 0.400000 -0.000000 0.666435 -0.000000 0.000000 1.000000 1.696793 0.000000 0.000000 0.000000 1.000000
1.000000 0.000000 -0.000000 -0.000206 -0.000000 0.400000 -0.000000 0.666435 0.000000 0.000000 1.000000 1.696793 0.000000 0.000000 0.000000 1.000000
1.000000 0.000000 0.000000 -0.000206 0.000000 0.400000 0.000000 0.666435 -0.000000 0.000000 1.000000 1.696793 0.000000 0.000000 0.000000 1.000000
1.000000 -0.000000 0.000000 -0.000206 -0.000000 0.400000 0.000000 0.666435 0.000000 0.000000 1.000000 1.696793 0.000000 0.000000 0.000000 1.000000
1.000000 -0.000000 0.000000 -0.000206 0.000000 0.400000 0.000000 0.666435 0.000000 -0.000000 1.000000 1.696793 0.000000 0.000000 0.000000 1.000000
1.000000 0.000000 0.000000 -0.000206 0.000000 0.400000 0.000000 0.666435 0.000000 -0.000000 1.000000 1.696793 0.000000 0.000000 0.000000 1.000000
1.000000 -0.000000 -0.000000 -0.000206 -0.000000 0.400000 -0.000000 0.666435 0.000000 0.000000 1.000000 1.696793 0.000000 0.000000 0.000000 1.000000
1.000000 -0.000000 -0.000000 -0.000206 -0.000000 0.400000 -0.000000 0.666435 0.000000 0.000000 1.000000 1.696793 0.000000 0.000000 0.000000 1.000000
1.000000 0.000000 0.000000 -0.000206 0.000000 0.400000 0.000000 0.666435 0.000000 0.000000 1.000000 1.696793 0.000000 0.000000 0.000000 1.000000
1.000000 0.000000 0.000000 -0.000206 -0.000000 0.400000 0.000000 0.666435 0.000000 0.000000 1.000000 1.696793 0.000000 0.000000 0.000000 1.000000
1.000000 -0.000000 0.000000 -0.000206 0.000000 0.400000 0.000000 0.666435 0.000000 -0.000000 1.000000 1.696793 0.000000 0.000000 0.000000 1.000000
1.000000 0.000000 0.000000 -0.000206 -0.000000 0.400000 -0.000000 0.666435 0.000000 0.000000 1.000000 1.696793 0.000000 0.000000 0.000000 1.000000
1.000000 -0.000000 0.000000 -0.000206 0.000000 0.400000 -0.000000 0.666435 0.000000 -0.000000 1.000000 1.696793 0.000000 0.000000 0.000000 1.000000
1.000000 0.000000 0.000000 -0.000206 0.000000 0.400000 -0.000000 0.666435 -0.000000 -0.000000 1.000000 1.696793 0.000000 0.000000 0.000000 1.000000
1.000000 0.000000 0.000000 -0.000206 0.000000 0.400000 -0.000000 0.666435 -0.000000 -0.000000 1.000000 1.696793 0.000000 0.000000 0.000000 1.000000
1.000000 0.000000 0.000000 -0.000206 0.000000 0.400000 -0.000000 0.666435 0.000000 0.000000 1.000000 1.696793 0.000000 0.000000 0.000000 1.000000
1.000000 0.000000 0.000000 -0.000206 0.000000 0.400000 0.000000 0.666435 0.000000 0.000000 1.000000 1.696793 0.000000 0.000000 0.000000 1.000000
1.000000 -0.000000 0.000000 -0.000206 0.000000 0.400000 0.000000 0.666435 0.000000 0.000000 1.000000 1.696793 0.000000 0.000000 0.000000 1.000000
1.000000 0.000000 0.000000 -0.000206 0.000000 0.400000 0.000000 0.666435 -0.000000 0.000000 1.000000 1.696793 0.000000 0.000000 0.000000 1.000000
1.000000 -0.000000 0.000000 -0.000206 -0.000000 0.400000 0.000000 0.666435 0.000000 -0.000000 1.000000 1.696793 0.000000 0.000000 0.000000 1.000000
1.000000 -0.000000 0.000000 -0.000206 0.000000 0.400000 0.000000 0.666435 0.000000 0.000000 1.000000 1.696793 0.000000 0.000000 0.000000 1.000000
1.000000 0.000000 -0.000000 -0.000206 0.000000 0.400000 -0.000000 0.666435 -0.000000 -0.000000 1.000000 1.696793 0.000000 0.000000 0.000000 1.000000
1.000000 0.000000 0.000000 -0.000206 0.000000 0.400000 -0.000000 0.666435 0.000000 -0.000000 1.000000 1.696793 0.000000 0.000000 0.000000 1.000000
1.000000 -0.000000 -0.000000 -0.000206 0.000000 0.400000 0.000000 0.666435 0.000000 0.000000 1.000000 1.696793 0.000000 0.000000 0.000000 1.000000
1.000000 0.000000 0.000000 -0.000206 0.000000 0.400000 0.000000 0.666435 0.000000 -0.000000 1.000000 1.696793 0.000000 0.000000 0.000000 1.000000</float_array><technique_common><accessor source="#uppereye_jnt-Matrix-animation-output-transform-array" count="31" stride="16"><param type="float4x4"/></accessor></technique_common></source><source id="uppereye_jnt-Interpolations"><Name_array id="uppereye_jnt-Interpolations-array" count="31">
 LINEAR LINEAR LINEAR LINEAR LINEAR LINEAR LINEAR LINEAR LINEAR LINEAR LINEAR
LINEAR LINEAR LINEAR LINEAR LINEAR LINEAR LINEAR LINEAR LINEAR LINEAR LINEAR LINEAR
LINEAR LINEAR LINEAR LINEAR LINEAR LINEAR LINEAR LINEAR</Name_array><technique_common><accessor source="#uppereye_jnt-Interpolations-array" count="31"><param type="name"/></accessor></technique_common></source><sampler id="uppereye_jnt-Matrix-animation-transform"><input semantic="INPUT" source="#uppereye_jnt-Matrix-animation-input"/><input semantic="OUTPUT" source="#uppereye_jnt-Matrix-animation-output-transform"/><input semantic="INTERPOLATION" source="#uppereye_jnt-Interpolations"/></sampler><channel source="#uppereye_jnt-Matrix-animation-transform" target="uppereye_jnt/matrix"/></animation></animation>
    <animation id="lamp_jnt-anim" name="lamp_jnt"><animation><source id="lamp_jnt-Matrix-animation-input"><float_array id="lamp_jnt-Matrix-animation-input-array" count="31">

0.000000 0.033333 0.066667 0.100000 0.133333 0.166667 0.200000 0.233333 0.266667 0.300000 0.333333 0.366667 0.400000 0.433333 0.466667 0.500000
0.533333 0.566667 0.600000 0.633333 0.666667 0.700000 0.733333 0.766667 0.800000 0.833333 0.866667 0.900000 0.933333 0.966667 1.000000</float_array><technique_common><accessor source="#lamp_jnt-Matrix-animation-input-array" count="31"><param name="TIME" type="float"/></accessor></technique_common></source><source id="lamp_jnt-Matrix-animation-output-transform"><float_array id="lamp_jnt-Matrix-animation-output-transform-array" count="496">

1.000000 0.000000 0.000000 -4.146596 0.000000 1.000000 0.000000 2.181666 0.000000 0.000000 1.000000 -1.019675 0.000000 0.000000 0.000000 1.000000
1.000000 0.000000 0.000000 -4.146596 0.000000 1.000000 0.000500 2.181666 0.000000 -0.000500 1.000000 -1.019021 0.000000 0.000000 0.000000 1.000000
1.000000 0.000000 0.000000 -4.146596 0.000000 0.999998 0.001953 2.181666 0.000000 -0.001953 0.999998 -1.017117 0.000000 0.000000 0.000000 1.000000
1.000000 0.000000 0.000000 -4.146596 0.000000 0.999991 0.004292 2.181666 0.000000 -0.004292 0.999991 -1.014054 0.000000 0.000000 0.000000 1.000000
