<?xml version="1.0" encoding="utf-8"?>
<COLLADA xmlns="http://www.collada.org/2005/11/COLLADASchema" version="1.4.1">
  <asset><contributor><author></author><authoring_tool>FBX COLLADA exporter</authoring_tool><comments></comments></contributor><created>2019-11-28T10:12:33Z</created><keywords></keywords><modified>2019-11-28T10:12:33Z</modified><revision></revision><subject></subject><title></title><unit meter="0.010000" name="centimeter"></unit><up_axis>Y_UP</up_axis></asset>
  <library_animations>
    <animation id="root_jnt-anim" name="root_jnt"><animation><source id="root_jnt-Matrix-animation-input"><float_array id="root_jnt-Matrix-animation-input-array" count="61">

0.000000 0.033333 0.066667 0.100000 0.133333 0.166667 0.200000 0.233333 0.266667 0.300000 0.333333 0.366667 0.400000 0.433333 0.466667 0.500000
0.533333 0.566667 0.600000 0.633333 0.666667 0.700000 0.733333 0.766667 0.800000 0.833333 0.866667 0.900000 0.933333 0.966667 1.000000 1.033333
1.066667 1.100000 1.133333 1.166667 1.200000 1.233333 1.266667 1.300000 1.333333 1.366667 1.400000 1.433333 1.466667 1.500000 1.533333 1.566667
1.600000 1.633333 1.666667 1.700000 1.733333 1.766667 1.800000 1.833333 1.866667 1.900000 1.933333 1.966667 2.000000</float_array><technique_common><accessor source="#root_jnt-Matrix-animation-input-array" count="61"><param name="TIME" type="float"/></accessor></technique_common></source><source id="root_jnt-Matrix-animation-output-transform"><float_array id="root_jnt-Matrix-animation-output-transform-array" count="976">

1.000000 0.000000 0.000000 0.000000 0.000000 1.000000 0.000000 0.594957 0.000000 0.000000 1.000000 0.000000 0.000000 0.000000 0.000000 1.000000
1.000000 0.000000 0.000000 0.000000 0.000000 1.000000 0.000000 0.594957 0.000000 0.000000 1.000000 0.000000 0.000000 0.000000 0.000000 1.000000
1.000000 0.000000 0.000000 0.000000 0.000000 1.000000 0.000000 0.594957 0.000000 0.000000 1.000000 0.000000 0.000000 0.000000 0.000000 1.000000
1.000000 0.000000 0.000000 0.000000 0.000000 1.000000 0.000000 0.594957 0.000000 0.000000 1.000000 0.000000 0.000000 0.000000 0.000000 1.000000
1.000000 0.000000 0.000000 0.000000 0.000000 1.000000 0.000000 0.594957 0.000000 0.000000 1.000000 0.000000 0.000000 0.000000 0.000000 1.000000
1.000000 0.000000 0.000000 0.000000 0.000000 1.000000 0.000000 0.594957 0.000000 0.000000 1.000000 0.000000 0.000000 0.000000 0.000000 1.000000
1.000000 0.000000 0.000000 0.000000 0.000000 1.000000 0.000000 0.594957 0.000000 0.000000 1.000000 0.000000 0.000000 0.000000 0.000000 1.000000
1.000000 0.000000 0.000000 0.000000 0.000000 1.000000 0.000000 0.594957 0.000000 0.000000 1.000000 0.000000 0.000000 0.000000 0.000000 1.000000
1.000000 0.000000 0.000000 0.000000 0.000000 1.000000 0.000000 0.594957 0.000000 0.000000 1.000000 0.000000 0.000000 0.000000 0.000000 1.000000
1.000000 0.000000 0.000000 0.000000 0.000000 1.000000 0.000000 0.594957 0.000000 0.000000 1.000000 0.000000 0.000000 0.000000 0.000000 1.000000
1.000000 0.000000 0.000000 0.000000 0.000000 1.000000 0.000000 0.594957 0.000000 0.000000 1.000000 0.000000 0.000000 0.000000 0.000000 1.000000
1.000000 0.000000 0.000000 0.000000 0.000000 1.000000 0.000000 0.594957 0.000000 0.000000 1.000000 0.000000 0.000000 0.000000 0.000000 1.000000
1.000000 0.000000 0.000000 0.000000 0.000000 1.000000 0.000000 0.594957 0.000000 0.000000 1.000000 0.000000 0.000000 0.000000 0.000000 1.000000
1.000000 0.000000 0.000000 0.000000 0.000000 1.000000 0.000000 0.594957 0.000000 0.000000 1.000000 0.000000 0.000000 0.000000 0.000000 1.000000
1.000000 0.000000 0.000000 0.000000 0.000000 1.000000 0.000000 0.594957 0.000000 0.000000 1.000000 0.000000 0.000000 0.000000 0.000000 1.000000
1.000000 0.000000 0.000000 0.000000 0.000000 1.000000 0.000000 0.594957 0.000000 0.000000 1.000000 0.000000 0.000000 0.000000 0.000000 1.000000
1.000000 0.000000 0.000000 0.000000 0.000000 1.000000 0.000000 0.594957 0.000000 0.000000 1.000000 0.000000 0.000000 0.000000 0.000000 1.000000
1.000000 0.000000 0.000000 0.000000 0.000000 1.000000 0.000000 0.594957 0.000000 0.000000 1.000000 0.000000 0.000000 0.000000 0.000000 1.000000
1.000000 0.000000 0.000000 0.000000 0.000000 1.000000 0.000000 0.594957 0.000000 0.000000 1.000000 0.000000 0.000000 0.000000 0.000000 1.000000
1.000000 0.000000 0.000000 0.000000 0.000000 1.000000 0.000000 0.594957 0.000000 0.000000 1.000000 0.000000 0.000000 0.000000 0.000000 1.000000
1.000000 0.000000 0.000000 0.000000 0.000000 1.000000 0.000000 0.594957 0.000000 0.000000 1.000000 0.000000 0.000000 0.000000 0.000000 1.000000
1.000000 0.000000 0.000000 0.000000 0.000000 1.000000 0.000000 0.594957 0.000000 0.000000 1.000000 0.000000 0.000000 0.000000 0.000000 1.000000
1.000000 0.000000 0.000000 0.000000 0.000000 1.000000 0.000000 0.594957 0.000000 0.000000 1.000000 0.000000 0.000000 0.000000 0.000000 1.000000
1.000000 0.000000 0.000000 0.000000 0.000000 1.000000 0.000000 0.594957 0.000000 0.000000 1.000000 0.000000 0.000000 0.000000 0.000000 1.000000
1.000000 0.000000 0.000000 0.000000 0.000000 1.000000 0.000000 0.594957 0.000000 0.000000 1.000000 0.000000 0.000000 0.000000 0.000000 1.000000
1.000000 0.000000 0.000000 0.000000 0.000000 1.000000 0.000000 0.594957 0.000000 0.000000 1.000000 0.000000 0.000000 0.000000 0.000000 1.000000
1.000000 0.000000 0.000000 0.000000 0.000000 1.000000 0.000000 0.594957 0.000000 0.000000 1.000000 0.000000 0.000000 0.000000 0.000000 1.000000
1.000000 0.000000 0.000000 0.000000 0.000000 1.000000 0.000000 0.594957 0.000000 0.000000 1.000000 0.000000 0.000000 0.000000 0.000000 1.000000
1.000000 0.000000 0.000000 0.000000 0.000000 1.000000 0.000000 0.594957 0.000000 0.000000 1.000000 0.000000 0.000000 0.000000 0.000000 1.000000
1.000000 0.000000 0.000000 0.000000 0.000000 1.000000 0.000000 0.594957 0.000000 0.000000 1.000000 0.000000 0.000000 0.000000 0.000000 1.000000
1.000000 0.000000 0.000000 0.000000 0.000000 1.000000 0.000000 0.594957 0.000000 0.000000 1.000000 0.000000 0.000000 0.000000 0.000000 1.000000
1.000000 0.000000 0.000000 0.000000 0.000000 1.000000 0.000000 0.594957 0.000000 0.000000 1.000000 0.000000 0.000000 0.000000 0.000000 1.000000
1.000000 0.000000 0.000000 0.000000 0.000000 1.000000 0.000000 0.594957 0.000000 0.000000 1.000000 0.000000 0.000000 0.000000 0.000000 1.000000
1.000000 0.000000 0.000000 0.000000 0.000000 1.000000 0.000000 0.594957 0.000000 0.000000 1.000000 0.000000 0.000000 0.000000 0.000000 1.000000
1.000000 0.000000 0.000000 0.000000 0.000000 1.000000 0.000000 0.594957 0.000000 0.000000 1.000000 0.000000 0.000000 0.000000 0.000000 1.000000
1.000000 0.000000 0.000000 0.000000 0.000000 1.000000 0.000000 0.594957 0.000000 0.000000 1.000000 0.000000 0.000000 0.000000 0.000000 1.000000
1.000000 0.000000 0.000000 0.000000 0.000000 1.000000 0.000000 0.594957 0.000000 0.000000 1.000000 0.000000 0.000000 0.000000 0.000000 1.000000
1.000000 0.000000 0.000000 0.000000 0.000000 1.000000 0.000000 0.594957 0.000000 0.000000 1.000000 0.000000 0.000000 0.000000 0.000000 1.000000
1.000000 0.000000 0.000000 0.000000 0.000000 1.000000 0.000000 0.594957 0.000000 0.000000 1.000000 0.000000 0.000000 0.000000 0.000000 1.000000
1.000000 0.000000 0.000000 0.000000 0.000000 1.000000 0.000000 0.594957 0.000000 0.000000 1.000000 0.000000 0.000000 0.000000 0.000000 1.000000
1.000000 0.000000 0.000000 0.000000 0.000000 1.000000 0.000000 0.594957 0.000000 0.000000 1.000000 0.000000 0.000000 0.000000 0.000000 1.000000
1.000000 0.000000 0.000000 0.000000 0.000000 1.000000 0.000000 0.594957 0.000000 0.000000 1.000000 0.000000 0.000000 0.000000 0.000000 1.000000
1.000000 0.000000 0.000000 0.000000 0.000000 1.000000 0.000000 0.594957 0.000000 0.000000 1.000000 0.000000 0.000000 0.000000 0.000000 1.000000
1.000000 0.000000 0.000000 0.000000 0.000000 1.000000 0.000000 0.594957 0.000000 0.000000 1.000000 0.000000 0.000000 0.000000 0.000000 1.000000
1.000000 0.000000 0.000000 0.000000 0.000000 1.000000 0.000000 0.594957 0.000000 0.000000 1.000000 0.000000 0.000000 0.000000 0.000000 1.000000
1.000000 0.000000 0.000000 0.000000 0.000000 1.000000 0.000000 0.594957 0.000000 0.000000 1.000000 0.000000 0.000000 0.000000 0.000000 1.000000
1.000000 0.000000 0.000000 0.000000 0.000000 1.000000 0.000000 0.594957 0.000000 0.000000 1.000000 0.000000 0.000000 0.000000 0.000000 1.000000
1.000000 0.000000 0.000000 0.000000 0.000000 1.000000 0.000000 0.594957 0.000000 0.000000 1.000000 0.000000 0.000000 0.000000 0.000000 1.000000
1.000000 0.000000 0.000000 0.000000 0.000000 1.000000 0.000000 0.594957 0.000000 0.000000 1.000000 0.000000 0.000000 0.000000 0.000000 1.000000
1.000000 0.000000 0.000000 0.000000 0.000000 1.000000 0.000000 0.594957 0.000000 0.000000 1.000000 0.000000 0.000000 0.000000 0.000000 1.000000
1.000000 0.000000 0.000000 0.000000 0.000000 1.000000 0.000000 0.594957 0.000000 0.000000 1.000000 0.000000 0.000000 0.000000 0.000000 1.000000
1.000000 0.000000 0.000000 0.000000 0.000000 1.000000 0.000000 0.594957 0.000000 0.000000 1.000000 0.000000 0.000000 0.000000 0.000000 1.000000
1.000000 0.000000 0.000000 0.000000 0.000000 1.000000 0.000000 0.594957 0.000000 0.000000 1.000000 0.000000 0.000000 0.000000 0.000000 1.000000
1.000000 0.000000 0.000000 0.000000 0.000000 1.000000 0.000000 0.594957 0.000000 0.000000 1.000000 0.000000 0.000000 0.000000 0.000000 1.000000
1.000000 0.000000 0.000000 0.000000 0.000000 1.000000 0.000000 0.594957 0.000000 0.000000 1.000000 0.000000 0.000000 0.000000 0.000000 1.000000
1.000000 0.000000 0.000000 0.000000 0.000000 1.000000 0.000000 0.594957 0.000000 0.000000 1.000000 0.000000 0.000000 0.000000 0.000000 1.000000
1.000000 0.000000 0.000000 0.000000 0.000000 1.000000 0.000000 0.594957 0.000000 0.000000 1.000000 0.000000 0.000000 0.000000 0.000000 1.000000
1.000000 0.000000 0.000000 0.000000 0.000000 1.000000 0.000000 0.594957 0.000000 0.000000 1.000000 0.000000 0.000000 0.000000 0.000000 1.000000
1.000000 0.000000 0.000000 0.000000 0.000000 1.000000 0.000000 0.594957 0.000000 0.000000 1.000000 0.000000 0.000000 0.000000 0.000000 1.000000
1.000000 0.000000 0.000000 0.000000 0.000000 1.000000 0.000000 0.594957 0.000000 0.000000 1.000000 0.000000 0.000000 0.000000 0.000000 1.000000
1.000000 0.000000 0.000000 0.000000 0.000000 1.000000 0.000000 0.594957 0.000000 0.000000 1.000000 0.000000 0.000000 0.000000 0.000000 1.000000</float_array><technique_common><accessor source="#root_jnt-Matrix-animation-output-transform-array" count="61" stride="16"><param type="float4x4"/></accessor></technique_common></source><source id="root_jnt-Interpolations"><Name_array id="root_jnt-Interpolations-array" count="61">
 LINEAR LINEAR LINEAR LINEAR LINEAR LINEAR LINEAR LINEAR LINEAR LINEAR LINEAR
LINEAR LINEAR LINEAR LINEAR LINEAR LINEAR LINEAR LINEAR LINEAR LINEAR LINEAR LINEAR
LINEAR LINEAR LINEAR LINEAR LINEAR LINEAR LINEAR LINEAR LINEAR LINEAR LINEAR LINEAR
LINEAR LINEAR LINEAR LINEAR LINEAR LINEAR LINEAR LINEAR LINEAR LINEAR LINEAR LINEAR
LINEAR LINEAR LINEAR LINEAR LINEAR LINEAR LINEAR LINEAR LINEAR LINEAR LINEAR LINEAR
LINEAR LINEAR</Name_array><technique_common><accessor source="#root_jnt-Interpolations-array" count="61"><param type="name"/></accessor></technique_common></source><sampler id="root_jnt-Matrix-animation-transform"><input semantic="INPUT" source="#root_jnt-Matrix-animation-input"/><input semantic="OUTPUT" source="#root_jnt-Matrix-animation-output-transform"/><input semantic="INTERPOLATION" source="#root_jnt-Interpolations"/></sampler><channel source="#root_jnt-Matrix-animation-transform" target="root_jnt/matrix"/></animation></animation>
    <animation id="neck01_jnt-anim" name="neck01_jnt"><animation><source id="neck01_jnt-Matrix-animation-input"><float_array id="neck01_jnt-Matrix-animation-input-array" count="61">

0.000000 0.033333 0.066667 0.100000 0.133333 0.166667 0.200000 0.233333 0.266667 0.300000 0.333333 0.366667 0.400000 0.433333 0.466667 0.500000
0.533333 0.566667 0.600000 0.633333 0.666667 0.700000 0.733333 0.766667 0.800000 0.833333 0.866667 0.900000 0.933333 0.966667 1.000000 1.033333
1.066667 1.100000 1.133333 1.166667 1.200000 1.233333 1.266667 1.300000 1.333333 1.366667 1.400000 1.433333 1.466667 1.500000 1.533333 1.566667
1.600000 1.633333 1.666667 1.700000 1.733333 1.766667 1.800000 1.833333 1.866667 1.900000 1.933333 1.966667 2.000000</float_array><technique_common><accessor source="#neck01_jnt-Matrix-animation-input-array" count="61"><param name="TIME" type="float"/></accessor></technique_common></source><source id="neck01_jnt-Matrix-animation-output-transform"><float_array id="neck01_jnt-Matrix-animation-output-transform-array" count="976">

1.000000 0.000000 0.000000 4.215000 0.000000 0.434165 -0.900833 0.879035 0.000000 0.900833 0.434165 -0.229874 0.000000 0.000000 0.000000 1.000000
1.000000 0.000000 0.000000 4.215000 0.000000 0.434165 -0.900833 0.879035 0.000000 0.900833 0.434165 -0.229874 0.000000 0.000000 0.000000 1.000000
1.000000 0.000000 0.000000 4.215000 0.000000 0.434165 -0.900833 0.879035 0.000000 0.900833 0.434165 -0.229874 0.000000 0.000000 0.000000 1.000000
1.000000 0.000000 0.000000 4.215000 0.000000 0.434165 -0.900833 0.879035 0.000000 0.900833 0.434165 -0.229874 0.000000 0.000000 0.000000 1.000000
1.000000 0.000000 0.000000 4.215000 0.000000 0.434165 -0.900833 0.879035 0.000000 0.900833 0.434165 -0.229874 0.000000 0.000000 0.000000 1.000000
1.000000 0.000000 0.000000 4.215000 0.000000 0.434165 -0.900833 0.879035 0.000000 0.900833 0.434165 -0.229874 0.000000 0.000000 0.000000 1.000000
1.000000 0.000000 0.000000 4.215000 0.000000 0.434165 -0.900833 0.879035 0.000000 0.900833 0.434165 -0.229874 0.000000 0.000000 0.000000 1.000000
1.000000 0.000000 0.000000 4.215000 0.000000 0.434165 -0.900833 0.879035 0.000000 0.900833 0.434165 -0.229874 0.000000 0.000000 0.000000 1.000000
1.000000 0.000000 0.000000 4.215000 0.000000 0.434165 -0.900833 0.879035 0.000000 0.900833 0.434165 -0.229874 0.000000 0.000000 0.000000 1.000000
1.000000 0.000000 0.000000 4.215000 0.000000 0.434165 -0.900833 0.879035 0.000000 0.900833 0.434165 -0.229874 0.000000 0.000000 0.000000 1.000000
1.000000 0.000000 0.000000 4.215000 0.000000 0.434165 -0.900833 0.879035 0.000000 0.900833 0.434165 -0.229874 0.000000 0.000000 0.000000 1.000000
1.000000 0.000000 0.000000 4.215000 0.000000 0.434165 -0.900833 0.879035 0.000000 0.900833 0.434165 -0.229874 0.000000 0.000000 0.000000 1.000000
1.000000 0.000000 0.000000 4.215000 0.000000 0.434165 -0.900833 0.879035 0.000000 0.900833 0.434165 -0.229874 0.000000 0.000000 0.000000 1.000000
1.000000 0.000000 0.000000 4.215000 0.000000 0.434165 -0.900833 0.879035 0.000000 0.900833 0.434165 -0.229874 0.000000 0.000000 0.000000 1.000000
1.000000 0.000000 0.000000 4.215000 0.000000 0.434165 -0.900833 0.879035 0.000000 0.900833 0.434165 -0.229874 0.000000 0.000000 0.000000 1.000000
1.000000 0.000000 0.000000 4.215000 0.000000 0.434165 -0.900833 0.879035 0.000000 0.900833 0.434165 -0.229874 0.000000 0.000000 0.000000 1.000000
1.000000 0.000000 0.000000 4.215000 0.000000 0.434165 -0.900833 0.879035 0.000000 0.900833 0.434165 -0.229874 0.000000 0.000000 0.000000 1.000000
1.000000 0.000000 0.000000 4.215000 0.000000 0.434165 -0.900833 0.879035 0.000000 0.900833 0.434165 -0.229874 0.000000 0.000000 0.000000 1.000000
1.000000 0.000000 0.000000 4.215000 0.000000 0.434165 -0.900833 0.879035 0.000000 0.900833 0.434165 -0.229874 0.000000 0.000000 0.000000 1.000000
1.000000 0.000000 0.000000 4.215000 0.000000 0.434165 -0.900833 0.879035 0.000000 0.900833 0.434165 -0.229874 0.000000 0.000000 0.000000 1.000000
1.000000 0.000000 0.000000 4.215000 0.000000 0.434165 -0.900833 0.879035 0.000000 0.900833 0.434165 -0.229874 0.000000 0.000000 0.000000 1.000000
1.000000 0.000000 0.000000 4.215000 0.000000 0.434165 -0.900833 0.879035 0.000000 0.900833 0.434165 -0.229874 0.000000 0.000000 0.000000 1.000000
1.000000 0.000000 0.000000 4.215000 0.000000 0.434165 -0.900833 0.879035 0.000000 0.900833 0.434165 -0.229874 0.000000 0.000000 0.000000 1.000000
1.000000 0.000000 0.000000 4.215000 0.000000 0.434165 -0.900833 0.879035 0.000000 0.900833 0.434165 -0.229874 0.000000 0.000000 0.000000 1.000000
1.000000 0.000000 0.000000 4.215000 0.000000 0.434165 -0.900833 0.879035 0.000000 0.900833 0.434165 -0.229874 0.000000 0.000000 0.000000 1.000000
1.000000 0.000000 0.000000 4.215000 0.000000 0.434165 -0.900833 0.879035 0.000000 0.900833 0.434165 -0.229874 0.000000 0.000000 0.000000 1.000000
1.000000 0.000000 0.000000 4.215000 0.000000 0.434165 -0.900833 0.879035 0.000000 0.900833 0.434165 -0.229874 0.000000 0.000000 0.000000 1.000000
1.000000 0.000000 0.000000 4.215000 0.000000 0.434165 -0.900833 0.879035 0.000000 0.900833 0.434165 -0.229874 0.000000 0.000000 0.000000 1.000000
1.000000 0.000000 0.000000 4.215000 0.000000 0.434165 -0.900833 0.879035 0.000000 0.900833 0.434165 -0.229874 0.000000 0.000000 0.000000 1.000000
1.000000 0.000000 0.000000 4.215000 0.000000 0.434165 -0.900833 0.879035 0.000000 0.900833 0.434165 -0.229874 0.000000 0.000000 0.000000 1.000000
1.000000 0.000000 0.000000 4.215000 0.000000 0.434165 -0.900833 0.879035 0.000000 0.900833 0.434165 -0.229874 0.000000 0.000000 0.000000 1.000000
1.000000 0.000000 0.000000 4.215000 0.000000 0.434165 -0.900833 0.879035 0.000000 0.900833 0.434165 -0.229874 0.000000 0.000000 0.000000 1.000000
1.000000 0.000000 0.000000 4.215000 0.000000 0.434165 -0.900833 0.879035 0.000000 0.900833 0.434165 -0.229874 0.000000 0.000000 0.000000 1.000000
1.000000 0.000000 0.000000 4.215000 0.000000 0.434165 -0.900833 0.879035 0.000000 0.900833 0.434165 -0.229874 0.000000 0.000000 0.000000 1.000000
1.000000 0.000000 0.000000 4.215000 0.000000 0.434165 -0.900833 0.879035 0.000000 0.900833 0.434165 -0.229874 0.000000 0.000000 0.000000 1.000000
1.000000 0.000000 0.000000 4.215000 0.000000 0.434165 -0.900833 0.879035 0.000000 0.900833 0.434165 -0.229874 0.000000 0.000000 0.000000 1.000000
1.000000 0.000000 0.000000 4.215000 0.000000 0.434165 -0.900833 0.879035 0.000000 0.900833 0.434165 -0.229874 0.000000 0.000000 0.000000 1.000000
1.000000 0.000000 0.000000 4.215000 0.000000 0.434165 -0.900833 0.879035 0.000000 0.900833 0.434165 -0.229874 0.000000 0.000000 0.000000 1.000000
1.000000 0.000000 0.000000 4.215000 0.000000 0.434165 -0.900833 0.879035 0.000000 0.900833 0.434165 -0.229874 0.000000 0.000000 0.000000 1.000000
1.000000 0.000000 0.000000 4.215000 0.000000 0.434165 -0.900833 0.879035 0.000000 0.900833 0.434165 -0.229874 0.000000 0.000000 0.000000 1.000000
1.000000 0.000000 0.000000 4.215000 0.000000 0.434165 -0.900833 0.879035 0.000000 0.900833 0.434165 -0.229874 0.000000 0.000000 0.000000 1.000000
1.000000 0.000000 0.000000 4.215000 0.000000 0.434165 -0.900833 0.879035 0.000000 0.900833 0.434165 -0.229874 0.000000 0.000000 0.000000 1.000000
1.000000 0.000000 0.000000 4.215000 0.000000 0.434165 -0.900833 0.879035 0.000000 0.900833 0.434165 -0.229874 0.000000 0.000000 0.000000 1.000000
1.000000 0.000000 0.000000 4.215000 0.000000 0.434165 -0.900833 0.879035 0.000000 0.900833 0.434165 -0.229874 0.000000 0.000000 0.000000 1.000000
1.000000 0.000000 0.000000 4.215000 0.000000 0.434165 -0.900833 0.879035 0.000000 0.900833 0.434165 -0.229874 0.000000 0.000000 0.000000 1.000000
1.000000 0.000000 0.000000 4.215000 0.000000 0.434165 -0.900833 0.879035 0.000000 0.900833 0.434165 -0.229874 0.000000 0.000000 0.000000 1.000000
1.000000 0.000000 0.000000 4.215000 0.000000 0.434165 -0.900833 0.879035 0.000000 0.900833 0.434165 -0.229874 0.000000 0.000000 0.000000 1.000000
1.000000 0.000000 0.000000 4.215000 0.000000 0.434165 -0.900833 0.879035 0.000000 0.900833 0.434165 -0.229874 0.000000 0.000000 0.000000 1.000000
1.000000 0.000000 0.000000 4.215000 0.000000 0.434165 -0.900833 0.879035 0.000000 0.900833 0.434165 -0.229874 0.000000 0.000000 0.000000 1.000000
1.000000 0.000000 0.000000 4.215000 0.000000 0.434165 -0.900833 0.879035 0.000000 0.900833 0.434165 -0.229874 0.000000 0.000000 0.000000 1.000000
1.000000 0.000000 0.000000 4.215000 0.000000 0.434165 -0.900833 0.879035 0.000000 0.900833 0.434165 -0.229874 0.000000 0.000000 0.000000 1.000000
1.000000 0.000000 0.000000 4.215000 0.000000 0.434165 -0.900833 0.879035 0.000000 0.900833 0.434165 -0.229874 0.000000 0.000000 0.000000 1.000000
1.000000 0.000000 0.000000 4.215000 0.000000 0.434165 -0.900833 0.879035 0.000000 0.900833 0.434165 -0.229874 0.000000 0.000000 0.000000 1.000000
1.000000 0.000000 0.000000 4.215000 0.000000 0.434165 -0.900833 0.879035 0.000000 0.900833 0.434165 -0.229874 0.000000 0.000000 0.000000 1.000000
1.000000 0.000000 0.000000 4.215000 0.000000 0.434165 -0.900833 0.879035 0.000000 0.900833 0.434165 -0.229874 0.000000 0.000000 0.000000 1.000000
1.000000 0.000000 0.000000 4.215000 0.000000 0.434165 -0.900833 0.879035 0.000000 0.900833 0.434165 -0.229874 0.000000 0.000000 0.000000 1.000000
1.000000 0.000000 0.000000 4.215000 0.000000 0.434165 -0.900833 0.879035 0.000000 0.900833 0.434165 -0.229874 0.000000 0.000000 0.000000 1.000000
1.000000 0.000000 0.000000 4.215000 0.000000 0.434165 -0.900833 0.879035 0.000000 0.900833 0.434165 -0.229874 0.000000 0.000000 0.000000 1.000000
1.000000 0.000000 0.000000 4.215000 0.000000 0.434165 -0.900833 0.879035 0.000000 0.900833 0.434165 -0.229874 0.000000 0.000000 0.000000 1.000000
1.000000 0.000000 0.000000 4.215000 0.000000 0.434165 -0.900833 0.879035 0.000000 0.900833 0.434165 -0.229874 0.000000 0.000000 0.000000 1.000000
1.000000 0.000000 0.000000 4.215000 0.000000 0.434165 -0.900833 0.879035 0.000000 0.900833 0.434165 -0.229874 0.000000 0.000000 0.000000 1.000000</float_array><technique_common><accessor source="#neck01_jnt-Matrix-animation-output-transform-array" count="61" stride="16"><param type="float4x4"/></accessor></technique_common></source><source id="neck01_jnt-Interpolations"><Name_array id="neck01_jnt-Interpolations-array" count="61">
 LINEAR LINEAR LINEAR LINEAR LINEAR LINEAR LINEAR LINEAR LINEAR LINEAR LINEAR
LINEAR LINEAR LINEAR LINEAR LINEAR LINEAR LINEAR LINEAR LINEAR LINEAR LINEAR LINEAR
LINEAR LINEAR LINEAR LINEAR LINEAR LINEAR LINEAR LINEAR LINEAR LINEAR LINEAR LINEAR
LINEAR LINEAR LINEAR LINEAR LINEAR LINEAR LINEAR LINEAR LINEAR LINEAR LINEAR LINEAR
LINEAR LINEAR LINEAR LINEAR LINEAR LINEAR LINEAR LINEAR LINEAR LINEAR LINEAR LINEAR
LINEAR LINEAR</Name_array><technique_common><accessor source="#neck01_jnt-Interpolations-array" count="61"><param type="name"/></accessor></technique_common></source><sampler id="neck01_jnt-Matrix-animation-transform"><input semantic="INPUT" source="#neck01_jnt-Matrix-animation-input"/><input semantic="OUTPUT" source="#neck01_jnt-Matrix-animation-output-transform"/><input semantic="INTERPOLATION" source="#neck01_jnt-Interpolations"/></sampler><channel source="#neck01_jnt-Matrix-animation-transform" target="neck01_jnt/matrix"/></animation></animation>
    <animation id="neck02_jnt-anim" name="neck02_jnt"><animation><source id="neck02_jnt-Matrix-animation-input"><float_array id="neck02_jnt-Matrix-animation-input-array" count="61">

0.000000 0.033333 0.066667 0.100000 0.133333 0.166667 0.200000 0.233333 0.266667 0.300000 0.333333 0.366667 0.400000 0.433333 0.466667 0.500000
0.533333 0.566667 0.600000 0.633333 0.666667 0.700000 0.733333 0.766667 0.800000 0.833333 0.866667 0.900000 0.933333 0.966667 1.000000 1.033333
1.066667 1.100000 1.133333 1.166667 1.200000 1.233333 1.266667 1.300000 1.333333 1.366667 1.400000 1.433333 1.466667 1.500000 1.533333 1.566667
1.600000 1.633333 1.666667 1.700000 1.733333 1.766667 1.800000 1.833333 1.866667 1.900000 1.933333 1.966667 2.000000</float_array><technique_common><accessor source="#neck02_jnt-Matrix-animation-input-array" count="61"><param name="TIME" type="float"/></accessor></technique_common></source><source id="neck02_jnt-Matrix-animation-output-transform"><float_array id="neck02_jnt-Matrix-animation-output-transform-array" count="976">

1.000000 0.000000 0.000000 0.000000 0.000000 0.443990 0.896032 0.710136 0.000000 -0.896032 0.443990 -0.227272 0.000000 0.000000 0.000000 1.000000
1.000000 0.000000 0.000000 0.000000 0.000000 0.443990 0.896032 0.710136 0.000000 -0.896032 0.443990 -0.227272 0.000000 0.000000 0.000000 1.000000
1.000000 0.000000 0.000000 0.000000 0.000000 0.443990 0.896032 0.710136 0.000000 -0.896032 0.443990 -0.227272 0.000000 0.000000 0.000000 1.000000
1.000000 0.000000 0.000000 0.000000 0.000000 0.443990 0.896032 0.710136 0.000000 -0.896032 0.443990 -0.227272 0.000000 0.000000 0.000000 1.000000
1.000000 0.000000 0.000000 0.000000 0.000000 0.443990 0.896032 0.710136 0.000000 -0.896032 0.443990 -0.227272 0.000000 0.000000 0.000000 1.000000
1.000000 0.000000 0.000000 0.000000 0.000000 0.443990 0.896032 0.710136 0.000000 -0.896032 0.443990 -0.227272 0.000000 0.000000 0.000000 1.000000
1.000000 0.000000 0.000000 0.000000 0.000000 0.443990 0.896032 0.710136 0.000000 -0.896032 0.443990 -0.227272 0.000000 0.000000 0.000000 1.000000
1.000000 0.000000 0.000000 0.000000 0.000000 0.443990 0.896032 0.710136 0.000000 -0.896032 0.443990 -0.227272 0.000000 0.000000 0.000000 1.000000
1.000000 0.000000 0.000000 0.000000 0.000000 0.443990 0.896032 0.710136 0.000000 -0.896032 0.443990 -0.227272 0.000000 0.000000 0.000000 1.000000
1.000000 0.000000 0.000000 0.000000 0.000000 0.443990 0.896032 0.710136 0.000000 -0.896032 0.443990 -0.227272 0.000000 0.000000 0.000000 1.000000
1.000000 0.000000 0.000000 0.000000 0.000000 0.443990 0.896032 0.710136 0.000000 -0.896032 0.443990 -0.227272 0.000000 0.000000 0.000000 1.000000
1.000000 0.000000 0.000000 0.000000 0.000000 0.443990 0.896032 0.710136 0.000000 -0.896032 0.443990 -0.227272 0.000000 0.000000 0.000000 1.000000
1.000000 0.000000 0.000000 0.000000 0.000000 0.443990 0.896032 0.710136 0.000000 -0.896032 0.443990 -0.227272 0.000000 0.000000 0.000000 1.000000
1.000000 0.000000 0.000000 0.000000 0.000000 0.443990 0.896032 0.710136 0.000000 -0.896032 0.443990 -0.227272 0.000000 0.000000 0.000000 1.000000
1.000000 0.000000 0.000000 0.000000 0.000000 0.443990 0.896032 0.710136 0.000000 -0.896032 0.443990 -0.227272 0.000000 0.000000 0.000000 1.000000
1.000000 0.000000 0.000000 0.000000 0.000000 0.443990 0.896032 0.710136 0.000000 -0.896032 0.443990 -0.227272 0.000000 0.000000 0.000000 1.000000
1.000000 0.000000 0.000000 0.000000 0.000000 0.443990 0.896032 0.710136 0.000000 -0.896032 0.443990 -0.227272 0.000000 0.000000 0.000000 1.000000
1.000000 0.000000 0.000000 0.000000 0.000000 0.443990 0.896032 0.710136 0.000000 -0.896032 0.443990 -0.227272 0.000000 0.000000 0.000000 1.000000
1.000000 0.000000 0.000000 0.000000 0.000000 0.443990 0.896032 0.710136 0.000000 -0.896032 0.443990 -0.227272 0.000000 0.000000 0.000000 1.000000
1.000000 0.000000 0.000000 0.000000 0.000000 0.443990 0.896032 0.710136 0.000000 -0.896032 0.443990 -0.227272 0.000000 0.000000 0.000000 1.000000
1.000000 0.000000 0.000000 0.000000 0.000000 0.443990 0.896032 0.710136 0.000000 -0.896032 0.443990 -0.227272 0.000000 0.000000 0.000000 1.000000
1.000000 0.000000 0.000000 0.000000 0.000000 0.443990 0.896032 0.710136 0.000000 -0.896032 0.443990 -0.227272 0.000000 0.000000 0.000000 1.000000
1.000000 0.000000 0.000000 0.000000 0.000000 0.443990 0.896032 0.710136 0.000000 -0.896032 0.443990 -0.227272 0.000000 0.000000 0.000000 1.000000
1.000000 0.000000 0.000000 0.000000 0.000000 0.443990 0.896032 0.710136 0.000000 -0.896032 0.443990 -0.227272 0.000000 0.000000 0.000000 1.000000
1.000000 0.000000 0.000000 0.000000 0.000000 0.443990 0.896032 0.710136 0.000000 -0.896032 0.443990 -0.227272 0.000000 0.000000 0.000000 1.000000
1.000000 0.000000 0.000000 0.000000 0.000000 0.443990 0.896032 0.710136 0.000000 -0.896032 0.443990 -0.227272 0.000000 0.000000 0.000000 1.000000
1.000000 0.000000 0.000000 0.000000 0.000000 0.443990 0.896032 0.710136 0.000000 -0.896032 0.443990 -0.227272 0.000000 0.000000 0.000000 1.000000
1.000000 0.000000 0.000000 0.000000 0.000000 0.443990 0.896032 0.710136 0.000000 -0.896032 0.443990 -0.227272 0.000000 0.000000 0.000000 1.000000
1.000000 0.000000 0.000000 0.000000 0.000000 0.443990 0.896032 0.710136 0.000000 -0.896032 0.443990 -0.227272 0.000000 0.000000 0.000000 1.000000
1.000000 0.000000 0.000000 0.000000 0.000000 0.443990 0.896032 0.710136 0.000000 -0.896032 0.443990 -0.227272 0.000000 0.000000 0.000000 1.000000
1.000000 0.000000 0.000000 0.000000 0.000000 0.443990 0.896032 0.710136 0.000000 -0.896032 0.443990 -0.227272 0.000000 0.000000 0.000000 1.000000
1.000000 0.000000 0.000000 0.000000 0.000000 0.443990 0.896032 0.710136 0.000000 -0.896032 0.443990 -0.227272 0.000000 0.000000 0.000000 1.000000
1.000000 0.000000 0.000000 0.000000 0.000000 0.443990 0.896032 0.710136 0.000000 -0.896032 0.443990 -0.227272 0.000000 0.000000 0.000000 1.000000
1.000000 0.000000 0.000000 0.000000 0.000000 0.443990 0.896032 0.710136 0.000000 -0.896032 0.443990 -0.227272 0.000000 0.000000 0.000000 1.000000
1.000000 0.000000 0.000000 0.000000 0.000000 0.443990 0.896032 0.710136 0.000000 -0.896032 0.443990 -0.227272 0.000000 0.000000 0.000000 1.000000
1.000000 0.000000 0.000000 0.000000 0.000000 0.443990 0.896032 0.710136 0.000000 -0.896032 0.443990 -0.227272 0.000000 0.000000 0.000000 1.000000
1.000000 0.000000 0.000000 0.000000 0.000000 0.443990 0.896032 0.710136 0.000000 -0.896032 0.443990 -0.227272 0.000000 0.000000 0.000000 1.000000
1.000000 0.000000 0.000000 0.000000 0.000000 0.443990 0.896032 0.710136 0.000000 -0.896032 0.443990 -0.227272 0.000000 0.000000 0.000000 1.000000
1.000000 0.000000 0.000000 0.000000 0.000000 0.443990 0.896032 0.710136 0.000000 -0.896032 0.443990 -0.227272 0.000000 0.000000 0.000000 1.000000
1.000000 0.000000 0.000000 0.000000 0.000000 0.443990 0.896032 0.710136 0.000000 -0.896032 0.443990 -0.227272 0.000000 0.000000 0.000000 1.000000
1.000000 0.000000 0.000000 0.000000 0.000000 0.443990 0.896032 0.710136 0.000000 -0.896032 0.443990 -0.227272 0.000000 0.000000 0.000000 1.000000
1.000000 0.000000 0.000000 0.000000 0.000000 0.443990 0.896032 0.710136 0.000000 -0.896032 0.443990 -0.227272 0.000000 0.000000 0.000000 1.000000
1.000000 0.000000 0.000000 0.000000 0.000000 0.443990 0.896032 0.710136 0.000000 -0.896032 0.443990 -0.227272 0.000000 0.000000 0.000000 1.000000
1.000000 0.000000 0.000000 0.000000 0.000000 0.443990 0.896032 0.710136 0.000000 -0.896032 0.443990 -0.227272 0.000000 0.000000 0.000000 1.000000
1.000000 0.000000 0.000000 0.000000 0.000000 0.443990 0.896032 0.710136 0.000000 -0.896032 0.443990 -0.227272 0.000000 0.000000 0.000000 1.000000
1.000000 0.000000 0.000000 0.000000 0.000000 0.443990 0.896032 0.710136 0.000000 -0.896032 0.443990 -0.227272 0.000000 0.000000 0.000000 1.000000
1.000000 0.000000 0.000000 0.000000 0.000000 0.443990 0.896032 0.710136 0.000000 -0.896032 0.443990 -0.227272 0.000000 0.000000 0.000000 1.000000
1.000000 0.000000 0.000000 0.000000 0.000000 0.443990 0.896032 0.710136 0.000000 -0.896032 0.443990 -0.227272 0.000000 0.000000 0.000000 1.000000
1.000000 0.000000 0.000000 0.000000 0.000000 0.443990 0.896032 0.710136 0.000000 -0.896032 0.443990 -0.227272 0.000000 0.000000 0.000000 1.000000
1.000000 0.000000 0.000000 0.000000 0.000000 0.443990 0.896032 0.710136 0.000000 -0.896032 0.443990 -0.227272 0.000000 0.000000 0.000000 1.000000
1.000000 0.000000 0.000000 0.000000 0.000000 0.443990 0.896032 0.710136 0.000000 -0.896032 0.443990 -0.227272 0.000000 0.000000 0.000000 1.000000
1.000000 0.000000 0.000000 0.000000 0.000000 0.443990 0.896032 0.710136 0.000000 -0.896032 0.443990 -0.227272 0.000000 0.000000 0.000000 1.000000
1.000000 0.000000 0.000000 0.000000 0.000000 0.443990 0.896032 0.710136 0.000000 -0.896032 0.443990 -0.227272 0.000000 0.000000 0.000000 1.000000
1.000000 0.000000 0.000000 0.000000 0.000000 0.443990 0.896032 0.710136 0.000000 -0.896032 0.443990 -0.227272 0.000000 0.000000 0.000000 1.000000
1.000000 0.000000 0.000000 0.000000 0.000000 0.443990 0.896032 0.710136 0.000000 -0.896032 0.443990 -0.227272 0.000000 0.000000 0.000000 1.000000
1.000000 0.000000 0.000000 0.000000 0.000000 0.443990 0.896032 0.710136 0.000000 -0.896032 0.443990 -0.227272 0.000000 0.000000 0.000000 1.000000
1.000000 0.000000 0.000000 0.000000 0.000000 0.443990 0.896032 0.710136 0.000000 -0.896032 0.443990 -0.227272 0.000000 0.000000 0.000000 1.000000
1.000000 0.000000 0.000000 0.000000 0.000000 0.443990 0.896032 0.710136 0.000000 -0.896032 0.443990 -0.227272 0.000000 0.000000 0.000000 1.000000
1.000000 0.000000 0.000000 0.000000 0.000000 0.443990 0.896032 0.710136 0.000000 -0.896032 0.443990 -0.227272 0.000000 0.000000 0.000000 1.000000
1.000000 0.000000 0.000000 0.000000 0.000000 0.443990 0.896032 0.710136 0.000000 -0.896032 0.443990 -0.227272 0.000000 0.000000 0.000000 1.000000
1.000000 0.000000 0.000000 0.000000 0.000000 0.443990 0.896032 0.710136 0.000000 -0.896032 0.443990 -0.227272 0.000000 0.000000 0.000000 1.000000</float_array><technique_common><accessor source="#neck02_jnt-Matrix-animation-output-transform-array" count="61" stride="16"><param type="float4x4"/></accessor></technique_common></source><source id="neck02_jnt-Interpolations"><Name_array id="neck02_jnt-Interpolations-array" count="61">
 LINEAR LINEAR LINEAR LINEAR LINEAR LINEAR LINEAR LINEAR LINEAR LINEAR LINEAR
LINEAR LINEAR LINEAR LINEAR LINEAR LINEAR LINEAR LINEAR LINEAR LINEAR LINEAR LINEAR
LINEAR LINEAR LINEAR LINEAR LINEAR LINEAR LINEAR LINEAR LINEAR LINEAR LINEAR LINEAR
LINEAR LINEAR LINEAR LINEAR LINEAR LINEAR LINEAR LINEAR LINEAR LINEAR LINEAR LINEAR
LINEAR LINEAR LINEAR LINEAR LINEAR LINEAR LINEAR LINEAR LINEAR LINEAR LINEAR LINEAR
LINEAR LINEAR</Name_array><technique_common><accessor source="#neck02_jnt-Interpolations-array" count="61"><param type="name"/></accessor></technique_common></source><sampler id="neck02_jnt-Matrix-animation-transform"><input semantic="INPUT" source="#neck02_jnt-Matrix-animation-input"/><input semantic="OUTPUT" source="#neck02_jnt-Matrix-animation-output-transform"/><input semantic="INTERPOLATION" source="#neck02_jnt-Interpolations"/></sampler><channel source="#neck02_jnt-Matrix-animation-transform" target="neck02_jnt/matrix"/></animation></animation>
    <animation id="head_jnt-anim" name="head_jnt"><animation><source id="head_jnt-Matrix-animation-input"><float_array id="head_jnt-Matrix-animation-input-array" count="61">

0.000000 0.033333 0.066667 0.100000 0.133333 0.166667 0.200000 0.233333 0.266667 0.300000 0.333333 0.366667 0.400000 0.433333 0.466667 0.500000
0.533333 0.566667 0.600000 0.633333 0.666667 0.700000 0.733333 0.766667 0.800000 0.833333 0.866667 0.900000 0.933333 0.966667 1.000000 1.033333
1.066667 1.100000 1.133333 1.166667 1.200000 1.233333 1.266667 1.300000 1.333333 1.366667 1.400000 1.433333 1.466667 1.500000 1.533333 1.566667
1.600000 1.633333 1.666667 1.700000 1.733333 1.766667 1.800000 1.833333 1.866667 1.900000 1.933333 1.966667 2.000000</float_array><technique_common><accessor source="#head_jnt-Matrix-animation-input-array" count="61"><param name="TIME" type="float"/></accessor></technique_common></source><source id="head_jnt-Matrix-animation-output-transform"><float_array id="head_jnt-Matrix-animation-output-transform-array" count="976">

0.226860 -0.002951 -0.973923 0.000096 0.005394 0.999984 -0.001774 0.624447 0.973913 -0.004851 0.226872 0.211544 0.000000 0.000000 0.000000 1.000000
0.228208 -0.002943 -0.973608 0.000096 0.005399 0.999984 -0.001758 0.624447 0.973597 -0.004855 0.228220 0.211544 0.000000 0.000000 0.000000 1.000000
0.231961 -0.002920 -0.972721 0.000096 0.005409 0.999984 -0.001712 0.624447 0.972710 -0.004864 0.231973 0.211544 0.000000 0.000000 0.000000 1.000000
0.237673 -0.002882 -0.971341 0.000096 0.005417 0.999984 -0.001642 0.624447 0.971330 -0.004871 0.237685 0.211544 0.000000 0.000000 0.000000 1.000000
0.244903 -0.002830 -0.969543 0.000096 0.005414 0.999984 -0.001551 0.624447 0.969532 -0.004869 0.244915 0.211544 0.000000 0.000000 0.000000 1.000000
0.253206 -0.002765 -0.967408 0.000096 0.005393 0.999984 -0.001447 0.624447 0.967397 -0.004851 0.253217 0.211544 0.000000 0.000000 0.000000 1.000000
0.262141 -0.002687 -0.965026 0.000096 0.005346 0.999985 -0.001332 0.624447 0.965015 -0.004810 0.262152 0.211544 0.000000 0.000000 0.000000 1.000000
0.271270 -0.002597 -0.962500 0.000096 0.005270 0.999985 -0.001213 0.624447 0.962489 -0.004743 0.271280 0.211544 0.000000 0.000000 0.000000 1.000000
0.280160 -0.002497 -0.959950 0.000096 0.005163 0.999986 -0.001094 0.624447 0.959939 -0.004649 0.280169 0.211544 0.000000 0.000000 0.000000 1.000000
0.288381 -0.002387 -0.957513 0.000096 0.005026 0.999987 -0.000979 0.624447 0.957503 -0.004530 0.288389 0.211544 0.000000 0.000000 0.000000 1.000000
0.295508 -0.002270 -0.955338 0.000096 0.004863 0.999988 -0.000871 0.624447 0.955328 -0.004388 0.295515 0.211544 0.000000 0.000000 0.000000 1.000000
0.301120 -0.002148 -0.953584 0.000096 0.004681 0.999989 -0.000774 0.624447 0.953575 -0.004231 0.301127 0.211544 0.000000 0.000000 0.000000 1.000000
0.304797 -0.002024 -0.952415 0.000096 0.004489 0.999990 -0.000689 0.624447 0.952407 -0.004066 0.304803 0.211544 0.000000 0.000000 0.000000 1.000000
0.306119 -0.001903 -0.951991 0.000096 0.004296 0.999991 -0.000618 0.624447 0.951984 -0.003901 0.306124 0.211544 0.000000 0.000000 0.000000 1.000000
0.306141 -0.001682 -0.951985 0.000096 0.004103 0.999991 -0.000447 0.624447 0.951977 -0.003769 0.306145 0.211544 0.000000 0.000000 0.000000 1.000000
0.306194 -0.001302 -0.951968 0.000096 0.003907 0.999992 -0.000111 0.624447 0.951961 -0.003686 0.306197 0.211544 0.000000 0.000000 0.000000 1.000000
0.306264 -0.000831 -0.951946 0.000096 0.003715 0.999993 0.000323 0.624447 0.951939 -0.003635 0.306265 0.211544 0.000000 0.000000 0.000000 1.000000
0.306339 -0.000336 -0.951923 0.000096 0.003531 0.999993 0.000783 0.624447 0.951916 -0.003601 0.306338 0.211544 0.000000 0.000000 0.000000 1.000000
0.306404 0.000114 -0.951902 0.000096 0.003360 0.999994 0.001201 0.624447 0.951896 -0.003566 0.306401 0.211544 0.000000 0.000000 0.000000 1.000000
0.306447 0.000451 -0.951888 0.000096 0.003208 0.999994 0.001506 0.624447 0.951882 -0.003515 0.306444 0.211544 0.000000 0.000000 0.000000 1.000000
0.306455 0.000608 -0.951885 0.000096 0.003080 0.999994 0.001630 0.624447 0.951880 -0.003432 0.306451 0.211544 0.000000 0.000000 0.000000 1.000000
0.306414 0.000516 -0.951898 0.000096 0.002982 0.999994 0.001502 0.624447 0.951894 -0.003299 0.306411 0.211544 0.000000 0.000000 0.000000 1.000000
0.306312 0.000108 -0.951931 0.000096 0.002918 0.999995 0.001052 0.624447 0.951927 -0.003100 0.306310 0.211544 0.000000 0.000000 0.000000 1.000000
0.306135 -0.000685 -0.951988 0.000096 0.002894 0.999996 0.000211 0.624447 0.951984 -0.002820 0.306136 0.211544 0.000000 0.000000 0.000000 1.000000
0.305906 -0.003320 -0.952056 0.000096 0.002894 0.999993 -0.002558 0.624447 0.952057 -0.001973 0.305913 0.211544 0.000000 0.000000 0.000000 1.000000
0.305663 -0.008732 -0.952100 0.000096 0.002896 0.999962 -0.008241 0.624447 0.952135 -0.000238 0.305676 0.211544 0.000000 0.000000 0.000000 1.000000
0.305414 -0.016201 -0.952082 0.000096 0.002900 0.999866 -0.016084 0.624447 0.952215 0.002151 0.305421 0.211544 0.000000 0.000000 0.000000 1.000000
0.305170 -0.025008 -0.951970 0.000096 0.002905 0.999675 -0.025329 0.624447 0.952294 0.004964 0.305143 0.211544 0.000000 0.000000 0.000000 1.000000
0.304938 -0.034432 -0.951750 0.000096 0.002911 0.999375 -0.035222 0.624447 0.952368 0.007970 0.304848 0.211544 0.000000 0.000000 0.000000 1.000000
0.304728 -0.043753 -0.951434 0.000096 0.002918 0.998983 -0.045005 0.624447 0.952435 0.010938 0.304546 0.211544 0.000000 0.000000 0.000000 1.000000
0.304549 -0.052251 -0.951062 0.000096 0.002924 0.998541 -0.053924 0.624447 0.952492 0.013642 0.304257 0.211544 0.000000 0.000000 0.000000 1.000000
0.304410 -0.059209 -0.950699 0.000096 0.002929 0.998120 -0.061225 0.624447 0.952537 0.015853 0.304011 0.211544 0.000000 0.000000 0.000000 1.000000
0.304320 -0.063909 -0.950424 0.000096 0.002932 0.997805 -0.066157 0.624447 0.952565 0.017346 0.303839 0.211544 0.000000 0.000000 0.000000 1.000000
