<?xml version="1.0" encoding="utf-8"?>
<COLLADA xmlns="http://www.collada.org/2005/11/COLLADASchema" version="1.4.1">
  <asset><contributor><author></author><authoring_tool>FBX COLLADA exporter</authoring_tool><comments></comments></contributor><created>2019-10-23T17:00:48Z</created><keywords></keywords><modified>2019-10-23T17:00:48Z</modified><revision></revision><subject></subject><title></title><unit meter="0.010000" name="centimeter"></unit><up_axis>Y_UP</up_axis></asset>
  <library_animations>
    <animation id="rig_char_dispenserbot_head_jnt-anim" name="rig_char_dispenserbot_head_jnt"><animation><source id="rig_char_dispenserbot_head_jnt-Matrix-animation-input"><float_array id="rig_char_dispenserbot_head_jnt-Matrix-animation-input-array" count="97">

0.041667 0.083333 0.125000 0.166667 0.208333 0.250000 0.291667 0.333333 0.375000 0.416667 0.458333 0.500000 0.541667 0.583333 0.625000 0.666667
0.708333 0.750000 0.791667 0.833333 0.875000 0.916667 0.958333 1.000000 1.041667 1.083333 1.125000 1.166667 1.208333 1.250000 1.291667 1.333333
1.375000 1.416667 1.458333 1.500000 1.541667 1.583333 1.625000 1.666667 1.708333 1.750000 1.791667 1.833333 1.875000 1.916667 1.958333 2.000000
2.041667 2.083333 2.125000 2.166667 2.208333 2.250000 2.291667 2.333333 2.375000 2.416667 2.458333 2.500000 2.541667 2.583333 2.625000 2.666667
2.708333 2.750000 2.791667 2.833333 2.875000 2.916667 2.958333 3.000000 3.041667 3.083333 3.125000 3.166667 3.208333 3.250000 3.291667 3.333333
3.375000 3.416667 3.458333 3.500000 3.541667 3.583333 3.625000 3.666667 3.708333 3.750000 3.791667 3.833333 3.875000 3.916667 3.958333 4.000000
4.041667</float_array><technique_common><accessor source="#rig_char_dispenserbot_head_jnt-Matrix-animation-input-array" count="97"><param name="TIME" type="float"/></accessor></technique_common></source><source id="rig_char_dispenserbot_head_jnt-Matrix-animation-output-transform"><float_array id="rig_char_dispenserbot_head_jnt-Matrix-animation-output-transform-array" count="1552">

1.000000 0.000000 0.000000 0.000096 0.000000 1.000000 0.000000 0.622134 0.000000 0.000000 1.000000 0.000000 0.000000 0.000000 0.000000 1.000000
0.999956 0.000000 -0.009362 0.000096 0.000000 1.000000 0.000000 0.622134 0.009362 0.000000 0.999956 0.000000 0.000000 0.000000 0.000000 1.000000
0.999359 0.000000 -0.035793 0.000096 0.000000 1.000000 0.000000 0.622134 0.035793 0.000000 0.999359 0.000000 0.000000 0.000000 0.000000 1.000000
0.997049 0.000000 -0.076770 0.000096 0.000000 1.000000 0.000000 0.622134 0.076770 0.000000 0.997049 0.000000 0.000000 0.000000 0.000000 1.000000
0.991559 0.000000 -0.129657 0.000096 0.000000 1.000000 0.000000 0.622134 0.129657 0.000000 0.991559 0.000000 0.000000 0.000000 0.000000 1.000000
0.981460 0.000000 -0.191669 0.000096 0.000000 1.000000 0.000000 0.622134 0.191669 0.000000 0.981460 0.000000 0.000000 0.000000 0.000000 1.000000
0.965642 0.000000 -0.259875 0.000096 0.000000 1.000000 0.000000 0.622134 0.259875 0.000000 0.965642 0.000000 0.000000 0.000000 0.000000 1.000000
0.943539 0.000000 -0.331262 0.000096 0.000000 1.000000 0.000000 0.622134 0.331262 0.000000 0.943539 0.000000 0.000000 0.000000 0.000000 1.000000
0.915263 0.000000 -0.402858 0.000096 0.000000 1.000000 0.000000 0.622134 0.402858 0.000000 0.915263 0.000000 0.000000 0.000000 0.000000 1.000000
0.881669 0.000000 -0.471869 0.000096 0.000000 1.000000 0.000000 0.622134 0.471869 0.000000 0.881669 0.000000 0.000000 0.000000 0.000000 1.000000
0.844329 0.000000 -0.535825 0.000096 0.000000 1.000000 0.000000 0.622134 0.535825 0.000000 0.844329 0.000000 0.000000 0.000000 0.000000 1.000000
0.805431 0.000000 -0.592689 0.000096 0.000000 1.000000 0.000000 0.622134 0.592689 0.000000 0.805431 0.000000 0.000000 0.000000 0.000000 1.000000
0.767629 0.000000 -0.640894 0.000096 0.000000 1.000000 0.000000 0.622134 0.640894 0.000000 0.767629 0.000000 0.000000 0.000000 0.000000 1.000000
0.733852 0.000000 -0.679310 0.000096 0.000000 1.000000 0.000000 0.622134 0.679310 0.000000 0.733852 0.000000 0.000000 0.000000 0.000000 1.000000
0.707107 0.000000 -0.707107 0.000096 0.000000 1.000000 0.000000 0.622134 0.707107 0.000000 0.707107 0.000000 0.000000 0.000000 0.000000 1.000000
0.694011 0.000000 -0.719964 0.000096 0.000000 1.000000 0.000000 0.622134 0.719964 0.000000 0.694011 0.000000 0.000000 0.000000 0.000000 1.000000
0.692121 0.000000 -0.721781 0.000096 0.000000 1.000000 0.000000 0.622134 0.721781 0.000000 0.692121 0.000000 0.000000 0.000000 0.000000 1.000000
0.708917 0.000000 -0.705291 0.000096 0.000000 1.000000 0.000000 0.622134 0.705291 0.000000 0.708917 0.000000 0.000000 0.000000 0.000000 1.000000
0.739062 0.000000 -0.673638 0.000096 0.000000 1.000000 0.000000 0.622134 0.673638 0.000000 0.739062 0.000000 0.000000 0.000000 0.000000 1.000000
0.754712 0.000000 -0.656056 0.000096 0.000000 1.000000 0.000000 0.622134 0.656056 0.000000 0.754712 0.000000 0.000000 0.000000 0.000000 1.000000
0.754712 0.000000 -0.656056 0.000096 0.000000 1.000000 0.000000 0.622134 0.656056 0.000000 0.754712 0.000000 0.000000 0.000000 0.000000 1.000000
0.754712 0.000000 -0.656056 0.000096 0.000000 1.000000 0.000000 0.622134 0.656056 0.000000 0.754712 0.000000 0.000000 0.000000 0.000000 1.000000
0.754712 0.000000 -0.656056 0.000096 0.000000 1.000000 0.000000 0.622134 0.656056 0.000000 0.754712 0.000000 0.000000 0.000000 0.000000 1.000000
0.754712 0.000000 -0.656056 0.000096 0.000000 1.000000 0.000000 0.622134 0.656056 0.000000 0.754712 0.000000 0.000000 0.000000 0.000000 1.000000
0.754712 0.000000 -0.656056 0.000096 0.000000 1.000000 0.000000 0.622134 0.656056 0.000000 0.754712 0.000000 0.000000 0.000000 0.000000 1.000000
0.754712 0.000000 -0.656056 0.000096 0.000000 1.000000 0.000000 0.622134 0.656056 0.000000 0.754712 0.000000 0.000000 0.000000 0.000000 1.000000
0.754712 0.000000 -0.656056 0.000096 0.000000 1.000000 0.000000 0.622134 0.656056 0.000000 0.754712 0.000000 0.000000 0.000000 0.000000 1.000000
0.754712 0.000000 -0.656056 0.000096 0.000000 1.000000 0.000000 0.622134 0.656056 0.000000 0.754712 0.000000 0.000000 0.000000 0.000000 1.000000
0.754712 0.000000 -0.656056 0.000096 0.000000 1.000000 0.000000 0.622134 0.656056 0.000000 0.754712 0.000000 0.000000 0.000000 0.000000 1.000000
0.754712 0.000000 -0.656056 0.000096 0.000000 1.000000 0.000000 0.622134 0.656056 0.000000 0.754712 0.000000 0.000000 0.000000 0.000000 1.000000
0.754712 0.000000 -0.656056 0.000096 0.000000 1.000000 0.000000 0.622134 0.656056 0.000000 0.754712 0.000000 0.000000 0.000000 0.000000 1.000000
0.754712 0.000000 -0.656056 0.000096 0.000000 1.000000 0.000000 0.622134 0.656056 0.000000 0.754712 0.000000 0.000000 0.000000 0.000000 1.000000
0.754712 0.000000 -0.656056 0.000096 0.000000 1.000000 0.000000 0.622134 0.656056 0.000000 0.754712 0.000000 0.000000 0.000000 0.000000 1.000000
0.754712 0.000000 -0.656056 0.000096 0.000000 1.000000 0.000000 0.622134 0.656056 0.000000 0.754712 0.000000 0.000000 0.000000 0.000000 1.000000
0.754712 0.000000 -0.656056 0.000096 0.000000 1.000000 0.000000 0.622134 0.656056 0.000000 0.754712 0.000000 0.000000 0.000000 0.000000 1.000000
0.754698 -0.007226 -0.656033 0.000096 0.000000 0.999939 -0.011014 0.622134 0.656072 0.008312 0.754652 0.000000 0.000000 0.000000 0.000000 1.000000
0.754659 -0.026587 -0.655578 0.000096 0.000000 0.999179 -0.040522 0.622134 0.656117 0.030580 0.754040 0.000000 0.000000 0.000000 0.000000 1.000000
0.754602 -0.054576 -0.653910 0.000096 0.000000 0.996535 -0.083172 0.622134 0.656183 0.062762 0.751987 0.000000 0.000000 0.000000 0.000000 1.000000
0.754530 -0.087634 -0.650389 0.000096 0.000000 0.991044 -0.133534 0.622134 0.656266 0.100755 0.747772 0.000000 0.000000 0.000000 0.000000 1.000000
0.754448 -0.122182 -0.644887 0.000096 0.000000 0.982521 -0.186151 0.622134 0.656359 0.140441 0.741262 0.000000 0.000000 0.000000 0.000000 1.000000
0.754364 -0.154708 -0.637966 0.000096 0.000000 0.971833 -0.235671 0.622134 0.656457 0.177782 0.733115 0.000000 0.000000 0.000000 0.000000 1.000000
0.754280 -0.181849 -0.630866 0.000096 0.000000 0.960877 -0.276975 0.622134 0.656552 0.208917 0.724771 0.000000 0.000000 0.000000 0.000000 1.000000
0.754204 -0.200416 -0.625308 0.000096 0.000000 0.952284 -0.305214 0.622134 0.656640 0.230193 0.718216 0.000000 0.000000 0.000000 0.000000 1.000000
0.754139 -0.207314 -0.623133 0.000096 0.000000 0.948864 -0.315684 0.622134 0.656715 0.238069 0.715576 0.000000 0.000000 0.000000 0.000000 1.000000
0.754097 -0.195599 -0.626960 0.000096 0.000000 0.954621 -0.297822 0.622134 0.656763 0.224587 0.719877 0.000000 0.000000 0.000000 0.000000 1.000000
0.754084 -0.183803 -0.630534 0.000096 -0.000000 0.960042 -0.279856 0.622134 0.656778 0.211035 0.723953 0.000000 0.000000 0.000000 0.000000 1.000000
0.754084 -0.183803 -0.630534 0.000096 -0.000000 0.960042 -0.279856 0.622134 0.656778 0.211035 0.723953 0.000000 0.000000 0.000000 0.000000 1.000000
0.754084 -0.183803 -0.630534 0.000096 -0.000000 0.960042 -0.279856 0.622134 0.656778 0.211035 0.723953 0.000000 0.000000 0.000000 0.000000 1.000000
0.754084 -0.183803 -0.630534 0.000096 -0.000000 0.960042 -0.279856 0.622134 0.656778 0.211035 0.723953 0.000000 0.000000 0.000000 0.000000 1.000000
0.754084 -0.183803 -0.630534 0.000096 -0.000000 0.960042 -0.279856 0.622134 0.656778 0.211035 0.723953 0.000000 0.000000 0.000000 0.000000 1.000000
0.754084 -0.183803 -0.630534 0.000096 -0.000000 0.960042 -0.279856 0.622134 0.656778 0.211035 0.723953 0.000000 0.000000 0.000000 0.000000 1.000000
0.754084 -0.183803 -0.630534 0.000096 -0.000000 0.960042 -0.279856 0.622134 0.656778 0.211035 0.723953 0.000000 0.000000 0.000000 0.000000 1.000000
0.754084 -0.183803 -0.630534 0.000096 -0.000000 0.960042 -0.279856 0.622134 0.656778 0.211035 0.723953 0.000000 0.000000 0.000000 0.000000 1.000000
0.754084 -0.183803 -0.630534 0.000096 -0.000000 0.960042 -0.279856 0.622134 0.656778 0.211035 0.723953 0.000000 0.000000 0.000000 0.000000 1.000000
0.754084 -0.183803 -0.630534 0.000096 -0.000000 0.960042 -0.279856 0.622134 0.656778 0.211035 0.723953 0.000000 0.000000 0.000000 0.000000 1.000000
0.754084 -0.183803 -0.630534 0.000096 -0.000000 0.960042 -0.279856 0.622134 0.656778 0.211035 0.723953 0.000000 0.000000 0.000000 0.000000 1.000000
0.754084 -0.183803 -0.630534 0.000096 -0.000000 0.960042 -0.279856 0.622134 0.656778 0.211035 0.723953 0.000000 0.000000 0.000000 0.000000 1.000000
0.754084 -0.183803 -0.630534 0.000096 -0.000000 0.960042 -0.279856 0.622134 0.656778 0.211035 0.723953 0.000000 0.000000 0.000000 0.000000 1.000000
0.754084 -0.183803 -0.630534 0.000096 -0.000000 0.960042 -0.279856 0.622134 0.656778 0.211035 0.723953 0.000000 0.000000 0.000000 0.000000 1.000000
0.754084 -0.183803 -0.630534 0.000096 -0.000000 0.960042 -0.279856 0.622134 0.656778 0.211035 0.723953 0.000000 0.000000 0.000000 0.000000 1.000000
0.754084 -0.183803 -0.630534 0.000096 -0.000000 0.960042 -0.279856 0.622134 0.656778 0.211035 0.723953 0.000000 0.000000 0.000000 0.000000 1.000000
0.754084 -0.183803 -0.630534 0.000096 -0.000000 0.960042 -0.279856 0.622134 0.656778 0.211035 0.723953 0.000000 0.000000 0.000000 0.000000 1.000000
0.754084 -0.183803 -0.630534 0.000096 -0.000000 0.960042 -0.279856 0.622134 0.656778 0.211035 0.723953 0.000000 0.000000 0.000000 0.000000 1.000000
0.754084 -0.183803 -0.630534 0.000096 -0.000000 0.960042 -0.279856 0.622134 0.656778 0.211035 0.723953 0.000000 0.000000 0.000000 0.000000 1.000000
0.754084 -0.183803 -0.630534 0.000096 -0.000000 0.960042 -0.279856 0.622134 0.656778 0.211035 0.723953 0.000000 0.000000 0.000000 0.000000 1.000000
0.754084 -0.183803 -0.630534 0.000096 -0.000000 0.960042 -0.279856 0.622134 0.656778 0.211035 0.723953 0.000000 0.000000 0.000000 0.000000 1.000000
0.754084 -0.183803 -0.630534 0.000096 -0.000000 0.960042 -0.279856 0.622134 0.656778 0.211035 0.723953 0.000000 0.000000 0.000000 0.000000 1.000000
0.754084 -0.183803 -0.630534 0.000096 -0.000000 0.960042 -0.279856 0.622134 0.656778 0.211035 0.723953 0.000000 0.000000 0.000000 0.000000 1.000000
0.754084 -0.183803 -0.630534 0.000096 -0.000000 0.960042 -0.279856 0.622134 0.656778 0.211035 0.723953 0.000000 0.000000 0.000000 0.000000 1.000000
0.754084 -0.183803 -0.630534 0.000096 -0.000000 0.960042 -0.279856 0.622134 0.656778 0.211035 0.723953 0.000000 0.000000 0.000000 0.000000 1.000000
0.754084 -0.183803 -0.630534 0.000096 -0.000000 0.960042 -0.279856 0.622134 0.656778 0.211035 0.723953 0.000000 0.000000 0.000000 0.000000 1.000000
0.754084 -0.183803 -0.630534 0.000096 -0.000000 0.960042 -0.279856 0.622134 0.656778 0.211035 0.723953 0.000000 0.000000 0.000000 0.000000 1.000000
0.754084 -0.183803 -0.630534 0.000096 -0.000000 0.960042 -0.279856 0.622134 0.656778 0.211035 0.723953 0.000000 0.000000 0.000000 0.000000 1.000000
0.754084 -0.183803 -0.630534 0.000096 -0.000000 0.960042 -0.279856 0.622134 0.656778 0.211035 0.723953 0.000000 0.000000 0.000000 0.000000 1.000000
0.754084 -0.183803 -0.630534 0.000096 -0.000000 0.960042 -0.279856 0.622134 0.656778 0.211035 0.723953 0.000000 0.000000 0.000000 0.000000 1.000000
0.754084 -0.183803 -0.630534 0.000096 -0.000000 0.960042 -0.279856 0.622134 0.656778 0.211035 0.723953 0.000000 0.000000 0.000000 0.000000 1.000000
0.754084 -0.183803 -0.630534 0.000096 -0.000000 0.960042 -0.279856 0.622134 0.656778 0.211035 0.723953 0.000000 0.000000 0.000000 0.000000 1.000000
0.754084 -0.183803 -0.630534 0.000096 -0.000000 0.960042 -0.279856 0.622134 0.656778 0.211035 0.723953 0.000000 0.000000 0.000000 0.000000 1.000000
0.754084 -0.183803 -0.630534 0.000096 -0.000000 0.960042 -0.279856 0.622134 0.656778 0.211035 0.723953 0.000000 0.000000 0.000000 0.000000 1.000000
0.754084 -0.183803 -0.630534 0.000096 -0.000000 0.960042 -0.279856 0.622134 0.656778 0.211035 0.723953 0.000000 0.000000 0.000000 0.000000 1.000000
0.754084 -0.183803 -0.630534 0.000096 -0.000000 0.960042 -0.279856 0.622134 0.656778 0.211035 0.723953 0.000000 0.000000 0.000000 0.000000 1.000000
0.754084 -0.183803 -0.630534 0.000096 -0.000000 0.960042 -0.279856 0.622134 0.656778 0.211035 0.723953 0.000000 0.000000 0.000000 0.000000 1.000000
0.754084 -0.183803 -0.630534 0.000096 -0.000000 0.960042 -0.279856 0.622134 0.656778 0.211035 0.723953 0.000000 0.000000 0.000000 0.000000 1.000000
0.766102 -0.175788 -0.618212 0.000096 0.000000 0.961870 -0.273508 0.622134 0.642719 0.209535 0.736891 0.000000 0.000000 0.000000 0.000000 1.000000
0.797699 -0.154407 -0.582954 0.000096 0.000000 0.966666 -0.256040 0.622134 0.603056 0.204243 0.771108 0.000000 0.000000 0.000000 0.000000 1.000000
0.841062 -0.124301 -0.526464 0.000096 -0.000000 0.973241 -0.229788 0.622134 0.540939 0.193266 0.818556 0.000000 0.000000 0.000000 0.000000 1.000000
0.887972 -0.090647 -0.450876 0.000096 0.000000 0.980383 -0.197103 0.622134 0.459898 0.175022 0.870552 0.000000 0.000000 0.000000 0.000000 1.000000
0.931068 -0.058526 -0.360122 0.000096 0.000000 0.987050 -0.160412 0.622134 0.364847 0.149355 0.919010 0.000000 0.000000 0.000000 0.000000 1.000000
0.964968 -0.032069 -0.260401 0.000096 0.000000 0.992502 -0.122230 0.622134 0.262368 0.117948 0.957732 0.000000 0.000000 0.000000 0.000000 1.000000
0.987057 -0.013654 -0.159786 0.000096 0.000000 0.996369 -0.085139 0.622134 0.160368 0.084037 0.983473 0.000000 0.000000 0.000000 0.000000 1.000000
0.997730 -0.003486 -0.067249 0.000096 0.000000 0.998659 -0.051762 0.622134 0.067339 0.051644 0.996393 0.000000 0.000000 0.000000 0.000000 1.000000
0.999965 0.000207 0.008381 0.000096 0.000000 0.999694 -0.024718 0.622134 -0.008383 0.024717 0.999659 0.000000 0.000000 0.000000 0.000000 1.000000
0.998254 0.000390 0.059062 0.000096 -0.000000 0.999978 -0.006606 0.622134 -0.059063 0.006595 0.998232 0.000000 0.000000 0.000000 0.000000 1.000000
0.996991 0.000000 0.077516 0.000096 0.000000 1.000000 0.000000 0.622134 -0.077516 0.000000 0.996991 0.000000 0.000000 0.000000 0.000000 1.000000
0.998349 0.000000 0.057445 0.000096 0.000000 1.000000 0.000000 0.622134 -0.057445 0.000000 0.998349 0.000000 0.000000 0.000000 0.000000 1.000000
0.999798 0.000000 0.020116 0.000096 0.000000 1.000000 0.000000 0.622134 -0.020116 0.000000 0.999798 0.000000 0.000000 0.000000 0.000000 1.000000
1.000000 0.000000 0.000000 0.000096 0.000000 1.000000 0.000000 0.622134 0.000000 0.000000 1.000000 0.000000 0.000000 0.000000 0.000000 1.000000</float_array><technique_common><accessor source="#rig_char_dispenserbot_head_jnt-Matrix-animation-output-transform-array" count="97" stride="16"><param type="float4x4"/></accessor></technique_common></source><source id="rig_char_dispenserbot_head_jnt-Interpolations"><Name_array id="rig_char_dispenserbot_head_jnt-Interpolations-array" count="97">
 LINEAR LINEAR LINEAR LINEAR LINEAR LINEAR LINEAR LINEAR LINEAR LINEAR LINEAR
LINEAR LINEAR LINEAR LINEAR LINEAR LINEAR LINEAR LINEAR LINEAR LINEAR LINEAR LINEAR
LINEAR LINEAR LINEAR LINEAR LINEAR LINEAR LINEAR LINEAR LINEAR LINEAR LINEAR LINEAR
LINEAR LINEAR LINEAR LINEAR LINEAR LINEAR LINEAR LINEAR LINEAR LINEAR LINEAR LINEAR
LINEAR LINEAR LINEAR LINEAR LINEAR LINEAR LINEAR LINEAR LINEAR LINEAR LINEAR LINEAR
LINEAR LINEAR LINEAR LINEAR LINEAR LINEAR LINEAR LINEAR LINEAR LINEAR LINEAR LINEAR
LINEAR LINEAR LINEAR LINEAR LINEAR LINEAR LINEAR LINEAR LINEAR LINEAR LINEAR LINEAR
LINEAR LINEAR LINEAR LINEAR LINEAR LINEAR LINEAR LINEAR LINEAR LINEAR LINEAR LINEAR
LINEAR LINEAR</Name_array><technique_common><accessor source="#rig_char_dispenserbot_head_jnt-Interpolations-array" count="97"><param type="name"/></accessor></technique_common></source><sampler id="rig_char_dispenserbot_head_jnt-Matrix-animation-transform"><input semantic="INPUT" source="#rig_char_dispenserbot_head_jnt-Matrix-animation-input"/><input semantic="OUTPUT" source="#rig_char_dispenserbot_head_jnt-Matrix-animation-output-transform"/><input semantic="INTERPOLATION" source="#rig_char_dispenserbot_head_jnt-Interpolations"/></sampler><channel source="#rig_char_dispenserbot_head_jnt-Matrix-animation-transform" target="rig_char_dispenserbot_head_jnt/matrix"/></animation></animation>
    <animation id="rig_char_dispenserbot_lamp_jnt-anim" name="rig_char_dispenserbot_lamp_jnt"><animation><source id="rig_char_dispenserbot_lamp_jnt-Matrix-animation-input"><float_array id="rig_char_dispenserbot_lamp_jnt-Matrix-animation-input-array" count="120">

0.041667 0.083333 0.125000 0.166667 0.208333 0.250000 0.291667 0.333333 0.375000 0.416667 0.458333 0.500000 0.541667 0.583333 0.625000 0.666667
0.708333 0.750000 0.791667 0.833333 0.875000 0.916667 0.958333 1.000000 1.041667 1.083333 1.125000 1.166667 1.208333 1.250000 1.291667 1.333333
1.375000 1.416667 1.458333 1.500000 1.541667 1.583333 1.625000 1.666667 1.708333 1.750000 1.791667 1.833333 1.875000 1.916667 1.958333 2.000000
2.041667 2.083333 2.125000 2.166667 2.208333 2.250000 2.291667 2.333333 2.375000 2.416667 2.458333 2.500000 2.541667 2.583333 2.625000 2.666667
2.708333 2.750000 2.791667 2.833333 2.875000 2.916667 2.958333 3.000000 3.041667 3.083333 3.125000 3.166667 3.208333 3.250000 3.291667 3.333333
3.375000 3.416667 3.458333 3.500000 3.541667 3.583333 3.625000 3.666667 3.708333 3.750000 3.791667 3.833333 3.875000 3.916667 3.958333 4.000000
4.041667 4.083333 4.125000 4.166667 4.208333 4.250000 4.291667 4.333333 4.375000 4.416667 4.458333 4.500000 4.541667 4.583333 4.625000 4.666667
4.708333 4.750000 4.791667 4.833333 4.875000 4.916667 4.958333 5.000000</float_array><technique_common><accessor source="#rig_char_dispenserbot_lamp_jnt-Matrix-animation-input-array" count="120"><param name="TIME" type="float"/></accessor></technique_common></source><source id="rig_char_dispenserbot_lamp_jnt-Matrix-animation-output-transform"><float_array id="rig_char_dispenserbot_lamp_jnt-Matrix-animation-output-transform-array" count="1920">

1.000000 0.000000 0.000000 -4.146596 0.000000 1.000000 0.000000 2.181666 0.000000 0.000000 1.000000 -1.019675 0.000000 0.000000 0.000000 1.000000
1.000000 0.000000 0.000000 -4.146596 0.000000 1.000000 0.000000 2.181666 0.000000 0.000000 1.000000 -1.019675 0.000000 0.000000 0.000000 1.000000
1.000000 0.000000 0.000000 -4.146596 0.000000 1.000000 0.000000 2.181666 0.000000 0.000000 1.000000 -1.019675 0.000000 0.000000 0.000000 1.000000
1.000000 0.000000 0.000000 -4.146596 0.000000 1.000000 0.000000 2.181666 0.000000 0.000000 1.000000 -1.019675 0.000000 0.000000 0.000000 1.000000
1.000000 0.000000 0.000000 -4.146596 0.000000 1.000000 0.000000 2.181666 0.000000 0.000000 1.000000 -1.019675 0.000000 0.000000 0.000000 1.000000
1.000000 0.000000 0.000000 -4.146596 0.000000 1.000000 0.000000 2.181666 0.000000 0.000000 1.000000 -1.019675 0.000000 0.000000 0.000000 1.000000
1.000000 0.000000 0.000000 -4.146596 0.000000 1.000000 0.000000 2.181666 0.000000 0.000000 1.000000 -1.019675 0.000000 0.000000 0.000000 1.000000
1.000000 0.000000 0.000000 -4.146596 0.000000 1.000000 0.000000 2.181666 0.000000 0.000000 1.000000 -1.019675 0.000000 0.000000 0.000000 1.000000
1.000000 0.000000 0.000000 -4.146596 0.000000 1.000000 0.000000 2.181666 0.000000 0.000000 1.000000 -1.019675 0.000000 0.000000 0.000000 1.000000
1.000000 0.000000 0.000000 -4.146596 0.000000 1.000000 0.000000 2.181666 0.000000 0.000000 1.000000 -1.019675 0.000000 0.000000 0.000000 1.000000
1.000000 0.000000 0.000000 -4.146596 0.000000 1.000000 0.000000 2.181666 0.000000 0.000000 1.000000 -1.019675 0.000000 0.000000 0.000000 1.000000
1.000000 0.000000 0.000000 -4.146596 0.000000 1.000000 0.000000 2.181666 0.000000 0.000000 1.000000 -1.019675 0.000000 0.000000 0.000000 1.000000
1.000000 0.000000 0.000000 -4.146596 0.000000 1.000000 0.000000 2.181666 0.000000 0.000000 1.000000 -1.019675 0.000000 0.000000 0.000000 1.000000
1.000000 0.000000 0.000000 -4.146596 0.000000 1.000000 0.000000 2.181666 0.000000 0.000000 1.000000 -1.019675 0.000000 0.000000 0.000000 1.000000
1.000000 0.000000 0.000000 -4.146596 0.000000 1.000000 0.000000 2.181666 0.000000 0.000000 1.000000 -1.019675 0.000000 0.000000 0.000000 1.000000
1.000000 0.000000 0.000000 -4.146596 0.000000 1.000000 0.000000 2.181666 0.000000 0.000000 1.000000 -1.019675 0.000000 0.000000 0.000000 1.000000
1.000000 0.000000 0.000000 -4.146596 0.000000 1.000000 0.000000 2.181666 0.000000 0.000000 1.000000 -1.019675 0.000000 0.000000 0.000000 1.000000
1.000000 0.000000 0.000000 -4.146596 0.000000 1.000000 0.000000 2.181666 0.000000 0.000000 1.000000 -1.019675 0.000000 0.000000 0.000000 1.000000
1.000000 0.000000 0.000000 -4.146596 0.000000 1.000000 0.000000 2.181666 0.000000 0.000000 1.000000 -1.019675 0.000000 0.000000 0.000000 1.000000
1.000000 0.000000 0.000000 -4.146596 0.000000 1.000000 0.000000 2.181666 0.000000 0.000000 1.000000 -1.019675 0.000000 0.000000 0.000000 1.000000
1.000000 0.000000 0.000000 -4.146596 0.000000 1.000000 0.000000 2.181666 0.000000 0.000000 1.000000 -1.019675 0.000000 0.000000 0.000000 1.000000
1.000000 0.000000 0.000000 -4.146596 0.000000 1.000000 0.000000 2.181666 0.000000 0.000000 1.000000 -1.019675 0.000000 0.000000 0.000000 1.000000
1.000000 0.000000 0.000000 -4.146596 0.000000 1.000000 0.000000 2.181666 0.000000 0.000000 1.000000 -1.019675 0.000000 0.000000 0.000000 1.000000
1.000000 0.000000 0.000000 -4.146596 0.000000 1.000000 0.000000 2.181666 0.000000 0.000000 1.000000 -1.019675 0.000000 0.000000 0.000000 1.000000
1.000000 0.000000 0.000000 -4.146596 0.000000 1.000000 0.000000 2.181666 0.000000 0.000000 1.000000 -1.019675 0.000000 0.000000 0.000000 1.000000
1.000000 0.000000 0.000000 -4.146596 0.000000 1.000000 0.000000 2.181666 0.000000 0.000000 1.000000 -1.019675 0.000000 0.000000 0.000000 1.000000
1.000000 0.000000 0.000000 -4.146596 0.000000 1.000000 0.000000 2.181666 0.000000 0.000000 1.000000 -1.019675 0.000000 0.000000 0.000000 1.000000
1.000000 0.000000 0.000000 -4.146596 0.000000 1.000000 0.000000 2.181666 0.000000 0.000000 1.000000 -1.019675 0.000000 0.000000 0.000000 1.000000
1.000000 0.000000 0.000000 -4.146596 0.000000 1.000000 0.000000 2.181666 0.000000 0.000000 1.000000 -1.019675 0.000000 0.000000 0.000000 1.000000
1.000000 0.000000 0.000000 -4.146596 0.000000 1.000000 0.000000 2.181666 0.000000 0.000000 1.000000 -1.019675 0.000000 0.000000 0.000000 1.000000
1.000000 0.000000 0.000000 -4.146596 0.000000 1.000000 0.000000 2.181666 0.000000 0.000000 1.000000 -1.019675 0.000000 0.000000 0.000000 1.000000
1.000000 0.000000 0.000000 -4.146596 0.000000 1.000000 0.000000 2.181666 0.000000 0.000000 1.000000 -1.019675 0.000000 0.000000 0.000000 1.000000
1.000000 0.000000 0.000000 -4.146596 0.000000 1.000000 0.000000 2.181666 0.000000 0.000000 1.000000 -1.019675 0.000000 0.000000 0.000000 1.000000
1.000000 0.000000 0.000000 -4.146596 0.000000 1.000000 0.000000 2.181666 0.000000 0.000000 1.000000 -1.019675 0.000000 0.000000 0.000000 1.000000
1.000000 0.000000 0.000000 -4.146596 0.000000 1.000000 0.000000 2.181666 0.000000 0.000000 1.000000 -1.019675 0.000000 0.000000 0.000000 1.000000
1.000000 0.000000 0.000000 -4.146596 0.000000 1.000000 0.000000 2.181666 0.000000 0.000000 1.000000 -1.019675 0.000000 0.000000 0.000000 1.000000
1.000000 0.000000 0.000000 -4.146596 0.000000 1.000000 0.000000 2.181666 0.000000 0.000000 1.000000 -1.019675 0.000000 0.000000 0.000000 1.000000
1.000000 0.000000 0.000000 -4.146596 0.000000 1.000000 0.000000 2.181666 0.000000 0.000000 1.000000 -1.019675 0.000000 0.000000 0.000000 1.000000
1.000000 0.000000 0.000000 -4.146596 0.000000 1.000000 0.000000 2.181666 0.000000 0.000000 1.000000 -1.019675 0.000000 0.000000 0.000000 1.000000
1.000000 0.000000 0.000000 -4.146596 0.000000 1.000000 0.000000 2.181666 0.000000 0.000000 1.000000 -1.019675 0.000000 0.000000 0.000000 1.000000
1.000000 0.000000 0.000000 -4.146596 0.000000 1.000000 0.000000 2.181666 0.000000 0.000000 1.000000 -1.019675 0.000000 0.000000 0.000000 1.000000
1.000000 0.000000 0.000000 -4.146596 0.000000 1.000000 0.000000 2.181666 0.000000 0.000000 1.000000 -1.019675 0.000000 0.000000 0.000000 1.000000
1.000000 0.000000 0.000000 -4.146596 0.000000 1.000000 0.000000 2.181666 0.000000 0.000000 1.000000 -1.019675 0.000000 0.000000 0.000000 1.000000
1.000000 0.000000 0.000000 -4.146596 0.000000 1.000000 0.000000 2.181666 0.000000 0.000000 1.000000 -1.019675 0.000000 0.000000 0.000000 1.000000
1.000000 0.000000 0.000000 -4.146596 0.000000 1.000000 0.000000 2.181666 0.000000 0.000000 1.000000 -1.019675 0.000000 0.000000 0.000000 1.000000
1.000000 0.000000 0.000000 -4.146596 0.000000 1.000000 0.000000 2.181666 0.000000 0.000000 1.000000 -1.019675 0.000000 0.000000 0.000000 1.000000
1.000000 0.000000 0.000000 -4.146596 0.000000 1.000000 0.000000 2.181666 0.000000 0.000000 1.000000 -1.019675 0.000000 0.000000 0.000000 1.000000
1.000000 0.000000 0.000000 -4.146596 0.000000 1.000000 0.000000 2.181666 0.000000 0.000000 1.000000 -1.019675 0.000000 0.000000 0.000000 1.000000
1.000000 0.000000 0.000000 -4.146596 0.000000 1.000000 0.000000 2.181666 0.000000 0.000000 1.000000 -1.019675 0.000000 0.000000 0.000000 1.000000
1.000000 0.000000 0.000000 -4.146596 0.000000 1.000000 0.000000 2.181666 0.000000 0.000000 1.000000 -1.019675 0.000000 0.000000 0.000000 1.000000
1.000000 0.000000 0.000000 -4.146596 0.000000 1.000000 0.000000 2.181666 0.000000 0.000000 1.000000 -1.019675 0.000000 0.000000 0.000000 1.000000
1.000000 0.000000 0.000000 -4.146596 0.000000 1.000000 0.000000 2.181666 0.000000 0.000000 1.000000 -1.019675 0.000000 0.000000 0.000000 1.000000
1.000000 0.000000 0.000000 -4.146596 0.000000 1.000000 0.000000 2.181666 0.000000 0.000000 1.000000 -1.019675 0.000000 0.000000 0.000000 1.000000
1.000000 0.000000 0.000000 -4.146596 0.000000 1.000000 0.000000 2.181666 0.000000 0.000000 1.000000 -1.019675 0.000000 0.000000 0.000000 1.000000
1.000000 0.000000 0.000000 -4.146596 0.000000 1.000000 0.000000 2.181666 0.000000 0.000000 1.000000 -1.019675 0.000000 0.000000 0.000000 1.000000
1.000000 0.000000 0.000000 -4.146596 0.000000 1.000000 0.000000 2.181666 0.000000 0.000000 1.000000 -1.019675 0.000000 0.000000 0.000000 1.000000
1.000000 0.000000 0.000000 -4.146596 0.000000 1.000000 0.000000 2.181666 0.000000 0.000000 1.000000 -1.019675 0.000000 0.000000 0.000000 1.000000
1.000000 0.000000 0.000000 -4.146596 0.000000 1.000000 0.000000 2.181666 0.000000 0.000000 1.000000 -1.019675 0.000000 0.000000 0.000000 1.000000
1.000000 0.000000 0.000000 -4.146596 0.000000 1.000000 0.000000 2.181666 0.000000 0.000000 1.000000 -1.019675 0.000000 0.000000 0.000000 1.000000
1.000000 0.000000 0.000000 -4.146596 0.000000 1.000000 0.000000 2.181666 0.000000 0.000000 1.000000 -1.019675 0.000000 0.000000 0.000000 1.000000
1.000000 0.000000 0.000000 -4.146596 0.000000 0.999791 0.020452 2.181666 0.000000 -0.020452 0.999791 -1.019675 0.000000 0.000000 0.000000 1.000000
1.000000 0.000000 0.000000 -4.146596 0.000000 0.999904 -0.013834 2.181666 0.000000 0.013834 0.999904 -1.019675 0.000000 0.000000 0.000000 1.000000
1.000000 0.000000 0.000000 -4.146596 0.000000 0.999998 0.001781 2.181666 0.000000 -0.001781 0.999998 -1.019675 0.000000 0.000000 0.000000 1.000000
1.000000 0.000000 0.000000 -4.146596 0.000000 0.999849 0.017396 2.181666 0.000000 -0.017396 0.999849 -1.019675 0.000000 0.000000 0.000000 1.000000
1.000000 0.000000 0.000000 -4.146596 0.000000 0.999996 0.002738 2.181666 0.000000 -0.002738 0.999996 -1.019675 0.000000 0.000000 0.000000 1.000000
1.000000 0.000000 0.000000 -4.146596 0.000000 0.999929 -0.011920 2.181666 0.000000 0.011920 0.999929 -1.019675 0.000000 0.000000 0.000000 1.000000
1.000000 0.000000 0.000000 -4.146596 0.000000 0.999998 0.002115 2.181666 0.000000 -0.002115 0.999998 -1.019675 0.000000 0.000000 0.000000 1.000000
1.000000 0.000000 0.000000 -4.146596 0.000000 0.999866 0.016395 2.181666 0.000000 -0.016395 0.999866 -1.019675 0.000000 0.000000 0.000000 1.000000
1.000000 0.000000 0.000000 -4.146596 0.000000 0.999861 0.016681 2.181666 0.000000 -0.016681 0.999861 -1.019675 0.000000 0.000000 0.000000 1.000000
1.000000 0.000000 0.000000 -4.146596 0.000000 0.999860 0.016722 2.181666 0.000000 -0.016722 0.999860 -1.019675 0.000000 0.000000 0.000000 1.000000
1.000000 0.000000 0.000000 -4.146596 0.000000 0.999981 0.006145 2.181666 0.000000 -0.006145 0.999981 -1.019675 0.000000 0.000000 0.000000 1.000000
1.000000 0.000000 0.000000 -4.146596 0.000000 0.999963 -0.008640 2.181666 0.000000 0.008640 0.999963 -1.019675 0.000000 0.000000 0.000000 1.000000
1.000000 0.000000 0.000000 -4.146596 0.000000 0.999889 -0.014895 2.181666 0.000000 0.014895 0.999889 -1.019675 0.000000 0.000000 0.000000 1.000000
1.000000 0.000000 0.000000 -4.146596 0.000000 0.999856 -0.016942 2.181666 0.000000 0.016942 0.999856 -1.019675 0.000000 0.000000 0.000000 1.000000
1.000000 0.000000 0.000000 -4.146596 0.000000 1.000000 0.000506 2.181666 0.000000 -0.000506 1.000000 -1.019675 0.000000 0.000000 0.000000 1.000000
1.000000 0.000000 0.000000 -4.146596 0.000000 0.999839 0.017954 2.181666 0.000000 -0.017954 0.999839 -1.019675 0.000000 0.000000 0.000000 1.000000
1.000000 0.000000 0.000000 -4.146596 0.000000 0.999999 -0.001085 2.181666 0.000000 0.001085 0.999999 -1.019675 0.000000 0.000000 0.000000 1.000000
1.000000 0.000000 0.000000 -4.146596 0.000000 0.999798 -0.020123 2.181666 0.000000 0.020123 0.999798 -1.019675 0.000000 0.000000 0.000000 1.000000
1.000000 0.000000 0.000000 -4.146596 0.000000 0.999949 -0.010062 2.181666 0.000000 0.010062 0.999949 -1.019675 0.000000 0.000000 0.000000 1.000000
1.000000 0.000000 0.000000 -4.146596 0.000000 1.000000 0.000000 2.181666 0.000000 0.000000 1.000000 -1.019675 0.000000 0.000000 0.000000 1.000000
1.000000 0.000000 0.000000 -4.146596 0.000000 1.000000 0.000000 2.181666 0.000000 0.000000 1.000000 -1.019675 0.000000 0.000000 0.000000 1.000000
1.000000 0.000000 0.000000 -4.146596 0.000000 1.000000 0.000000 2.181666 0.000000 0.000000 1.000000 -1.019675 0.000000 0.000000 0.000000 1.000000
1.000000 0.000000 0.000000 -4.146596 0.000000 1.000000 0.000000 2.181666 0.000000 0.000000 1.000000 -1.019675 0.000000 0.000000 0.000000 1.000000
1.000000 0.000000 0.000000 -4.146596 0.000000 1.000000 0.000000 2.181666 0.000000 0.000000 1.000000 -1.019675 0.000000 0.000000 0.000000 1.000000
1.000000 0.000000 0.000000 -4.146596 0.000000 1.000000 0.000000 2.181666 0.000000 0.000000 1.000000 -1.019675 0.000000 0.000000 0.000000 1.000000
1.000000 0.000000 0.000000 -4.146596 0.000000 1.000000 0.000000 2.181666 0.000000 0.000000 1.000000 -1.019675 0.000000 0.000000 0.000000 1.000000
1.000000 0.000000 0.000000 -4.146596 0.000000 1.000000 0.000000 2.181666 0.000000 0.000000 1.000000 -1.019675 0.000000 0.000000 0.000000 1.000000
1.000000 0.000000 0.000000 -4.146596 0.000000 1.000000 0.000000 2.181666 0.000000 0.000000 1.000000 -1.019675 0.000000 0.000000 0.000000 1.000000
1.000000 0.000000 0.000000 -4.146596 0.000000 1.000000 0.000000 2.181666 0.000000 0.000000 1.000000 -1.019675 0.000000 0.000000 0.000000 1.000000
1.000000 0.000000 0.000000 -4.146596 0.000000 1.000000 0.000000 2.181666 0.000000 0.000000 1.000000 -1.019675 0.000000 0.000000 0.000000 1.000000
1.000000 0.000000 0.000000 -4.146596 0.000000 1.000000 0.000000 2.181666 0.000000 0.000000 1.000000 -1.019675 0.000000 0.000000 0.000000 1.000000
1.000000 0.000000 0.000000 -4.146596 0.000000 1.000000 0.000000 2.181666 0.000000 0.000000 1.000000 -1.019675 0.000000 0.000000 0.000000 1.000000
1.000000 0.000000 0.000000 -4.146596 0.000000 1.000000 0.000000 2.181666 0.000000 0.000000 1.000000 -1.019675 0.000000 0.000000 0.000000 1.000000
1.000000 0.000000 0.000000 -4.146596 0.000000 1.000000 0.000000 2.181666 0.000000 0.000000 1.000000 -1.019675 0.000000 0.000000 0.000000 1.000000
1.000000 0.000000 0.000000 -4.146596 0.000000 1.000000 0.000000 2.181666 0.000000 0.000000 1.000000 -1.019675 0.000000 0.000000 0.000000 1.000000
1.000000 0.000000 0.000000 -4.146596 0.000000 1.000000 0.000000 2.181666 0.000000 0.000000 1.000000 -1.019675 0.000000 0.000000 0.000000 1.000000
1.000000 0.000000 0.000000 -4.146596 0.000000 1.000000 0.000000 2.181666 0.000000 0.000000 1.000000 -1.019675 0.000000 0.000000 0.000000 1.000000
1.000000 0.000000 0.000000 -4.146596 0.000000 1.000000 0.000000 2.181666 0.000000 0.000000 1.000000 -1.019675 0.000000 0.000000 0.000000 1.000000
1.000000 0.000000 0.000000 -4.146596 0.000000 1.000000 0.000000 2.181666 0.000000 0.000000 1.000000 -1.019675 0.000000 0.000000 0.000000 1.000000
1.000000 0.000000 0.000000 -4.146596 0.000000 1.000000 0.000000 2.181666 0.000000 0.000000 1.000000 -1.019675 0.000000 0.000000 0.000000 1.000000
1.000000 0.000000 0.000000 -4.146596 0.000000 1.000000 0.000000 2.181666 0.000000 0.000000 1.000000 -1.019675 0.000000 0.000000 0.000000 1.000000
1.000000 0.000000 0.000000 -4.146596 0.000000 1.000000 0.000000 2.181666 0.000000 0.000000 1.000000 -1.019675 0.000000 0.000000 0.000000 1.000000
1.000000 0.000000 0.000000 -4.146596 0.000000 1.000000 0.000000 2.181666 0.000000 0.000000 1.000000 -1.019675 0.000000 0.000000 0.000000 1.000000
1.000000 0.000000 0.000000 -4.146596 0.000000 1.000000 0.000000 2.181666 0.000000 0.000000 1.000000 -1.019675 0.000000 0.000000 0.000000 1.000000
1.000000 0.000000 0.000000 -4.146596 0.000000 1.000000 0.000000 2.181666 0.000000 0.000000 1.000000 -1.019675 0.000000 0.000000 0.000000 1.000000
1.000000 0.000000 0.000000 -4.146596 0.000000 1.000000 0.000000 2.181666 0.000000 0.000000 1.000000 -1.019675 0.000000 0.000000 0.000000 1.000000
1.000000 0.000000 0.000000 -4.146596 0.000000 1.000000 0.000000 2.181666 0.000000 0.000000 1.000000 -1.019675 0.000000 0.000000 0.000000 1.000000
1.000000 0.000000 0.000000 -4.146596 0.000000 1.000000 0.000000 2.181666 0.000000 0.000000 1.000000 -1.019675 0.000000 0.000000 0.000000 1.000000
1.000000 0.000000 0.000000 -4.146596 0.000000 1.000000 0.000000 2.181666 0.000000 0.000000 1.000000 -1.019675 0.000000 0.000000 0.000000 1.000000
1.000000 0.000000 0.000000 -4.146596 0.000000 1.000000 0.000000 2.181666 0.000000 0.000000 1.000000 -1.019675 0.000000 0.000000 0.000000 1.000000
1.000000 0.000000 0.000000 -4.146596 0.000000 1.000000 0.000000 2.181666 0.000000 0.000000 1.000000 -1.019675 0.000000 0.000000 0.000000 1.000000
1.000000 0.000000 0.000000 -4.146596 0.000000 1.000000 0.000000 2.181666 0.000000 0.000000 1.000000 -1.019675 0.000000 0.000000 0.000000 1.000000
1.000000 0.000000 0.000000 -4.146596 0.000000 1.000000 0.000000 2.181666 0.000000 0.000000 1.000000 -1.019675 0.000000 0.000000 0.000000 1.000000
1.000000 0.000000 0.000000 -4.146596 0.000000 1.000000 0.000000 2.181666 0.000000 0.000000 1.000000 -1.019675 0.000000 0.000000 0.000000 1.000000
1.000000 0.000000 0.000000 -4.146596 0.000000 1.000000 0.000000 2.181666 0.000000 0.000000 1.000000 -1.019675 0.000000 0.000000 0.000000 1.000000
1.000000 0.000000 0.000000 -4.146596 0.000000 1.000000 0.000000 2.181666 0.000000 0.000000 1.000000 -1.019675 0.000000 0.000000 0.000000 1.000000
1.000000 0.000000 0.000000 -4.146596 0.000000 1.000000 0.000000 2.181666 0.000000 0.000000 1.000000 -1.019675 0.000000 0.000000 0.000000 1.000000
1.000000 0.000000 0.000000 -4.146596 0.000000 1.000000 0.000000 2.181666 0.000000 0.000000 1.000000 -1.019675 0.000000 0.000000 0.000000 1.000000
1.000000 0.000000 0.000000 -4.146596 0.000000 1.000000 0.000000 2.181666 0.000000 0.000000 1.000000 -1.019675 0.000000 0.000000 0.000000 1.000000
1.000000 0.000000 0.000000 -4.146596 0.000000 1.000000 0.000000 2.181666 0.000000 0.000000 1.000000 -1.019675 0.000000 0.000000 0.000000 1.000000</float_array><technique_common><accessor source="#rig_char_dispenserbot_lamp_jnt-Matrix-animation-output-transform-array" count="120" stride="16"><param type="float4x4"/></accessor></technique_common></source><source id="rig_char_dispenserbot_lamp_jnt-Interpolations"><Name_array id="rig_char_dispenserbot_lamp_jnt-Interpolations-array" count="120">
 LINEAR LINEAR LINEAR LINEAR LINEAR LINEAR LINEAR LINEAR LINEAR LINEAR LINEAR
LINEAR LINEAR LINEAR LINEAR LINEAR LINEAR LINEAR LINEAR LINEAR LINEAR LINEAR LINEAR
LINEAR LINEAR LINEAR LINEAR LINEAR LINEAR LINEAR LINEAR LINEAR LINEAR LINEAR LINEAR
LINEAR LINEAR LINEAR LINEAR LINEAR LINEAR LINEAR LINEAR LINEAR LINEAR LINEAR LINEAR
LINEAR LINEAR LINEAR LINEAR LINEAR LINEAR LINEAR LINEAR LINEAR LINEAR LINEAR LINEAR
LINEAR LINEAR LINEAR LINEAR LINEAR LINEAR LINEAR LINEAR LINEAR LINEAR LINEAR LINEAR
LINEAR LINEAR LINEAR LINEAR LINEAR LINEAR LINEAR LINEAR LINEAR LINEAR LINEAR LINEAR
LINEAR LINEAR LINEAR LINEAR LINEAR LINEAR LINEAR LINEAR LINEAR LINEAR LINEAR LINEAR
LINEAR LINEAR LINEAR LINEAR LINEAR LINEAR LINEAR LINEAR LINEAR LINEAR LINEAR LINEAR
LINEAR LINEAR LINEAR LINEAR LINEAR LINEAR LINEAR LINEAR LINEAR LINEAR LINEAR LINEAR
LINEAR</Name_array><technique_common><accessor source="#rig_char_dispenserbot_lamp_jnt-Interpolations-array" count="120"><param type="name"/></accessor></technique_common></source><sampler id="rig_char_dispenserbot_lamp_jnt-Matrix-animation-transform"><input semantic="INPUT" source="#rig_char_dispenserbot_lamp_jnt-Matrix-animation-input"/><input semantic="OUTPUT" source="#rig_char_dispenserbot_lamp_jnt-Matrix-animation-output-transform"/><input semantic="INTERPOLATION" source="#rig_char_dispenserbot_lamp_jnt-Interpolations"/></sampler><channel source="#rig_char_dispenserbot_lamp_jnt-Matrix-animation-transform" target="rig_char_dispenserbot_lamp_jnt/matrix"/></animation></animation>
  </library_animations>
  <library_visual_scenes>
    <visual_scene id="ani_char_dispenserbot_idle" name="ani_char_dispenserbot_idle">
