<?xml version="1.0" encoding="utf-8"?>
<COLLADA xmlns="http://www.collada.org/2005/11/COLLADASchema" version="1.4.1">
  <asset><contributor><author></author><authoring_tool>FBX COLLADA exporter</authoring_tool><comments></comments></contributor><created>2020-01-07T11:44:08Z</created><keywords></keywords><modified>2020-01-07T11:44:08Z</modified><revision></revision><subject></subject><title></title><unit meter="0.010000" name="centimeter"></unit><up_axis>Y_UP</up_axis></asset>
  <library_animations>
    <animation id="root_jnt-anim" name="root_jnt"><animation><source id="root_jnt-Matrix-animation-input"><float_array id="root_jnt-Matrix-animation-input-array" count="15">

0.000000 0.033333 0.066667 0.100000 0.133333 0.166667 0.200000 0.233333 0.266667 0.300000 0.333333 0.366667 0.400000 0.433333 0.466667</float_array><technique_common><accessor source="#root_jnt-Matrix-animation-input-array" count="15"><param name="TIME" type="float"/></accessor></technique_common></source><source id="root_jnt-Matrix-animation-output-transform"><float_array id="root_jnt-Matrix-animation-output-transform-array" count="240">

1.000000 0.000000 0.000000 0.000000 0.000000 1.000000 0.000000 0.000000 0.000000 0.000000 1.000000 0.000000 0.000000 0.000000 0.000000 1.000000
1.000000 0.000000 0.000000 0.000000 0.000000 1.000000 0.000000 0.000000 0.000000 0.000000 1.000000 0.000000 0.000000 0.000000 0.000000 1.000000
1.000000 0.000000 0.000000 0.000000 0.000000 1.000000 0.000000 0.000000 0.000000 0.000000 1.000000 0.000000 0.000000 0.000000 0.000000 1.000000
1.000000 0.000000 0.000000 0.000000 0.000000 1.000000 0.000000 0.000000 0.000000 0.000000 1.000000 0.000000 0.000000 0.000000 0.000000 1.000000
1.000000 0.000000 0.000000 0.000000 0.000000 1.000000 0.000000 0.000000 0.000000 0.000000 1.000000 0.000000 0.000000 0.000000 0.000000 1.000000
1.000000 0.000000 0.000000 0.000000 0.000000 1.000000 0.000000 0.000000 0.000000 0.000000 1.000000 0.000000 0.000000 0.000000 0.000000 1.000000
1.000000 0.000000 0.000000 0.000000 0.000000 1.000000 0.000000 0.000000 0.000000 0.000000 1.000000 0.000000 0.000000 0.000000 0.000000 1.000000
1.000000 0.000000 0.000000 0.000000 0.000000 1.000000 0.000000 0.000000 0.000000 0.000000 1.000000 0.000000 0.000000 0.000000 0.000000 1.000000
1.000000 0.000000 0.000000 0.000000 0.000000 1.000000 0.000000 0.000000 0.000000 0.000000 1.000000 0.000000 0.000000 0.000000 0.000000 1.000000
1.000000 0.000000 0.000000 0.000000 0.000000 1.000000 0.000000 0.000000 0.000000 0.000000 1.000000 0.000000 0.000000 0.000000 0.000000 1.000000
1.000000 0.000000 0.000000 0.000000 0.000000 1.000000 0.000000 0.000000 0.000000 0.000000 1.000000 0.000000 0.000000 0.000000 0.000000 1.000000
1.000000 0.000000 0.000000 0.000000 0.000000 1.000000 0.000000 0.000000 0.000000 0.000000 1.000000 0.000000 0.000000 0.000000 0.000000 1.000000
1.000000 0.000000 0.000000 0.000000 0.000000 1.000000 0.000000 0.000000 0.000000 0.000000 1.000000 0.000000 0.000000 0.000000 0.000000 1.000000
1.000000 0.000000 0.000000 0.000000 0.000000 1.000000 0.000000 0.000000 0.000000 0.000000 1.000000 0.000000 0.000000 0.000000 0.000000 1.000000
1.000000 0.000000 0.000000 0.000000 0.000000 1.000000 0.000000 0.000000 0.000000 0.000000 1.000000 0.000000 0.000000 0.000000 0.000000 1.000000</float_array><technique_common><accessor source="#root_jnt-Matrix-animation-output-transform-array" count="15" stride="16"><param type="float4x4"/></accessor></technique_common></source><source id="root_jnt-Interpolations"><Name_array id="root_jnt-Interpolations-array" count="15">
 LINEAR LINEAR LINEAR LINEAR LINEAR LINEAR LINEAR LINEAR LINEAR LINEAR LINEAR
LINEAR LINEAR LINEAR LINEAR</Name_array><technique_common><accessor source="#root_jnt-Interpolations-array" count="15"><param type="name"/></accessor></technique_common></source><sampler id="root_jnt-Matrix-animation-transform"><input semantic="INPUT" source="#root_jnt-Matrix-animation-input"/><input semantic="OUTPUT" source="#root_jnt-Matrix-animation-output-transform"/><input semantic="INTERPOLATION" source="#root_jnt-Interpolations"/></sampler><channel source="#root_jnt-Matrix-animation-transform" target="root_jnt/matrix"/></animation></animation>
    <animation id="jnt_hips-anim" name="jnt_hips"><animation><source id="jnt_hips-Matrix-animation-input"><float_array id="jnt_hips-Matrix-animation-input-array" count="15">

0.000000 0.033333 0.066667 0.100000 0.133333 0.166667 0.200000 0.233333 0.266667 0.300000 0.333333 0.366667 0.400000 0.433333 0.466667</float_array><technique_common><accessor source="#jnt_hips-Matrix-animation-input-array" count="15"><param name="TIME" type="float"/></accessor></technique_common></source><source id="jnt_hips-Matrix-animation-output-transform"><float_array id="jnt_hips-Matrix-animation-output-transform-array" count="240">

0.956279 0.031409 -0.290765 0.057784 -0.036261 0.999278 -0.011310 1.865919 0.290200 0.021359 0.956728 -0.038782 0.000000 0.000000 0.000000 1.000000
0.915299 0.066535 -0.397241 0.074095 -0.080627 0.996566 -0.018858 1.842770 0.394623 0.049289 0.917520 -0.033989 0.000000 0.000000 0.000000 1.000000
0.885120 0.098324 -0.454858 0.064901 -0.123398 0.992025 -0.025683 1.792151 0.448705 0.078861 0.890194 -0.031245 0.000000 0.000000 0.000000 1.000000
0.902175 0.060591 -0.427094 0.063876 -0.094387 0.993822 -0.058387 1.824477 0.420918 0.092987 0.902320 -0.027157 0.000000 0.000000 0.000000 1.000000
0.947951 -0.021778 -0.317670 0.032356 -0.007337 0.995900 -0.090167 1.892027 0.318332 0.087805 0.943904 -0.030840 0.000000 0.000000 0.000000 1.000000
0.980059 -0.082408 -0.180811 -0.020268 0.066645 0.993563 -0.091600 1.934486 0.187196 0.077723 0.979243 -0.033482 0.000000 0.000000 0.000000 1.000000
0.993201 -0.103515 -0.053254 -0.041679 0.098944 0.991685 -0.082290 1.910409 0.061329 0.076462 0.995185 -0.034309 0.000000 0.000000 0.000000 1.000000
0.990536 -0.117590 0.070791 -0.052556 0.123517 0.988596 -0.086154 1.877110 -0.059853 0.094082 0.993764 -0.032290 0.000000 0.000000 0.000000 1.000000
0.975687 -0.135433 0.172318 -0.051387 0.154612 0.982572 -0.103185 1.836722 -0.155340 0.127319 0.979622 -0.027986 0.000000 0.000000 0.000000 1.000000
0.973248 -0.127485 0.191141 -0.041629 0.151452 0.981578 -0.116478 1.819400 -0.172771 0.142311 0.974627 -0.026105 0.000000 0.000000 0.000000 1.000000
0.991319 -0.080907 0.103633 -0.022539 0.091603 0.990455 -0.102991 1.850644 -0.094311 0.111590 0.989269 -0.030148 0.000000 0.000000 0.000000 1.000000
0.999019 -0.033960 -0.028418 0.019891 0.032256 0.997771 -0.058414 1.887822 0.030338 0.057440 0.997888 -0.036538 0.000000 0.000000 0.000000 1.000000
0.991034 -0.020566 -0.132015 0.049420 0.018235 0.999656 -0.018844 1.873578 0.132357 0.016268 0.991069 -0.040822 0.000000 0.000000 0.000000 1.000000
0.978454 -0.018686 -0.205618 0.056566 0.018737 0.999823 -0.001700 1.834036 0.205613 -0.002189 0.978631 -0.042342 0.000000 0.000000 0.000000 1.000000
0.956279 0.031409 -0.290765 0.057126 -0.036261 0.999278 -0.011310 1.865919 0.290200 0.021359 0.956728 -0.038782 0.000000 0.000000 0.000000 1.000000</float_array><technique_common><accessor source="#jnt_hips-Matrix-animation-output-transform-array" count="15" stride="16"><param type="float4x4"/></accessor></technique_common></source><source id="jnt_hips-Interpolations"><Name_array id="jnt_hips-Interpolations-array" count="15">
 LINEAR LINEAR LINEAR LINEAR LINEAR LINEAR LINEAR LINEAR LINEAR LINEAR LINEAR
LINEAR LINEAR LINEAR LINEAR</Name_array><technique_common><accessor source="#jnt_hips-Interpolations-array" count="15"><param type="name"/></accessor></technique_common></source><sampler id="jnt_hips-Matrix-animation-transform"><input semantic="INPUT" source="#jnt_hips-Matrix-animation-input"/><input semantic="OUTPUT" source="#jnt_hips-Matrix-animation-output-transform"/><input semantic="INTERPOLATION" source="#jnt_hips-Interpolations"/></sampler><channel source="#jnt_hips-Matrix-animation-transform" target="jnt_hips/matrix"/></animation></animation>
    <animation id="jnt_spine1-anim" name="jnt_spine1"><animation><source id="jnt_spine1-Matrix-animation-input"><float_array id="jnt_spine1-Matrix-animation-input-array" count="15">

0.000000 0.033333 0.066667 0.100000 0.133333 0.166667 0.200000 0.233333 0.266667 0.300000 0.333333 0.366667 0.400000 0.433333 0.466667</float_array><technique_common><accessor source="#jnt_spine1-Matrix-animation-input-array" count="15"><param name="TIME" type="float"/></accessor></technique_common></source><source id="jnt_spine1-Matrix-animation-output-transform"><float_array id="jnt_spine1-Matrix-animation-output-transform-array" count="240">

-0.007366 -0.155444 0.987817 -0.000000 0.982742 -0.183718 -0.021582 0.212132 0.184835 0.970610 0.154115 0.023482 0.000000 0.000000 0.000000 1.000000
-0.021779 -0.068084 0.997442 0.000000 0.983452 -0.180941 0.009123 0.212132 0.179857 0.981135 0.070898 0.023482 0.000000 0.000000 0.000000 1.000000
-0.020463 0.038250 0.999059 -0.000000 0.987661 -0.154411 0.026141 0.212132 0.155266 0.987266 -0.034618 0.023482 0.000000 0.000000 0.000000 1.000000
0.013220 0.095862 0.995307 0.000000 0.990382 -0.138360 0.000171 0.212132 0.137727 0.985732 -0.096769 0.023482 0.000000 0.000000 0.000000 1.000000
0.079018 0.095993 0.992241 -0.000000 0.987718 -0.142126 -0.064908 0.212132 0.134793 0.985183 -0.106045 0.023482 0.000000 0.000000 0.000000 1.000000
0.139041 0.070921 0.987744 0.000000 0.979154 -0.158985 -0.126416 0.212132 0.148071 0.984730 -0.091548 0.023482 0.000000 0.000000 0.000000 1.000000
0.171130 0.034492 0.984645 0.000000 0.971486 -0.172365 -0.162805 0.212132 0.164102 0.984429 -0.063005 0.023482 0.000000 0.000000 0.000000 1.000000
0.179401 -0.034214 0.983181 -0.000000 0.969532 -0.163299 -0.182594 0.212132 0.166799 0.985983 0.003876 0.023482 0.000000 0.000000 0.000000 1.000000
0.171582 -0.133334 0.976105 -0.000000 0.972839 -0.133341 -0.189222 0.212132 0.155384 0.982060 0.106834 0.023482 0.000000 0.000000 0.000000 1.000000
0.141496 -0.214355 0.966453 -0.000000 0.979910 -0.108288 -0.167484 0.212132 0.140556 0.970735 0.194726 0.023482 0.000000 0.000000 0.000000 1.000000
0.090250 -0.242448 0.965957 -0.000000 0.986802 -0.109169 -0.119599 0.212132 0.134449 0.964003 0.229396 0.023482 0.000000 0.000000 0.000000 1.000000
0.043985 -0.239646 0.969863 -0.000000 0.988368 -0.131032 -0.077201 0.212132 0.145584 0.961977 0.231095 0.023482 0.000000 0.000000 0.000000 1.000000
0.023838 -0.237065 0.971201 0.000000 0.986094 -0.154246 -0.061854 0.212132 0.164467 0.959171 0.230092 0.023482 0.000000 0.000000 0.000000 1.000000
0.018143 -0.226515 0.973839 0.000000 0.983820 -0.169591 -0.057776 0.212132 0.178241 0.959130 0.219773 0.023482 0.000000 0.000000 0.000000 1.000000
-0.007376 -0.155434 0.987819 -0.000000 0.982724 -0.183816 -0.021586 0.212132 0.184932 0.970594 0.154105 0.023482 0.000000 0.000000 0.000000 1.000000</float_array><technique_common><accessor source="#jnt_spine1-Matrix-animation-output-transform-array" count="15" stride="16"><param type="float4x4"/></accessor></technique_common></source><source id="jnt_spine1-Interpolations"><Name_array id="jnt_spine1-Interpolations-array" count="15">
 LINEAR LINEAR LINEAR LINEAR LINEAR LINEAR LINEAR LINEAR LINEAR LINEAR LINEAR
LINEAR LINEAR LINEAR LINEAR</Name_array><technique_common><accessor source="#jnt_spine1-Interpolations-array" count="15"><param type="name"/></accessor></technique_common></source><sampler id="jnt_spine1-Matrix-animation-transform"><input semantic="INPUT" source="#jnt_spine1-Matrix-animation-input"/><input semantic="OUTPUT" source="#jnt_spine1-Matrix-animation-output-transform"/><input semantic="INTERPOLATION" source="#jnt_spine1-Interpolations"/></sampler><channel source="#jnt_spine1-Matrix-animation-transform" target="jnt_spine1/matrix"/></animation></animation>
    <animation id="jnt_spine2-anim" name="jnt_spine2"><animation><source id="jnt_spine2-Matrix-animation-input"><float_array id="jnt_spine2-Matrix-animation-input-array" count="15">

0.000000 0.033333 0.066667 0.100000 0.133333 0.166667 0.200000 0.233333 0.266667 0.300000 0.333333 0.366667 0.400000 0.433333 0.466667</float_array><technique_common><accessor source="#jnt_spine2-Matrix-animation-input-array" count="15"><param name="TIME" type="float"/></accessor></technique_common></source><source id="jnt_spine2-Matrix-animation-output-transform"><float_array id="jnt_spine2-Matrix-animation-output-transform-array" count="240">

0.987900 -0.100313 -0.118285 0.426849 0.123091 0.971098 0.204495 -0.000000 0.094353 -0.216580 0.971695 -0.000000 0.000000 0.000000 0.000000 1.000000
0.988456 -0.097695 -0.115800 0.426848 0.116597 0.978578 0.169676 -0.000000 0.096743 -0.181219 0.978673 0.000000 0.000000 0.000000 0.000000 1.000000
0.988158 -0.100891 -0.115607 0.426848 0.115893 0.984533 0.131394 0.000000 0.100562 -0.143236 0.984566 -0.000000 0.000000 0.000000 0.000000 1.000000
0.987754 -0.091186 -0.126598 0.426849 0.105509 0.988151 0.111466 -0.000000 0.114934 -0.123458 0.985672 -0.000000 0.000000 0.000000 0.000000 1.000000
0.985801 -0.082605 -0.146193 0.426848 0.098953 0.989178 0.108331 0.000000 0.135663 -0.121259 0.983307 -0.000000 0.000000 0.000000 0.000000 1.000000
0.982774 -0.084176 -0.164528 0.426849 0.103282 0.988412 0.111241 -0.000000 0.153258 -0.126318 0.980079 -0.000000 0.000000 0.000000 0.000000 1.000000
0.980359 -0.090258 -0.175356 0.426849 0.112433 0.986273 0.120930 0.000000 0.162034 -0.138270 0.977050 -0.000000 0.000000 0.000000 0.000000 1.000000
0.979752 -0.091460 -0.178102 0.426849 0.118439 0.981980 0.147265 0.000000 0.161424 -0.165378 0.972930 -0.000000 0.000000 0.000000 0.000000 1.000000
0.981209 -0.085384 -0.173025 0.426849 0.117848 0.975259 0.187034 -0.000000 0.152774 -0.203911 0.966996 -0.000000 0.000000 0.000000 0.000000 1.000000
0.984294 -0.075237 -0.159703 0.426848 0.109788 0.969301 0.220005 -0.000000 0.138248 -0.234083 0.962337 0.000000 0.000000 0.000000 0.000000 1.000000
0.986951 -0.073052 -0.143495 0.426849 0.105214 0.967183 0.231273 0.000000 0.121891 -0.243353 0.962248 0.000000 0.000000 0.000000 0.000000 1.000000
0.987565 -0.083829 -0.132998 0.426849 0.112950 0.966770 0.229343 -0.000000 0.109353 -0.241513 0.964216 0.000000 0.000000 0.000000 0.000000 1.000000
0.987094 -0.096145 -0.128072 0.426849 0.123609 0.965877 0.227602 -0.000000 0.101819 -0.240496 0.965295 0.000000 0.000000 0.000000 0.000000 1.000000
0.986899 -0.103963 -0.123375 0.426848 0.129701 0.966046 0.223455 0.000000 0.095955 -0.236529 0.966875 -0.000000 0.000000 0.000000 0.000000 1.000000
0.987910 -0.100226 -0.118273 0.426849 0.123005 0.971106 0.204505 0.000000 0.094359 -0.216580 0.971694 -0.000000 0.000000 0.000000 0.000000 1.000000</float_array><technique_common><accessor source="#jnt_spine2-Matrix-animation-output-transform-array" count="15" stride="16"><param type="float4x4"/></accessor></technique_common></source><source id="jnt_spine2-Interpolations"><Name_array id="jnt_spine2-Interpolations-array" count="15">
 LINEAR LINEAR LINEAR LINEAR LINEAR LINEAR LINEAR LINEAR LINEAR LINEAR LINEAR
LINEAR LINEAR LINEAR LINEAR</Name_array><technique_common><accessor source="#jnt_spine2-Interpolations-array" count="15"><param type="name"/></accessor></technique_common></source><sampler id="jnt_spine2-Matrix-animation-transform"><input semantic="INPUT" source="#jnt_spine2-Matrix-animation-input"/><input semantic="OUTPUT" source="#jnt_spine2-Matrix-animation-output-transform"/><input semantic="INTERPOLATION" source="#jnt_spine2-Interpolations"/></sampler><channel source="#jnt_spine2-Matrix-animation-transform" target="jnt_spine2/matrix"/></animation></animation>
    <animation id="jnt_spine3-anim" name="jnt_spine3"><animation><source id="jnt_spine3-Matrix-animation-input"><float_array id="jnt_spine3-Matrix-animation-input-array" count="15">

0.000000 0.033333 0.066667 0.100000 0.133333 0.166667 0.200000 0.233333 0.266667 0.300000 0.333333 0.366667 0.400000 0.433333 0.466667</float_array><technique_common><accessor source="#jnt_spine3-Matrix-animation-input-array" count="15"><param name="TIME" type="float"/></accessor></technique_common></source><source id="jnt_spine3-Matrix-animation-output-transform"><float_array id="jnt_spine3-Matrix-animation-output-transform-array" count="240">

0.988953 -0.091663 -0.116486 0.555067 0.112929 0.974964 0.191552 0.000000 0.096011 -0.202591 0.974545 -0.000000 0.000000 0.000000 0.000000 1.000000
0.989809 -0.089688 -0.110611 0.555067 0.106498 0.981859 0.156878 0.000000 0.094535 -0.167060 0.981404 -0.000000 0.000000 0.000000 0.000000 1.000000
0.989962 -0.093524 -0.105961 0.555067 0.105968 0.987267 0.118638 -0.000000 0.093517 -0.128676 0.987268 -0.000000 0.000000 0.000000 0.000000 1.000000
0.989799 -0.084192 -0.114932 0.555067 0.095591 0.990628 0.097561 0.000000 0.105641 -0.107552 0.988571 -0.000000 0.000000 0.000000 0.000000 1.000000
0.988045 -0.075888 -0.134194 0.555067 0.088730 0.991756 0.092452 0.000000 0.126072 -0.103254 0.986633 0.000000 0.000000 0.000000 0.000000 1.000000
0.985250 -0.077495 -0.152566 0.555067 0.092462 0.991309 0.093582 -0.000000 0.143988 -0.106308 0.983853 -0.000000 0.000000 0.000000 0.000000 1.000000
0.982838 -0.083437 -0.164521 0.555067 0.101149 0.989589 0.102386 0.000000 0.154265 -0.117270 0.981045 -0.000000 0.000000 0.000000 0.000000 1.000000
0.981776 -0.084370 -0.170286 0.555067 0.107055 0.985881 0.128756 0.000000 0.157018 -0.144640 0.976947 0.000000 0.000000 0.000000 0.000000 1.000000
0.982530 -0.077554 -0.169172 0.555067 0.106467 0.979821 0.169162 -0.000000 0.152639 -0.184218 0.970961 -0.000000 0.000000 0.000000 0.000000 1.000000
0.985065 -0.066344 -0.158885 0.555067 0.098408 0.974148 0.203353 0.000000 0.141286 -0.215952 0.966128 -0.000000 0.000000 0.000000 0.000000 1.000000
0.987576 -0.063641 -0.143678 0.555067 0.094060 0.971840 0.216057 -0.000000 0.125882 -0.226887 0.965752 -0.000000 0.000000 0.000000 0.000000 1.000000
0.988293 -0.074354 -0.133225 0.555067 0.102079 0.971221 0.215195 -0.000000 0.113390 -0.226275 0.967441 -0.000000 0.000000 0.000000 0.000000 1.000000
0.987924 -0.086737 -0.128382 0.555067 0.113006 0.970256 0.214085 -0.000000 0.105995 -0.226007 0.968342 -0.000000 0.000000 0.000000 0.000000 1.000000
0.987806 -0.094805 -0.123495 0.555067 0.119428 0.970295 0.210392 -0.000000 0.099881 -0.222575 0.969786 -0.000000 0.000000 0.000000 0.000000 1.000000
0.988963 -0.091577 -0.116475 0.555067 0.112843 0.974972 0.191561 -0.000000 0.096017 -0.202590 0.974545 -0.000000 0.000000 0.000000 0.000000 1.000000</float_array><technique_common><accessor source="#jnt_spine3-Matrix-animation-output-transform-array" count="15" stride="16"><param type="float4x4"/></accessor></technique_common></source><source id="jnt_spine3-Interpolations"><Name_array id="jnt_spine3-Interpolations-array" count="15">
 LINEAR LINEAR LINEAR LINEAR LINEAR LINEAR LINEAR LINEAR LINEAR LINEAR LINEAR
LINEAR LINEAR LINEAR LINEAR</Name_array><technique_common><accessor source="#jnt_spine3-Interpolations-array" count="15"><param type="name"/></accessor></technique_common></source><sampler id="jnt_spine3-Matrix-animation-transform"><input semantic="INPUT" source="#jnt_spine3-Matrix-animation-input"/><input semantic="OUTPUT" source="#jnt_spine3-Matrix-animation-output-transform"/><input semantic="INTERPOLATION" source="#jnt_spine3-Interpolations"/></sampler><channel source="#jnt_spine3-Matrix-animation-transform" target="jnt_spine3/matrix"/></animation></animation>
    <animation id="jnt_neck-anim" name="jnt_neck"><animation><source id="jnt_neck-Matrix-animation-input"><float_array id="jnt_neck-Matrix-animation-input-array" count="15">

0.000000 0.033333 0.066667 0.100000 0.133333 0.166667 0.200000 0.233333 0.266667 0.300000 0.333333 0.366667 0.400000 0.433333 0.466667</float_array><technique_common><accessor source="#jnt_neck-Matrix-animation-input-array" count="15"><param name="TIME" type="float"/></accessor></technique_common></source><source id="jnt_neck-Matrix-animation-output-transform"><float_array id="jnt_neck-Matrix-animation-output-transform-array" count="240">

0.999938 0.010703 0.003095 0.867451 -0.008889 0.933870 -0.357503 0.171574 -0.006716 0.357454 0.933907 0.000001 0.000000 0.000000 0.000000 1.000000
0.999838 0.014427 0.010744 0.867462 -0.009828 0.938371 -0.345489 0.171572 -0.015066 0.345328 0.938361 -0.000001 0.000000 0.000000 0.000000 1.000000
0.999257 0.023075 0.030865 0.867461 -0.012214 0.949265 -0.314241 0.171573 -0.036550 0.313630 0.948842 -0.000001 0.000000 0.000000 0.000000 1.000000
0.997717 0.032591 0.059155 0.867458 -0.015375 0.962471 -0.270948 0.171572 -0.065765 0.269420 0.960775 -0.000000 0.000000 0.000000 0.000000 1.000000
0.995074 0.039847 0.090773 0.867450 -0.018672 0.974609 -0.223135 0.171571 -0.097360 0.220341 0.970552 -0.000000 0.000000 0.000000 0.000000 1.000000
0.991779 0.043610 0.120302 0.867453 -0.021569 0.983656 -0.178762 0.171571 -0.126132 0.174698 0.976510 -0.000000 0.000000 0.000000 0.000000 1.000000
0.988851 0.044580 0.142081 0.867450 -0.023599 0.988993 -0.146071 0.171570 -0.147029 0.141089 0.979018 -0.000000 0.000000 0.000000 0.000000 1.000000
0.987598 0.044557 0.150549 0.867454 -0.024373 0.990769 -0.133349 0.171572 -0.155101 0.128026 0.979568 0.000000 0.000000 0.000000 0.000000 1.000000
0.988851 0.044581 0.142079 0.867458 -0.023600 0.988993 -0.146071 0.171570 -0.147027 0.141089 0.979018 -0.000002 0.000000 0.000000 0.000000 1.000000
0.991779 0.043614 0.120302 0.867457 -0.021573 0.983656 -0.178763 0.171572 -0.126132 0.174698 0.976510 -0.000001 0.000000 0.000000 0.000000 1.000000
0.995074 0.039845 0.090774 0.867450 -0.018671 0.974609 -0.223135 0.171570 -0.097360 0.220341 0.970552 -0.000000 0.000000 0.000000 0.000000 1.000000
0.997717 0.032581 0.059155 0.867452 -0.015365 0.962471 -0.270948 0.171570 -0.065762 0.269421 0.960775 -0.000001 0.000000 0.000000 0.000000 1.000000
0.999257 0.023082 0.030870 0.867452 -0.012220 0.949265 -0.314241 0.171574 -0.036557 0.313630 0.948841 0.000001 0.000000 0.000000 0.000000 1.000000
0.999838 0.014425 0.010745 0.867458 -0.009825 0.938371 -0.345489 0.171572 -0.015067 0.345328 0.938361 -0.000001 0.000000 0.000000 0.000000 1.000000
0.999938 0.010694 0.003090 0.867457 -0.008883 0.933869 -0.357504 0.171572 -0.006709 0.357454 0.933907 -0.000001 0.000000 0.000000 0.000000 1.000000</float_array><technique_common><accessor source="#jnt_neck-Matrix-animation-output-transform-array" count="15" stride="16"><param type="float4x4"/></accessor></technique_common></source><source id="jnt_neck-Interpolations"><Name_array id="jnt_neck-Interpolations-array" count="15">
 LINEAR LINEAR LINEAR LINEAR LINEAR LINEAR LINEAR LINEAR LINEAR LINEAR LINEAR
LINEAR LINEAR LINEAR LINEAR</Name_array><technique_common><accessor source="#jnt_neck-Interpolations-array" count="15"><param type="name"/></accessor></technique_common></source><sampler id="jnt_neck-Matrix-animation-transform"><input semantic="INPUT" source="#jnt_neck-Matrix-animation-input"/><input semantic="OUTPUT" source="#jnt_neck-Matrix-animation-output-transform"/><input semantic="INTERPOLATION" source="#jnt_neck-Interpolations"/></sampler><channel source="#jnt_neck-Matrix-animation-transform" target="jnt_neck/matrix"/></animation></animation>
    <animation id="jnt_head-anim" name="jnt_head"><animation><source id="jnt_head-Matrix-animation-input"><float_array id="jnt_head-Matrix-animation-input-array" count="15">

0.000000 0.033333 0.066667 0.100000 0.133333 0.166667 0.200000 0.233333 0.266667 0.300000 0.333333 0.366667 0.400000 0.433333 0.466667</float_array><technique_common><accessor source="#jnt_head-Matrix-animation-input-array" count="15"><param name="TIME" type="float"/></accessor></technique_common></source><source id="jnt_head-Matrix-animation-output-transform"><float_array id="jnt_head-Matrix-animation-output-transform-array" count="240">

0.878393 0.458407 -0.135240 0.273590 -0.472844 0.792300 -0.385589 0.000001 -0.069606 0.402646 0.912706 0.000000 0.000000 0.000000 0.000000 1.000000
0.877652 0.462386 -0.126201 0.273591 -0.473747 0.796914 -0.374823 0.000000 -0.072742 0.388752 0.918467 0.000000 0.000000 0.000000 0.000000 1.000000
0.875760 0.471729 -0.102552 0.273591 -0.475957 0.808228 -0.346744 0.000000 -0.080684 0.352475 0.932337 -0.000000 0.000000 0.000000 0.000000 1.000000
0.873228 0.482325 -0.069529 0.273591 -0.478698 0.822313 -0.307650 0.000000 -0.091213 0.301932 0.948956 0.000000 0.000000 0.000000 0.000000 1.000000
0.870566 0.490955 -0.032833 0.273592 -0.481306 0.835788 -0.264202 0.000000 -0.102270 0.245808 0.963908 0.000000 0.000000 0.000000 0.000000 1.000000
0.868231 0.496158 0.001312 0.273590 -0.483340 0.846391 -0.223615 0.000000 -0.112059 0.193515 0.974677 0.000000 0.000000 0.000000 0.000000 1.000000
0.866599 0.498303 0.026457 0.273591 -0.484605 0.853053 -0.193542 0.000000 -0.119012 0.154902 0.980735 0.000000 0.000000 0.000000 0.000000 1.000000
0.865986 0.498755 0.036229 0.273592 -0.485043 0.855384 -0.181800 -0.000000 -0.121663 0.139863 0.982668 0.000000 0.000000 0.000000 0.000000 1.000000
0.866599 0.498303 0.026457 0.273592 -0.484605 0.853053 -0.193542 0.000000 -0.119012 0.154902 0.980735 0.000000 0.000000 0.000000 0.000000 1.000000
0.868231 0.496158 0.001312 0.273592 -0.483340 0.846392 -0.223615 0.000000 -0.112059 0.193515 0.974677 0.000000 0.000000 0.000000 0.000000 1.000000
0.870566 0.490955 -0.032833 0.273592 -0.481306 0.835788 -0.264202 0.000000 -0.102270 0.245808 0.963908 0.000000 0.000000 0.000000 0.000000 1.000000
0.873229 0.482325 -0.069529 0.273591 -0.478698 0.822313 -0.307650 0.000000 -0.091213 0.301932 0.948956 -0.000000 0.000000 0.000000 0.000000 1.000000
0.875760 0.471729 -0.102552 0.273591 -0.475957 0.808229 -0.346744 0.000000 -0.080684 0.352475 0.932337 0.000000 0.000000 0.000000 0.000000 1.000000
0.877652 0.462386 -0.126201 0.273590 -0.473747 0.796914 -0.374824 0.000001 -0.072742 0.388752 0.918467 0.000000 0.000000 0.000000 0.000000 1.000000
0.878393 0.458407 -0.135240 0.273591 -0.472844 0.792300 -0.385589 0.000000 -0.069606 0.402646 0.912706 0.000000 0.000000 0.000000 0.000000 1.000000</float_array><technique_common><accessor source="#jnt_head-Matrix-animation-output-transform-array" count="15" stride="16"><param type="float4x4"/></accessor></technique_common></source><source id="jnt_head-Interpolations"><Name_array id="jnt_head-Interpolations-array" count="15">
 LINEAR LINEAR LINEAR LINEAR LINEAR LINEAR LINEAR LINEAR LINEAR LINEAR LINEAR
LINEAR LINEAR LINEAR LINEAR</Name_array><technique_common><accessor source="#jnt_head-Interpolations-array" count="15"><param type="name"/></accessor></technique_common></source><sampler id="jnt_head-Matrix-animation-transform"><input semantic="INPUT" source="#jnt_head-Matrix-animation-input"/><input semantic="OUTPUT" source="#jnt_head-Matrix-animation-output-transform"/><input semantic="INTERPOLATION" source="#jnt_head-Interpolations"/></sampler><channel source="#jnt_head-Matrix-animation-transform" target="jnt_head/matrix"/></animation></animation>
    <animation id="jnt_left_shoulder-anim" name="jnt_left_shoulder"><animation><source id="jnt_left_shoulder-Matrix-animation-input"><float_array id="jnt_left_shoulder-Matrix-animation-input-array" count="15">

0.000000 0.033333 0.066667 0.100000 0.133333 0.166667 0.200000 0.233333 0.266667 0.300000 0.333333 0.366667 0.400000 0.433333 0.466667</float_array><technique_common><accessor source="#jnt_left_shoulder-Matrix-animation-input-array" count="15"><param name="TIME" type="float"/></accessor></technique_common></source><source id="jnt_left_shoulder-Matrix-animation-output-transform"><float_array id="jnt_left_shoulder-Matrix-animation-output-transform-array" count="240">

-0.254883 -0.628270 -0.735059 0.635987 -0.130798 -0.730779 0.669966 0.114392 -0.958085 0.266907 0.104086 0.266187 0.000000 0.000000 0.000000 1.000000
-0.207161 -0.585614 -0.783671 0.635987 -0.094855 -0.785251 0.611869 0.114391 -0.973698 0.201091 0.107125 0.266187 0.000000 0.000000 0.000000 1.000000
-0.250913 -0.532759 -0.808215 0.635987 -0.113050 -0.813083 0.571065 0.114391 -0.961386 0.234657 0.143785 0.266187 0.000000 0.000000 0.000000 1.000000
-0.274959 -0.505127 -0.818074 0.635987 -0.145315 -0.819262 0.554701 0.114392 -0.950411 0.271398 0.151860 0.266187 0.000000 0.000000 0.000000 1.000000
-0.271002 -0.501031 -0.821904 0.635987 -0.171605 -0.815030 0.553424 0.114392 -0.947159 0.291022 0.134895 0.266187 0.000000 0.000000 0.000000 1.000000
-0.220267 -0.530788 -0.818381 0.635987 -0.177874 -0.803063 0.568727 0.114391 -0.959085 0.270840 0.082475 0.266187 0.000000 0.000000 0.000000 1.000000
-0.150218 -0.584130 -0.797638 0.635987 -0.171292 -0.779214 0.602897 0.114391 -0.973701 0.227195 0.016995 0.266187 0.000000 0.000000 0.000000 1.000000
-0.126040 -0.646219 -0.752671 0.635987 -0.167588 -0.733947 0.658207 0.114392 -0.977767 0.209099 -0.015792 0.266187 0.000000 0.000000 0.000000 1.000000
-0.182158 -0.702830 -0.687640 0.635987 -0.167211 -0.667012 0.726041 0.114392 -0.968947 0.247235 0.003981 0.266187 0.000000 0.000000 0.000000 1.000000
-0.275511 -0.734603 -0.620042 0.635987 -0.159948 -0.600983 0.783094 0.114391 -0.947898 0.314925 0.048079 0.266187 0.000000 0.000000 0.000000 1.000000
-0.331127 -0.739944 -0.585523 0.635987 -0.143417 -0.573853 0.806303 0.114391 -0.932623 0.350963 0.083898 0.266187 0.000000 0.000000 0.000000 1.000000
-0.320088 -0.724838 -0.610045 0.635987 -0.132310 -0.603411 0.786378 0.114392 -0.938103 0.332425 0.097241 0.266187 0.000000 0.000000 0.000000 1.000000
-0.277311 -0.686349 -0.672327 0.635987 -0.137029 -0.664364 0.734740 0.114392 -0.950958 0.295880 0.090186 0.266187 0.000000 0.000000 0.000000 1.000000
-0.248379 -0.637979 -0.728897 0.635987 -0.147772 -0.718714 0.679421 0.114392 -0.957325 0.276465 0.084238 0.266187 0.000000 0.000000 0.000000 1.000000
-0.255088 -0.628179 -0.735066 0.635987 -0.130899 -0.730782 0.669943 0.114391 -0.958016 0.267114 0.104186 0.266187 0.000000 0.000000 0.000000 1.000000</float_array><technique_common><accessor source="#jnt_left_shoulder-Matrix-animation-output-transform-array" count="15" stride="16"><param type="float4x4"/></accessor></technique_common></source><source id="jnt_left_shoulder-Interpolations"><Name_array id="jnt_left_shoulder-Interpolations-array" count="15">
 LINEAR LINEAR LINEAR LINEAR LINEAR LINEAR LINEAR LINEAR LINEAR LINEAR LINEAR
LINEAR LINEAR LINEAR LINEAR</Name_array><technique_common><accessor source="#jnt_left_shoulder-Interpolations-array" count="15"><param type="name"/></accessor></technique_common></source><sampler id="jnt_left_shoulder-Matrix-animation-transform"><input semantic="INPUT" source="#jnt_left_shoulder-Matrix-animation-input"/><input semantic="OUTPUT" source="#jnt_left_shoulder-Matrix-animation-output-transform"/><input semantic="INTERPOLATION" source="#jnt_left_shoulder-Interpolations"/></sampler><channel source="#jnt_left_shoulder-Matrix-animation-transform" target="jnt_left_shoulder/matrix"/></animation></animation>
    <animation id="jnt_left_arm-anim" name="jnt_left_arm"><animation><source id="jnt_left_arm-Matrix-animation-input"><float_array id="jnt_left_arm-Matrix-animation-input-array" count="15">

0.000000 0.033333 0.066667 0.100000 0.133333 0.166667 0.200000 0.233333 0.266667 0.300000 0.333333 0.366667 0.400000 0.433333 0.466667</float_array><technique_common><accessor source="#jnt_left_arm-Matrix-animation-input-array" count="15"><param name="TIME" type="float"/></accessor></technique_common></source><source id="jnt_left_arm-Matrix-animation-output-transform"><float_array id="jnt_left_arm-Matrix-animation-output-transform-array" count="240">

0.538941 -0.162079 0.826603 -0.525417 0.582548 0.780519 -0.226776 -0.032447 -0.608424 0.603755 0.515073 0.009492 0.000000 0.000000 0.000000 1.000000
0.424707 -0.256469 0.868244 -0.525416 0.591578 0.804588 -0.051708 -0.032447 -0.685317 0.535595 0.493436 0.009492 0.000000 0.000000 0.000000 1.000000
0.332053 -0.234518 0.913642 -0.525416 0.548891 0.835759 0.015039 -0.032448 -0.767111 0.496496 0.406241 0.009492 0.000000 0.000000 0.000000 1.000000
0.314668 -0.263971 0.911759 -0.525417 0.639475 0.768809 0.001887 -0.032447 -0.701467 0.582453 0.410722 0.009491 0.000000 0.000000 0.000000 1.000000
0.280287 -0.302452 0.911022 -0.525417 0.700600 0.713238 0.021241 -0.032447 -0.656200 0.632309 0.411809 0.009491 0.000000 0.000000 0.000000 1.000000
0.162828 -0.395268 0.904019 -0.525417 0.735227 0.659628 0.155986 -0.032448 -0.657973 0.639260 0.398018 0.009492 0.000000 0.000000 0.000000 1.000000
0.008876 -0.578797 0.815424 -0.525417 0.750362 0.542866 0.377165 -0.032447 -0.660967 0.608515 0.439126 0.009492 0.000000 0.000000 0.000000 1.000000
-0.097827 -0.693898 0.713397 -0.525417 0.772495 0.398993 0.494019 -0.032447 -0.627440 0.599424 0.497001 0.009492 0.000000 0.000000 0.000000 1.000000
-0.106806 -0.698604 0.707491 -0.525416 0.779026 0.383353 0.496143 -0.032448 -0.617827 0.604146 0.503287 0.009492 0.000000 0.000000 0.000000 1.000000
-0.007652 -0.623425 0.781846 -0.525417 0.709697 0.547430 0.443453 -0.032447 -0.704465 0.558267 0.438254 0.009492 0.000000 0.000000 0.000000 1.000000
0.132872 -0.514848 0.846922 -0.525417 0.616666 0.711906 0.336024 -0.032447 -0.775930 0.477620 0.412081 0.009491 0.000000 0.000000 0.000000 1.000000
0.279634 -0.481263 0.830777 -0.525417 0.564562 0.782314 0.263161 -0.032447 -0.776579 0.395437 0.490464 0.009491 0.000000 0.000000 0.000000 1.000000
0.421463 -0.427895 0.799547 -0.525417 0.555644 0.818640 0.145218 -0.032447 -0.716679 0.383059 0.582783 0.009492 0.000000 0.000000 0.000000 1.000000
0.534221 -0.280093 0.797594 -0.525417 0.549780 0.831834 -0.076121 -0.032447 -0.642144 0.479167 0.598373 0.009492 0.000000 0.000000 0.000000 1.000000
0.557604 -0.138619 0.818451 -0.525417 0.533593 0.815131 -0.225476 -0.032447 -0.635890 0.562446 0.528487 0.009491 0.000000 0.000000 0.000000 1.000000</float_array><technique_common><accessor source="#jnt_left_arm-Matrix-animation-output-transform-array" count="15" stride="16"><param type="float4x4"/></accessor></technique_common></source><source id="jnt_left_arm-Interpolations"><Name_array id="jnt_left_arm-Interpolations-array" count="15">
 LINEAR LINEAR LINEAR LINEAR LINEAR LINEAR LINEAR LINEAR LINEAR LINEAR LINEAR
LINEAR LINEAR LINEAR LINEAR</Name_array><technique_common><accessor source="#jnt_left_arm-Interpolations-array" count="15"><param type="name"/></accessor></technique_common></source><sampler id="jnt_left_arm-Matrix-animation-transform"><input semantic="INPUT" source="#jnt_left_arm-Matrix-animation-input"/><input semantic="OUTPUT" source="#jnt_left_arm-Matrix-animation-output-transform"/><input semantic="INTERPOLATION" source="#jnt_left_arm-Interpolations"/></sampler><channel source="#jnt_left_arm-Matrix-animation-transform" target="jnt_left_arm/matrix"/></animation></animation>
    <animation id="jnt_left_armroll-anim" name="jnt_left_armroll"><animation><source id="jnt_left_armroll-Matrix-animation-input"><float_array id="jnt_left_armroll-Matrix-animation-input-array" count="15">

0.000000 0.033333 0.066667 0.100000 0.133333 0.166667 0.200000 0.233333 0.266667 0.300000 0.333333 0.366667 0.400000 0.433333 0.466667</float_array><technique_common><accessor source="#jnt_left_armroll-Matrix-animation-input-array" count="15"><param name="TIME" type="float"/></accessor></technique_common></source><source id="jnt_left_armroll-Matrix-animation-output-transform"><float_array id="jnt_left_armroll-Matrix-animation-output-transform-array" count="240">

1.000000 0.000003 0.000000 -0.421995 -0.000003 0.975494 -0.220025 0.000001 -0.000001 0.220025 0.975494 -0.000004 0.000000 0.000000 0.000000 1.000000
1.000000 0.000004 0.000001 -0.421995 -0.000003 0.968409 -0.249369 0.000002 -0.000002 0.249369 0.968409 -0.000004 0.000000 0.000000 0.000000 1.000000
1.000000 0.000003 0.000000 -0.421995 -0.000003 0.976724 -0.214498 0.000001 -0.000001 0.214498 0.976724 -0.000004 0.000000 0.000000 0.000000 1.000000
1.000000 0.000002 0.000001 -0.421995 -0.000002 0.985066 -0.172176 0.000001 -0.000001 0.172176 0.985066 -0.000004 0.000000 0.000000 0.000000 1.000000
1.000000 0.000002 -0.000000 -0.421995 -0.000002 0.983787 -0.179343 0.000002 0.000000 0.179343 0.983787 -0.000004 0.000000 0.000000 0.000000 1.000000
1.000000 0.000004 0.000000 -0.421995 -0.000004 0.967104 -0.254382 0.000001 -0.000001 0.254382 0.967104 -0.000004 0.000000 0.000000 0.000000 1.000000
1.000000 0.000006 -0.000000 -0.421994 -0.000006 0.928544 -0.371221 0.000001 -0.000002 0.371221 0.928544 -0.000004 0.000000 0.000000 0.000000 1.000000
1.000000 0.000007 -0.000000 -0.421995 -0.000006 0.908626 -0.417611 0.000001 -0.000003 0.417611 0.908626 -0.000004 0.000000 0.000000 0.000000 1.000000
1.000000 0.000006 -0.000000 -0.421995 -0.000006 0.917981 -0.396623 0.000001 -0.000002 0.396623 0.917981 -0.000004 0.000000 0.000000 0.000000 1.000000
1.000000 0.000006 0.000000 -0.421995 -0.000005 0.924904 -0.380202 0.000001 -0.000002 0.380202 0.924904 -0.000004 0.000000 0.000000 0.000000 1.000000
1.000000 0.000006 0.000000 -0.421995 -0.000006 0.925025 -0.379906 0.000001 -0.000002 0.379906 0.925025 -0.000004 0.000000 0.000000 0.000000 1.000000
1.000000 0.000006 -0.000000 -0.421995 -0.000006 0.916160 -0.400814 0.000001 -0.000002 0.400814 0.916160 -0.000004 0.000000 0.000000 0.000000 1.000000
1.000000 0.000006 0.000000 -0.421995 -0.000006 0.920730 -0.390201 0.000001 -0.000003 0.390201 0.920730 -0.000004 0.000000 0.000000 0.000000 1.000000
1.000000 0.000005 0.000000 -0.421995 -0.000005 0.948930 -0.315488 0.000001 -0.000002 0.315488 0.948930 -0.000004 0.000000 0.000000 0.000000 1.000000
1.000000 0.000003 0.000000 -0.421995 -0.000003 0.974018 -0.226471 0.000001 -0.000001 0.226471 0.974018 -0.000004 0.000000 0.000000 0.000000 1.000000</float_array><technique_common><accessor source="#jnt_left_armroll-Matrix-animation-output-transform-array" count="15" stride="16"><param type="float4x4"/></accessor></technique_common></source><source id="jnt_left_armroll-Interpolations"><Name_array id="jnt_left_armroll-Interpolations-array" count="15">
 LINEAR LINEAR LINEAR LINEAR LINEAR LINEAR LINEAR LINEAR LINEAR LINEAR LINEAR
LINEAR LINEAR LINEAR LINEAR</Name_array><technique_common><accessor source="#jnt_left_armroll-Interpolations-array" count="15"><param type="name"/></accessor></technique_common></source><sampler id="jnt_left_armroll-Matrix-animation-transform"><input semantic="INPUT" source="#jnt_left_armroll-Matrix-animation-input"/><input semantic="OUTPUT" source="#jnt_left_armroll-Matrix-animation-output-transform"/><input semantic="INTERPOLATION" source="#jnt_left_armroll-Interpolations"/></sampler><channel source="#jnt_left_armroll-Matrix-animation-transform" target="jnt_left_armroll/matrix"/></animation></animation>
    <animation id="jnt_left_forearm-anim" name="jnt_left_forearm"><animation><source id="jnt_left_forearm-Matrix-animation-input"><float_array id="jnt_left_forearm-Matrix-animation-input-array" count="15">

0.000000 0.033333 0.066667 0.100000 0.133333 0.166667 0.200000 0.233333 0.266667 0.300000 0.333333 0.366667 0.400000 0.433333 0.466667</float_array><technique_common><accessor source="#jnt_left_forearm-Matrix-animation-input-array" count="15"><param name="TIME" type="float"/></accessor></technique_common></source><source id="jnt_left_forearm-Matrix-animation-output-transform"><float_array id="jnt_left_forearm-Matrix-animation-output-transform-array" count="240">

0.093581 -0.932326 -0.349301 -0.843982 0.994345 0.069827 0.080019 -0.000020 -0.050213 -0.354814 0.933588 -0.000002 0.000000 0.000000 0.000000 1.000000
0.129368 -0.913430 -0.385888 -0.843981 0.991443 0.126007 0.034108 -0.000009 0.017469 -0.386998 0.921915 -0.000006 0.000000 0.000000 0.000000 1.000000
0.208330 -0.898264 -0.386938 -0.843981 0.977865 0.183418 0.100690 -0.000005 -0.019475 -0.399350 0.916592 -0.000003 0.000000 0.000000 0.000000 1.000000
0.300141 -0.876189 -0.377106 -0.843981 0.952459 0.253596 0.168850 -0.000014 -0.052312 -0.409857 0.910649 -0.000023 0.000000 0.000000 0.000000 1.000000
0.342765 -0.859050 -0.380190 -0.843982 0.936280 0.279324 0.212975 -0.000161 -0.076760 -0.428965 0.900054 -0.000567 0.000000 0.000000 0.000000 1.000000
