<?xml version="1.0" encoding="utf-8"?>
<COLLADA xmlns="http://www.collada.org/2005/11/COLLADASchema" version="1.4.1">
  <asset><contributor><author></author><authoring_tool>FBX COLLADA exporter</authoring_tool><comments></comments></contributor><created>2020-02-21T09:55:19Z</created><keywords></keywords><modified>2020-02-21T09:55:19Z</modified><revision></revision><subject></subject><title></title><unit meter="0.010000" name="centimeter"></unit><up_axis>Y_UP</up_axis></asset>
  <library_animations>
    <animation id="root_jnt-anim" name="root_jnt"><animation><source id="root_jnt-Matrix-animation-input"><float_array id="root_jnt-Matrix-animation-input-array" count="19">

0.000000 0.033333 0.066667 0.100000 0.133333 0.166667 0.200000 0.233333 0.266667 0.300000 0.333333 0.366667 0.400000 0.433333 0.466667 0.500000
0.533333 0.566667 0.600000</float_array><technique_common><accessor source="#root_jnt-Matrix-animation-input-array" count="19"><param name="TIME" type="float"/></accessor></technique_common></source><source id="root_jnt-Matrix-animation-output-transform"><float_array id="root_jnt-Matrix-animation-output-transform-array" count="304">

1.000000 0.000000 0.000000 0.000000 0.000000 1.000000 0.000000 0.000000 0.000000 0.000000 1.000000 0.000000 0.000000 0.000000 0.000000 1.000000
1.000000 0.000000 0.000000 0.000000 0.000000 1.000000 0.000000 0.000000 0.000000 0.000000 1.000000 0.000000 0.000000 0.000000 0.000000 1.000000
1.000000 0.000000 0.000000 0.000000 0.000000 1.000000 0.000000 0.000000 0.000000 0.000000 1.000000 0.000000 0.000000 0.000000 0.000000 1.000000
1.000000 0.000000 0.000000 0.000000 0.000000 1.000000 0.000000 0.000000 0.000000 0.000000 1.000000 0.000000 0.000000 0.000000 0.000000 1.000000
1.000000 0.000000 0.000000 0.000000 0.000000 1.000000 0.000000 0.000000 0.000000 0.000000 1.000000 0.000000 0.000000 0.000000 0.000000 1.000000
1.000000 0.000000 0.000000 0.000000 0.000000 1.000000 0.000000 0.000000 0.000000 0.000000 1.000000 0.000000 0.000000 0.000000 0.000000 1.000000
1.000000 0.000000 0.000000 0.000000 0.000000 1.000000 0.000000 0.000000 0.000000 0.000000 1.000000 0.000000 0.000000 0.000000 0.000000 1.000000
1.000000 0.000000 0.000000 0.000000 0.000000 1.000000 0.000000 0.000000 0.000000 0.000000 1.000000 0.000000 0.000000 0.000000 0.000000 1.000000
1.000000 0.000000 0.000000 0.000000 0.000000 1.000000 0.000000 0.000000 0.000000 0.000000 1.000000 0.000000 0.000000 0.000000 0.000000 1.000000
1.000000 0.000000 0.000000 0.000000 0.000000 1.000000 0.000000 0.000000 0.000000 0.000000 1.000000 0.000000 0.000000 0.000000 0.000000 1.000000
1.000000 0.000000 0.000000 0.000000 0.000000 1.000000 0.000000 0.000000 0.000000 0.000000 1.000000 0.000000 0.000000 0.000000 0.000000 1.000000
1.000000 0.000000 0.000000 0.000000 0.000000 1.000000 0.000000 0.000000 0.000000 0.000000 1.000000 0.000000 0.000000 0.000000 0.000000 1.000000
1.000000 0.000000 0.000000 0.000000 0.000000 1.000000 0.000000 0.000000 0.000000 0.000000 1.000000 0.000000 0.000000 0.000000 0.000000 1.000000
1.000000 0.000000 0.000000 0.000000 0.000000 1.000000 0.000000 0.000000 0.000000 0.000000 1.000000 0.000000 0.000000 0.000000 0.000000 1.000000
1.000000 0.000000 0.000000 0.000000 0.000000 1.000000 0.000000 0.000000 0.000000 0.000000 1.000000 0.000000 0.000000 0.000000 0.000000 1.000000
1.000000 0.000000 0.000000 0.000000 0.000000 1.000000 0.000000 0.000000 0.000000 0.000000 1.000000 0.000000 0.000000 0.000000 0.000000 1.000000
1.000000 0.000000 0.000000 0.000000 0.000000 1.000000 0.000000 0.000000 0.000000 0.000000 1.000000 0.000000 0.000000 0.000000 0.000000 1.000000
1.000000 0.000000 0.000000 0.000000 0.000000 1.000000 0.000000 0.000000 0.000000 0.000000 1.000000 0.000000 0.000000 0.000000 0.000000 1.000000
1.000000 0.000000 0.000000 0.000000 0.000000 1.000000 0.000000 0.000000 0.000000 0.000000 1.000000 0.000000 0.000000 0.000000 0.000000 1.000000</float_array><technique_common><accessor source="#root_jnt-Matrix-animation-output-transform-array" count="19" stride="16"><param type="float4x4"/></accessor></technique_common></source><source id="root_jnt-Interpolations"><Name_array id="root_jnt-Interpolations-array" count="19">
 LINEAR LINEAR LINEAR LINEAR LINEAR LINEAR LINEAR LINEAR LINEAR LINEAR LINEAR
LINEAR LINEAR LINEAR LINEAR LINEAR LINEAR LINEAR LINEAR</Name_array><technique_common><accessor source="#root_jnt-Interpolations-array" count="19"><param type="name"/></accessor></technique_common></source><sampler id="root_jnt-Matrix-animation-transform"><input semantic="INPUT" source="#root_jnt-Matrix-animation-input"/><input semantic="OUTPUT" source="#root_jnt-Matrix-animation-output-transform"/><input semantic="INTERPOLATION" source="#root_jnt-Interpolations"/></sampler><channel source="#root_jnt-Matrix-animation-transform" target="root_jnt/matrix"/></animation></animation>
    <animation id="jnt_hips-anim" name="jnt_hips"><animation><source id="jnt_hips-Matrix-animation-input"><float_array id="jnt_hips-Matrix-animation-input-array" count="19">

0.000000 0.033333 0.066667 0.100000 0.133333 0.166667 0.200000 0.233333 0.266667 0.300000 0.333333 0.366667 0.400000 0.433333 0.466667 0.500000
0.533333 0.566667 0.600000</float_array><technique_common><accessor source="#jnt_hips-Matrix-animation-input-array" count="19"><param name="TIME" type="float"/></accessor></technique_common></source><source id="jnt_hips-Matrix-animation-output-transform"><float_array id="jnt_hips-Matrix-animation-output-transform-array" count="304">

0.983019 -0.135487 -0.123761 -0.046262 0.139136 0.990044 0.021293 1.844948 0.119644 -0.038151 0.992084 -0.148631 0.000000 0.000000 0.000000 1.000000
0.983560 -0.149396 -0.101440 -0.046046 0.155710 0.986131 0.057438 1.601241 0.091452 -0.072289 0.993182 -0.139522 0.000000 0.000000 0.000000 1.000000
0.985208 -0.143129 -0.094228 -0.035153 0.152076 0.983714 0.095813 1.596886 0.078979 -0.108726 0.990929 -0.131614 0.000000 0.000000 0.000000 1.000000
0.989947 -0.109001 -0.090131 -0.023459 0.117970 0.987864 0.101030 1.720279 0.078025 -0.110647 0.990792 -0.134951 0.000000 0.000000 0.000000 1.000000
0.994823 -0.082350 -0.059546 -0.023015 0.087048 0.992892 0.081171 1.928057 0.052438 -0.085934 0.994920 -0.141696 0.000000 0.000000 0.000000 1.000000
0.998030 -0.060098 -0.018013 -0.018320 0.060961 0.996789 0.051924 2.151145 0.014834 -0.052920 0.998489 -0.147363 0.000000 0.000000 0.000000 1.000000
0.998788 -0.048562 0.008045 -0.008408 0.048371 0.998577 0.022446 2.209707 -0.009123 -0.022030 0.999716 -0.149773 0.000000 0.000000 0.000000 1.000000
0.995275 -0.094761 0.021165 0.003349 0.094651 0.995492 0.006141 2.175590 -0.021652 -0.004109 0.999757 -0.157606 0.000000 0.000000 0.000000 1.000000
0.986346 -0.164471 0.008428 0.012091 0.164426 0.986373 0.005742 2.065966 -0.009257 -0.004278 0.999948 -0.169531 0.000000 0.000000 0.000000 1.000000
0.987481 -0.157222 -0.012730 0.021863 0.157448 0.987338 0.019337 1.860257 0.009529 -0.021099 0.999732 -0.173524 0.000000 0.000000 0.000000 1.000000
0.992473 -0.119914 -0.024866 0.022372 0.121201 0.990864 0.059152 1.598505 0.017545 -0.061721 0.997939 -0.165111 0.000000 0.000000 0.000000 1.000000
0.994499 -0.102685 -0.020666 0.008247 0.104212 0.989851 0.096618 1.597035 0.010535 -0.098241 0.995107 -0.147838 0.000000 0.000000 0.000000 1.000000
0.990533 -0.129232 -0.046302 -0.005430 0.133119 0.986626 0.094062 1.707576 0.033527 -0.099335 0.994489 -0.144757 0.000000 0.000000 0.000000 1.000000
0.980348 -0.171342 -0.097769 -0.013471 0.177359 0.982522 0.056525 1.930016 0.086375 -0.072755 0.993603 -0.149264 0.000000 0.000000 0.000000 1.000000
0.966070 -0.210832 -0.149194 -0.019259 0.215444 0.976397 0.015269 2.162791 0.142453 -0.046894 0.988690 -0.154120 0.000000 0.000000 0.000000 1.000000
0.958914 -0.222572 -0.175914 -0.028424 0.224797 0.974377 -0.007434 2.200176 0.173061 -0.032416 0.984378 -0.158233 0.000000 0.000000 0.000000 1.000000
0.967581 -0.182632 -0.174450 -0.038714 0.184329 0.982843 -0.006566 2.162142 0.172657 -0.025803 0.984644 -0.159025 0.000000 0.000000 0.000000 1.000000
0.979636 -0.133304 -0.150142 -0.041637 0.136438 0.990591 0.010720 2.017428 0.147301 -0.030987 0.988606 -0.154835 0.000000 0.000000 0.000000 1.000000
0.983019 -0.135487 -0.123761 -0.046262 0.139136 0.990044 0.021293 1.844948 0.119644 -0.038151 0.992084 -0.148631 0.000000 0.000000 0.000000 1.000000</float_array><technique_common><accessor source="#jnt_hips-Matrix-animation-output-transform-array" count="19" stride="16"><param type="float4x4"/></accessor></technique_common></source><source id="jnt_hips-Interpolations"><Name_array id="jnt_hips-Interpolations-array" count="19">
 LINEAR LINEAR LINEAR LINEAR LINEAR LINEAR LINEAR LINEAR LINEAR LINEAR LINEAR
LINEAR LINEAR LINEAR LINEAR LINEAR LINEAR LINEAR LINEAR</Name_array><technique_common><accessor source="#jnt_hips-Interpolations-array" count="19"><param type="name"/></accessor></technique_common></source><sampler id="jnt_hips-Matrix-animation-transform"><input semantic="INPUT" source="#jnt_hips-Matrix-animation-input"/><input semantic="OUTPUT" source="#jnt_hips-Matrix-animation-output-transform"/><input semantic="INTERPOLATION" source="#jnt_hips-Interpolations"/></sampler><channel source="#jnt_hips-Matrix-animation-transform" target="jnt_hips/matrix"/></animation></animation>
    <animation id="jnt_spine1-anim" name="jnt_spine1"><animation><source id="jnt_spine1-Matrix-animation-input"><float_array id="jnt_spine1-Matrix-animation-input-array" count="19">

0.000000 0.033333 0.066667 0.100000 0.133333 0.166667 0.200000 0.233333 0.266667 0.300000 0.333333 0.366667 0.400000 0.433333 0.466667 0.500000
0.533333 0.566667 0.600000</float_array><technique_common><accessor source="#jnt_spine1-Matrix-animation-input-array" count="19"><param name="TIME" type="float"/></accessor></technique_common></source><source id="jnt_spine1-Matrix-animation-output-transform"><float_array id="jnt_spine1-Matrix-animation-output-transform-array" count="304">

0.099376 -0.077552 0.992023 0.000000 0.993728 -0.043640 -0.102958 0.212132 0.051276 0.996033 0.072729 0.023482 0.000000 0.000000 0.000000 1.000000
0.099896 -0.076787 0.992031 0.000000 0.993662 -0.043950 -0.103462 0.212132 0.051544 0.996078 0.071910 0.023482 0.000000 0.000000 0.000000 1.000000
0.101042 -0.075103 0.992043 -0.000000 0.993515 -0.044634 -0.104571 0.212132 0.052133 0.996176 0.070106 0.023482 0.000000 0.000000 0.000000 1.000000
0.102187 -0.073420 0.992052 -0.000000 0.993367 -0.045323 -0.105676 0.212132 0.052721 0.996271 0.068301 0.023482 0.000000 0.000000 0.000000 1.000000
0.102706 -0.072654 0.992055 -0.000000 0.993299 -0.045637 -0.106177 0.212132 0.052988 0.996313 0.067480 0.023482 0.000000 0.000000 0.000000 1.000000
0.100520 -0.076537 0.991987 0.000000 0.993629 -0.043345 -0.104031 0.212132 0.050959 0.996124 0.071693 0.023482 0.000000 0.000000 0.000000 1.000000
0.095703 -0.085075 0.991768 0.000000 0.994324 -0.038362 -0.099240 0.212132 0.046489 0.995636 0.080921 0.023482 0.000000 0.000000 0.000000 1.000000
0.090877 -0.093604 0.991453 -0.000000 0.994976 -0.033466 -0.094360 0.212132 0.042013 0.995047 0.090093 0.023482 0.000000 0.000000 0.000000 1.000000
0.088680 -0.097479 0.991279 0.000000 0.995258 -0.031269 -0.092111 0.212132 0.039975 0.994746 0.094243 0.023482 0.000000 0.000000 0.000000 1.000000
0.086934 -0.097434 0.991438 -0.000000 0.995380 -0.032211 -0.090445 0.212132 0.040748 0.994721 0.094183 0.023482 0.000000 0.000000 0.000000 1.000000
0.083091 -0.097145 0.991796 0.000000 0.995638 -0.034281 -0.086771 0.212132 0.042429 0.994680 0.093873 0.023482 0.000000 0.000000 0.000000 1.000000
0.079253 -0.096382 0.992184 0.000000 0.995880 -0.036341 -0.083078 0.212132 0.044064 0.994681 0.093105 0.023482 0.000000 0.000000 0.000000 1.000000
0.077521 -0.094918 0.992462 0.000000 0.995988 -0.037256 -0.081359 0.212132 0.044698 0.994788 0.091649 0.023482 0.000000 0.000000 0.000000 1.000000
0.079157 -0.092321 0.992578 0.000000 0.995843 -0.037682 -0.082922 0.212132 0.045058 0.995016 0.088955 0.023482 0.000000 0.000000 0.000000 1.000000
0.083211 -0.088741 0.992573 -0.000000 0.995458 -0.038818 -0.086924 0.212132 0.046243 0.995298 0.085108 0.023482 0.000000 0.000000 0.000000 1.000000
0.088472 -0.084824 0.992460 -0.000000 0.994928 -0.040343 -0.092140 0.212132 0.047855 0.995579 0.080825 0.023482 0.000000 0.000000 0.000000 1.000000
0.093725 -0.081219 0.992280 0.000000 0.994367 -0.041910 -0.097353 0.212132 0.049493 0.995815 0.076834 0.023482 0.000000 0.000000 0.000000 1.000000
0.097761 -0.078578 0.992103 -0.000000 0.993914 -0.043141 -0.101357 0.212132 0.050765 0.995974 0.073882 0.023482 0.000000 0.000000 0.000000 1.000000
0.099376 -0.077552 0.992023 0.000000 0.993728 -0.043640 -0.102958 0.212132 0.051276 0.996033 0.072729 0.023482 0.000000 0.000000 0.000000 1.000000</float_array><technique_common><accessor source="#jnt_spine1-Matrix-animation-output-transform-array" count="19" stride="16"><param type="float4x4"/></accessor></technique_common></source><source id="jnt_spine1-Interpolations"><Name_array id="jnt_spine1-Interpolations-array" count="19">
 LINEAR LINEAR LINEAR LINEAR LINEAR LINEAR LINEAR LINEAR LINEAR LINEAR LINEAR
LINEAR LINEAR LINEAR LINEAR LINEAR LINEAR LINEAR LINEAR</Name_array><technique_common><accessor source="#jnt_spine1-Interpolations-array" count="19"><param type="name"/></accessor></technique_common></source><sampler id="jnt_spine1-Matrix-animation-transform"><input semantic="INPUT" source="#jnt_spine1-Matrix-animation-input"/><input semantic="OUTPUT" source="#jnt_spine1-Matrix-animation-output-transform"/><input semantic="INTERPOLATION" source="#jnt_spine1-Interpolations"/></sampler><channel source="#jnt_spine1-Matrix-animation-transform" target="jnt_spine1/matrix"/></animation></animation>
    <animation id="jnt_spine2-anim" name="jnt_spine2"><animation><source id="jnt_spine2-Matrix-animation-input"><float_array id="jnt_spine2-Matrix-animation-input-array" count="19">

0.000000 0.033333 0.066667 0.100000 0.133333 0.166667 0.200000 0.233333 0.266667 0.300000 0.333333 0.366667 0.400000 0.433333 0.466667 0.500000
0.533333 0.566667 0.600000</float_array><technique_common><accessor source="#jnt_spine2-Matrix-animation-input-array" count="19"><param name="TIME" type="float"/></accessor></technique_common></source><source id="jnt_spine2-Matrix-animation-output-transform"><float_array id="jnt_spine2-Matrix-animation-output-transform-array" count="304">

0.993150 -0.011836 -0.116246 0.426849 0.029646 0.987828 0.152701 -0.000000 0.113024 -0.155101 0.981412 -0.000000 0.000000 0.000000 0.000000 1.000000
0.993013 -0.012193 -0.117369 0.426849 0.029991 0.988064 0.151097 -0.000000 0.114126 -0.153562 0.981526 0.000000 0.000000 0.000000 0.000000 1.000000
0.992709 -0.012990 -0.119835 0.426849 0.030749 0.988574 0.147564 0.000000 0.116549 -0.150173 0.981766 -0.000000 0.000000 0.000000 0.000000 1.000000
0.992398 -0.013804 -0.122294 0.426849 0.031506 0.989073 0.144024 -0.000000 0.118970 -0.146782 0.981988 -0.000000 0.000000 0.000000 0.000000 1.000000
0.992254 -0.014180 -0.123410 0.426849 0.031850 0.989295 0.142412 -0.000000 0.120070 -0.145240 0.982084 0.000000 0.000000 0.000000 0.000000 1.000000
0.992921 -0.011190 -0.118252 0.426849 0.029114 0.988112 0.150954 -0.000000 0.115157 -0.153328 0.981443 -0.000000 0.000000 0.000000 0.000000 1.000000
0.994277 -0.004911 -0.106722 0.426849 0.023068 0.985246 0.169580 0.000000 0.104314 -0.171071 0.979721 -0.000000 0.000000 0.000000 0.000000 1.000000
0.995482 0.000954 -0.094950 0.426849 0.016988 0.982027 0.187973 -0.000000 0.093423 -0.188737 0.977574 -0.000000 0.000000 0.000000 0.000000 1.000000
0.995979 0.003481 -0.089524 0.426849 0.014214 0.980450 0.196255 0.000000 0.088457 -0.196738 0.976458 -0.000000 0.000000 0.000000 0.000000 1.000000
0.996245 0.001126 -0.086569 0.426848 0.015911 0.980503 0.195859 -0.000000 0.085101 -0.196501 0.976804 -0.000000 0.000000 0.000000 0.000000 1.000000
0.996781 -0.004034 -0.080074 0.426849 0.019602 0.980686 0.194604 0.000000 0.077742 -0.195547 0.977608 -0.000000 0.000000 0.000000 0.000000 1.000000
0.997247 -0.009132 -0.073591 0.426849 0.023178 0.981053 0.192349 -0.000000 0.070440 -0.193526 0.978563 -0.000000 0.000000 0.000000 0.000000 1.000000
0.997434 -0.011312 -0.070696 0.426848 0.024519 0.981699 0.188855 0.000000 0.067266 -0.190104 0.979457 -0.000000 0.000000 0.000000 0.000000 1.000000
0.997185 -0.011096 -0.074150 0.426849 0.024565 0.982752 0.183288 0.000000 0.070837 -0.184594 0.980259 -0.000000 0.000000 0.000000 0.000000 1.000000
0.996521 -0.010982 -0.082621 0.426849 0.025424 0.984091 0.175834 -0.000000 0.079375 -0.177323 0.980947 0.000000 0.000000 0.000000 0.000000 1.000000
0.995550 -0.011072 -0.093581 0.426849 0.026727 0.985469 0.167742 -0.000000 0.090364 -0.169496 0.981379 0.000000 0.000000 0.000000 0.000000 1.000000
0.994459 -0.011351 -0.104509 0.426849 0.028108 0.986669 0.160295 0.000000 0.101297 -0.162345 0.981521 -0.000000 0.000000 0.000000 0.000000 1.000000
0.993538 -0.011679 -0.112896 0.426849 0.029201 0.987510 0.154827 0.000000 0.109678 -0.157123 0.981470 0.000000 0.000000 0.000000 0.000000 1.000000
0.993150 -0.011836 -0.116246 0.426849 0.029646 0.987828 0.152701 -0.000000 0.113024 -0.155101 0.981412 -0.000000 0.000000 0.000000 0.000000 1.000000</float_array><technique_common><accessor source="#jnt_spine2-Matrix-animation-output-transform-array" count="19" stride="16"><param type="float4x4"/></accessor></technique_common></source><source id="jnt_spine2-Interpolations"><Name_array id="jnt_spine2-Interpolations-array" count="19">
 LINEAR LINEAR LINEAR LINEAR LINEAR LINEAR LINEAR LINEAR LINEAR LINEAR LINEAR
LINEAR LINEAR LINEAR LINEAR LINEAR LINEAR LINEAR LINEAR</Name_array><technique_common><accessor source="#jnt_spine2-Interpolations-array" count="19"><param type="name"/></accessor></technique_common></source><sampler id="jnt_spine2-Matrix-animation-transform"><input semantic="INPUT" source="#jnt_spine2-Matrix-animation-input"/><input semantic="OUTPUT" source="#jnt_spine2-Matrix-animation-output-transform"/><input semantic="INTERPOLATION" source="#jnt_spine2-Interpolations"/></sampler><channel source="#jnt_spine2-Matrix-animation-transform" target="jnt_spine2/matrix"/></animation></animation>
    <animation id="jnt_spine3-anim" name="jnt_spine3"><animation><source id="jnt_spine3-Matrix-animation-input"><float_array id="jnt_spine3-Matrix-animation-input-array" count="19">

0.000000 0.033333 0.066667 0.100000 0.133333 0.166667 0.200000 0.233333 0.266667 0.300000 0.333333 0.366667 0.400000 0.433333 0.466667 0.500000
0.533333 0.566667 0.600000</float_array><technique_common><accessor source="#jnt_spine3-Matrix-animation-input-array" count="19"><param name="TIME" type="float"/></accessor></technique_common></source><source id="jnt_spine3-Matrix-animation-output-transform"><float_array id="jnt_spine3-Matrix-animation-output-transform-array" count="304">

0.993656 -0.002382 -0.112433 0.555067 0.018009 0.990243 0.138182 -0.000000 0.111007 -0.139331 0.984004 -0.000000 0.000000 0.000000 0.000000 1.000000
0.993526 -0.002492 -0.113579 0.555067 0.018100 0.990461 0.136597 -0.000000 0.112155 -0.137769 0.984094 -0.000000 0.000000 0.000000 0.000000 1.000000
0.993234 -0.002748 -0.116098 0.555067 0.018300 0.990933 0.133106 0.000000 0.114679 -0.134330 0.984278 -0.000000 0.000000 0.000000 0.000000 1.000000
0.992936 -0.003022 -0.118614 0.555067 0.018501 0.991392 0.129610 0.000000 0.117202 -0.130889 0.984445 -0.000000 0.000000 0.000000 0.000000 1.000000
0.992798 -0.003153 -0.119758 0.555067 0.018592 0.991597 0.128020 0.000000 0.118348 -0.129325 0.984515 -0.000000 0.000000 0.000000 0.000000 1.000000
0.993451 -0.001982 -0.114240 0.555067 0.017680 0.990474 0.136559 -0.000000 0.112881 -0.137685 0.984023 0.000000 0.000000 0.000000 0.000000 1.000000
0.994782 0.000247 -0.102027 0.555067 0.015676 0.987752 0.155240 -0.000000 0.100815 -0.156030 0.982594 -0.000000 0.000000 0.000000 0.000000 1.000000
0.995964 0.002000 -0.089726 0.555067 0.013678 0.984691 0.173771 -0.000000 0.088700 -0.174297 0.980690 -0.000000 0.000000 0.000000 0.000000 1.000000
0.996453 0.002638 -0.084110 0.555067 0.012772 0.983189 0.182142 -0.000000 0.083176 -0.182570 0.979668 -0.000000 0.000000 0.000000 0.000000 1.000000
0.996658 0.000031 -0.081690 0.555067 0.014833 0.983309 0.181340 0.000000 0.080332 -0.181945 0.980022 -0.000000 0.000000 0.000000 0.000000 1.000000
0.997069 -0.005687 -0.076290 0.555067 0.019324 0.983616 0.179236 -0.000000 0.074020 -0.180185 0.980844 -0.000000 0.000000 0.000000 0.000000 1.000000
0.997433 -0.011368 -0.070702 0.555067 0.023708 0.984061 0.176245 -0.000000 0.067572 -0.177469 0.981804 0.000000 0.000000 0.000000 0.000000 1.000000
0.997604 -0.013904 -0.067765 0.555067 0.025453 0.984650 0.172674 -0.000000 0.064324 -0.173985 0.982645 -0.000000 0.000000 0.000000 0.000000 1.000000
0.997421 -0.012917 -0.070602 0.555067 0.024619 0.985566 0.167490 -0.000000 0.067419 -0.168796 0.983342 -0.000000 0.000000 0.000000 0.000000 1.000000
0.996840 -0.010620 -0.078720 0.555067 0.023176 0.986788 0.160353 -0.000000 0.075977 -0.161671 0.983916 -0.000000 0.000000 0.000000 0.000000 1.000000
0.995951 -0.007794 -0.089557 0.555067 0.021451 0.988061 0.152565 -0.000000 0.087298 -0.153869 0.984227 -0.000000 0.000000 0.000000 0.000000 1.000000
0.994921 -0.005116 -0.100526 0.555067 0.019779 0.989172 0.145421 -0.000000 0.098693 -0.146671 0.984250 -0.000000 0.000000 0.000000 0.000000 1.000000
0.994034 -0.003148 -0.109022 0.555067 0.018512 0.989950 0.140204 0.000000 0.107485 -0.141385 0.984102 0.000000 0.000000 0.000000 0.000000 1.000000
0.993656 -0.002382 -0.112433 0.555067 0.018009 0.990243 0.138182 -0.000000 0.111007 -0.139331 0.984004 -0.000000 0.000000 0.000000 0.000000 1.000000</float_array><technique_common><accessor source="#jnt_spine3-Matrix-animation-output-transform-array" count="19" stride="16"><param type="float4x4"/></accessor></technique_common></source><source id="jnt_spine3-Interpolations"><Name_array id="jnt_spine3-Interpolations-array" count="19">
 LINEAR LINEAR LINEAR LINEAR LINEAR LINEAR LINEAR LINEAR LINEAR LINEAR LINEAR
LINEAR LINEAR LINEAR LINEAR LINEAR LINEAR LINEAR LINEAR</Name_array><technique_common><accessor source="#jnt_spine3-Interpolations-array" count="19"><param type="name"/></accessor></technique_common></source><sampler id="jnt_spine3-Matrix-animation-transform"><input semantic="INPUT" source="#jnt_spine3-Matrix-animation-input"/><input semantic="OUTPUT" source="#jnt_spine3-Matrix-animation-output-transform"/><input semantic="INTERPOLATION" source="#jnt_spine3-Interpolations"/></sampler><channel source="#jnt_spine3-Matrix-animation-transform" target="jnt_spine3/matrix"/></animation></animation>
    <animation id="jnt_neck-anim" name="jnt_neck"><animation><source id="jnt_neck-Matrix-animation-input"><float_array id="jnt_neck-Matrix-animation-input-array" count="19">

0.000000 0.033333 0.066667 0.100000 0.133333 0.166667 0.200000 0.233333 0.266667 0.300000 0.333333 0.366667 0.400000 0.433333 0.466667 0.500000
0.533333 0.566667 0.600000</float_array><technique_common><accessor source="#jnt_neck-Matrix-animation-input-array" count="19"><param name="TIME" type="float"/></accessor></technique_common></source><source id="jnt_neck-Matrix-animation-output-transform"><float_array id="jnt_neck-Matrix-animation-output-transform-array" count="304">

0.973166 -0.206512 0.101495 0.867450 0.226840 0.935034 -0.272499 0.171570 -0.038627 0.288210 0.956788 -0.000000 0.000000 0.000000 0.000000 1.000000
0.973597 -0.204302 0.101827 0.867450 0.224811 0.935535 -0.272460 0.171571 -0.039599 0.288158 0.956764 0.000001 0.000000 0.000000 0.000000 1.000000
0.974710 -0.198477 0.102700 0.867453 0.219462 0.936830 -0.272371 0.171571 -0.042153 0.288022 0.956696 0.000000 0.000000 0.000000 0.000000 1.000000
0.976222 -0.190227 0.103940 0.867452 0.211886 0.938600 -0.272277 0.171571 -0.045764 0.287826 0.956589 0.000000 0.000000 0.000000 0.000000 1.000000
0.977868 -0.180752 0.105371 0.867462 0.203184 0.940541 -0.272211 0.171573 -0.049903 0.287596 0.956451 -0.000000 0.000000 0.000000 0.000000 1.000000
0.979420 -0.171257 0.106808 0.867450 0.194465 0.942387 -0.272194 0.171570 -0.054039 0.287362 0.956296 -0.000000 0.000000 0.000000 0.000000 1.000000
0.980696 -0.162959 0.108068 0.867456 0.186846 0.943921 -0.272217 0.171571 -0.057647 0.287155 0.956148 -0.000001 0.000000 0.000000 0.000000 1.000000
0.981557 -0.157073 0.108967 0.867451 0.181441 0.944964 -0.272254 0.171572 -0.060206 0.287004 0.956036 0.000001 0.000000 0.000000 0.000000 1.000000
0.981874 -0.154842 0.109304 0.867450 0.179392 0.945349 -0.272274 0.171572 -0.061171 0.286947 0.955991 0.000000 0.000000 0.000000 0.000000 1.000000
0.981668 -0.156300 0.109083 0.867460 0.180731 0.945098 -0.272262 0.171573 -0.060539 0.286985 0.956020 -0.000000 0.000000 0.000000 0.000000 1.000000
0.981098 -0.160246 0.108481 0.867450 0.184354 0.944406 -0.272232 0.171570 -0.058826 0.287085 0.956097 0.000000 0.000000 0.000000 0.000000 1.000000
0.980229 -0.166056 0.107598 0.867457 0.189689 0.943357 -0.272204 0.171572 -0.056303 0.287232 0.956205 -0.000000 0.000000 0.000000 0.000000 1.000000
0.979126 -0.173099 0.106530 0.867461 0.196156 0.942037 -0.272194 0.171572 -0.053239 0.287409 0.956327 -0.000000 0.000000 0.000000 0.000000 1.000000
0.977869 -0.180748 0.105367 0.867450 0.203179 0.940542 -0.272213 0.171572 -0.049900 0.287597 0.956451 -0.000000 0.000000 0.000000 0.000000 1.000000
0.976550 -0.188387 0.104211 0.867452 0.210195 0.938984 -0.272261 0.171572 -0.046562 0.287782 0.956563 -0.000000 0.000000 0.000000 0.000000 1.000000
0.975285 -0.195394 0.103157 0.867452 0.216629 0.937500 -0.272333 0.171573 -0.043497 0.287949 0.956657 -0.000000 0.000000 0.000000 0.000000 1.000000
0.974201 -0.201168 0.102295 0.867460 0.221933 0.936236 -0.272411 0.171572 -0.040972 0.288086 0.956728 -0.000000 0.000000 0.000000 0.000000 1.000000
0.973447 -0.205077 0.101710 0.867459 0.225522 0.935359 -0.272475 0.171572 -0.039257 0.288177 0.956772 -0.000000 0.000000 0.000000 0.000000 1.000000
0.973166 -0.206512 0.101494 0.867450 0.226840 0.935033 -0.272500 0.171570 -0.038626 0.288210 0.956788 -0.000000 0.000000 0.000000 0.000000 1.000000</float_array><technique_common><accessor source="#jnt_neck-Matrix-animation-output-transform-array" count="19" stride="16"><param type="float4x4"/></accessor></technique_common></source><source id="jnt_neck-Interpolations"><Name_array id="jnt_neck-Interpolations-array" count="19">
 LINEAR LINEAR LINEAR LINEAR LINEAR LINEAR LINEAR LINEAR LINEAR LINEAR LINEAR
LINEAR LINEAR LINEAR LINEAR LINEAR LINEAR LINEAR LINEAR</Name_array><technique_common><accessor source="#jnt_neck-Interpolations-array" count="19"><param type="name"/></accessor></technique_common></source><sampler id="jnt_neck-Matrix-animation-transform"><input semantic="INPUT" source="#jnt_neck-Matrix-animation-input"/><input semantic="OUTPUT" source="#jnt_neck-Matrix-animation-output-transform"/><input semantic="INTERPOLATION" source="#jnt_neck-Interpolations"/></sampler><channel source="#jnt_neck-Matrix-animation-transform" target="jnt_neck/matrix"/></animation></animation>
    <animation id="jnt_head-anim" name="jnt_head"><animation><source id="jnt_head-Matrix-animation-input"><float_array id="jnt_head-Matrix-animation-input-array" count="19">

0.000000 0.033333 0.066667 0.100000 0.133333 0.166667 0.200000 0.233333 0.266667 0.300000 0.333333 0.366667 0.400000 0.433333 0.466667 0.500000
0.533333 0.566667 0.600000</float_array><technique_common><accessor source="#jnt_head-Matrix-animation-input-array" count="19"><param name="TIME" type="float"/></accessor></technique_common></source><source id="jnt_head-Matrix-animation-output-transform"><float_array id="jnt_head-Matrix-animation-output-transform-array" count="304">

0.962032 0.272914 -0.003478 0.273591 -0.262118 0.920275 -0.290497 0.000000 -0.076081 0.280379 0.956869 0.000000 0.000000 0.000000 0.000000 1.000000
0.961406 0.275109 -0.003648 0.273591 -0.264264 0.919656 -0.290511 0.000000 -0.076568 0.280263 0.956865 -0.000000 0.000000 0.000000 0.000000 1.000000
0.959732 0.280887 -0.004097 0.273590 -0.269914 0.918002 -0.290549 0.000000 -0.077850 0.279955 0.956851 0.000000 0.000000 0.000000 0.000000 1.000000
0.957306 0.289038 -0.004733 0.273591 -0.277883 0.915601 -0.290611 0.000000 -0.079664 0.279519 0.956830 0.000000 0.000000 0.000000 0.000000 1.000000
0.954439 0.298356 -0.005464 0.273592 -0.286992 0.912761 -0.290694 0.000000 -0.081743 0.279018 0.956801 0.000000 0.000000 0.000000 0.000000 1.000000
0.951481 0.307644 -0.006197 0.273591 -0.296070 0.909827 -0.290789 0.000000 -0.083821 0.278515 0.956767 0.000000 0.000000 0.000000 0.000000 1.000000
0.948827 0.315722 -0.006838 0.273591 -0.303964 0.907190 -0.290883 0.000001 -0.085634 0.278076 0.956734 0.000000 0.000000 0.000000 0.000000 1.000000
0.946908 0.321421 -0.007294 0.273590 -0.309533 0.905282 -0.290954 0.000000 -0.086916 0.277765 0.956709 0.000000 0.000000 0.000000 0.000000 1.000000
0.946171 0.323580 -0.007466 0.273591 -0.311642 0.904549 -0.290983 0.000000 -0.087402 0.277646 0.956699 -0.000000 0.000000 0.000000 0.000000 1.000000
0.946652 0.322173 -0.007354 0.273591 -0.310267 0.905027 -0.290964 0.000000 -0.087085 0.277723 0.956706 -0.000000 0.000000 0.000000 0.000000 1.000000
0.947946 0.318352 -0.007048 0.273591 -0.306534 0.906314 -0.290915 0.000000 -0.086226 0.277932 0.956723 -0.000000 0.000000 0.000000 0.000000 1.000000
0.949825 0.312711 -0.006599 0.273591 -0.301022 0.908182 -0.290847 0.000000 -0.084958 0.278240 0.956747 -0.000000 0.000000 0.000000 0.000000 1.000000
0.952062 0.305846 -0.006054 0.273591 -0.294312 0.910403 -0.290770 0.000000 -0.083419 0.278613 0.956774 -0.000000 0.000000 0.000000 0.000000 1.000000
0.954439 0.298356 -0.005464 0.273590 -0.286992 0.912761 -0.290694 0.000000 -0.081743 0.279018 0.956801 -0.000000 0.000000 0.000000 0.000000 1.000000
0.956757 0.290847 -0.004874 0.273590 -0.279651 0.915058 -0.290626 0.000001 -0.080067 0.279422 0.956824 -0.000000 0.000000 0.000000 0.000000 1.000000
0.958835 0.283931 -0.004334 0.273589 -0.272890 0.917115 -0.290571 0.000001 -0.078527 0.279792 0.956844 -0.000000 0.000000 0.000000 0.000000 1.000000
0.960509 0.278223 -0.003890 0.273591 -0.267309 0.918770 -0.290531 0.000000 -0.077259 0.280097 0.956858 -0.000000 0.000000 0.000000 0.000000 1.000000
0.961625 0.274344 -0.003588 0.273591 -0.263517 0.919872 -0.290506 0.000000 -0.076398 0.280303 0.956866 0.000000 0.000000 0.000000 0.000000 1.000000
0.962032 0.272914 -0.003477 0.273590 -0.262118 0.920275 -0.290498 0.000000 -0.076081 0.280379 0.956869 0.000000 0.000000 0.000000 0.000000 1.000000</float_array><technique_common><accessor source="#jnt_head-Matrix-animation-output-transform-array" count="19" stride="16"><param type="float4x4"/></accessor></technique_common></source><source id="jnt_head-Interpolations"><Name_array id="jnt_head-Interpolations-array" count="19">
 LINEAR LINEAR LINEAR LINEAR LINEAR LINEAR LINEAR LINEAR LINEAR LINEAR LINEAR
LINEAR LINEAR LINEAR LINEAR LINEAR LINEAR LINEAR LINEAR</Name_array><technique_common><accessor source="#jnt_head-Interpolations-array" count="19"><param type="name"/></accessor></technique_common></source><sampler id="jnt_head-Matrix-animation-transform"><input semantic="INPUT" source="#jnt_head-Matrix-animation-input"/><input semantic="OUTPUT" source="#jnt_head-Matrix-animation-output-transform"/><input semantic="INTERPOLATION" source="#jnt_head-Interpolations"/></sampler><channel source="#jnt_head-Matrix-animation-transform" target="jnt_head/matrix"/></animation></animation>
    <animation id="jnt_left_shoulder-anim" name="jnt_left_shoulder"><animation><source id="jnt_left_shoulder-Matrix-animation-input"><float_array id="jnt_left_shoulder-Matrix-animation-input-array" count="19">

0.000000 0.033333 0.066667 0.100000 0.133333 0.166667 0.200000 0.233333 0.266667 0.300000 0.333333 0.366667 0.400000 0.433333 0.466667 0.500000
0.533333 0.566667 0.600000</float_array><technique_common><accessor source="#jnt_left_shoulder-Matrix-animation-input-array" count="19"><param name="TIME" type="float"/></accessor></technique_common></source><source id="jnt_left_shoulder-Matrix-animation-output-transform"><float_array id="jnt_left_shoulder-Matrix-animation-output-transform-array" count="304">

-0.349601 -0.584392 -0.732301 0.635987 -0.097784 -0.754594 0.648865 0.114392 -0.931782 0.298451 0.206663 0.266187 0.000000 0.000000 0.000000 1.000000
-0.349601 -0.584392 -0.732301 0.635987 -0.097784 -0.754594 0.648865 0.114391 -0.931782 0.298451 0.206662 0.266187 0.000000 0.000000 0.000000 1.000000
-0.349601 -0.584392 -0.732301 0.635987 -0.097784 -0.754594 0.648865 0.114392 -0.931782 0.298451 0.206662 0.266187 0.000000 0.000000 0.000000 1.000000
-0.349601 -0.584392 -0.732301 0.635987 -0.097784 -0.754594 0.648865 0.114392 -0.931782 0.298451 0.206662 0.266187 0.000000 0.000000 0.000000 1.000000
-0.349601 -0.584392 -0.732301 0.635988 -0.097784 -0.754594 0.648865 0.114392 -0.931782 0.298451 0.206663 0.266187 0.000000 0.000000 0.000000 1.000000
-0.349601 -0.584392 -0.732301 0.635987 -0.097784 -0.754594 0.648865 0.114391 -0.931782 0.298451 0.206663 0.266187 0.000000 0.000000 0.000000 1.000000
-0.349601 -0.584392 -0.732301 0.635987 -0.097784 -0.754594 0.648865 0.114392 -0.931782 0.298451 0.206663 0.266187 0.000000 0.000000 0.000000 1.000000
-0.349601 -0.584392 -0.732301 0.635987 -0.097784 -0.754594 0.648865 0.114392 -0.931782 0.298451 0.206663 0.266187 0.000000 0.000000 0.000000 1.000000
-0.349601 -0.584392 -0.732301 0.635987 -0.097784 -0.754594 0.648865 0.114391 -0.931782 0.298451 0.206663 0.266187 0.000000 0.000000 0.000000 1.000000
-0.349601 -0.584392 -0.732301 0.635987 -0.097784 -0.754594 0.648865 0.114392 -0.931782 0.298451 0.206662 0.266187 0.000000 0.000000 0.000000 1.000000
-0.349601 -0.584392 -0.732301 0.635987 -0.097784 -0.754594 0.648865 0.114392 -0.931782 0.298451 0.206663 0.266187 0.000000 0.000000 0.000000 1.000000
-0.349601 -0.584392 -0.732301 0.635987 -0.097784 -0.754594 0.648865 0.114392 -0.931782 0.298451 0.206663 0.266187 0.000000 0.000000 0.000000 1.000000
-0.349601 -0.584392 -0.732301 0.635987 -0.097784 -0.754594 0.648865 0.114392 -0.931782 0.298451 0.206662 0.266187 0.000000 0.000000 0.000000 1.000000
-0.349601 -0.584392 -0.732301 0.635987 -0.097785 -0.754594 0.648865 0.114392 -0.931782 0.298452 0.206662 0.266187 0.000000 0.000000 0.000000 1.000000
-0.349601 -0.584392 -0.732301 0.635987 -0.097785 -0.754594 0.648865 0.114392 -0.931782 0.298451 0.206662 0.266187 0.000000 0.000000 0.000000 1.000000
-0.349601 -0.584392 -0.732301 0.635987 -0.097785 -0.754594 0.648865 0.114392 -0.931782 0.298452 0.206662 0.266187 0.000000 0.000000 0.000000 1.000000
-0.349601 -0.584392 -0.732301 0.635987 -0.097784 -0.754594 0.648865 0.114392 -0.931782 0.298451 0.206662 0.266187 0.000000 0.000000 0.000000 1.000000
-0.349601 -0.584392 -0.732301 0.635987 -0.097784 -0.754594 0.648865 0.114392 -0.931782 0.298451 0.206663 0.266187 0.000000 0.000000 0.000000 1.000000
-0.349601 -0.584392 -0.732301 0.635987 -0.097784 -0.754594 0.648865 0.114392 -0.931782 0.298451 0.206663 0.266187 0.000000 0.000000 0.000000 1.000000</float_array><technique_common><accessor source="#jnt_left_shoulder-Matrix-animation-output-transform-array" count="19" stride="16"><param type="float4x4"/></accessor></technique_common></source><source id="jnt_left_shoulder-Interpolations"><Name_array id="jnt_left_shoulder-Interpolations-array" count="19">
 LINEAR LINEAR LINEAR LINEAR LINEAR LINEAR LINEAR LINEAR LINEAR LINEAR LINEAR
LINEAR LINEAR LINEAR LINEAR LINEAR LINEAR LINEAR LINEAR</Name_array><technique_common><accessor source="#jnt_left_shoulder-Interpolations-array" count="19"><param type="name"/></accessor></technique_common></source><sampler id="jnt_left_shoulder-Matrix-animation-transform"><input semantic="INPUT" source="#jnt_left_shoulder-Matrix-animation-input"/><input semantic="OUTPUT" source="#jnt_left_shoulder-Matrix-animation-output-transform"/><input semantic="INTERPOLATION" source="#jnt_left_shoulder-Interpolations"/></sampler><channel source="#jnt_left_shoulder-Matrix-animation-transform" target="jnt_left_shoulder/matrix"/></animation></animation>
    <animation id="jnt_left_arm-anim" name="jnt_left_arm"><animation><source id="jnt_left_arm-Matrix-animation-input"><float_array id="jnt_left_arm-Matrix-animation-input-array" count="19">

0.000000 0.033333 0.066667 0.100000 0.133333 0.166667 0.200000 0.233333 0.266667 0.300000 0.333333 0.366667 0.400000 0.433333 0.466667 0.500000
0.533333 0.566667 0.600000</float_array><technique_common><accessor source="#jnt_left_arm-Matrix-animation-input-array" count="19"><param name="TIME" type="float"/></accessor></technique_common></source><source id="jnt_left_arm-Matrix-animation-output-transform"><float_array id="jnt_left_arm-Matrix-animation-output-transform-array" count="304">

0.115200 -0.369819 0.921934 -0.525417 0.548341 0.797567 0.251413 -0.032447 -0.828282 0.476571 0.294667 0.009492 0.000000 0.000000 0.000000 1.000000
0.140241 -0.384795 0.912286 -0.525417 0.427880 0.854466 0.294631 -0.032447 -0.892890 0.349029 0.284477 0.009491 0.000000 0.000000 0.000000 1.000000
0.194973 -0.403137 0.894129 -0.525417 0.205668 0.908161 0.364615 -0.032447 -0.959003 0.112804 0.259979 0.009491 0.000000 0.000000 0.000000 1.000000
0.229288 -0.406015 0.884635 -0.525417 0.090319 0.913801 0.395992 -0.032448 -0.969159 -0.010897 0.246195 0.009491 0.000000 0.000000 0.000000 1.000000
0.192859 -0.420452 0.886581 -0.525417 0.161332 0.904835 0.394013 -0.032447 -0.967873 0.067045 0.242337 0.009492 0.000000 0.000000 0.000000 1.000000
0.118875 -0.427882 0.895983 -0.525417 0.335385 0.866648 0.369375 -0.032447 -0.934551 0.256589 0.246528 0.009492 0.000000 0.000000 0.000000 1.000000
0.059232 -0.407301 0.911371 -0.525417 0.527595 0.787814 0.317793 -0.032447 -0.847429 0.462011 0.261554 0.009491 0.000000 0.000000 0.000000 1.000000
0.029792 -0.388674 0.920894 -0.525416 0.639612 0.715398 0.281250 -0.032447 -0.768120 0.580636 0.269914 0.009492 0.000000 0.000000 0.000000 1.000000
0.067337 -0.391724 0.917615 -0.525417 0.577074 0.765550 0.284462 -0.032447 -0.813911 0.510377 0.277604 0.009492 0.000000 0.000000 0.000000 1.000000
0.115731 -0.388225 0.914269 -0.525417 0.489461 0.823230 0.287610 -0.032447 -0.864311 0.414214 0.285294 0.009491 0.000000 0.000000 0.000000 1.000000
0.151872 -0.388446 0.908870 -0.525417 0.385753 0.869908 0.307335 -0.032447 -0.910016 0.303924 0.281959 0.009491 0.000000 0.000000 0.000000 1.000000
0.215213 -0.378847 0.900088 -0.525417 0.206058 0.918551 0.337349 -0.032447 -0.954580 0.112868 0.275749 0.009491 0.000000 0.000000 0.000000 1.000000
0.246101 -0.368870 0.896309 -0.525417 0.120427 0.929221 0.349349 -0.032447 -0.961734 0.021965 0.273104 0.009492 0.000000 0.000000 0.000000 1.000000
0.215498 -0.382577 0.898441 -0.525417 0.195497 0.918334 0.344157 -0.032447 -0.956735 0.101477 0.272692 0.009492 0.000000 0.000000 0.000000 1.000000
0.169364 -0.382296 0.908386 -0.525416 0.353803 0.883847 0.306004 -0.032448 -0.919858 0.269564 0.284950 0.009492 0.000000 0.000000 0.000000 1.000000
0.146298 -0.370067 0.917413 -0.525417 0.473686 0.840366 0.263450 -0.032447 -0.868457 0.396024 0.298240 0.009492 0.000000 0.000000 0.000000 1.000000
0.135142 -0.368594 0.919715 -0.525417 0.514260 0.819508 0.252869 -0.032447 -0.846920 0.438800 0.300303 0.009491 0.000000 0.000000 0.000000 1.000000
0.121564 -0.369432 0.921272 -0.525418 0.540318 0.803217 0.250796 -0.032448 -0.832633 0.467292 0.297253 0.009491 0.000000 0.000000 0.000000 1.000000
0.115198 -0.369819 0.921934 -0.525417 0.548340 0.797567 0.251415 -0.032447 -0.828283 0.476571 0.294664 0.009492 0.000000 0.000000 0.000000 1.000000</float_array><technique_common><accessor source="#jnt_left_arm-Matrix-animation-output-transform-array" count="19" stride="16"><param type="float4x4"/></accessor></technique_common></source><source id="jnt_left_arm-Interpolations"><Name_array id="jnt_left_arm-Interpolations-array" count="19">
 LINEAR LINEAR LINEAR LINEAR LINEAR LINEAR LINEAR LINEAR LINEAR LINEAR LINEAR
