<?xml version="1.0" encoding="utf-8"?>
<COLLADA xmlns="http://www.collada.org/2005/11/COLLADASchema" version="1.4.1">
  <asset><contributor><author></author><authoring_tool>FBX COLLADA exporter</authoring_tool><comments></comments></contributor><created>2020-01-07T11:42:46Z</created><keywords></keywords><modified>2020-01-07T11:42:46Z</modified><revision></revision><subject></subject><title></title><unit meter="0.010000" name="centimeter"></unit><up_axis>Y_UP</up_axis></asset>
  <library_animations>
    <animation id="root_jnt-anim" name="root_jnt"><animation><source id="root_jnt-Matrix-animation-input"><float_array id="root_jnt-Matrix-animation-input-array" count="21">

0.000000 0.033333 0.066667 0.100000 0.133333 0.166667 0.200000 0.233333 0.266667 0.300000 0.333333 0.366667 0.400000 0.433333 0.466667 0.500000
0.533333 0.566667 0.600000 0.633333 0.666667</float_array><technique_common><accessor source="#root_jnt-Matrix-animation-input-array" count="21"><param name="TIME" type="float"/></accessor></technique_common></source><source id="root_jnt-Matrix-animation-output-transform"><float_array id="root_jnt-Matrix-animation-output-transform-array" count="336">

1.000000 0.000000 0.000000 0.000000 0.000000 1.000000 0.000000 0.000000 0.000000 0.000000 1.000000 0.000000 0.000000 0.000000 0.000000 1.000000
1.000000 0.000000 0.000000 0.000000 0.000000 1.000000 0.000000 0.000000 0.000000 0.000000 1.000000 0.000000 0.000000 0.000000 0.000000 1.000000
1.000000 0.000000 0.000000 0.000000 0.000000 1.000000 0.000000 0.000000 0.000000 0.000000 1.000000 0.000000 0.000000 0.000000 0.000000 1.000000
1.000000 0.000000 0.000000 0.000000 0.000000 1.000000 0.000000 0.000000 0.000000 0.000000 1.000000 0.000000 0.000000 0.000000 0.000000 1.000000
1.000000 0.000000 0.000000 0.000000 0.000000 1.000000 0.000000 0.000000 0.000000 0.000000 1.000000 0.000000 0.000000 0.000000 0.000000 1.000000
1.000000 0.000000 0.000000 0.000000 0.000000 1.000000 0.000000 0.000000 0.000000 0.000000 1.000000 0.000000 0.000000 0.000000 0.000000 1.000000
1.000000 0.000000 0.000000 0.000000 0.000000 1.000000 0.000000 0.000000 0.000000 0.000000 1.000000 0.000000 0.000000 0.000000 0.000000 1.000000
1.000000 0.000000 0.000000 0.000000 0.000000 1.000000 0.000000 0.000000 0.000000 0.000000 1.000000 0.000000 0.000000 0.000000 0.000000 1.000000
1.000000 0.000000 0.000000 0.000000 0.000000 1.000000 0.000000 0.000000 0.000000 0.000000 1.000000 0.000000 0.000000 0.000000 0.000000 1.000000
1.000000 0.000000 0.000000 0.000000 0.000000 1.000000 0.000000 0.000000 0.000000 0.000000 1.000000 0.000000 0.000000 0.000000 0.000000 1.000000
1.000000 0.000000 0.000000 0.000000 0.000000 1.000000 0.000000 0.000000 0.000000 0.000000 1.000000 0.000000 0.000000 0.000000 0.000000 1.000000
1.000000 0.000000 0.000000 0.000000 0.000000 1.000000 0.000000 0.000000 0.000000 0.000000 1.000000 0.000000 0.000000 0.000000 0.000000 1.000000
1.000000 0.000000 0.000000 0.000000 0.000000 1.000000 0.000000 0.000000 0.000000 0.000000 1.000000 0.000000 0.000000 0.000000 0.000000 1.000000
1.000000 0.000000 0.000000 0.000000 0.000000 1.000000 0.000000 0.000000 0.000000 0.000000 1.000000 0.000000 0.000000 0.000000 0.000000 1.000000
1.000000 0.000000 0.000000 0.000000 0.000000 1.000000 0.000000 0.000000 0.000000 0.000000 1.000000 0.000000 0.000000 0.000000 0.000000 1.000000
1.000000 0.000000 0.000000 0.000000 0.000000 1.000000 0.000000 0.000000 0.000000 0.000000 1.000000 0.000000 0.000000 0.000000 0.000000 1.000000
1.000000 0.000000 0.000000 0.000000 0.000000 1.000000 0.000000 0.000000 0.000000 0.000000 1.000000 0.000000 0.000000 0.000000 0.000000 1.000000
1.000000 0.000000 0.000000 0.000000 0.000000 1.000000 0.000000 0.000000 0.000000 0.000000 1.000000 0.000000 0.000000 0.000000 0.000000 1.000000
1.000000 0.000000 0.000000 0.000000 0.000000 1.000000 0.000000 0.000000 0.000000 0.000000 1.000000 0.000000 0.000000 0.000000 0.000000 1.000000
1.000000 0.000000 0.000000 0.000000 0.000000 1.000000 0.000000 0.000000 0.000000 0.000000 1.000000 0.000000 0.000000 0.000000 0.000000 1.000000
1.000000 0.000000 0.000000 0.000000 0.000000 1.000000 0.000000 0.000000 0.000000 0.000000 1.000000 0.000000 0.000000 0.000000 0.000000 1.000000</float_array><technique_common><accessor source="#root_jnt-Matrix-animation-output-transform-array" count="21" stride="16"><param type="float4x4"/></accessor></technique_common></source><source id="root_jnt-Interpolations"><Name_array id="root_jnt-Interpolations-array" count="21">
 LINEAR LINEAR LINEAR LINEAR LINEAR LINEAR LINEAR LINEAR LINEAR LINEAR LINEAR
LINEAR LINEAR LINEAR LINEAR LINEAR LINEAR LINEAR LINEAR LINEAR LINEAR</Name_array><technique_common><accessor source="#root_jnt-Interpolations-array" count="21"><param type="name"/></accessor></technique_common></source><sampler id="root_jnt-Matrix-animation-transform"><input semantic="INPUT" source="#root_jnt-Matrix-animation-input"/><input semantic="OUTPUT" source="#root_jnt-Matrix-animation-output-transform"/><input semantic="INTERPOLATION" source="#root_jnt-Interpolations"/></sampler><channel source="#root_jnt-Matrix-animation-transform" target="root_jnt/matrix"/></animation></animation>
    <animation id="jnt_hips-anim" name="jnt_hips"><animation><source id="jnt_hips-Matrix-animation-input"><float_array id="jnt_hips-Matrix-animation-input-array" count="21">

0.000000 0.033333 0.066667 0.100000 0.133333 0.166667 0.200000 0.233333 0.266667 0.300000 0.333333 0.366667 0.400000 0.433333 0.466667 0.500000
0.533333 0.566667 0.600000 0.633333 0.666667</float_array><technique_common><accessor source="#jnt_hips-Matrix-animation-input-array" count="21"><param name="TIME" type="float"/></accessor></technique_common></source><source id="jnt_hips-Matrix-animation-output-transform"><float_array id="jnt_hips-Matrix-animation-output-transform-array" count="336">

0.961460 -0.010974 -0.274724 0.005653 -0.002571 0.998800 -0.048898 1.940700 0.274931 0.047720 0.960279 -0.246250 0.000000 0.000000 0.000000 1.000000
0.961449 -0.010976 -0.274764 0.005655 -0.002425 0.998826 -0.048386 1.940680 0.274973 0.047187 0.960293 -0.246310 0.000000 0.000000 0.000000 1.000000
0.961435 -0.010979 -0.274814 0.005657 -0.002244 0.998857 -0.047754 1.940657 0.275024 0.046529 0.960311 -0.246384 0.000000 0.000000 0.000000 1.000000
0.961418 -0.010982 -0.274872 0.005659 -0.002032 0.998892 -0.047014 1.940628 0.275083 0.045759 0.960331 -0.246470 0.000000 0.000000 0.000000 1.000000
0.961400 -0.010985 -0.274937 0.005661 -0.001793 0.998932 -0.046180 1.940596 0.275150 0.044891 0.960353 -0.246567 0.000000 0.000000 0.000000 1.000000
0.961379 -0.010988 -0.275008 0.005664 -0.001531 0.998974 -0.045266 1.940561 0.275223 0.043939 0.960376 -0.246674 0.000000 0.000000 0.000000 1.000000
0.961357 -0.010991 -0.275085 0.005667 -0.001250 0.999018 -0.044285 1.940524 0.275302 0.042917 0.960399 -0.246788 0.000000 0.000000 0.000000 1.000000
0.961334 -0.010995 -0.275166 0.005670 -0.000953 0.999064 -0.043250 1.940483 0.275384 0.041840 0.960423 -0.246909 0.000000 0.000000 0.000000 1.000000
0.961310 -0.010999 -0.275250 0.005674 -0.000645 0.999110 -0.042174 1.940442 0.275469 0.040720 0.960447 -0.247034 0.000000 0.000000 0.000000 1.000000
0.961285 -0.011002 -0.275336 0.005677 -0.000329 0.999156 -0.041072 1.940399 0.275556 0.039573 0.960470 -0.247163 0.000000 0.000000 0.000000 1.000000
0.961260 -0.011006 -0.275423 0.005681 -0.000008 0.999201 -0.039957 1.940355 0.275643 0.038411 0.960492 -0.247292 0.000000 0.000000 0.000000 1.000000
0.961235 -0.011009 -0.275510 0.005684 0.000312 0.999245 -0.038841 1.940311 0.275730 0.037250 0.960513 -0.247422 0.000000 0.000000 0.000000 1.000000
0.961210 -0.011012 -0.275597 0.005688 0.000628 0.999287 -0.037739 1.940268 0.275816 0.036102 0.960532 -0.247550 0.000000 0.000000 0.000000 1.000000
0.961186 -0.011015 -0.275681 0.005691 0.000937 0.999327 -0.036664 1.940225 0.275899 0.034982 0.960550 -0.247675 0.000000 0.000000 0.000000 1.000000
0.961163 -0.011018 -0.275761 0.005694 0.001234 0.999364 -0.035629 1.940184 0.275979 0.033904 0.960566 -0.247796 0.000000 0.000000 0.000000 1.000000
0.961141 -0.011021 -0.275838 0.005697 0.001516 0.999398 -0.034647 1.940145 0.276054 0.032882 0.960579 -0.247910 0.000000 0.000000 0.000000 1.000000
0.961120 -0.011023 -0.275910 0.005700 0.001779 0.999429 -0.033733 1.940109 0.276124 0.031930 0.960591 -0.248016 0.000000 0.000000 0.000000 1.000000
0.961102 -0.011026 -0.275975 0.005703 0.002019 0.999457 -0.032899 1.940076 0.276188 0.031062 0.960602 -0.248113 0.000000 0.000000 0.000000 1.000000
0.961085 -0.011027 -0.276033 0.005705 0.002232 0.999480 -0.032159 1.940046 0.276244 0.030291 0.960610 -0.248199 0.000000 0.000000 0.000000 1.000000
0.961071 -0.011029 -0.276082 0.005707 0.002414 0.999500 -0.031526 1.940021 0.276292 0.029632 0.960617 -0.248272 0.000000 0.000000 0.000000 1.000000
0.961059 -0.011030 -0.276122 0.005709 0.002561 0.999516 -0.031014 1.940001 0.276331 0.029099 0.960622 -0.248332 0.000000 0.000000 0.000000 1.000000</float_array><technique_common><accessor source="#jnt_hips-Matrix-animation-output-transform-array" count="21" stride="16"><param type="float4x4"/></accessor></technique_common></source><source id="jnt_hips-Interpolations"><Name_array id="jnt_hips-Interpolations-array" count="21">
 LINEAR LINEAR LINEAR LINEAR LINEAR LINEAR LINEAR LINEAR LINEAR LINEAR LINEAR
LINEAR LINEAR LINEAR LINEAR LINEAR LINEAR LINEAR LINEAR LINEAR LINEAR</Name_array><technique_common><accessor source="#jnt_hips-Interpolations-array" count="21"><param type="name"/></accessor></technique_common></source><sampler id="jnt_hips-Matrix-animation-transform"><input semantic="INPUT" source="#jnt_hips-Matrix-animation-input"/><input semantic="OUTPUT" source="#jnt_hips-Matrix-animation-output-transform"/><input semantic="INTERPOLATION" source="#jnt_hips-Interpolations"/></sampler><channel source="#jnt_hips-Matrix-animation-transform" target="jnt_hips/matrix"/></animation></animation>
    <animation id="jnt_spine1-anim" name="jnt_spine1"><animation><source id="jnt_spine1-Matrix-animation-input"><float_array id="jnt_spine1-Matrix-animation-input-array" count="21">

0.000000 0.033333 0.066667 0.100000 0.133333 0.166667 0.200000 0.233333 0.266667 0.300000 0.333333 0.366667 0.400000 0.433333 0.466667 0.500000
0.533333 0.566667 0.600000 0.633333 0.666667</float_array><technique_common><accessor source="#jnt_spine1-Matrix-animation-input-array" count="21"><param name="TIME" type="float"/></accessor></technique_common></source><source id="jnt_spine1-Matrix-animation-output-transform"><float_array id="jnt_spine1-Matrix-animation-output-transform-array" count="336">

0.001219 0.049282 0.998784 0.000000 0.999129 -0.041720 0.000839 0.212132 0.041710 0.997913 -0.049290 0.023482 0.000000 0.000000 0.000000 1.000000
-0.001663 0.056848 0.998381 0.000000 0.998879 -0.047145 0.004348 0.212132 0.047316 0.997269 -0.056705 0.023482 0.000000 0.000000 0.000000 1.000000
-0.009096 0.076339 0.997040 0.000000 0.998049 -0.060894 0.013768 0.212132 0.061765 0.995221 -0.075636 0.023482 0.000000 0.000000 0.000000 1.000000
-0.019259 0.102930 0.994502 -0.000000 0.996488 -0.079097 0.027484 0.212132 0.081491 0.991539 -0.101045 0.023482 0.000000 0.000000 0.000000 1.000000
-0.030329 0.131794 0.990813 -0.000000 0.994226 -0.098097 0.043482 0.212132 0.102927 0.986411 -0.128058 0.023482 0.000000 0.000000 0.000000 1.000000
-0.040486 0.158158 0.986583 0.000000 0.991638 -0.114731 0.059086 0.212132 0.122537 0.980726 -0.152190 0.023482 0.000000 0.000000 0.000000 1.000000
-0.047912 0.177344 0.982982 -0.000000 0.989435 -0.126385 0.071028 0.212132 0.136830 0.976000 -0.169415 0.023482 0.000000 0.000000 0.000000 1.000000
-0.050791 0.184759 0.981471 0.000000 0.988511 -0.130784 0.075775 0.212132 0.142361 0.974043 -0.175994 0.023482 0.000000 0.000000 0.000000 1.000000
-0.045209 0.173657 0.983768 0.000000 0.989162 -0.129925 0.068392 0.212132 0.139693 0.976198 -0.165901 0.023482 0.000000 0.000000 0.000000 1.000000
-0.030308 0.144235 0.989079 -0.000000 0.990735 -0.126724 0.048838 0.212132 0.132384 0.981396 -0.139057 0.023482 0.000000 0.000000 0.000000 1.000000
-0.008851 0.102328 0.994711 -0.000000 0.992556 -0.119932 0.021170 0.212132 0.121464 0.987494 -0.100505 0.023482 0.000000 0.000000 0.000000 1.000000
0.016382 0.053993 0.998407 -0.000000 0.994017 -0.108729 -0.010430 0.212132 0.107992 0.992604 -0.055452 0.023482 0.000000 0.000000 0.000000 1.000000
0.042602 0.005537 0.999077 0.000000 0.994747 -0.093400 -0.041900 0.212132 0.093082 0.995613 -0.009487 0.023482 0.000000 0.000000 0.000000 1.000000
0.067019 -0.036662 0.997078 0.000000 0.994707 -0.075551 -0.069638 0.212132 0.077883 0.996468 0.031405 0.023482 0.000000 0.000000 0.000000 1.000000
0.086859 -0.066368 0.994007 -0.000000 0.994191 -0.057889 -0.090741 0.212132 0.063565 0.996114 0.060954 0.023482 0.000000 0.000000 0.000000 1.000000
0.099375 -0.077551 0.992023 -0.000000 0.993728 -0.043639 -0.102957 0.212132 0.051276 0.996033 0.072728 0.023482 0.000000 0.000000 0.000000 1.000000
0.102022 -0.075149 0.991940 -0.000000 0.993788 -0.036863 -0.105005 0.212132 0.044456 0.996491 0.070922 0.023482 0.000000 0.000000 0.000000 1.000000
0.101608 -0.075525 0.991954 -0.000000 0.993782 -0.037921 -0.104683 0.212132 0.045522 0.996423 0.071202 0.023482 0.000000 0.000000 0.000000 1.000000
0.100699 -0.076350 0.991983 -0.000000 0.993765 -0.040250 -0.103978 0.212132 0.047866 0.996268 0.071821 0.023482 0.000000 0.000000 0.000000 1.000000
0.099789 -0.077176 0.992011 -0.000000 0.993741 -0.042581 -0.103276 0.212132 0.050211 0.996108 0.072444 0.023482 0.000000 0.000000 0.000000 1.000000
0.099375 -0.077551 0.992023 -0.000000 0.993728 -0.043640 -0.102958 0.212132 0.051276 0.996033 0.072728 0.023482 0.000000 0.000000 0.000000 1.000000</float_array><technique_common><accessor source="#jnt_spine1-Matrix-animation-output-transform-array" count="21" stride="16"><param type="float4x4"/></accessor></technique_common></source><source id="jnt_spine1-Interpolations"><Name_array id="jnt_spine1-Interpolations-array" count="21">
 LINEAR LINEAR LINEAR LINEAR LINEAR LINEAR LINEAR LINEAR LINEAR LINEAR LINEAR
LINEAR LINEAR LINEAR LINEAR LINEAR LINEAR LINEAR LINEAR LINEAR LINEAR</Name_array><technique_common><accessor source="#jnt_spine1-Interpolations-array" count="21"><param type="name"/></accessor></technique_common></source><sampler id="jnt_spine1-Matrix-animation-transform"><input semantic="INPUT" source="#jnt_spine1-Matrix-animation-input"/><input semantic="OUTPUT" source="#jnt_spine1-Matrix-animation-output-transform"/><input semantic="INTERPOLATION" source="#jnt_spine1-Interpolations"/></sampler><channel source="#jnt_spine1-Matrix-animation-transform" target="jnt_spine1/matrix"/></animation></animation>
    <animation id="jnt_spine2-anim" name="jnt_spine2"><animation><source id="jnt_spine2-Matrix-animation-input"><float_array id="jnt_spine2-Matrix-animation-input-array" count="21">

0.000000 0.033333 0.066667 0.100000 0.133333 0.166667 0.200000 0.233333 0.266667 0.300000 0.333333 0.366667 0.400000 0.433333 0.466667 0.500000
0.533333 0.566667 0.600000 0.633333 0.666667</float_array><technique_common><accessor source="#jnt_spine2-Matrix-animation-input-array" count="21"><param name="TIME" type="float"/></accessor></technique_common></source><source id="jnt_spine2-Matrix-animation-output-transform"><float_array id="jnt_spine2-Matrix-animation-output-transform-array" count="336">

0.999721 0.023637 0.000001 0.426848 -0.023601 0.998226 -0.054656 -0.000000 -0.001293 0.054641 0.998505 0.000000 0.000000 0.000000 0.000000 1.000000
0.999764 0.021728 0.000832 0.426849 -0.021620 0.997430 -0.068310 -0.000000 -0.002314 0.068276 0.997664 -0.000000 0.000000 0.000000 0.000000 1.000000
0.999853 0.016829 0.003223 0.426849 -0.016405 0.994500 -0.103443 -0.000000 -0.004946 0.103375 0.994630 -0.000000 0.000000 0.000000 0.000000 1.000000
0.999923 0.010232 0.007080 0.426848 -0.009044 0.988458 -0.151224 0.000000 -0.008546 0.151148 0.988474 0.000000 0.000000 0.000000 0.000000 1.000000
0.999922 0.003144 0.012081 0.426848 -0.000629 0.979217 -0.202815 0.000000 -0.012468 0.202791 0.979143 -0.000000 0.000000 0.000000 0.000000 1.000000
0.999841 -0.003492 0.017493 0.426849 0.007749 0.968318 -0.249599 -0.000000 -0.016067 0.249695 0.968191 -0.000000 0.000000 0.000000 0.000000 1.000000
0.999713 -0.009082 0.022185 0.426849 0.014999 0.958891 -0.283380 -0.000000 -0.018699 0.283631 0.958751 0.000000 0.000000 0.000000 0.000000 1.000000
0.999605 -0.013283 0.024774 0.426849 0.020032 0.954880 -0.296317 -0.000000 -0.019720 0.296696 0.954768 -0.000000 0.000000 0.000000 0.000000 1.000000
0.999612 -0.017985 0.021260 0.426849 0.023182 0.960450 -0.277484 -0.000000 -0.015429 0.277870 0.960495 0.000000 0.000000 0.000000 0.000000 1.000000
0.999666 -0.024034 0.009541 0.426848 0.025575 0.973433 -0.227539 0.000000 -0.003819 0.227707 0.973722 -0.000000 0.000000 0.000000 0.000000 1.000000
0.999540 -0.029035 -0.008793 0.426849 0.027309 0.987375 -0.156029 -0.000000 0.013213 0.155717 0.987713 0.000000 0.000000 0.000000 0.000000 1.000000
0.999024 -0.030861 -0.031602 0.426848 0.028483 0.996915 -0.073142 0.000000 0.033762 0.072170 0.996821 0.000000 0.000000 0.000000 0.000000 1.000000
0.998008 -0.028578 -0.056237 0.426849 0.029195 0.999522 0.010178 -0.000000 0.055919 -0.011799 0.998366 -0.000000 0.000000 0.000000 0.000000 1.000000
0.996533 -0.022920 -0.079984 0.426849 0.029552 0.996133 0.082737 0.000000 0.077778 -0.084814 0.993357 0.000000 0.000000 0.000000 0.000000 1.000000
0.994799 -0.016219 -0.100556 0.426848 0.029664 0.990578 0.133695 0.000000 0.097440 -0.135983 0.985908 -0.000000 0.000000 0.000000 0.000000 1.000000
0.993150 -0.011836 -0.116246 0.426848 0.029646 0.987828 0.152701 0.000000 0.113024 -0.155101 0.981412 -0.000000 0.000000 0.000000 0.000000 1.000000
0.992974 0.002648 -0.118300 0.426848 0.015352 0.988417 0.150985 -0.000000 0.117330 -0.151740 0.981432 -0.000000 0.000000 0.000000 0.000000 1.000000
0.993017 0.000386 -0.117974 0.426848 0.017585 0.988340 0.151247 -0.000000 0.116657 -0.152266 0.981431 -0.000000 0.000000 0.000000 0.000000 1.000000
0.993090 -0.004592 -0.117264 0.426848 0.022498 0.988150 0.151832 0.000000 0.115177 -0.153421 0.981426 -0.000000 0.000000 0.000000 0.000000 1.000000
0.993137 -0.009572 -0.116562 0.426849 0.027412 0.987934 0.152427 -0.000000 0.113696 -0.154576 0.981417 -0.000000 0.000000 0.000000 0.000000 1.000000
0.993150 -0.011836 -0.116246 0.426849 0.029646 0.987828 0.152701 -0.000000 0.113024 -0.155101 0.981412 -0.000000 0.000000 0.000000 0.000000 1.000000</float_array><technique_common><accessor source="#jnt_spine2-Matrix-animation-output-transform-array" count="21" stride="16"><param type="float4x4"/></accessor></technique_common></source><source id="jnt_spine2-Interpolations"><Name_array id="jnt_spine2-Interpolations-array" count="21">
 LINEAR LINEAR LINEAR LINEAR LINEAR LINEAR LINEAR LINEAR LINEAR LINEAR LINEAR
LINEAR LINEAR LINEAR LINEAR LINEAR LINEAR LINEAR LINEAR LINEAR LINEAR</Name_array><technique_common><accessor source="#jnt_spine2-Interpolations-array" count="21"><param type="name"/></accessor></technique_common></source><sampler id="jnt_spine2-Matrix-animation-transform"><input semantic="INPUT" source="#jnt_spine2-Matrix-animation-input"/><input semantic="OUTPUT" source="#jnt_spine2-Matrix-animation-output-transform"/><input semantic="INTERPOLATION" source="#jnt_spine2-Interpolations"/></sampler><channel source="#jnt_spine2-Matrix-animation-transform" target="jnt_spine2/matrix"/></animation></animation>
    <animation id="jnt_spine3-anim" name="jnt_spine3"><animation><source id="jnt_spine3-Matrix-animation-input"><float_array id="jnt_spine3-Matrix-animation-input-array" count="21">

0.000000 0.033333 0.066667 0.100000 0.133333 0.166667 0.200000 0.233333 0.266667 0.300000 0.333333 0.366667 0.400000 0.433333 0.466667 0.500000
0.533333 0.566667 0.600000 0.633333 0.666667</float_array><technique_common><accessor source="#jnt_spine3-Matrix-animation-input-array" count="21"><param name="TIME" type="float"/></accessor></technique_common></source><source id="jnt_spine3-Matrix-animation-output-transform"><float_array id="jnt_spine3-Matrix-animation-output-transform-array" count="336">

0.999363 0.035659 0.001476 0.555067 -0.035525 0.997876 -0.054607 -0.000000 -0.003420 0.054520 0.998507 -0.000000 0.000000 0.000000 0.000000 1.000000
0.999365 0.035498 0.002936 0.555067 -0.035219 0.997092 -0.067587 -0.000000 -0.005327 0.067440 0.997709 -0.000000 0.000000 0.000000 0.000000 1.000000
0.999365 0.035013 0.006586 0.555067 -0.034170 0.994297 -0.101021 -0.000000 -0.010085 0.100732 0.994862 -0.000000 0.000000 0.000000 0.000000 1.000000
0.999351 0.034187 0.011358 0.555067 -0.032155 0.988676 -0.146583 -0.000000 -0.016240 0.146123 0.989133 -0.000000 0.000000 0.000000 0.000000 1.000000
0.999327 0.032912 0.016207 0.555067 -0.029104 0.980185 -0.195932 -0.000000 -0.022334 0.195329 0.980483 -0.000000 0.000000 0.000000 0.000000 1.000000
0.999319 0.030972 0.020079 0.555067 -0.025230 0.970221 -0.240904 -0.000000 -0.026943 0.240233 0.970341 0.000000 0.000000 0.000000 0.000000 1.000000
0.999367 0.028075 0.021863 0.555067 -0.021027 0.961590 -0.273682 -0.000000 -0.028707 0.273049 0.961572 -0.000000 0.000000 0.000000 0.000000 1.000000
0.999507 0.023960 0.020306 0.555067 -0.017136 0.957850 -0.286758 -0.000000 -0.026321 0.286268 0.957788 -0.000000 0.000000 0.000000 0.000000 1.000000
0.999755 0.017846 0.013101 0.555067 -0.013660 0.962956 -0.269313 -0.000000 -0.017422 0.269068 0.962964 -0.000000 0.000000 0.000000 0.000000 1.000000
0.999948 0.010202 -0.000414 0.555067 -0.010039 0.975045 -0.221782 -0.000000 -0.001859 0.221774 0.975096 -0.000000 0.000000 0.000000 0.000000 1.000000
0.999815 0.002869 -0.019010 0.555067 -0.005755 0.988121 -0.153567 -0.000000 0.018344 0.153648 0.987955 0.000000 0.000000 0.000000 0.000000 1.000000
0.999157 -0.002577 -0.040961 0.555067 -0.000487 0.997212 -0.074621 -0.000000 0.041039 0.074578 0.996370 -0.000000 0.000000 0.000000 0.000000 1.000000
0.997938 -0.005269 -0.063964 0.555067 0.005568 0.999974 0.004496 -0.000000 0.063939 -0.004843 0.997942 0.000000 0.000000 0.000000 0.000000 1.000000
0.996338 -0.005323 -0.085340 0.555067 0.011590 0.997257 0.073103 -0.000000 0.084717 -0.073824 0.993666 -0.000000 0.000000 0.000000 0.000000 1.000000
0.994741 -0.003811 -0.102349 0.555067 0.016245 0.992529 0.120926 -0.000000 0.101123 -0.121952 0.987371 -0.000000 0.000000 0.000000 0.000000 1.000000
0.993656 -0.002382 -0.112433 0.555067 0.018009 0.990243 0.138182 -0.000000 0.111007 -0.139331 0.984004 -0.000000 0.000000 0.000000 0.000000 1.000000
0.993580 0.012548 -0.112433 0.555067 0.003129 0.990402 0.138183 0.000000 0.113088 -0.137647 0.984004 0.000000 0.000000 0.000000 0.000000 1.000000
0.993607 0.010215 -0.112432 0.555067 0.005454 0.990392 0.138181 0.000000 0.112763 -0.137910 0.984005 -0.000000 0.000000 0.000000 0.000000 1.000000
0.993647 0.005083 -0.112430 0.555067 0.010568 0.990351 0.138179 0.000000 0.112048 -0.138489 0.984005 -0.000000 0.000000 0.000000 0.000000 1.000000
0.993659 -0.000049 -0.112432 0.555067 0.015684 0.990283 0.138180 -0.000000 0.111332 -0.139068 0.984005 -0.000000 0.000000 0.000000 0.000000 1.000000
0.993656 -0.002382 -0.112433 0.555067 0.018009 0.990243 0.138183 0.000000 0.111007 -0.139331 0.984004 -0.000000 0.000000 0.000000 0.000000 1.000000</float_array><technique_common><accessor source="#jnt_spine3-Matrix-animation-output-transform-array" count="21" stride="16"><param type="float4x4"/></accessor></technique_common></source><source id="jnt_spine3-Interpolations"><Name_array id="jnt_spine3-Interpolations-array" count="21">
 LINEAR LINEAR LINEAR LINEAR LINEAR LINEAR LINEAR LINEAR LINEAR LINEAR LINEAR
LINEAR LINEAR LINEAR LINEAR LINEAR LINEAR LINEAR LINEAR LINEAR LINEAR</Name_array><technique_common><accessor source="#jnt_spine3-Interpolations-array" count="21"><param type="name"/></accessor></technique_common></source><sampler id="jnt_spine3-Matrix-animation-transform"><input semantic="INPUT" source="#jnt_spine3-Matrix-animation-input"/><input semantic="OUTPUT" source="#jnt_spine3-Matrix-animation-output-transform"/><input semantic="INTERPOLATION" source="#jnt_spine3-Interpolations"/></sampler><channel source="#jnt_spine3-Matrix-animation-transform" target="jnt_spine3/matrix"/></animation></animation>
    <animation id="jnt_neck-anim" name="jnt_neck"><animation><source id="jnt_neck-Matrix-animation-input"><float_array id="jnt_neck-Matrix-animation-input-array" count="21">

0.000000 0.033333 0.066667 0.100000 0.133333 0.166667 0.200000 0.233333 0.266667 0.300000 0.333333 0.366667 0.400000 0.433333 0.466667 0.500000
0.533333 0.566667 0.600000 0.633333 0.666667</float_array><technique_common><accessor source="#jnt_neck-Matrix-animation-input-array" count="21"><param name="TIME" type="float"/></accessor></technique_common></source><source id="jnt_neck-Matrix-animation-output-transform"><float_array id="jnt_neck-Matrix-animation-output-transform-array" count="336">

0.939486 -0.342483 -0.008483 0.867450 0.341131 0.937484 -0.068939 0.171571 0.031563 0.061873 0.997585 -0.000000 0.000000 0.000000 0.000000 1.000000
0.940558 -0.339331 -0.014296 0.867463 0.338332 0.939806 -0.047910 0.171573 0.029693 0.040225 0.998749 -0.000000 0.000000 0.000000 0.000000 1.000000
0.943238 -0.330986 -0.027386 0.867452 0.331175 0.943566 0.002540 0.171570 0.025000 -0.011465 0.999622 0.000000 0.000000 0.000000 0.000000 1.000000
0.946687 -0.319489 -0.041352 0.867450 0.321600 0.944765 0.063194 0.171570 0.018879 -0.073124 0.997144 -0.000000 0.000000 0.000000 0.000000 1.000000
0.950141 -0.307652 -0.050812 0.867462 0.311561 0.943307 0.114466 0.171573 0.012715 -0.124590 0.992127 0.000000 0.000000 0.000000 0.000000 1.000000
0.952950 -0.298683 -0.051719 0.867450 0.303025 0.943105 0.136852 0.171570 0.007901 -0.146086 0.989240 0.000000 0.000000 0.000000 0.000000 1.000000
0.955205 -0.292458 -0.045308 0.867461 0.295911 0.946187 0.131020 0.171572 0.004552 -0.138558 0.990344 0.000000 0.000000 0.000000 0.000000 1.000000
0.957378 -0.286617 -0.035763 0.867460 0.288834 0.950730 0.112639 0.171573 0.001716 -0.118168 0.992992 0.000000 0.000000 0.000000 0.000000 1.000000
0.959440 -0.280883 -0.024076 0.867461 0.281912 0.955679 0.084867 0.171572 -0.000829 -0.088212 0.996101 0.000000 0.000000 0.000000 0.000000 1.000000
0.961372 -0.275024 -0.011156 0.867451 0.275231 0.960029 0.050923 0.171572 -0.003295 -0.052027 0.998640 -0.000000 0.000000 0.000000 0.000000 1.000000
0.963142 -0.268983 0.002193 0.867453 0.268927 0.963057 0.014121 0.171570 -0.005910 -0.013011 0.999898 -0.000000 0.000000 0.000000 0.000000 1.000000
0.964734 -0.262785 0.015250 0.867454 0.263077 0.964520 -0.022161 0.171572 -0.008885 0.025391 0.999638 0.000000 0.000000 0.000000 0.000000 1.000000
0.966128 -0.256294 0.030182 0.867456 0.257772 0.963980 -0.065543 0.171572 -0.012297 0.071103 0.997393 -0.000000 0.000000 0.000000 0.000000 1.000000
0.967352 -0.248892 0.047789 0.867451 0.252934 0.960002 -0.120089 0.171573 -0.015989 0.128256 0.991612 0.000001 0.000000 0.000000 0.000000 1.000000
0.968435 -0.240504 0.065510 0.867461 0.248477 0.952329 -0.177000 0.171573 -0.019818 0.187690 0.982028 -0.000000 0.000000 0.000000 0.000000 1.000000
0.969418 -0.231650 0.081039 0.867461 0.244273 0.942612 -0.227627 0.171573 -0.023658 0.240461 0.970370 -0.000001 0.000000 0.000000 0.000000 1.000000
0.970334 -0.223423 0.092378 0.867454 0.240212 0.934217 -0.263699 0.171572 -0.027385 0.278067 0.960171 0.000000 0.000000 0.000000 0.000000 1.000000
0.971216 -0.217198 0.097797 0.867458 0.236193 0.931309 -0.277268 0.171572 -0.030857 0.292386 0.955802 -0.000000 0.000000 0.000000 0.000000 1.000000
0.972116 -0.212297 0.099602 0.867459 0.231973 0.932781 -0.275878 0.171573 -0.034339 0.291291 0.956018 -0.000000 0.000000 0.000000 0.000000 1.000000
0.972858 -0.208221 0.100956 0.867450 0.228371 0.934322 -0.273659 0.171570 -0.037343 0.289287 0.956514 0.000000 0.000000 0.000000 0.000000 1.000000
0.973165 -0.206515 0.101492 0.867462 0.226842 0.935033 -0.272499 0.171574 -0.038623 0.288209 0.956788 -0.000000 0.000000 0.000000 0.000000 1.000000</float_array><technique_common><accessor source="#jnt_neck-Matrix-animation-output-transform-array" count="21" stride="16"><param type="float4x4"/></accessor></technique_common></source><source id="jnt_neck-Interpolations"><Name_array id="jnt_neck-Interpolations-array" count="21">
 LINEAR LINEAR LINEAR LINEAR LINEAR LINEAR LINEAR LINEAR LINEAR LINEAR LINEAR
LINEAR LINEAR LINEAR LINEAR LINEAR LINEAR LINEAR LINEAR LINEAR LINEAR</Name_array><technique_common><accessor source="#jnt_neck-Interpolations-array" count="21"><param type="name"/></accessor></technique_common></source><sampler id="jnt_neck-Matrix-animation-transform"><input semantic="INPUT" source="#jnt_neck-Matrix-animation-input"/><input semantic="OUTPUT" source="#jnt_neck-Matrix-animation-output-transform"/><input semantic="INTERPOLATION" source="#jnt_neck-Interpolations"/></sampler><channel source="#jnt_neck-Matrix-animation-transform" target="jnt_neck/matrix"/></animation></animation>
    <animation id="jnt_head-anim" name="jnt_head"><animation><source id="jnt_head-Matrix-animation-input"><float_array id="jnt_head-Matrix-animation-input-array" count="21">

0.000000 0.033333 0.066667 0.100000 0.133333 0.166667 0.200000 0.233333 0.266667 0.300000 0.333333 0.366667 0.400000 0.433333 0.466667 0.500000
0.533333 0.566667 0.600000 0.633333 0.666667</float_array><technique_common><accessor source="#jnt_head-Matrix-animation-input-array" count="21"><param name="TIME" type="float"/></accessor></technique_common></source><source id="jnt_head-Matrix-animation-output-transform"><float_array id="jnt_head-Matrix-animation-output-transform-array" count="336">

0.991332 0.127132 -0.033154 0.273590 -0.128997 0.989704 -0.062006 0.000001 0.024930 0.065745 0.997525 -0.000000 0.000000 0.000000 0.000000 1.000000
0.990680 0.131904 -0.033986 0.273594 -0.133225 0.990275 -0.040076 -0.000000 0.028369 0.044230 0.998618 -0.000000 0.000000 0.000000 0.000000 1.000000
0.988928 0.144171 -0.035162 0.273592 -0.143820 0.989527 0.012317 0.000000 0.036569 -0.007124 0.999306 0.000000 0.000000 0.000000 0.000000 1.000000
0.986406 0.160582 -0.034869 0.273591 -0.157651 0.984654 0.074853 0.000000 0.046354 -0.068339 0.996585 -0.000000 0.000000 0.000000 0.000000 1.000000
0.983652 0.177066 -0.032800 0.273593 -0.171618 0.976930 0.127099 -0.000000 0.054548 -0.119392 0.991348 -0.000000 0.000000 0.000000 0.000000 1.000000
0.981461 0.189195 -0.030645 0.273591 -0.182680 0.971807 0.149061 0.000001 0.057983 -0.140700 0.988353 -0.000000 0.000000 0.000000 0.000000 1.000000
0.980097 0.196642 -0.027236 0.273591 -0.190943 0.971317 0.141720 0.000001 0.054323 -0.133699 0.989532 -0.000000 0.000000 0.000000 0.000000 1.000000
0.979067 0.202482 -0.020732 0.273591 -0.198565 0.972550 0.121321 0.000001 0.044729 -0.114665 0.992397 -0.000000 0.000000 0.000000 0.000000 1.000000
0.978135 0.207582 -0.012683 0.273591 -0.205604 0.974382 0.091137 0.000000 0.031277 -0.086536 0.995758 -0.000000 0.000000 0.000000 0.000000 1.000000
0.977112 0.212677 -0.004564 0.273590 -0.212119 0.975721 0.054530 0.000001 0.016050 -0.052314 0.998502 -0.000000 0.000000 0.000000 0.000000 1.000000
0.975906 0.218181 0.002183 0.273593 -0.218189 0.975792 0.014972 0.000000 0.001137 -0.015087 0.999886 -0.000000 0.000000 0.000000 0.000000 1.000000
0.974542 0.224121 0.006157 0.273594 -0.223917 0.974313 -0.023988 -0.000001 -0.011375 0.021999 0.999693 -0.000000 0.000000 0.000000 0.000000 1.000000
0.973140 0.230134 0.006150 0.273594 -0.229153 0.970864 -0.070090 -0.000000 -0.022101 0.066799 0.997522 -0.000000 0.000000 0.000000 0.000000 1.000000
0.971733 0.236064 0.002848 0.273591 -0.233788 0.963900 -0.127441 0.000000 -0.032829 0.123173 0.991842 0.000000 0.000000 0.000000 0.000000 1.000000
0.970302 0.241889 -0.002098 0.273591 -0.238002 0.953089 -0.187019 0.000000 -0.043238 0.181964 0.982354 0.000000 0.000000 0.000000 0.000000 1.000000
0.968833 0.247621 -0.006848 0.273592 -0.241979 0.940118 -0.240052 0.000000 -0.053004 0.234228 0.970736 0.000000 0.000000 0.000000 0.000000 1.000000
0.967322 0.253379 -0.009371 0.273592 -0.245904 0.928495 -0.278260 0.000000 -0.061805 0.271472 0.960460 -0.000000 0.000000 0.000000 0.000000 1.000000
0.965770 0.259292 -0.007434 0.273593 -0.249965 0.922608 -0.293789 -0.000000 -0.069318 0.285591 0.955841 -0.000000 0.000000 0.000000 0.000000 1.000000
0.964105 0.265489 -0.004214 0.273592 -0.254979 0.921281 -0.293645 0.000000 -0.074078 0.284179 0.955905 -0.000000 0.000000 0.000000 0.000000 1.000000
0.962654 0.270714 -0.003410 0.273591 -0.259899 0.920521 -0.291708 0.000000 -0.075830 0.281700 0.956501 0.000000 0.000000 0.000000 0.000000 1.000000
0.962032 0.272914 -0.003477 0.273591 -0.262118 0.920275 -0.290498 0.000000 -0.076081 0.280379 0.956869 0.000000 0.000000 0.000000 0.000000 1.000000</float_array><technique_common><accessor source="#jnt_head-Matrix-animation-output-transform-array" count="21" stride="16"><param type="float4x4"/></accessor></technique_common></source><source id="jnt_head-Interpolations"><Name_array id="jnt_head-Interpolations-array" count="21">
 LINEAR LINEAR LINEAR LINEAR LINEAR LINEAR LINEAR LINEAR LINEAR LINEAR LINEAR
LINEAR LINEAR LINEAR LINEAR LINEAR LINEAR LINEAR LINEAR LINEAR LINEAR</Name_array><technique_common><accessor source="#jnt_head-Interpolations-array" count="21"><param type="name"/></accessor></technique_common></source><sampler id="jnt_head-Matrix-animation-transform"><input semantic="INPUT" source="#jnt_head-Matrix-animation-input"/><input semantic="OUTPUT" source="#jnt_head-Matrix-animation-output-transform"/><input semantic="INTERPOLATION" source="#jnt_head-Interpolations"/></sampler><channel source="#jnt_head-Matrix-animation-transform" target="jnt_head/matrix"/></animation></animation>
    <animation id="jnt_left_shoulder-anim" name="jnt_left_shoulder"><animation><source id="jnt_left_shoulder-Matrix-animation-input"><float_array id="jnt_left_shoulder-Matrix-animation-input-array" count="21">

0.000000 0.033333 0.066667 0.100000 0.133333 0.166667 0.200000 0.233333 0.266667 0.300000 0.333333 0.366667 0.400000 0.433333 0.466667 0.500000
0.533333 0.566667 0.600000 0.633333 0.666667</float_array><technique_common><accessor source="#jnt_left_shoulder-Matrix-animation-input-array" count="21"><param name="TIME" type="float"/></accessor></technique_common></source><source id="jnt_left_shoulder-Matrix-animation-output-transform"><float_array id="jnt_left_shoulder-Matrix-animation-output-transform-array" count="336">

-0.006219 0.134217 -0.990933 0.635987 0.229369 -0.964340 -0.132054 0.114392 -0.973320 -0.228111 -0.024788 0.266187 0.000000 0.000000 0.000000 1.000000
-0.010608 0.123506 -0.992287 0.635987 0.226204 -0.966322 -0.122692 0.114392 -0.974022 -0.225761 -0.017687 0.266187 0.000000 0.000000 0.000000 1.000000
-0.021775 0.096266 -0.995117 0.635987 0.218062 -0.970931 -0.098698 0.114392 -0.975692 -0.219147 0.000150 0.266187 0.000000 0.000000 0.000000 1.000000
-0.036715 0.059893 -0.997529 0.635987 0.206972 -0.976103 -0.066224 0.114392 -0.977658 -0.208892 0.023441 0.266187 0.000000 0.000000 0.000000 1.000000
-0.052445 0.021743 -0.998387 0.635987 0.195039 -0.980287 -0.031594 0.114392 -0.979392 -0.196381 0.047170 0.266187 0.000000 0.000000 0.000000 1.000000
-0.070122 -0.020853 -0.997320 0.635987 0.181307 -0.983396 0.007815 0.114391 -0.980923 -0.180273 0.072739 0.266187 0.000000 0.000000 0.000000 1.000000
-0.090892 -0.070392 -0.993370 0.635987 0.164718 -0.984822 0.054714 0.114392 -0.982144 -0.158653 0.101107 0.266187 0.000000 0.000000 0.000000 1.000000
-0.111851 -0.119664 -0.986494 0.635987 0.147459 -0.983731 0.102610 0.114392 -0.982723 -0.133990 0.127677 0.266187 0.000000 0.000000 0.000000 1.000000
-0.133293 -0.169162 -0.976533 0.635987 0.129231 -0.979880 0.152102 0.114392 -0.982615 -0.105924 0.152472 0.266187 0.000000 0.000000 0.000000 1.000000
-0.156840 -0.222261 -0.962290 0.635987 0.108511 -0.972327 0.206893 0.114391 -0.981645 -0.071970 0.176618 0.266187 0.000000 0.000000 0.000000 1.000000
-0.181662 -0.276588 -0.943662 0.635987 0.085818 -0.960427 0.264981 0.114392 -0.979609 -0.032846 0.198209 0.266187 0.000000 0.000000 0.000000 1.000000
-0.206952 -0.329973 -0.921026 0.635987 0.061729 -0.943934 0.324310 0.114391 -0.976402 0.010263 0.215718 0.266187 0.000000 0.000000 0.000000 1.000000
-0.231945 -0.380562 -0.895195 0.635987 0.036881 -0.923071 0.382857 0.114392 -0.972030 0.055786 0.228137 0.266187 0.000000 0.000000 0.000000 1.000000
-0.255926 -0.426897 -0.867330 0.635987 0.011969 -0.898541 0.438727 0.114392 -0.966622 0.101900 0.235070 0.266187 0.000000 0.000000 0.000000 1.000000
-0.278250 -0.467944 -0.838812 0.635987 -0.012255 -0.871499 0.490245 0.114392 -0.960430 0.146690 0.236760 0.266187 0.000000 0.000000 0.000000 1.000000
-0.298345 -0.503076 -0.811113 0.635987 -0.035001 -0.843477 0.536023 0.114392 -0.953816 0.188310 0.234039 0.266187 0.000000 0.000000 0.000000 1.000000
-0.315711 -0.531991 -0.785692 0.635987 -0.055453 -0.816282 0.574986 0.114392 -0.947234 0.225099 0.228209 0.266187 0.000000 0.000000 0.000000 1.000000
-0.329913 -0.554609 -0.763915 0.635987 -0.072779 -0.791871 0.606337 0.114392 -0.941202 0.255636 0.220885 0.266187 0.000000 0.000000 0.000000 1.000000
-0.340558 -0.570942 -0.747024 0.635987 -0.086149 -0.772227 0.629479 0.114392 -0.936268 0.278730 0.213802 0.266187 0.000000 0.000000 0.000000 1.000000
-0.347261 -0.580949 -0.736144 0.635987 -0.094748 -0.759243 0.643874 0.114392 -0.932970 0.293340 0.208612 0.266187 0.000000 0.000000 0.000000 1.000000
-0.349601 -0.584392 -0.732301 0.635987 -0.097785 -0.754594 0.648865 0.114392 -0.931782 0.298452 0.206662 0.266187 0.000000 0.000000 0.000000 1.000000</float_array><technique_common><accessor source="#jnt_left_shoulder-Matrix-animation-output-transform-array" count="21" stride="16"><param type="float4x4"/></accessor></technique_common></source><source id="jnt_left_shoulder-Interpolations"><Name_array id="jnt_left_shoulder-Interpolations-array" count="21">
 LINEAR LINEAR LINEAR LINEAR LINEAR LINEAR LINEAR LINEAR LINEAR LINEAR LINEAR
LINEAR LINEAR LINEAR LINEAR LINEAR LINEAR LINEAR LINEAR LINEAR LINEAR</Name_array><technique_common><accessor source="#jnt_left_shoulder-Interpolations-array" count="21"><param type="name"/></accessor></technique_common></source><sampler id="jnt_left_shoulder-Matrix-animation-transform"><input semantic="INPUT" source="#jnt_left_shoulder-Matrix-animation-input"/><input semantic="OUTPUT" source="#jnt_left_shoulder-Matrix-animation-output-transform"/><input semantic="INTERPOLATION" source="#jnt_left_shoulder-Interpolations"/></sampler><channel source="#jnt_left_shoulder-Matrix-animation-transform" target="jnt_left_shoulder/matrix"/></animation></animation>
    <animation id="jnt_left_arm-anim" name="jnt_left_arm"><animation><source id="jnt_left_arm-Matrix-animation-input"><float_array id="jnt_left_arm-Matrix-animation-input-array" count="21">

0.000000 0.033333 0.066667 0.100000 0.133333 0.166667 0.200000 0.233333 0.266667 0.300000 0.333333 0.366667 0.400000 0.433333 0.466667 0.500000
0.533333 0.566667 0.600000 0.633333 0.666667</float_array><technique_common><accessor source="#jnt_left_arm-Matrix-animation-input-array" count="21"><param name="TIME" type="float"/></accessor></technique_common></source><source id="jnt_left_arm-Matrix-animation-output-transform"><float_array id="jnt_left_arm-Matrix-animation-output-transform-array" count="336">

0.571101 -0.451450 0.685592 -0.525417 -0.144514 0.766854 0.625341 -0.032447 -0.808059 -0.456210 0.372710 0.009491 0.000000 0.000000 0.000000 1.000000
0.608245 -0.362966 0.705899 -0.525417 -0.150367 0.820529 0.551472 -0.032447 -0.779376 -0.441574 0.444505 0.009491 0.000000 0.000000 0.000000 1.000000
0.689160 -0.160514 0.706607 -0.525417 -0.158924 0.917931 0.363518 -0.032447 -0.706966 -0.362819 0.607092 0.009491 0.000000 0.000000 0.000000 1.000000
0.771204 0.039611 0.635355 -0.525417 -0.156313 0.979289 0.128682 -0.032448 -0.617099 -0.198554 0.761423 0.009491 0.000000 0.000000 0.000000 1.000000
