<?xml version="1.0" encoding="utf-8"?>
<COLLADA xmlns="http://www.collada.org/2005/11/COLLADASchema" version="1.4.1">
  <asset><contributor><author></author><authoring_tool>FBX COLLADA exporter</authoring_tool><comments></comments></contributor><created>2020-04-16T15:25:16Z</created><keywords></keywords><modified>2020-04-16T15:25:16Z</modified><revision></revision><subject></subject><title></title><unit meter="0.010000" name="centimeter"></unit><up_axis>Y_UP</up_axis></asset>
  <library_animations>
    <animation id="rig_root_jnt-anim" name="rig_root_jnt"><animation><source id="rig_root_jnt-Matrix-animation-input"><float_array id="rig_root_jnt-Matrix-animation-input-array" count="27">

0.000000 0.033333 0.066667 0.100000 0.133333 0.166667 0.200000 0.233333 0.266667 0.300000 0.333333 0.366667 0.400000 0.433333 0.466667 0.500000
0.533333 0.566667 0.600000 0.633333 0.666667 0.700000 0.733333 0.766667 0.800000 0.833333 0.866667</float_array><technique_common><accessor source="#rig_root_jnt-Matrix-animation-input-array" count="27"><param name="TIME" type="float"/></accessor></technique_common></source><source id="rig_root_jnt-Matrix-animation-output-transform"><float_array id="rig_root_jnt-Matrix-animation-output-transform-array" count="432">

1.000000 0.000000 0.000000 -1.144287 0.000000 0.000000 1.000000 -2.403041 0.000000 -1.000000 0.000000 0.453000 0.000000 0.000000 0.000000 1.000000
1.000000 0.000000 0.000000 -1.144287 0.000000 0.000000 1.000000 -2.403041 0.000000 -1.000000 0.000000 0.453000 0.000000 0.000000 0.000000 1.000000
1.000000 0.000000 0.000000 -1.144287 0.000000 0.000000 1.000000 -2.403041 0.000000 -1.000000 0.000000 0.453000 0.000000 0.000000 0.000000 1.000000
1.000000 0.000000 0.000000 -1.144287 0.000000 0.000000 1.000000 -2.403041 0.000000 -1.000000 0.000000 0.453000 0.000000 0.000000 0.000000 1.000000
1.000000 0.000000 0.000000 -1.144287 0.000000 0.000000 1.000000 -2.403041 0.000000 -1.000000 0.000000 0.453000 0.000000 0.000000 0.000000 1.000000
1.000000 0.000000 0.000000 -1.144287 0.000000 0.000000 1.000000 -2.403041 0.000000 -1.000000 0.000000 0.453000 0.000000 0.000000 0.000000 1.000000
1.000000 0.000000 0.000000 -1.144287 0.000000 0.000000 1.000000 -2.403041 0.000000 -1.000000 0.000000 0.453000 0.000000 0.000000 0.000000 1.000000
1.000000 0.000000 0.000000 -1.144287 0.000000 0.000000 1.000000 -2.403041 0.000000 -1.000000 0.000000 0.453000 0.000000 0.000000 0.000000 1.000000
1.000000 0.000000 0.000000 -1.144287 0.000000 0.000000 1.000000 -2.403041 0.000000 -1.000000 0.000000 0.453000 0.000000 0.000000 0.000000 1.000000
1.000000 0.000000 0.000000 -1.144287 0.000000 0.000000 1.000000 -2.403041 0.000000 -1.000000 0.000000 0.453000 0.000000 0.000000 0.000000 1.000000
1.000000 0.000000 0.000000 -1.144287 0.000000 0.000000 1.000000 -2.403041 0.000000 -1.000000 0.000000 0.453000 0.000000 0.000000 0.000000 1.000000
1.000000 0.000000 0.000000 -1.144287 0.000000 0.000000 1.000000 -2.403041 0.000000 -1.000000 0.000000 0.453000 0.000000 0.000000 0.000000 1.000000
1.000000 0.000000 0.000000 -1.144287 0.000000 0.000000 1.000000 -2.403041 0.000000 -1.000000 0.000000 0.453000 0.000000 0.000000 0.000000 1.000000
1.000000 0.000000 0.000000 -1.144287 0.000000 0.000000 1.000000 -2.403041 0.000000 -1.000000 0.000000 0.453000 0.000000 0.000000 0.000000 1.000000
1.000000 0.000000 0.000000 -1.144287 0.000000 0.000000 1.000000 -2.403041 0.000000 -1.000000 0.000000 0.453000 0.000000 0.000000 0.000000 1.000000
1.000000 0.000000 0.000000 -1.144287 0.000000 0.000000 1.000000 -2.403041 0.000000 -1.000000 0.000000 0.453000 0.000000 0.000000 0.000000 1.000000
1.000000 0.000000 0.000000 -1.144287 0.000000 0.000000 1.000000 -2.403041 0.000000 -1.000000 0.000000 0.453000 0.000000 0.000000 0.000000 1.000000
1.000000 0.000000 0.000000 -1.144287 0.000000 0.000000 1.000000 -2.403041 0.000000 -1.000000 0.000000 0.453000 0.000000 0.000000 0.000000 1.000000
1.000000 0.000000 0.000000 -1.144287 0.000000 0.000000 1.000000 -2.403041 0.000000 -1.000000 0.000000 0.453000 0.000000 0.000000 0.000000 1.000000
1.000000 0.000000 0.000000 -1.144287 0.000000 0.000000 1.000000 -2.403041 0.000000 -1.000000 0.000000 0.453000 0.000000 0.000000 0.000000 1.000000
1.000000 0.000000 0.000000 -1.144287 0.000000 0.000000 1.000000 -2.403041 0.000000 -1.000000 0.000000 0.453000 0.000000 0.000000 0.000000 1.000000
1.000000 0.000000 0.000000 -1.144287 0.000000 0.000000 1.000000 -2.403041 0.000000 -1.000000 0.000000 0.453000 0.000000 0.000000 0.000000 1.000000
1.000000 0.000000 0.000000 -1.144287 0.000000 0.000000 1.000000 -2.403041 0.000000 -1.000000 0.000000 0.453000 0.000000 0.000000 0.000000 1.000000
1.000000 0.000000 0.000000 -1.144287 0.000000 0.000000 1.000000 -2.403041 0.000000 -1.000000 0.000000 0.453000 0.000000 0.000000 0.000000 1.000000
1.000000 0.000000 0.000000 -1.144287 0.000000 0.000000 1.000000 -2.403041 0.000000 -1.000000 0.000000 0.453000 0.000000 0.000000 0.000000 1.000000
1.000000 0.000000 0.000000 -1.144287 0.000000 0.000000 1.000000 -2.403041 0.000000 -1.000000 0.000000 0.453000 0.000000 0.000000 0.000000 1.000000
1.000000 0.000000 0.000000 -1.144287 0.000000 0.000000 1.000000 -2.403041 0.000000 -1.000000 0.000000 0.453000 0.000000 0.000000 0.000000 1.000000</float_array><technique_common><accessor source="#rig_root_jnt-Matrix-animation-output-transform-array" count="27" stride="16"><param type="float4x4"/></accessor></technique_common></source><source id="rig_root_jnt-Interpolations"><Name_array id="rig_root_jnt-Interpolations-array" count="27">
 LINEAR LINEAR LINEAR LINEAR LINEAR LINEAR LINEAR LINEAR LINEAR LINEAR LINEAR
LINEAR LINEAR LINEAR LINEAR LINEAR LINEAR LINEAR LINEAR LINEAR LINEAR LINEAR LINEAR
LINEAR LINEAR LINEAR LINEAR</Name_array><technique_common><accessor source="#rig_root_jnt-Interpolations-array" count="27"><param type="name"/></accessor></technique_common></source><sampler id="rig_root_jnt-Matrix-animation-transform"><input semantic="INPUT" source="#rig_root_jnt-Matrix-animation-input"/><input semantic="OUTPUT" source="#rig_root_jnt-Matrix-animation-output-transform"/><input semantic="INTERPOLATION" source="#rig_root_jnt-Interpolations"/></sampler><channel source="#rig_root_jnt-Matrix-animation-transform" target="rig_root_jnt/matrix"/></animation></animation>
    <animation id="root_jnt-anim" name="root_jnt"><animation><source id="root_jnt-Matrix-animation-input"><float_array id="root_jnt-Matrix-animation-input-array" count="27">

0.000000 0.033333 0.066667 0.100000 0.133333 0.166667 0.200000 0.233333 0.266667 0.300000 0.333333 0.366667 0.400000 0.433333 0.466667 0.500000
0.533333 0.566667 0.600000 0.633333 0.666667 0.700000 0.733333 0.766667 0.800000 0.833333 0.866667</float_array><technique_common><accessor source="#root_jnt-Matrix-animation-input-array" count="27"><param name="TIME" type="float"/></accessor></technique_common></source><source id="root_jnt-Matrix-animation-output-transform"><float_array id="root_jnt-Matrix-animation-output-transform-array" count="432">

1.000000 0.000000 0.000000 -1.144287 0.000000 0.000000 1.000000 -2.403041 0.000000 -1.000000 0.000000 0.453000 0.000000 0.000000 0.000000 1.000000
1.000000 0.000000 0.000000 -1.144287 0.000000 0.000000 1.000000 -2.403041 0.000000 -1.000000 0.000000 0.453000 0.000000 0.000000 0.000000 1.000000
1.000000 0.000000 0.000000 -1.144287 0.000000 0.000000 1.000000 -2.403041 0.000000 -1.000000 0.000000 0.453000 0.000000 0.000000 0.000000 1.000000
1.000000 0.000000 0.000000 -1.144287 0.000000 0.000000 1.000000 -2.403041 0.000000 -1.000000 0.000000 0.453000 0.000000 0.000000 0.000000 1.000000
1.000000 0.000000 0.000000 -1.144287 0.000000 0.000000 1.000000 -2.403041 0.000000 -1.000000 0.000000 0.453000 0.000000 0.000000 0.000000 1.000000
1.000000 0.000000 0.000000 -1.144287 0.000000 0.000000 1.000000 -2.403041 0.000000 -1.000000 0.000000 0.453000 0.000000 0.000000 0.000000 1.000000
1.000000 0.000000 0.000000 -1.144287 0.000000 0.000000 1.000000 -2.403041 0.000000 -1.000000 0.000000 0.453000 0.000000 0.000000 0.000000 1.000000
1.000000 0.000000 0.000000 -1.144287 0.000000 0.000000 1.000000 -2.403041 0.000000 -1.000000 0.000000 0.453000 0.000000 0.000000 0.000000 1.000000
1.000000 0.000000 0.000000 -1.144287 0.000000 0.000000 1.000000 -2.403041 0.000000 -1.000000 0.000000 0.453000 0.000000 0.000000 0.000000 1.000000
1.000000 0.000000 0.000000 -1.144287 0.000000 0.000000 1.000000 -2.403041 0.000000 -1.000000 0.000000 0.453000 0.000000 0.000000 0.000000 1.000000
1.000000 0.000000 0.000000 -1.144287 0.000000 0.000000 1.000000 -2.403041 0.000000 -1.000000 0.000000 0.453000 0.000000 0.000000 0.000000 1.000000
1.000000 0.000000 0.000000 -1.144287 0.000000 0.000000 1.000000 -2.403041 0.000000 -1.000000 0.000000 0.453000 0.000000 0.000000 0.000000 1.000000
1.000000 0.000000 0.000000 -1.144287 0.000000 0.000000 1.000000 -2.403041 0.000000 -1.000000 0.000000 0.453000 0.000000 0.000000 0.000000 1.000000
1.000000 0.000000 0.000000 -1.144287 0.000000 0.000000 1.000000 -2.403041 0.000000 -1.000000 0.000000 0.453000 0.000000 0.000000 0.000000 1.000000
1.000000 0.000000 0.000000 -1.144287 0.000000 0.000000 1.000000 -2.403041 0.000000 -1.000000 0.000000 0.453000 0.000000 0.000000 0.000000 1.000000
1.000000 0.000000 0.000000 -1.144287 0.000000 0.000000 1.000000 -2.403041 0.000000 -1.000000 0.000000 0.453000 0.000000 0.000000 0.000000 1.000000
1.000000 0.000000 0.000000 -1.144287 0.000000 0.000000 1.000000 -2.403041 0.000000 -1.000000 0.000000 0.453000 0.000000 0.000000 0.000000 1.000000
1.000000 0.000000 0.000000 -1.144287 0.000000 0.000000 1.000000 -2.403041 0.000000 -1.000000 0.000000 0.453000 0.000000 0.000000 0.000000 1.000000
1.000000 0.000000 0.000000 -1.144287 0.000000 0.000000 1.000000 -2.403041 0.000000 -1.000000 0.000000 0.453000 0.000000 0.000000 0.000000 1.000000
1.000000 0.000000 0.000000 -1.144287 0.000000 0.000000 1.000000 -2.403041 0.000000 -1.000000 0.000000 0.453000 0.000000 0.000000 0.000000 1.000000
1.000000 0.000000 0.000000 -1.144287 0.000000 0.000000 1.000000 -2.403041 0.000000 -1.000000 0.000000 0.453000 0.000000 0.000000 0.000000 1.000000
1.000000 0.000000 0.000000 -1.144287 0.000000 0.000000 1.000000 -2.403041 0.000000 -1.000000 0.000000 0.453000 0.000000 0.000000 0.000000 1.000000
1.000000 0.000000 0.000000 -1.144287 0.000000 0.000000 1.000000 -2.403041 0.000000 -1.000000 0.000000 0.453000 0.000000 0.000000 0.000000 1.000000
1.000000 0.000000 0.000000 -1.144287 0.000000 0.000000 1.000000 -2.403041 0.000000 -1.000000 0.000000 0.453000 0.000000 0.000000 0.000000 1.000000
1.000000 0.000000 0.000000 -1.144287 0.000000 0.000000 1.000000 -2.403041 0.000000 -1.000000 0.000000 0.453000 0.000000 0.000000 0.000000 1.000000
1.000000 0.000000 0.000000 -1.144287 0.000000 0.000000 1.000000 -2.403041 0.000000 -1.000000 0.000000 0.453000 0.000000 0.000000 0.000000 1.000000
1.000000 0.000000 0.000000 -1.144287 0.000000 0.000000 1.000000 -2.403041 0.000000 -1.000000 0.000000 0.453000 0.000000 0.000000 0.000000 1.000000</float_array><technique_common><accessor source="#root_jnt-Matrix-animation-output-transform-array" count="27" stride="16"><param type="float4x4"/></accessor></technique_common></source><source id="root_jnt-Interpolations"><Name_array id="root_jnt-Interpolations-array" count="27">
 LINEAR LINEAR LINEAR LINEAR LINEAR LINEAR LINEAR LINEAR LINEAR LINEAR LINEAR
LINEAR LINEAR LINEAR LINEAR LINEAR LINEAR LINEAR LINEAR LINEAR LINEAR LINEAR LINEAR
LINEAR LINEAR LINEAR LINEAR</Name_array><technique_common><accessor source="#root_jnt-Interpolations-array" count="27"><param type="name"/></accessor></technique_common></source><sampler id="root_jnt-Matrix-animation-transform"><input semantic="INPUT" source="#root_jnt-Matrix-animation-input"/><input semantic="OUTPUT" source="#root_jnt-Matrix-animation-output-transform"/><input semantic="INTERPOLATION" source="#root_jnt-Interpolations"/></sampler><channel source="#root_jnt-Matrix-animation-transform" target="root_jnt/matrix"/></animation></animation>
    <animation id="rendable_jnt-anim" name="rendable_jnt"><animation><source id="rendable_jnt-Matrix-animation-input"><float_array id="rendable_jnt-Matrix-animation-input-array" count="27">

0.000000 0.033333 0.066667 0.100000 0.133333 0.166667 0.200000 0.233333 0.266667 0.300000 0.333333 0.366667 0.400000 0.433333 0.466667 0.500000
0.533333 0.566667 0.600000 0.633333 0.666667 0.700000 0.733333 0.766667 0.800000 0.833333 0.866667</float_array><technique_common><accessor source="#rendable_jnt-Matrix-animation-input-array" count="27"><param name="TIME" type="float"/></accessor></technique_common></source><source id="rendable_jnt-Matrix-animation-output-transform"><float_array id="rendable_jnt-Matrix-animation-output-transform-array" count="432">

1.000000 0.000000 0.000000 -4.331778 0.000000 1.000000 0.000000 0.080039 0.000000 0.000000 1.000000 1.490188 0.000000 0.000000 0.000000 1.000000
1.000000 0.000000 0.000000 -4.331778 0.000000 1.000000 0.000000 0.102641 0.000000 0.000000 1.000000 1.966923 0.000000 0.000000 0.000000 1.000000
1.000000 0.000000 0.000000 -4.331778 0.000000 1.000000 0.000000 -0.134458 0.000000 0.000000 1.000000 1.684288 0.000000 0.000000 0.000000 1.000000
1.000000 0.000000 0.000000 -4.331778 0.000000 1.000000 0.000000 -0.327959 0.000000 0.000000 1.000000 1.799614 0.000000 0.000000 0.000000 1.000000
1.000000 0.000000 0.000000 -4.331778 0.000000 1.000000 0.000000 0.256173 0.000000 0.000000 1.000000 1.759340 0.000000 0.000000 0.000000 1.000000
1.000000 0.000000 0.000000 -4.331778 0.000000 1.000000 0.000000 -0.296847 0.000000 0.000000 1.000000 1.238107 0.000000 0.000000 0.000000 1.000000
1.000000 0.000000 0.000000 -4.331778 0.000000 1.000000 0.000000 -0.280169 0.000000 0.000000 1.000000 1.036758 0.000000 0.000000 0.000000 1.000000
1.000000 0.000000 0.000000 -4.331778 0.000000 1.000000 0.000000 -0.020391 0.000000 0.000000 1.000000 1.567279 0.000000 0.000000 0.000000 1.000000
1.000000 0.000000 0.000000 -4.331778 0.000000 1.000000 0.000000 -0.015320 0.000000 0.000000 1.000000 1.577900 0.000000 0.000000 0.000000 1.000000
1.000000 0.000000 0.000000 -4.331778 0.000000 1.000000 0.000000 -0.011168 0.000000 0.000000 1.000000 1.586596 0.000000 0.000000 0.000000 1.000000
1.000000 0.000000 0.000000 -4.331778 0.000000 1.000000 0.000000 -0.007844 0.000000 0.000000 1.000000 1.593560 0.000000 0.000000 0.000000 1.000000
1.000000 0.000000 0.000000 -4.331778 0.000000 1.000000 0.000000 -0.005255 0.000000 0.000000 1.000000 1.598983 0.000000 0.000000 0.000000 1.000000
1.000000 0.000000 0.000000 -4.331778 0.000000 1.000000 0.000000 -0.003309 0.000000 0.000000 1.000000 1.603058 0.000000 0.000000 0.000000 1.000000
1.000000 0.000000 0.000000 -4.331778 0.000000 1.000000 0.000000 -0.001915 0.000000 0.000000 1.000000 1.605978 0.000000 0.000000 0.000000 1.000000
1.000000 0.000000 0.000000 -4.331778 0.000000 1.000000 0.000000 -0.000980 0.000000 0.000000 1.000000 1.607935 0.000000 0.000000 0.000000 1.000000
1.000000 0.000000 0.000000 -4.331778 0.000000 1.000000 0.000000 -0.000414 0.000000 0.000000 1.000000 1.609123 0.000000 0.000000 0.000000 1.000000
1.000000 0.000000 0.000000 -4.331778 0.000000 1.000000 0.000000 -0.000123 0.000000 0.000000 1.000000 1.609732 0.000000 0.000000 0.000000 1.000000
1.000000 0.000000 0.000000 -4.331778 0.000000 1.000000 0.000000 -0.000015 0.000000 0.000000 1.000000 1.609957 0.000000 0.000000 0.000000 1.000000
1.000000 0.000000 0.000000 -4.331778 0.000000 1.000000 0.000000 0.000000 0.000000 0.000000 1.000000 1.609989 0.000000 0.000000 0.000000 1.000000
0.989998 0.141079 -0.000000 -3.645438 -0.141079 0.989998 0.000000 0.000000 0.000000 0.000000 1.000000 1.609989 0.000000 0.000000 0.000000 1.000000
0.899153 0.437633 -0.000000 -2.135491 -0.437633 0.899153 0.000000 0.000000 0.000000 0.000000 1.000000 1.609989 0.000000 0.000000 0.000000 1.000000
0.721813 0.692088 -0.000000 -0.625544 -0.692088 0.721813 0.000000 0.000000 0.000000 0.000000 1.000000 1.609989 0.000000 0.000000 0.000000 1.000000
0.616954 0.786999 -0.000000 0.060796 -0.786999 0.616954 -0.000000 0.000000 0.000000 0.000000 1.000000 1.609989 0.000000 0.000000 0.000000 1.000000
0.616954 0.786999 -0.000000 0.060796 -0.786999 0.616954 -0.000000 0.000000 0.000000 0.000000 1.000000 1.064527 0.000000 0.000000 0.000000 1.000000
0.616954 0.786999 -0.000000 0.060796 -0.786999 0.616954 -0.000000 0.000000 0.000000 0.000000 1.000000 1.064527 0.000000 0.000000 0.000000 1.000000
0.616954 0.786999 -0.000000 0.060796 -0.786999 0.616954 -0.000000 0.000000 0.000000 0.000000 1.000000 1.064527 0.000000 0.000000 0.000000 1.000000
0.616954 0.786999 -0.000000 0.060796 -0.786999 0.616954 -0.000000 0.000000 0.000000 0.000000 1.000000 1.064527 0.000000 0.000000 0.000000 1.000000</float_array><technique_common><accessor source="#rendable_jnt-Matrix-animation-output-transform-array" count="27" stride="16"><param type="float4x4"/></accessor></technique_common></source><source id="rendable_jnt-Interpolations"><Name_array id="rendable_jnt-Interpolations-array" count="27">
 LINEAR LINEAR LINEAR LINEAR LINEAR LINEAR LINEAR LINEAR LINEAR LINEAR LINEAR
LINEAR LINEAR LINEAR LINEAR LINEAR LINEAR LINEAR LINEAR LINEAR LINEAR LINEAR LINEAR
LINEAR LINEAR LINEAR LINEAR</Name_array><technique_common><accessor source="#rendable_jnt-Interpolations-array" count="27"><param type="name"/></accessor></technique_common></source><sampler id="rendable_jnt-Matrix-animation-transform"><input semantic="INPUT" source="#rendable_jnt-Matrix-animation-input"/><input semantic="OUTPUT" source="#rendable_jnt-Matrix-animation-output-transform"/><input semantic="INTERPOLATION" source="#rendable_jnt-Interpolations"/></sampler><channel source="#rendable_jnt-Matrix-animation-transform" target="rendable_jnt/matrix"/></animation></animation>
    <animation id="jnt_m_lower_grinder-anim" name="jnt_m_lower_grinder"><animation><source id="jnt_m_lower_grinder-Matrix-animation-input"><float_array id="jnt_m_lower_grinder-Matrix-animation-input-array" count="27">

0.000000 0.033333 0.066667 0.100000 0.133333 0.166667 0.200000 0.233333 0.266667 0.300000 0.333333 0.366667 0.400000 0.433333 0.466667 0.500000
0.533333 0.566667 0.600000 0.633333 0.666667 0.700000 0.733333 0.766667 0.800000 0.833333 0.866667</float_array><technique_common><accessor source="#jnt_m_lower_grinder-Matrix-animation-input-array" count="27"><param name="TIME" type="float"/></accessor></technique_common></source><source id="jnt_m_lower_grinder-Matrix-animation-output-transform"><float_array id="jnt_m_lower_grinder-Matrix-animation-output-transform-array" count="432">

1.000000 0.000000 0.000000 0.000000 0.000000 0.000000 -1.000000 -0.000000 0.000000 1.000000 0.000000 0.000001 0.000000 0.000000 0.000000 1.000000
1.000000 0.000000 0.000000 0.000000 0.000000 0.000000 -1.000000 -0.000000 0.000000 1.000000 0.000000 0.000001 0.000000 0.000000 0.000000 1.000000
1.000000 0.000000 0.000000 0.000000 0.000000 0.000000 -1.000000 -0.000000 0.000000 1.000000 0.000000 0.000001 0.000000 0.000000 0.000000 1.000000
1.000000 0.000000 0.000000 0.000000 0.000000 0.000000 -1.000000 -0.000000 0.000000 1.000000 0.000000 0.000001 0.000000 0.000000 0.000000 1.000000
1.000000 0.000000 0.000000 0.000000 0.000000 0.000000 -1.000000 -0.000000 0.000000 1.000000 0.000000 0.000001 0.000000 0.000000 0.000000 1.000000
1.000000 0.000000 0.000000 0.000000 0.000000 0.000000 -1.000000 -0.000000 0.000000 1.000000 0.000000 0.000001 0.000000 0.000000 0.000000 1.000000
1.000000 0.000000 0.000000 0.000000 0.000000 0.000000 -1.000000 -0.000000 0.000000 1.000000 0.000000 0.000001 0.000000 0.000000 0.000000 1.000000
1.000000 0.000000 0.000000 0.000000 0.000000 0.000000 -1.000000 -0.000000 0.000000 1.000000 0.000000 0.000001 0.000000 0.000000 0.000000 1.000000
0.900969 -0.433884 0.000000 0.000000 0.000000 0.000000 -1.000000 -0.000000 0.433884 0.900969 0.000000 0.000001 0.000000 0.000000 0.000000 1.000000
0.623490 -0.781831 0.000000 0.000000 0.000000 -0.000000 -1.000000 -0.000000 0.781831 0.623490 0.000000 0.000001 0.000000 0.000000 0.000000 1.000000
0.222521 -0.974928 0.000000 0.000000 0.000000 -0.000000 -1.000000 -0.000000 0.974928 0.222521 0.000000 0.000001 0.000000 0.000000 0.000000 1.000000
-0.222521 -0.974928 -0.000000 0.000000 0.000000 0.000000 -1.000000 -0.000000 0.974928 -0.222521 -0.000000 0.000001 0.000000 0.000000 0.000000 1.000000
-0.623490 -0.781832 -0.000000 0.000000 0.000000 0.000000 -1.000000 -0.000000 0.781832 -0.623490 -0.000000 0.000001 0.000000 0.000000 0.000000 1.000000
-0.900969 -0.433884 -0.000000 0.000000 0.000000 0.000000 -1.000000 -0.000000 0.433884 -0.900969 -0.000000 0.000001 0.000000 0.000000 0.000000 1.000000
-1.000000 -0.000000 -0.000000 0.000000 0.000000 0.000000 -1.000000 -0.000000 0.000000 -1.000000 -0.000000 0.000001 0.000000 0.000000 0.000000 1.000000
-0.900969 0.433884 0.000000 0.000000 0.000000 0.000000 -1.000000 -0.000000 -0.433884 -0.900969 -0.000000 0.000001 0.000000 0.000000 0.000000 1.000000
-0.623490 0.781832 0.000000 0.000000 -0.000000 0.000000 -1.000000 -0.000000 -0.781832 -0.623490 -0.000000 0.000001 0.000000 0.000000 0.000000 1.000000
-0.222521 0.974928 0.000000 0.000000 0.000000 0.000000 -1.000000 -0.000000 -0.974928 -0.222521 -0.000000 0.000001 0.000000 0.000000 0.000000 1.000000
0.222521 0.974928 -0.000000 0.000000 -0.000000 -0.000000 -1.000000 -0.000000 -0.974928 0.222521 0.000000 0.000001 0.000000 0.000000 0.000000 1.000000
0.623490 0.781831 -0.000000 0.000000 -0.000000 -0.000000 -1.000000 -0.000000 -0.781831 0.623490 0.000000 0.000001 0.000000 0.000000 0.000000 1.000000
0.900969 0.433884 -0.000000 0.000000 -0.000000 0.000000 -1.000000 -0.000000 -0.433884 0.900969 0.000000 0.000001 0.000000 0.000000 0.000000 1.000000
1.000000 0.000000 -0.000000 0.000000 -0.000000 0.000000 -1.000000 -0.000000 -0.000000 1.000000 0.000000 0.000001 0.000000 0.000000 0.000000 1.000000
0.309017 0.951057 -0.000000 0.000000 -0.000000 -0.000000 -1.000000 -0.000000 -0.951057 0.309017 0.000000 0.000001 0.000000 0.000000 0.000000 1.000000
-0.809017 0.587785 0.000000 0.000000 0.000000 0.000000 -1.000000 -0.000000 -0.587785 -0.809017 -0.000000 0.000001 0.000000 0.000000 0.000000 1.000000
-0.809017 -0.587785 -0.000000 0.000000 0.000000 0.000000 -1.000000 -0.000000 0.587785 -0.809017 -0.000000 0.000001 0.000000 0.000000 0.000000 1.000000
0.309017 -0.951057 0.000000 0.000000 0.000000 -0.000000 -1.000000 -0.000000 0.951057 0.309017 0.000000 0.000001 0.000000 0.000000 0.000000 1.000000
1.000000 0.000000 0.000000 0.000000 0.000000 0.000000 -1.000000 -0.000000 0.000000 1.000000 0.000000 0.000001 0.000000 0.000000 0.000000 1.000000</float_array><technique_common><accessor source="#jnt_m_lower_grinder-Matrix-animation-output-transform-array" count="27" stride="16"><param type="float4x4"/></accessor></technique_common></source><source id="jnt_m_lower_grinder-Interpolations"><Name_array id="jnt_m_lower_grinder-Interpolations-array" count="27">
 LINEAR LINEAR LINEAR LINEAR LINEAR LINEAR LINEAR LINEAR LINEAR LINEAR LINEAR
LINEAR LINEAR LINEAR LINEAR LINEAR LINEAR LINEAR LINEAR LINEAR LINEAR LINEAR LINEAR
LINEAR LINEAR LINEAR LINEAR</Name_array><technique_common><accessor source="#jnt_m_lower_grinder-Interpolations-array" count="27"><param type="name"/></accessor></technique_common></source><sampler id="jnt_m_lower_grinder-Matrix-animation-transform"><input semantic="INPUT" source="#jnt_m_lower_grinder-Matrix-animation-input"/><input semantic="OUTPUT" source="#jnt_m_lower_grinder-Matrix-animation-output-transform"/><input semantic="INTERPOLATION" source="#jnt_m_lower_grinder-Interpolations"/></sampler><channel source="#jnt_m_lower_grinder-Matrix-animation-transform" target="jnt_m_lower_grinder/matrix"/></animation></animation>
    <animation id="jnt_r_lower_grinder-anim" name="jnt_r_lower_grinder"><animation><source id="jnt_r_lower_grinder-Matrix-animation-input"><float_array id="jnt_r_lower_grinder-Matrix-animation-input-array" count="27">

0.000000 0.033333 0.066667 0.100000 0.133333 0.166667 0.200000 0.233333 0.266667 0.300000 0.333333 0.366667 0.400000 0.433333 0.466667 0.500000
0.533333 0.566667 0.600000 0.633333 0.666667 0.700000 0.733333 0.766667 0.800000 0.833333 0.866667</float_array><technique_common><accessor source="#jnt_r_lower_grinder-Matrix-animation-input-array" count="27"><param name="TIME" type="float"/></accessor></technique_common></source><source id="jnt_r_lower_grinder-Matrix-animation-output-transform"><float_array id="jnt_r_lower_grinder-Matrix-animation-output-transform-array" count="432">

1.000000 0.000000 0.000000 -2.026629 0.000000 0.000000 -1.000000 -0.000000 0.000000 1.000000 0.000000 -0.410027 0.000000 0.000000 0.000000 1.000000
1.000000 0.000000 0.000000 -2.026629 0.000000 0.000000 -1.000000 -0.000000 0.000000 1.000000 0.000000 -0.410027 0.000000 0.000000 0.000000 1.000000
1.000000 0.000000 0.000000 -2.026629 0.000000 0.000000 -1.000000 -0.000000 0.000000 1.000000 0.000000 -0.410027 0.000000 0.000000 0.000000 1.000000
1.000000 0.000000 0.000000 -2.026629 0.000000 0.000000 -1.000000 -0.000000 0.000000 1.000000 0.000000 -0.410027 0.000000 0.000000 0.000000 1.000000
1.000000 0.000000 0.000000 -2.026629 0.000000 0.000000 -1.000000 -0.000000 0.000000 1.000000 0.000000 -0.410027 0.000000 0.000000 0.000000 1.000000
1.000000 0.000000 0.000000 -2.026629 0.000000 0.000000 -1.000000 -0.000000 0.000000 1.000000 0.000000 -0.410027 0.000000 0.000000 0.000000 1.000000
1.000000 0.000000 0.000000 -2.026629 0.000000 0.000000 -1.000000 -0.000000 0.000000 1.000000 0.000000 -0.410027 0.000000 0.000000 0.000000 1.000000
1.000000 0.000000 0.000000 -2.026629 0.000000 0.000000 -1.000000 -0.000000 0.000000 1.000000 0.000000 -0.410027 0.000000 0.000000 0.000000 1.000000
0.900969 -0.433884 0.000000 -2.026629 0.000000 0.000000 -1.000000 -0.000000 0.433884 0.900969 0.000000 -0.410027 0.000000 0.000000 0.000000 1.000000
0.623490 -0.781831 0.000000 -2.026629 0.000000 -0.000000 -1.000000 -0.000000 0.781831 0.623490 0.000000 -0.410027 0.000000 0.000000 0.000000 1.000000
0.222521 -0.974928 0.000000 -2.026629 0.000000 -0.000000 -1.000000 -0.000000 0.974928 0.222521 0.000000 -0.410027 0.000000 0.000000 0.000000 1.000000
-0.222521 -0.974928 -0.000000 -2.026629 0.000000 0.000000 -1.000000 -0.000000 0.974928 -0.222521 -0.000000 -0.410027 0.000000 0.000000 0.000000 1.000000
-0.623490 -0.781832 -0.000000 -2.026629 0.000000 0.000000 -1.000000 -0.000000 0.781832 -0.623490 -0.000000 -0.410027 0.000000 0.000000 0.000000 1.000000
-0.900969 -0.433884 -0.000000 -2.026629 0.000000 0.000000 -1.000000 -0.000000 0.433884 -0.900969 -0.000000 -0.410027 0.000000 0.000000 0.000000 1.000000
-1.000000 -0.000000 -0.000000 -2.026629 0.000000 0.000000 -1.000000 -0.000000 0.000000 -1.000000 -0.000000 -0.410027 0.000000 0.000000 0.000000 1.000000
-0.900969 0.433884 0.000000 -2.026629 0.000000 0.000000 -1.000000 -0.000000 -0.433884 -0.900969 -0.000000 -0.410027 0.000000 0.000000 0.000000 1.000000
-0.623490 0.781832 0.000000 -2.026629 -0.000000 0.000000 -1.000000 -0.000000 -0.781832 -0.623490 -0.000000 -0.410027 0.000000 0.000000 0.000000 1.000000
-0.222521 0.974928 0.000000 -2.026629 0.000000 0.000000 -1.000000 -0.000000 -0.974928 -0.222521 -0.000000 -0.410027 0.000000 0.000000 0.000000 1.000000
0.222521 0.974928 -0.000000 -2.026629 -0.000000 -0.000000 -1.000000 -0.000000 -0.974928 0.222521 0.000000 -0.410027 0.000000 0.000000 0.000000 1.000000
0.623490 0.781831 -0.000000 -2.026629 -0.000000 -0.000000 -1.000000 -0.000000 -0.781831 0.623490 0.000000 -0.410027 0.000000 0.000000 0.000000 1.000000
0.900969 0.433884 -0.000000 -2.026629 -0.000000 0.000000 -1.000000 -0.000000 -0.433884 0.900969 0.000000 -0.410027 0.000000 0.000000 0.000000 1.000000
1.000000 0.000000 -0.000000 -2.026629 -0.000000 0.000000 -1.000000 -0.000000 -0.000000 1.000000 0.000000 -0.410027 0.000000 0.000000 0.000000 1.000000
0.309017 0.951057 -0.000000 -2.026629 -0.000000 -0.000000 -1.000000 -0.000000 -0.951057 0.309017 0.000000 -0.410027 0.000000 0.000000 0.000000 1.000000
-0.809017 0.587785 0.000000 -2.026629 0.000000 0.000000 -1.000000 -0.000000 -0.587785 -0.809017 -0.000000 -0.410027 0.000000 0.000000 0.000000 1.000000
-0.809017 -0.587785 -0.000000 -2.026629 0.000000 0.000000 -1.000000 -0.000000 0.587785 -0.809017 -0.000000 -0.410027 0.000000 0.000000 0.000000 1.000000
0.309017 -0.951057 0.000000 -2.026629 0.000000 -0.000000 -1.000000 -0.000000 0.951057 0.309017 0.000000 -0.410027 0.000000 0.000000 0.000000 1.000000
1.000000 0.000000 0.000000 -2.026629 0.000000 0.000000 -1.000000 -0.000000 0.000000 1.000000 0.000000 -0.410027 0.000000 0.000000 0.000000 1.000000</float_array><technique_common><accessor source="#jnt_r_lower_grinder-Matrix-animation-output-transform-array" count="27" stride="16"><param type="float4x4"/></accessor></technique_common></source><source id="jnt_r_lower_grinder-Interpolations"><Name_array id="jnt_r_lower_grinder-Interpolations-array" count="27">
 LINEAR LINEAR LINEAR LINEAR LINEAR LINEAR LINEAR LINEAR LINEAR LINEAR LINEAR
LINEAR LINEAR LINEAR LINEAR LINEAR LINEAR LINEAR LINEAR LINEAR LINEAR LINEAR LINEAR
LINEAR LINEAR LINEAR LINEAR</Name_array><technique_common><accessor source="#jnt_r_lower_grinder-Interpolations-array" count="27"><param type="name"/></accessor></technique_common></source><sampler id="jnt_r_lower_grinder-Matrix-animation-transform"><input semantic="INPUT" source="#jnt_r_lower_grinder-Matrix-animation-input"/><input semantic="OUTPUT" source="#jnt_r_lower_grinder-Matrix-animation-output-transform"/><input semantic="INTERPOLATION" source="#jnt_r_lower_grinder-Interpolations"/></sampler><channel source="#jnt_r_lower_grinder-Matrix-animation-transform" target="jnt_r_lower_grinder/matrix"/></animation></animation>
    <animation id="jnt_l_lower_grinder-anim" name="jnt_l_lower_grinder"><animation><source id="jnt_l_lower_grinder-Matrix-animation-input"><float_array id="jnt_l_lower_grinder-Matrix-animation-input-array" count="27">

0.000000 0.033333 0.066667 0.100000 0.133333 0.166667 0.200000 0.233333 0.266667 0.300000 0.333333 0.366667 0.400000 0.433333 0.466667 0.500000
0.533333 0.566667 0.600000 0.633333 0.666667 0.700000 0.733333 0.766667 0.800000 0.833333 0.866667</float_array><technique_common><accessor source="#jnt_l_lower_grinder-Matrix-animation-input-array" count="27"><param name="TIME" type="float"/></accessor></technique_common></source><source id="jnt_l_lower_grinder-Matrix-animation-output-transform"><float_array id="jnt_l_lower_grinder-Matrix-animation-output-transform-array" count="432">

1.000000 0.000000 0.000000 2.059929 0.000000 0.000000 -1.000000 -0.000000 0.000000 1.000000 0.000000 -0.410027 0.000000 0.000000 0.000000 1.000000
1.000000 0.000000 0.000000 2.059929 0.000000 0.000000 -1.000000 -0.000000 0.000000 1.000000 0.000000 -0.410027 0.000000 0.000000 0.000000 1.000000
1.000000 0.000000 0.000000 2.059929 0.000000 0.000000 -1.000000 -0.000000 0.000000 1.000000 0.000000 -0.410027 0.000000 0.000000 0.000000 1.000000
1.000000 0.000000 0.000000 2.059929 0.000000 0.000000 -1.000000 -0.000000 0.000000 1.000000 0.000000 -0.410027 0.000000 0.000000 0.000000 1.000000
1.000000 0.000000 0.000000 2.059929 0.000000 0.000000 -1.000000 -0.000000 0.000000 1.000000 0.000000 -0.410027 0.000000 0.000000 0.000000 1.000000
1.000000 0.000000 0.000000 2.059929 0.000000 0.000000 -1.000000 -0.000000 0.000000 1.000000 0.000000 -0.410027 0.000000 0.000000 0.000000 1.000000
1.000000 0.000000 0.000000 2.059929 0.000000 0.000000 -1.000000 -0.000000 0.000000 1.000000 0.000000 -0.410027 0.000000 0.000000 0.000000 1.000000
1.000000 0.000000 0.000000 2.059929 0.000000 0.000000 -1.000000 -0.000000 0.000000 1.000000 0.000000 -0.410027 0.000000 0.000000 0.000000 1.000000
0.900969 -0.433884 0.000000 2.059929 0.000000 0.000000 -1.000000 -0.000000 0.433884 0.900969 0.000000 -0.410027 0.000000 0.000000 0.000000 1.000000
0.623490 -0.781831 0.000000 2.059929 0.000000 -0.000000 -1.000000 -0.000000 0.781831 0.623490 0.000000 -0.410027 0.000000 0.000000 0.000000 1.000000
0.222521 -0.974928 0.000000 2.059929 0.000000 -0.000000 -1.000000 -0.000000 0.974928 0.222521 0.000000 -0.410027 0.000000 0.000000 0.000000 1.000000
-0.222521 -0.974928 -0.000000 2.059929 0.000000 0.000000 -1.000000 -0.000000 0.974928 -0.222521 -0.000000 -0.410027 0.000000 0.000000 0.000000 1.000000
-0.623490 -0.781832 -0.000000 2.059929 0.000000 0.000000 -1.000000 -0.000000 0.781832 -0.623490 -0.000000 -0.410027 0.000000 0.000000 0.000000 1.000000
-0.900969 -0.433884 -0.000000 2.059929 0.000000 0.000000 -1.000000 -0.000000 0.433884 -0.900969 -0.000000 -0.410027 0.000000 0.000000 0.000000 1.000000
-1.000000 -0.000000 -0.000000 2.059929 0.000000 0.000000 -1.000000 -0.000000 0.000000 -1.000000 -0.000000 -0.410027 0.000000 0.000000 0.000000 1.000000
-0.900969 0.433884 0.000000 2.059929 0.000000 0.000000 -1.000000 -0.000000 -0.433884 -0.900969 -0.000000 -0.410027 0.000000 0.000000 0.000000 1.000000
-0.623490 0.781832 0.000000 2.059929 -0.000000 0.000000 -1.000000 -0.000000 -0.781832 -0.623490 -0.000000 -0.410027 0.000000 0.000000 0.000000 1.000000
-0.222521 0.974928 0.000000 2.059929 0.000000 0.000000 -1.000000 -0.000000 -0.974928 -0.222521 -0.000000 -0.410027 0.000000 0.000000 0.000000 1.000000
0.222521 0.974928 -0.000000 2.059929 -0.000000 -0.000000 -1.000000 -0.000000 -0.974928 0.222521 0.000000 -0.410027 0.000000 0.000000 0.000000 1.000000
0.623490 0.781831 -0.000000 2.059929 -0.000000 -0.000000 -1.000000 -0.000000 -0.781831 0.623490 0.000000 -0.410027 0.000000 0.000000 0.000000 1.000000
0.900969 0.433884 -0.000000 2.059929 -0.000000 0.000000 -1.000000 -0.000000 -0.433884 0.900969 0.000000 -0.410027 0.000000 0.000000 0.000000 1.000000
1.000000 0.000000 -0.000000 2.059929 -0.000000 0.000000 -1.000000 -0.000000 -0.000000 1.000000 0.000000 -0.410027 0.000000 0.000000 0.000000 1.000000
0.309017 0.951057 -0.000000 2.059929 -0.000000 -0.000000 -1.000000 -0.000000 -0.951057 0.309017 0.000000 -0.410027 0.000000 0.000000 0.000000 1.000000
-0.809017 0.587785 0.000000 2.059929 0.000000 0.000000 -1.000000 -0.000000 -0.587785 -0.809017 -0.000000 -0.410027 0.000000 0.000000 0.000000 1.000000
-0.809017 -0.587785 -0.000000 2.059929 0.000000 0.000000 -1.000000 -0.000000 0.587785 -0.809017 -0.000000 -0.410027 0.000000 0.000000 0.000000 1.000000
0.309017 -0.951057 0.000000 2.059929 0.000000 -0.000000 -1.000000 -0.000000 0.951057 0.309017 0.000000 -0.410027 0.000000 0.000000 0.000000 1.000000
1.000000 0.000000 0.000000 2.059929 0.000000 0.000000 -1.000000 -0.000000 0.000000 1.000000 0.000000 -0.410027 0.000000 0.000000 0.000000 1.000000</float_array><technique_common><accessor source="#jnt_l_lower_grinder-Matrix-animation-output-transform-array" count="27" stride="16"><param type="float4x4"/></accessor></technique_common></source><source id="jnt_l_lower_grinder-Interpolations"><Name_array id="jnt_l_lower_grinder-Interpolations-array" count="27">
 LINEAR LINEAR LINEAR LINEAR LINEAR LINEAR LINEAR LINEAR LINEAR LINEAR LINEAR
LINEAR LINEAR LINEAR LINEAR LINEAR LINEAR LINEAR LINEAR LINEAR LINEAR LINEAR LINEAR
LINEAR LINEAR LINEAR LINEAR</Name_array><technique_common><accessor source="#jnt_l_lower_grinder-Interpolations-array" count="27"><param type="name"/></accessor></technique_common></source><sampler id="jnt_l_lower_grinder-Matrix-animation-transform"><input semantic="INPUT" source="#jnt_l_lower_grinder-Matrix-animation-input"/><input semantic="OUTPUT" source="#jnt_l_lower_grinder-Matrix-animation-output-transform"/><input semantic="INTERPOLATION" source="#jnt_l_lower_grinder-Interpolations"/></sampler><channel source="#jnt_l_lower_grinder-Matrix-animation-transform" target="jnt_l_lower_grinder/matrix"/></animation></animation>
    <animation id="jnt_l_upper_arm-anim" name="jnt_l_upper_arm"><animation><source id="jnt_l_upper_arm-Matrix-animation-input"><float_array id="jnt_l_upper_arm-Matrix-animation-input-array" count="27">

0.000000 0.033333 0.066667 0.100000 0.133333 0.166667 0.200000 0.233333 0.266667 0.300000 0.333333 0.366667 0.400000 0.433333 0.466667 0.500000
0.533333 0.566667 0.600000 0.633333 0.666667 0.700000 0.733333 0.766667 0.800000 0.833333 0.866667</float_array><technique_common><accessor source="#jnt_l_upper_arm-Matrix-animation-input-array" count="27"><param name="TIME" type="float"/></accessor></technique_common></source><source id="jnt_l_upper_arm-Matrix-animation-output-transform"><float_array id="jnt_l_upper_arm-Matrix-animation-output-transform-array" count="432">

1.000000 0.000000 0.000000 0.008007 0.000000 0.000000 -1.000000 0.000000 0.000000 1.000000 0.000000 6.774374 0.000000 0.000000 0.000000 1.000000
1.000000 0.000000 0.000000 0.008007 0.000000 0.000000 -1.000000 0.000000 0.000000 1.000000 0.000000 6.774374 0.000000 0.000000 0.000000 1.000000
1.000000 0.000000 0.000000 0.008007 0.000000 0.000000 -1.000000 0.000000 0.000000 1.000000 0.000000 6.774374 0.000000 0.000000 0.000000 1.000000
1.000000 0.000000 0.000000 0.008007 0.000000 0.000000 -1.000000 0.000000 0.000000 1.000000 0.000000 6.774374 0.000000 0.000000 0.000000 1.000000
1.000000 0.000000 0.000000 0.008007 0.000000 0.000000 -1.000000 0.000000 0.000000 1.000000 0.000000 6.774374 0.000000 0.000000 0.000000 1.000000
0.999996 -0.002979 -0.000000 0.008007 -0.000000 0.000000 -1.000000 0.000000 0.002979 0.999996 0.000000 6.774374 0.000000 0.000000 0.000000 1.000000
0.999934 -0.011448 -0.000000 0.008007 -0.000000 0.000000 -1.000000 0.000000 0.011448 0.999934 0.000000 6.774374 0.000000 0.000000 0.000000 1.000000
0.999694 -0.024732 -0.000000 0.008007 -0.000000 0.000000 -1.000000 0.000000 0.024732 0.999694 0.000000 6.774374 0.000000 0.000000 0.000000 1.000000
0.999111 -0.042160 -0.000000 0.008007 -0.000000 0.000000 -1.000000 0.000000 0.042160 0.999111 0.000000 6.774374 0.000000 0.000000 0.000000 1.000000
0.998009 -0.063073 -0.000000 0.008007 -0.000000 0.000000 -1.000000 0.000000 0.063073 0.998009 0.000000 6.774374 0.000000 0.000000 0.000000 1.000000
0.996226 -0.086802 -0.000000 0.008007 -0.000000 0.000000 -1.000000 0.000000 0.086802 0.996226 0.000000 6.774374 0.000000 0.000000 0.000000 1.000000
0.993634 -0.112659 -0.000000 0.008007 -0.000000 0.000000 -1.000000 0.000000 0.112659 0.993634 0.000000 6.774374 0.000000 0.000000 0.000000 1.000000
0.990161 -0.139930 -0.000000 0.008007 0.000000 0.000000 -1.000000 0.000000 0.139930 0.990161 0.000000 6.774374 0.000000 0.000000 0.000000 1.000000
0.985809 -0.167868 0.000000 0.008007 0.000000 0.000000 -1.000000 0.000000 0.167868 0.985809 0.000000 6.774374 0.000000 0.000000 0.000000 1.000000
0.980666 -0.195691 0.000000 0.008007 0.000000 0.000000 -1.000000 0.000000 0.195691 0.980666 0.000000 6.774374 0.000000 0.000000 0.000000 1.000000
0.974914 -0.222582 0.000000 0.008007 0.000000 0.000000 -1.000000 0.000000 0.222582 0.974914 0.000000 6.774374 0.000000 0.000000 0.000000 1.000000
0.968838 -0.247697 0.000000 0.008007 0.000000 0.000000 -1.000000 0.000000 0.247697 0.968838 0.000000 6.774374 0.000000 0.000000 0.000000 1.000000
0.962811 -0.270175 0.000000 0.008007 0.000000 0.000000 -1.000000 0.000000 0.270175 0.962811 0.000000 6.774374 0.000000 0.000000 0.000000 1.000000
0.957284 -0.289148 0.000000 0.008007 0.000000 0.000000 -1.000000 0.000000 0.289148 0.957284 0.000000 6.774374 0.000000 0.000000 0.000000 1.000000
0.952752 -0.303748 0.000000 0.008007 0.000000 0.000000 -1.000000 0.000000 0.303748 0.952752 0.000000 6.774374 0.000000 0.000000 0.000000 1.000000
0.949713 -0.313122 0.000000 0.008007 0.000000 0.000000 -1.000000 0.000000 0.313122 0.949713 0.000000 6.774374 0.000000 0.000000 0.000000 1.000000
0.948616 -0.316430 0.000000 0.008007 0.000000 0.000000 -1.000000 0.000000 0.316430 0.948616 0.000000 6.774374 0.000000 0.000000 0.000000 1.000000
0.999455 0.033007 -0.000000 0.008007 -0.000000 0.000000 -1.000000 0.000000 -0.033007 0.999455 0.000000 6.774374 0.000000 0.000000 0.000000 1.000000
0.938856 0.344311 -0.000000 0.008007 -0.000000 0.000000 -1.000000 0.000000 -0.344311 0.938856 0.000000 6.774374 0.000000 0.000000 0.000000 1.000000
