<?xml version="1.0" encoding="utf-8"?>
<COLLADA xmlns="http://www.collada.org/2005/11/COLLADASchema" version="1.4.1">
  <asset><contributor><author></author><authoring_tool>FBX COLLADA exporter</authoring_tool><comments></comments></contributor><created>2019-12-10T12:59:45Z</created><keywords></keywords><modified>2019-12-10T12:59:45Z</modified><revision></revision><subject></subject><title></title><unit meter="0.010000" name="centimeter"></unit><up_axis>Y_UP</up_axis></asset>
  <library_animations>
    <animation id="root_jnt-anim" name="root_jnt"><animation><source id="root_jnt-Matrix-animation-input"><float_array id="root_jnt-Matrix-animation-input-array" count="21">

0.000000 0.033333 0.066667 0.100000 0.133333 0.166667 0.200000 0.233333 0.266667 0.300000 0.333333 0.366667 0.400000 0.433333 0.466667 0.500000
0.533333 0.566667 0.600000 0.633333 0.666667</float_array><technique_common><accessor source="#root_jnt-Matrix-animation-input-array" count="21"><param name="TIME" type="float"/></accessor></technique_common></source><source id="root_jnt-Matrix-animation-output-transform"><float_array id="root_jnt-Matrix-animation-output-transform-array" count="336">

1.000000 0.000000 0.000000 0.000000 0.000000 1.000000 0.000000 0.000000 0.000000 0.000000 1.000000 0.000000 0.000000 0.000000 0.000000 1.000000
1.000000 0.000000 0.000000 0.000000 0.000000 1.000000 0.000000 0.000000 0.000000 0.000000 1.000000 0.000000 0.000000 0.000000 0.000000 1.000000
1.000000 0.000000 0.000000 0.000000 0.000000 1.000000 0.000000 0.000000 0.000000 0.000000 1.000000 0.000000 0.000000 0.000000 0.000000 1.000000
1.000000 0.000000 0.000000 0.000000 0.000000 1.000000 0.000000 0.000000 0.000000 0.000000 1.000000 0.000000 0.000000 0.000000 0.000000 1.000000
1.000000 0.000000 0.000000 0.000000 0.000000 1.000000 0.000000 0.000000 0.000000 0.000000 1.000000 0.000000 0.000000 0.000000 0.000000 1.000000
1.000000 0.000000 0.000000 0.000000 0.000000 1.000000 0.000000 0.000000 0.000000 0.000000 1.000000 0.000000 0.000000 0.000000 0.000000 1.000000
1.000000 0.000000 0.000000 0.000000 0.000000 1.000000 0.000000 0.000000 0.000000 0.000000 1.000000 0.000000 0.000000 0.000000 0.000000 1.000000
1.000000 0.000000 0.000000 0.000000 0.000000 1.000000 0.000000 0.000000 0.000000 0.000000 1.000000 0.000000 0.000000 0.000000 0.000000 1.000000
1.000000 0.000000 0.000000 0.000000 0.000000 1.000000 0.000000 0.000000 0.000000 0.000000 1.000000 0.000000 0.000000 0.000000 0.000000 1.000000
1.000000 0.000000 0.000000 0.000000 0.000000 1.000000 0.000000 0.000000 0.000000 0.000000 1.000000 0.000000 0.000000 0.000000 0.000000 1.000000
1.000000 0.000000 0.000000 0.000000 0.000000 1.000000 0.000000 0.000000 0.000000 0.000000 1.000000 0.000000 0.000000 0.000000 0.000000 1.000000
1.000000 0.000000 0.000000 0.000000 0.000000 1.000000 0.000000 0.000000 0.000000 0.000000 1.000000 0.000000 0.000000 0.000000 0.000000 1.000000
1.000000 0.000000 0.000000 0.000000 0.000000 1.000000 0.000000 0.000000 0.000000 0.000000 1.000000 0.000000 0.000000 0.000000 0.000000 1.000000
1.000000 0.000000 0.000000 0.000000 0.000000 1.000000 0.000000 0.000000 0.000000 0.000000 1.000000 0.000000 0.000000 0.000000 0.000000 1.000000
1.000000 0.000000 0.000000 0.000000 0.000000 1.000000 0.000000 0.000000 0.000000 0.000000 1.000000 0.000000 0.000000 0.000000 0.000000 1.000000
1.000000 0.000000 0.000000 0.000000 0.000000 1.000000 0.000000 0.000000 0.000000 0.000000 1.000000 0.000000 0.000000 0.000000 0.000000 1.000000
1.000000 0.000000 0.000000 0.000000 0.000000 1.000000 0.000000 0.000000 0.000000 0.000000 1.000000 0.000000 0.000000 0.000000 0.000000 1.000000
1.000000 0.000000 0.000000 0.000000 0.000000 1.000000 0.000000 0.000000 0.000000 0.000000 1.000000 0.000000 0.000000 0.000000 0.000000 1.000000
1.000000 0.000000 0.000000 0.000000 0.000000 1.000000 0.000000 0.000000 0.000000 0.000000 1.000000 0.000000 0.000000 0.000000 0.000000 1.000000
1.000000 0.000000 0.000000 0.000000 0.000000 1.000000 0.000000 0.000000 0.000000 0.000000 1.000000 0.000000 0.000000 0.000000 0.000000 1.000000
1.000000 0.000000 0.000000 0.000000 0.000000 1.000000 0.000000 0.000000 0.000000 0.000000 1.000000 0.000000 0.000000 0.000000 0.000000 1.000000</float_array><technique_common><accessor source="#root_jnt-Matrix-animation-output-transform-array" count="21" stride="16"><param type="float4x4"/></accessor></technique_common></source><source id="root_jnt-Interpolations"><Name_array id="root_jnt-Interpolations-array" count="21">
 LINEAR LINEAR LINEAR LINEAR LINEAR LINEAR LINEAR LINEAR LINEAR LINEAR LINEAR
LINEAR LINEAR LINEAR LINEAR LINEAR LINEAR LINEAR LINEAR LINEAR LINEAR</Name_array><technique_common><accessor source="#root_jnt-Interpolations-array" count="21"><param type="name"/></accessor></technique_common></source><sampler id="root_jnt-Matrix-animation-transform"><input semantic="INPUT" source="#root_jnt-Matrix-animation-input"/><input semantic="OUTPUT" source="#root_jnt-Matrix-animation-output-transform"/><input semantic="INTERPOLATION" source="#root_jnt-Interpolations"/></sampler><channel source="#root_jnt-Matrix-animation-transform" target="root_jnt/matrix"/></animation></animation>
    <animation id="jnt_hips-anim" name="jnt_hips"><animation><source id="jnt_hips-Matrix-animation-input"><float_array id="jnt_hips-Matrix-animation-input-array" count="21">

0.000000 0.033333 0.066667 0.100000 0.133333 0.166667 0.200000 0.233333 0.266667 0.300000 0.333333 0.366667 0.400000 0.433333 0.466667 0.500000
0.533333 0.566667 0.600000 0.633333 0.666667</float_array><technique_common><accessor source="#jnt_hips-Matrix-animation-input-array" count="21"><param name="TIME" type="float"/></accessor></technique_common></source><source id="jnt_hips-Matrix-animation-output-transform"><float_array id="jnt_hips-Matrix-animation-output-transform-array" count="336">

0.961460 -0.010974 -0.274724 0.005653 -0.002571 0.998800 -0.048898 1.940700 0.274931 0.047720 0.960279 -0.246250 0.000000 0.000000 0.000000 1.000000
0.961460 -0.010974 -0.274724 0.005653 -0.002571 0.998800 -0.048898 1.940700 0.274931 0.047720 0.960279 -0.246250 0.000000 0.000000 0.000000 1.000000
0.961460 -0.010974 -0.274724 0.005653 -0.002571 0.998800 -0.048898 1.940700 0.274931 0.047720 0.960279 -0.246250 0.000000 0.000000 0.000000 1.000000
0.961460 -0.010974 -0.274724 0.005653 -0.002571 0.998800 -0.048898 1.940700 0.274931 0.047720 0.960279 -0.246250 0.000000 0.000000 0.000000 1.000000
0.961460 -0.010974 -0.274724 0.005653 -0.002571 0.998800 -0.048898 1.940700 0.274931 0.047720 0.960279 -0.246250 0.000000 0.000000 0.000000 1.000000
0.961460 -0.010974 -0.274724 0.005653 -0.002571 0.998800 -0.048898 1.940700 0.274931 0.047720 0.960279 -0.246250 0.000000 0.000000 0.000000 1.000000
0.961460 -0.010974 -0.274724 0.005653 -0.002571 0.998800 -0.048898 1.940700 0.274932 0.047720 0.960279 -0.246250 0.000000 0.000000 0.000000 1.000000
0.961460 -0.010974 -0.274724 0.005653 -0.002571 0.998800 -0.048898 1.940700 0.274932 0.047720 0.960279 -0.246250 0.000000 0.000000 0.000000 1.000000
0.961460 -0.010974 -0.274724 0.005653 -0.002571 0.998800 -0.048898 1.940700 0.274932 0.047720 0.960279 -0.246250 0.000000 0.000000 0.000000 1.000000
0.961460 -0.010974 -0.274725 0.005653 -0.002571 0.998800 -0.048898 1.940700 0.274932 0.047720 0.960279 -0.246250 0.000000 0.000000 0.000000 1.000000
0.961460 -0.010974 -0.274725 0.005653 -0.002571 0.998800 -0.048898 1.940700 0.274932 0.047720 0.960279 -0.246250 0.000000 0.000000 0.000000 1.000000
0.961460 -0.010974 -0.274725 0.005653 -0.002571 0.998800 -0.048898 1.940700 0.274932 0.047720 0.960279 -0.246250 0.000000 0.000000 0.000000 1.000000
0.961460 -0.010974 -0.274725 0.005653 -0.002571 0.998800 -0.048898 1.940700 0.274932 0.047720 0.960279 -0.246250 0.000000 0.000000 0.000000 1.000000
0.961460 -0.010974 -0.274725 0.005653 -0.002571 0.998800 -0.048898 1.940700 0.274932 0.047720 0.960279 -0.246250 0.000000 0.000000 0.000000 1.000000
0.961460 -0.010974 -0.274725 0.005653 -0.002571 0.998800 -0.048898 1.940700 0.274932 0.047720 0.960279 -0.246250 0.000000 0.000000 0.000000 1.000000
0.961460 -0.010974 -0.274724 0.005653 -0.002571 0.998800 -0.048898 1.940700 0.274931 0.047720 0.960279 -0.246250 0.000000 0.000000 0.000000 1.000000
0.961460 -0.010974 -0.274724 0.005653 -0.002571 0.998800 -0.048898 1.940700 0.274931 0.047720 0.960279 -0.246250 0.000000 0.000000 0.000000 1.000000
0.961461 -0.010974 -0.274723 0.005652 -0.002572 0.998800 -0.048898 1.940700 0.274930 0.047720 0.960279 -0.246250 0.000000 0.000000 0.000000 1.000000
0.961461 -0.010974 -0.274723 0.005652 -0.002572 0.998800 -0.048898 1.940699 0.274930 0.047720 0.960279 -0.246250 0.000000 0.000000 0.000000 1.000000
0.961461 -0.010974 -0.274722 0.005651 -0.002572 0.998800 -0.048898 1.940699 0.274929 0.047720 0.960280 -0.246250 0.000000 0.000000 0.000000 1.000000
0.961461 -0.010974 -0.274722 0.005651 -0.002572 0.998800 -0.048898 1.940699 0.274929 0.047720 0.960280 -0.246250 0.000000 0.000000 0.000000 1.000000</float_array><technique_common><accessor source="#jnt_hips-Matrix-animation-output-transform-array" count="21" stride="16"><param type="float4x4"/></accessor></technique_common></source><source id="jnt_hips-Interpolations"><Name_array id="jnt_hips-Interpolations-array" count="21">
 LINEAR LINEAR LINEAR LINEAR LINEAR LINEAR LINEAR LINEAR LINEAR LINEAR LINEAR
LINEAR LINEAR LINEAR LINEAR LINEAR LINEAR LINEAR LINEAR LINEAR LINEAR</Name_array><technique_common><accessor source="#jnt_hips-Interpolations-array" count="21"><param type="name"/></accessor></technique_common></source><sampler id="jnt_hips-Matrix-animation-transform"><input semantic="INPUT" source="#jnt_hips-Matrix-animation-input"/><input semantic="OUTPUT" source="#jnt_hips-Matrix-animation-output-transform"/><input semantic="INTERPOLATION" source="#jnt_hips-Interpolations"/></sampler><channel source="#jnt_hips-Matrix-animation-transform" target="jnt_hips/matrix"/></animation></animation>
    <animation id="jnt_spine1-anim" name="jnt_spine1"><animation><source id="jnt_spine1-Matrix-animation-input"><float_array id="jnt_spine1-Matrix-animation-input-array" count="21">

0.000000 0.033333 0.066667 0.100000 0.133333 0.166667 0.200000 0.233333 0.266667 0.300000 0.333333 0.366667 0.400000 0.433333 0.466667 0.500000
0.533333 0.566667 0.600000 0.633333 0.666667</float_array><technique_common><accessor source="#jnt_spine1-Matrix-animation-input-array" count="21"><param name="TIME" type="float"/></accessor></technique_common></source><source id="jnt_spine1-Matrix-animation-output-transform"><float_array id="jnt_spine1-Matrix-animation-output-transform-array" count="336">

0.001219 0.049282 0.998784 0.000000 0.999129 -0.041720 0.000839 0.212132 0.041710 0.997913 -0.049290 0.023482 0.000000 0.000000 0.000000 1.000000
0.001210 0.049303 0.998783 0.000000 0.999131 -0.041682 0.000847 0.212132 0.041673 0.997914 -0.049310 0.023482 0.000000 0.000000 0.000000 1.000000
0.001150 0.049324 0.998782 -0.000000 0.999132 -0.041642 0.000906 0.212132 0.041636 0.997914 -0.049329 0.023482 0.000000 0.000000 0.000000 1.000000
0.000275 0.037099 0.999312 0.000000 0.998980 -0.045143 0.001401 0.212132 0.045164 0.998291 -0.037074 0.023482 0.000000 0.000000 0.000000 1.000000
-0.001313 0.014383 0.999896 0.000000 0.998661 -0.051690 0.002054 0.212132 0.051714 0.998560 -0.014296 0.023482 0.000000 0.000000 0.000000 1.000000
-0.002362 0.002148 0.999995 0.000000 0.998470 -0.055235 0.002477 0.212132 0.055240 0.998471 -0.002014 0.023482 0.000000 0.000000 0.000000 1.000000
-0.002691 0.003100 0.999992 -0.000000 0.998529 -0.054145 0.002855 0.212132 0.054153 0.998528 -0.002950 0.023482 0.000000 0.000000 0.000000 1.000000
-0.002955 0.005688 0.999979 -0.000000 0.998684 -0.051186 0.003242 0.212132 0.051204 0.998673 -0.005529 0.023482 0.000000 0.000000 0.000000 1.000000
-0.003161 0.009500 0.999950 0.000000 0.998897 -0.046824 0.003602 0.212132 0.046856 0.998858 -0.009341 0.023482 0.000000 0.000000 0.000000 1.000000
-0.003316 0.014128 0.999895 0.000000 0.999130 -0.041525 0.003900 0.212132 0.041576 0.999038 -0.013978 0.023482 0.000000 0.000000 0.000000 1.000000
-0.003427 0.019165 0.999810 -0.000000 0.999352 -0.035756 0.004111 0.212132 0.035828 0.999177 -0.019030 0.023482 0.000000 0.000000 0.000000 1.000000
-0.003502 0.024201 0.999701 -0.000000 0.999541 -0.029986 0.004227 0.212132 0.030079 0.999257 -0.024085 0.023482 0.000000 0.000000 0.000000 1.000000
-0.003548 0.028828 0.999578 -0.000000 0.999686 -0.024684 0.004260 0.212132 0.024796 0.999280 -0.028732 0.023482 0.000000 0.000000 0.000000 1.000000
-0.003572 0.032638 0.999461 -0.000000 0.999785 -0.020317 0.004236 0.212132 0.020444 0.999261 -0.032559 0.023482 0.000000 0.000000 0.000000 1.000000
-0.003581 0.035224 0.999373 -0.000000 0.999841 -0.017354 0.004194 0.212132 0.017491 0.999229 -0.035156 0.023482 0.000000 0.000000 0.000000 1.000000
-0.003582 0.036176 0.999339 0.000000 0.999859 -0.016263 0.004173 0.212132 0.016403 0.999213 -0.036113 0.023482 0.000000 0.000000 0.000000 1.000000
-0.003083 0.037540 0.999290 0.000000 0.999814 -0.018907 0.003795 0.212132 0.019036 0.999116 -0.037475 0.023482 0.000000 0.000000 0.000000 1.000000
-0.001892 0.040791 0.999166 0.000000 0.999678 -0.025215 0.002922 0.212132 0.025313 0.998849 -0.040730 0.023482 0.000000 0.000000 0.000000 1.000000
-0.000471 0.044670 0.999002 0.000000 0.999462 -0.032750 0.001936 0.212132 0.032804 0.998465 -0.044631 0.023482 0.000000 0.000000 0.000000 1.000000
0.000720 0.047920 0.998851 0.000000 0.999236 -0.039069 0.001154 0.212132 0.039079 0.998087 -0.047911 0.023482 0.000000 0.000000 0.000000 1.000000
0.001219 0.049282 0.998784 -0.000000 0.999129 -0.041719 0.000839 0.212132 0.041710 0.997913 -0.049290 0.023482 0.000000 0.000000 0.000000 1.000000</float_array><technique_common><accessor source="#jnt_spine1-Matrix-animation-output-transform-array" count="21" stride="16"><param type="float4x4"/></accessor></technique_common></source><source id="jnt_spine1-Interpolations"><Name_array id="jnt_spine1-Interpolations-array" count="21">
 LINEAR LINEAR LINEAR LINEAR LINEAR LINEAR LINEAR LINEAR LINEAR LINEAR LINEAR
LINEAR LINEAR LINEAR LINEAR LINEAR LINEAR LINEAR LINEAR LINEAR LINEAR</Name_array><technique_common><accessor source="#jnt_spine1-Interpolations-array" count="21"><param type="name"/></accessor></technique_common></source><sampler id="jnt_spine1-Matrix-animation-transform"><input semantic="INPUT" source="#jnt_spine1-Matrix-animation-input"/><input semantic="OUTPUT" source="#jnt_spine1-Matrix-animation-output-transform"/><input semantic="INTERPOLATION" source="#jnt_spine1-Interpolations"/></sampler><channel source="#jnt_spine1-Matrix-animation-transform" target="jnt_spine1/matrix"/></animation></animation>
    <animation id="jnt_spine2-anim" name="jnt_spine2"><animation><source id="jnt_spine2-Matrix-animation-input"><float_array id="jnt_spine2-Matrix-animation-input-array" count="21">

0.000000 0.033333 0.066667 0.100000 0.133333 0.166667 0.200000 0.233333 0.266667 0.300000 0.333333 0.366667 0.400000 0.433333 0.466667 0.500000
0.533333 0.566667 0.600000 0.633333 0.666667</float_array><technique_common><accessor source="#jnt_spine2-Matrix-animation-input-array" count="21"><param name="TIME" type="float"/></accessor></technique_common></source><source id="jnt_spine2-Matrix-animation-output-transform"><float_array id="jnt_spine2-Matrix-animation-output-transform-array" count="336">

0.999721 0.023636 0.000002 0.426848 -0.023601 0.998226 -0.054656 0.000000 -0.001293 0.054641 0.998505 -0.000000 0.000000 0.000000 0.000000 1.000000
0.999721 0.023625 -0.000049 0.426848 -0.023592 0.998226 -0.054657 -0.000000 -0.001243 0.054643 0.998505 -0.000000 0.000000 0.000000 0.000000 1.000000
0.999722 0.023557 -0.000096 0.426848 -0.023527 0.998228 -0.054658 -0.000000 -0.001192 0.054645 0.998505 0.000000 0.000000 0.000000 0.000000 1.000000
0.999859 0.016644 0.002376 0.426849 -0.016564 0.999406 -0.030215 -0.000000 -0.002877 0.030171 0.999541 -0.000000 0.000000 0.000000 0.000000 1.000000
0.999975 0.003656 0.006063 0.426848 -0.003748 0.999876 0.015295 -0.000000 -0.006006 -0.015318 0.999865 -0.000000 0.000000 0.000000 0.000000 1.000000
0.999965 -0.003446 0.007560 0.426848 0.003142 0.999202 0.039829 -0.000000 -0.007691 -0.039804 0.999178 0.000000 0.000000 0.000000 0.000000 1.000000
0.999970 -0.001255 0.007604 0.426849 0.000965 0.999281 0.037912 -0.000000 -0.007646 -0.037904 0.999252 0.000000 0.000000 0.000000 0.000000 1.000000
0.999959 0.004694 0.007680 0.426848 -0.004943 0.999453 0.032709 0.000000 -0.007523 -0.032745 0.999435 -0.000000 0.000000 0.000000 0.000000 1.000000
0.999880 0.013460 0.007681 0.426848 -0.013649 0.999593 0.025040 0.000000 -0.007341 -0.025142 0.999657 -0.000000 0.000000 0.000000 0.000000 1.000000
0.999681 0.024104 0.007503 0.426848 -0.024219 0.999583 0.015731 0.000000 -0.007120 -0.015908 0.999848 -0.000000 0.000000 0.000000 0.000000 1.000000
0.999338 0.035679 0.007085 0.426849 -0.035719 0.999346 0.005608 -0.000000 -0.006880 -0.005857 0.999959 0.000000 0.000000 0.000000 0.000000 1.000000
0.998863 0.047243 0.006435 0.426848 -0.047215 0.998875 -0.004503 0.000000 -0.006641 0.004194 0.999969 -0.000000 0.000000 0.000000 0.000000 1.000000
0.998309 0.057855 0.005633 0.426848 -0.057773 0.998235 -0.013779 0.000000 -0.006420 0.013430 0.999889 -0.000000 0.000000 0.000000 0.000000 1.000000
0.997769 0.066580 0.004825 0.426848 -0.066463 0.997559 -0.021403 0.000000 -0.006238 0.021035 0.999759 -0.000000 0.000000 0.000000 0.000000 1.000000
0.997360 0.072493 0.004202 0.426849 -0.072357 0.997025 -0.026569 -0.000000 -0.006115 0.026195 0.999638 0.000000 0.000000 0.000000 0.000000 1.000000
0.997200 0.074670 0.003957 0.426848 -0.074527 0.996812 -0.028471 -0.000000 -0.006070 0.028096 0.999587 -0.000000 0.000000 0.000000 0.000000 1.000000
0.997585 0.069378 0.003420 0.426849 -0.069238 0.997113 -0.031170 -0.000000 -0.005573 0.030858 0.999508 0.000000 0.000000 0.000000 0.000000 1.000000
0.998386 0.056742 0.002258 0.426848 -0.056617 0.997687 -0.037632 0.000000 -0.004388 0.037443 0.999289 -0.000000 0.000000 0.000000 0.000000 1.000000
0.999132 0.041633 0.001087 0.426849 -0.041541 0.998105 -0.045385 -0.000000 -0.002975 0.045301 0.998969 -0.000000 0.000000 0.000000 0.000000 1.000000
0.999581 0.028956 0.000287 0.426849 -0.028902 0.998233 -0.051912 0.000000 -0.001790 0.051882 0.998652 -0.000000 0.000000 0.000000 0.000000 1.000000
0.999721 0.023636 0.000001 0.426848 -0.023601 0.998226 -0.054656 -0.000000 -0.001293 0.054641 0.998505 -0.000000 0.000000 0.000000 0.000000 1.000000</float_array><technique_common><accessor source="#jnt_spine2-Matrix-animation-output-transform-array" count="21" stride="16"><param type="float4x4"/></accessor></technique_common></source><source id="jnt_spine2-Interpolations"><Name_array id="jnt_spine2-Interpolations-array" count="21">
 LINEAR LINEAR LINEAR LINEAR LINEAR LINEAR LINEAR LINEAR LINEAR LINEAR LINEAR
LINEAR LINEAR LINEAR LINEAR LINEAR LINEAR LINEAR LINEAR LINEAR LINEAR</Name_array><technique_common><accessor source="#jnt_spine2-Interpolations-array" count="21"><param type="name"/></accessor></technique_common></source><sampler id="jnt_spine2-Matrix-animation-transform"><input semantic="INPUT" source="#jnt_spine2-Matrix-animation-input"/><input semantic="OUTPUT" source="#jnt_spine2-Matrix-animation-output-transform"/><input semantic="INTERPOLATION" source="#jnt_spine2-Interpolations"/></sampler><channel source="#jnt_spine2-Matrix-animation-transform" target="jnt_spine2/matrix"/></animation></animation>
    <animation id="jnt_spine3-anim" name="jnt_spine3"><animation><source id="jnt_spine3-Matrix-animation-input"><float_array id="jnt_spine3-Matrix-animation-input-array" count="21">

0.000000 0.033333 0.066667 0.100000 0.133333 0.166667 0.200000 0.233333 0.266667 0.300000 0.333333 0.366667 0.400000 0.433333 0.466667 0.500000
0.533333 0.566667 0.600000 0.633333 0.666667</float_array><technique_common><accessor source="#jnt_spine3-Matrix-animation-input-array" count="21"><param name="TIME" type="float"/></accessor></technique_common></source><source id="jnt_spine3-Matrix-animation-output-transform"><float_array id="jnt_spine3-Matrix-animation-output-transform-array" count="336">

0.999363 0.035659 0.001476 0.555067 -0.035525 0.997876 -0.054607 -0.000000 -0.003420 0.054520 0.998507 0.000000 0.000000 0.000000 0.000000 1.000000
0.999363 0.035652 0.001479 0.555067 -0.035518 0.997876 -0.054608 -0.000000 -0.003422 0.054521 0.998507 -0.000000 0.000000 0.000000 0.000000 1.000000
0.999365 0.035604 0.001496 0.555067 -0.035469 0.997878 -0.054608 -0.000000 -0.003437 0.054520 0.998507 -0.000000 0.000000 0.000000 0.000000 1.000000
0.999574 0.028943 0.003678 0.555067 -0.028819 0.999131 -0.030097 -0.000000 -0.004546 0.029978 0.999540 0.000000 0.000000 0.000000 0.000000 1.000000
0.999846 0.016152 0.006824 0.555067 -0.016256 0.999747 0.015521 0.000000 -0.006572 -0.015630 0.999856 -0.000000 0.000000 0.000000 0.000000 1.000000
0.999927 0.009023 0.008029 0.555067 -0.009338 0.999152 0.040106 -0.000000 -0.007661 -0.040178 0.999163 0.000000 0.000000 0.000000 0.000000 1.000000
0.999905 0.011224 0.007967 0.555067 -0.011521 0.999205 0.038177 -0.000000 -0.007533 -0.038266 0.999239 -0.000000 0.000000 0.000000 0.000000 1.000000
0.999822 0.017194 0.007756 0.555067 -0.017441 0.999305 0.032943 0.000000 -0.007184 -0.033073 0.999427 0.000000 0.000000 0.000000 0.000000 1.000000
0.999636 0.025978 0.007332 0.555067 -0.026156 0.999339 0.025236 -0.000000 -0.006671 -0.025418 0.999655 -0.000000 0.000000 0.000000 0.000000 1.000000
0.999307 0.036619 0.006636 0.555067 -0.036721 0.999199 0.015889 -0.000000 -0.006049 -0.016122 0.999852 -0.000000 0.000000 0.000000 0.000000 1.000000
0.998823 0.048163 0.005655 0.555067 -0.048195 0.998821 0.005737 -0.000000 -0.005372 -0.006003 0.999968 0.000000 0.000000 0.000000 0.000000 1.000000
0.998209 0.059664 0.004441 0.555067 -0.059645 0.998210 -0.004390 -0.000000 -0.004695 0.004117 0.999981 -0.000000 0.000000 0.000000 0.000000 1.000000
0.997529 0.070191 0.003122 0.555067 -0.070142 0.997443 -0.013669 0.000000 -0.004073 0.013416 0.999902 -0.000000 0.000000 0.000000 0.000000 1.000000
0.996886 0.078828 0.001889 0.555067 -0.078770 0.996665 -0.021289 -0.000000 -0.003560 0.021074 0.999772 -0.000000 0.000000 0.000000 0.000000 1.000000
0.996409 0.084670 0.000977 0.555067 -0.084614 0.996063 -0.026446 -0.000000 -0.003213 0.026269 0.999650 0.000000 0.000000 0.000000 0.000000 1.000000
0.996224 0.086818 0.000626 0.555067 -0.086766 0.995825 -0.028344 -0.000000 -0.003085 0.028183 0.999598 -0.000000 0.000000 0.000000 0.000000 1.000000
0.996672 0.081509 0.000589 0.555067 -0.081451 0.996193 -0.031074 0.000000 -0.003120 0.030923 0.999517 -0.000000 0.000000 0.000000 0.000000 1.000000
0.997628 0.068835 0.000617 0.555067 -0.068764 0.996925 -0.037588 -0.000000 -0.003203 0.037457 0.999293 0.000000 0.000000 0.000000 0.000000 1.000000
0.998557 0.053689 0.000869 0.555067 -0.053595 0.997532 -0.045365 -0.000000 -0.003302 0.045253 0.998970 0.000000 0.000000 0.000000 0.000000 1.000000
0.999159 0.040988 0.001261 0.555067 -0.040867 0.997817 -0.051878 -0.000000 -0.003385 0.051782 0.998653 0.000000 0.000000 0.000000 0.000000 1.000000
0.999363 0.035659 0.001476 0.555067 -0.035525 0.997876 -0.054607 0.000000 -0.003420 0.054520 0.998507 -0.000000 0.000000 0.000000 0.000000 1.000000</float_array><technique_common><accessor source="#jnt_spine3-Matrix-animation-output-transform-array" count="21" stride="16"><param type="float4x4"/></accessor></technique_common></source><source id="jnt_spine3-Interpolations"><Name_array id="jnt_spine3-Interpolations-array" count="21">
 LINEAR LINEAR LINEAR LINEAR LINEAR LINEAR LINEAR LINEAR LINEAR LINEAR LINEAR
LINEAR LINEAR LINEAR LINEAR LINEAR LINEAR LINEAR LINEAR LINEAR LINEAR</Name_array><technique_common><accessor source="#jnt_spine3-Interpolations-array" count="21"><param type="name"/></accessor></technique_common></source><sampler id="jnt_spine3-Matrix-animation-transform"><input semantic="INPUT" source="#jnt_spine3-Matrix-animation-input"/><input semantic="OUTPUT" source="#jnt_spine3-Matrix-animation-output-transform"/><input semantic="INTERPOLATION" source="#jnt_spine3-Interpolations"/></sampler><channel source="#jnt_spine3-Matrix-animation-transform" target="jnt_spine3/matrix"/></animation></animation>
    <animation id="jnt_neck-anim" name="jnt_neck"><animation><source id="jnt_neck-Matrix-animation-input"><float_array id="jnt_neck-Matrix-animation-input-array" count="21">

0.000000 0.033333 0.066667 0.100000 0.133333 0.166667 0.200000 0.233333 0.266667 0.300000 0.333333 0.366667 0.400000 0.433333 0.466667 0.500000
0.533333 0.566667 0.600000 0.633333 0.666667</float_array><technique_common><accessor source="#jnt_neck-Matrix-animation-input-array" count="21"><param name="TIME" type="float"/></accessor></technique_common></source><source id="jnt_neck-Matrix-animation-output-transform"><float_array id="jnt_neck-Matrix-animation-output-transform-array" count="336">

0.939484 -0.342488 -0.008483 0.867461 0.341136 0.937483 -0.068939 0.171572 0.031563 0.061873 0.997585 -0.000000 0.000000 0.000000 0.000000 1.000000
0.939466 -0.342537 -0.008472 0.867451 0.341185 0.937463 -0.068964 0.171571 0.031565 0.061899 0.997583 -0.000000 0.000000 0.000000 0.000000 1.000000
0.939444 -0.342597 -0.008478 0.867450 0.341243 0.937440 -0.068994 0.171570 0.031585 0.061923 0.997581 -0.000000 0.000000 0.000000 0.000000 1.000000
0.940314 -0.340009 -0.014266 0.867448 0.338659 0.939057 -0.059003 0.171570 0.033458 0.050650 0.998156 -0.000000 0.000000 0.000000 0.000000 1.000000
0.941901 -0.334970 -0.024839 0.867456 0.333856 0.941760 -0.040338 0.171571 0.036904 0.029702 0.998877 -0.000000 0.000000 0.000000 0.000000 1.000000
0.942742 -0.332131 -0.030448 0.867458 0.331264 0.943053 -0.030235 0.171572 0.038756 0.018417 0.999079 -0.000000 0.000000 0.000000 0.000000 1.000000
0.942652 -0.332440 -0.029844 0.867452 0.331543 0.942920 -0.031327 0.171571 0.038555 0.019636 0.999064 -0.000000 0.000000 0.000000 0.000000 1.000000
0.942406 -0.333280 -0.028202 0.867454 0.332304 0.942549 -0.034291 0.171571 0.038010 0.022945 0.999014 -0.000000 0.000000 0.000000 0.000000 1.000000
0.942044 -0.334498 -0.025773 0.867453 0.333420 0.941986 -0.038653 0.171572 0.037207 0.027819 0.998920 -0.000000 0.000000 0.000000 0.000000 1.000000
0.941596 -0.335972 -0.022811 0.867463 0.334790 0.941268 -0.043941 0.171573 0.036234 0.033737 0.998774 -0.000000 0.000000 0.000000 0.000000 1.000000
0.941112 -0.337529 -0.019567 0.867450 0.336261 0.940457 -0.049683 0.171570 0.035171 0.040177 0.998573 -0.000000 0.000000 0.000000 0.000000 1.000000
0.940621 -0.339068 -0.016306 0.867450 0.337742 0.939606 -0.055414 0.171570 0.034111 0.046616 0.998330 -0.000000 0.000000 0.000000 0.000000 1.000000
0.940168 -0.340451 -0.013295 0.867450 0.339095 0.938794 -0.060669 0.171571 0.033136 0.052531 0.998069 -0.000000 0.000000 0.000000 0.000000 1.000000
0.939790 -0.341582 -0.010804 0.867459 0.340220 0.938097 -0.064990 0.171572 0.032334 0.057401 0.997827 -0.000000 0.000000 0.000000 0.000000 1.000000
0.939537 -0.342326 -0.009107 0.867450 0.340969 0.937618 -0.067917 0.171571 0.031789 0.060706 0.997649 -0.000000 0.000000 0.000000 0.000000 1.000000
0.939441 -0.342605 -0.008480 0.867450 0.341251 0.937437 -0.068996 0.171571 0.031588 0.061923 0.997581 0.000000 0.000000 0.000000 0.000000 1.000000
0.939446 -0.342592 -0.008480 0.867450 0.341239 0.937442 -0.068989 0.171570 0.031585 0.061918 0.997581 0.000000 0.000000 0.000000 0.000000 1.000000
0.939457 -0.342562 -0.008481 0.867450 0.341209 0.937453 -0.068975 0.171570 0.031579 0.061905 0.997582 -0.000000 0.000000 0.000000 0.000000 1.000000
0.939468 -0.342531 -0.008482 0.867457 0.341178 0.937466 -0.068959 0.171571 0.031573 0.061891 0.997583 -0.000000 0.000000 0.000000 0.000000 1.000000
0.939481 -0.342496 -0.008483 0.867451 0.341143 0.937479 -0.068945 0.171571 0.031566 0.061879 0.997584 -0.000000 0.000000 0.000000 0.000000 1.000000
0.939484 -0.342487 -0.008483 0.867450 0.341135 0.937483 -0.068939 0.171569 0.031563 0.061873 0.997585 0.000000 0.000000 0.000000 0.000000 1.000000</float_array><technique_common><accessor source="#jnt_neck-Matrix-animation-output-transform-array" count="21" stride="16"><param type="float4x4"/></accessor></technique_common></source><source id="jnt_neck-Interpolations"><Name_array id="jnt_neck-Interpolations-array" count="21">
 LINEAR LINEAR LINEAR LINEAR LINEAR LINEAR LINEAR LINEAR LINEAR LINEAR LINEAR
LINEAR LINEAR LINEAR LINEAR LINEAR LINEAR LINEAR LINEAR LINEAR LINEAR</Name_array><technique_common><accessor source="#jnt_neck-Interpolations-array" count="21"><param type="name"/></accessor></technique_common></source><sampler id="jnt_neck-Matrix-animation-transform"><input semantic="INPUT" source="#jnt_neck-Matrix-animation-input"/><input semantic="OUTPUT" source="#jnt_neck-Matrix-animation-output-transform"/><input semantic="INTERPOLATION" source="#jnt_neck-Interpolations"/></sampler><channel source="#jnt_neck-Matrix-animation-transform" target="jnt_neck/matrix"/></animation></animation>
    <animation id="jnt_head-anim" name="jnt_head"><animation><source id="jnt_head-Matrix-animation-input"><float_array id="jnt_head-Matrix-animation-input-array" count="21">

0.000000 0.033333 0.066667 0.100000 0.133333 0.166667 0.200000 0.233333 0.266667 0.300000 0.333333 0.366667 0.400000 0.433333 0.466667 0.500000
0.533333 0.566667 0.600000 0.633333 0.666667</float_array><technique_common><accessor source="#jnt_head-Matrix-animation-input-array" count="21"><param name="TIME" type="float"/></accessor></technique_common></source><source id="jnt_head-Matrix-animation-output-transform"><float_array id="jnt_head-Matrix-animation-output-transform-array" count="336">

0.991332 0.127132 -0.033154 0.273591 -0.128997 0.989704 -0.062006 0.000000 0.024929 0.065745 0.997525 -0.000000 0.000000 0.000000 0.000000 1.000000
0.991331 0.127140 -0.033149 0.273591 -0.129004 0.989704 -0.061994 0.000001 0.024926 0.065733 0.997526 -0.000000 0.000000 0.000000 0.000000 1.000000
0.991325 0.127189 -0.033138 0.273591 -0.129051 0.989704 -0.061910 0.000001 0.024923 0.065649 0.997531 -0.000000 0.000000 0.000000 0.000000 1.000000
0.991186 0.127955 -0.034332 0.273592 -0.129633 0.990190 -0.052155 0.000000 0.027322 0.056145 0.998049 -0.000000 0.000000 0.000000 0.000000 1.000000
0.990922 0.129377 -0.036533 0.273592 -0.130626 0.990843 -0.034174 0.000000 0.031778 0.038636 0.998748 -0.000000 0.000000 0.000000 0.000000 1.000000
0.990773 0.130182 -0.037703 0.273592 -0.131152 0.991059 -0.024501 0.000000 0.034176 0.029220 0.998989 -0.000000 0.000000 0.000000 0.000000 1.000000
0.990790 0.130091 -0.037578 0.273593 -0.131093 0.991041 -0.025549 0.000000 0.033917 0.030240 0.998967 -0.000000 0.000000 0.000000 0.000000 1.000000
0.990835 0.129847 -0.037237 0.273591 -0.130934 0.990984 -0.028395 0.000000 0.033214 0.033010 0.998903 -0.000000 0.000000 0.000000 0.000000 1.000000
0.990900 0.129493 -0.036732 0.273591 -0.130699 0.990886 -0.032588 0.000000 0.032178 0.037092 0.998794 -0.000000 0.000000 0.000000 0.000000 1.000000
0.990977 0.129071 -0.036117 0.273593 -0.130414 0.990743 -0.037678 -0.000000 0.030920 0.042048 0.998637 -0.000000 0.000000 0.000000 0.000000 1.000000
0.991060 0.128622 -0.035443 0.273591 -0.130103 0.990558 -0.043215 0.000000 0.029550 0.047440 0.998437 -0.000000 0.000000 0.000000 0.000000 1.000000
0.991141 0.128185 -0.034765 0.273591 -0.129792 0.990342 -0.048751 -0.000000 0.028180 0.052832 0.998206 0.000000 0.000000 0.000000 0.000000 1.000000
0.991213 0.127793 -0.034139 0.273590 -0.129506 0.990116 -0.053837 0.000001 0.026922 0.057785 0.997966 -0.000000 0.000000 0.000000 0.000000 1.000000
0.991272 0.127477 -0.033621 0.273591 -0.129270 0.989910 -0.058023 0.000001 0.025885 0.061863 0.997749 0.000000 0.000000 0.000000 0.000000 1.000000
0.991311 0.127266 -0.033268 0.273590 -0.129110 0.989761 -0.060864 0.000001 0.025182 0.064630 0.997592 -0.000000 0.000000 0.000000 0.000000 1.000000
0.991325 0.127189 -0.033138 0.273590 -0.129051 0.989704 -0.061910 0.000000 0.024922 0.065649 0.997531 -0.000000 0.000000 0.000000 0.000000 1.000000
0.991325 0.127183 -0.033140 0.273590 -0.129045 0.989704 -0.061920 0.000000 0.024923 0.065659 0.997531 -0.000000 0.000000 0.000000 0.000000 1.000000
0.991327 0.127169 -0.033144 0.273590 -0.129032 0.989704 -0.061944 0.000000 0.024925 0.065683 0.997529 -0.000000 0.000000 0.000000 0.000000 1.000000
0.991329 0.127152 -0.033148 0.273592 -0.129016 0.989704 -0.061972 0.000001 0.024927 0.065712 0.997527 -0.000000 0.000000 0.000000 0.000000 1.000000
0.991331 0.127138 -0.033152 0.273591 -0.129003 0.989704 -0.061996 0.000000 0.024929 0.065735 0.997526 -0.000000 0.000000 0.000000 0.000000 1.000000
0.991331 0.127133 -0.033154 0.273591 -0.128998 0.989704 -0.062006 0.000001 0.024930 0.065745 0.997525 -0.000000 0.000000 0.000000 0.000000 1.000000</float_array><technique_common><accessor source="#jnt_head-Matrix-animation-output-transform-array" count="21" stride="16"><param type="float4x4"/></accessor></technique_common></source><source id="jnt_head-Interpolations"><Name_array id="jnt_head-Interpolations-array" count="21">
 LINEAR LINEAR LINEAR LINEAR LINEAR LINEAR LINEAR LINEAR LINEAR LINEAR LINEAR
LINEAR LINEAR LINEAR LINEAR LINEAR LINEAR LINEAR LINEAR LINEAR LINEAR</Name_array><technique_common><accessor source="#jnt_head-Interpolations-array" count="21"><param type="name"/></accessor></technique_common></source><sampler id="jnt_head-Matrix-animation-transform"><input semantic="INPUT" source="#jnt_head-Matrix-animation-input"/><input semantic="OUTPUT" source="#jnt_head-Matrix-animation-output-transform"/><input semantic="INTERPOLATION" source="#jnt_head-Interpolations"/></sampler><channel source="#jnt_head-Matrix-animation-transform" target="jnt_head/matrix"/></animation></animation>
    <animation id="jnt_left_shoulder-anim" name="jnt_left_shoulder"><animation><source id="jnt_left_shoulder-Matrix-animation-input"><float_array id="jnt_left_shoulder-Matrix-animation-input-array" count="21">

0.000000 0.033333 0.066667 0.100000 0.133333 0.166667 0.200000 0.233333 0.266667 0.300000 0.333333 0.366667 0.400000 0.433333 0.466667 0.500000
0.533333 0.566667 0.600000 0.633333 0.666667</float_array><technique_common><accessor source="#jnt_left_shoulder-Matrix-animation-input-array" count="21"><param name="TIME" type="float"/></accessor></technique_common></source><source id="jnt_left_shoulder-Matrix-animation-output-transform"><float_array id="jnt_left_shoulder-Matrix-animation-output-transform-array" count="336">

-0.006219 0.134217 -0.990932 0.635987 0.229369 -0.964340 -0.132054 0.114392 -0.973320 -0.228111 -0.024788 0.266187 0.000000 0.000000 0.000000 1.000000
-0.006219 0.134216 -0.990933 0.635987 0.229369 -0.964340 -0.132054 0.114392 -0.973320 -0.228111 -0.024788 0.266187 0.000000 0.000000 0.000000 1.000000
-0.006219 0.134216 -0.990933 0.635987 0.229369 -0.964340 -0.132054 0.114392 -0.973320 -0.228111 -0.024788 0.266187 0.000000 0.000000 0.000000 1.000000
-0.006219 0.134216 -0.990933 0.635987 0.229370 -0.964340 -0.132054 0.114392 -0.973319 -0.228111 -0.024788 0.266187 0.000000 0.000000 0.000000 1.000000
-0.006219 0.134216 -0.990933 0.635987 0.229370 -0.964340 -0.132054 0.114392 -0.973320 -0.228111 -0.024788 0.266187 0.000000 0.000000 0.000000 1.000000
-0.006219 0.134216 -0.990933 0.635988 0.229370 -0.964340 -0.132054 0.114392 -0.973319 -0.228111 -0.024788 0.266187 0.000000 0.000000 0.000000 1.000000
-0.006219 0.134216 -0.990933 0.635987 0.229370 -0.964340 -0.132054 0.114392 -0.973319 -0.228111 -0.024788 0.266187 0.000000 0.000000 0.000000 1.000000
-0.006219 0.134216 -0.990933 0.635987 0.229370 -0.964340 -0.132054 0.114392 -0.973319 -0.228111 -0.024788 0.266187 0.000000 0.000000 0.000000 1.000000
-0.006219 0.134216 -0.990933 0.635987 0.229370 -0.964340 -0.132054 0.114392 -0.973320 -0.228111 -0.024788 0.266187 0.000000 0.000000 0.000000 1.000000
-0.006219 0.134216 -0.990933 0.635987 0.229370 -0.964340 -0.132054 0.114391 -0.973319 -0.228111 -0.024788 0.266187 0.000000 0.000000 0.000000 1.000000
-0.006219 0.134216 -0.990933 0.635987 0.229370 -0.964340 -0.132054 0.114392 -0.973320 -0.228111 -0.024788 0.266187 0.000000 0.000000 0.000000 1.000000
-0.006219 0.134216 -0.990933 0.635987 0.229370 -0.964340 -0.132054 0.114392 -0.973319 -0.228111 -0.024788 0.266187 0.000000 0.000000 0.000000 1.000000
-0.006219 0.134216 -0.990933 0.635987 0.229370 -0.964340 -0.132054 0.114392 -0.973320 -0.228111 -0.024788 0.266187 0.000000 0.000000 0.000000 1.000000
-0.006219 0.134216 -0.990933 0.635987 0.229369 -0.964340 -0.132054 0.114392 -0.973320 -0.228111 -0.024788 0.266187 0.000000 0.000000 0.000000 1.000000
-0.006219 0.134216 -0.990933 0.635988 0.229370 -0.964340 -0.132054 0.114392 -0.973320 -0.228111 -0.024788 0.266187 0.000000 0.000000 0.000000 1.000000
-0.006219 0.134216 -0.990933 0.635987 0.229370 -0.964340 -0.132054 0.114391 -0.973319 -0.228111 -0.024788 0.266187 0.000000 0.000000 0.000000 1.000000
-0.006219 0.134216 -0.990933 0.635987 0.229370 -0.964340 -0.132054 0.114391 -0.973320 -0.228111 -0.024788 0.266187 0.000000 0.000000 0.000000 1.000000
-0.006219 0.134216 -0.990933 0.635987 0.229369 -0.964340 -0.132054 0.114392 -0.973320 -0.228111 -0.024788 0.266187 0.000000 0.000000 0.000000 1.000000
-0.006219 0.134216 -0.990933 0.635987 0.229369 -0.964340 -0.132054 0.114392 -0.973320 -0.228111 -0.024788 0.266187 0.000000 0.000000 0.000000 1.000000
-0.006219 0.134217 -0.990932 0.635987 0.229369 -0.964340 -0.132055 0.114392 -0.973320 -0.228111 -0.024788 0.266187 0.000000 0.000000 0.000000 1.000000
-0.006219 0.134217 -0.990932 0.635987 0.229369 -0.964340 -0.132055 0.114392 -0.973320 -0.228111 -0.024788 0.266187 0.000000 0.000000 0.000000 1.000000</float_array><technique_common><accessor source="#jnt_left_shoulder-Matrix-animation-output-transform-array" count="21" stride="16"><param type="float4x4"/></accessor></technique_common></source><source id="jnt_left_shoulder-Interpolations"><Name_array id="jnt_left_shoulder-Interpolations-array" count="21">
 LINEAR LINEAR LINEAR LINEAR LINEAR LINEAR LINEAR LINEAR LINEAR LINEAR LINEAR
LINEAR LINEAR LINEAR LINEAR LINEAR LINEAR LINEAR LINEAR LINEAR LINEAR</Name_array><technique_common><accessor source="#jnt_left_shoulder-Interpolations-array" count="21"><param type="name"/></accessor></technique_common></source><sampler id="jnt_left_shoulder-Matrix-animation-transform"><input semantic="INPUT" source="#jnt_left_shoulder-Matrix-animation-input"/><input semantic="OUTPUT" source="#jnt_left_shoulder-Matrix-animation-output-transform"/><input semantic="INTERPOLATION" source="#jnt_left_shoulder-Interpolations"/></sampler><channel source="#jnt_left_shoulder-Matrix-animation-transform" target="jnt_left_shoulder/matrix"/></animation></animation>
    <animation id="jnt_left_arm-anim" name="jnt_left_arm"><animation><source id="jnt_left_arm-Matrix-animation-input"><float_array id="jnt_left_arm-Matrix-animation-input-array" count="21">

0.000000 0.033333 0.066667 0.100000 0.133333 0.166667 0.200000 0.233333 0.266667 0.300000 0.333333 0.366667 0.400000 0.433333 0.466667 0.500000
0.533333 0.566667 0.600000 0.633333 0.666667</float_array><technique_common><accessor source="#jnt_left_arm-Matrix-animation-input-array" count="21"><param name="TIME" type="float"/></accessor></technique_common></source><source id="jnt_left_arm-Matrix-animation-output-transform"><float_array id="jnt_left_arm-Matrix-animation-output-transform-array" count="336">

0.571101 -0.451451 0.685592 -0.525417 -0.144514 0.766854 0.625341 -0.032447 -0.808059 -0.456210 0.372710 0.009491 0.000000 0.000000 0.000000 1.000000
0.599649 -0.437262 0.670240 -0.525417 -0.123590 0.776876 0.617405 -0.032447 -0.790662 -0.453062 0.411812 0.009492 0.000000 0.000000 0.000000 1.000000
0.626955 -0.424226 0.653421 -0.525417 -0.100645 0.787601 0.607910 -0.032448 -0.772527 -0.446896 0.451095 0.009491 0.000000 0.000000 0.000000 1.000000
0.614299 -0.412232 0.672831 -0.525417 -0.164238 0.767213 0.620008 -0.032447 -0.771792 -0.491375 0.403594 0.009491 0.000000 0.000000 0.000000 1.000000
