<?xml version="1.0" encoding="utf-8"?>
<COLLADA xmlns="http://www.collada.org/2005/11/COLLADASchema" version="1.4.1">
  <asset><contributor><author></author><authoring_tool>FBX COLLADA exporter</authoring_tool><comments></comments></contributor><created>2019-12-10T13:00:05Z</created><keywords></keywords><modified>2019-12-10T13:00:05Z</modified><revision></revision><subject></subject><title></title><unit meter="0.010000" name="centimeter"></unit><up_axis>Y_UP</up_axis></asset>
  <library_animations>
    <animation id="root_jnt-anim" name="root_jnt"><animation><source id="root_jnt-Matrix-animation-input"><float_array id="root_jnt-Matrix-animation-input-array" count="21">

0.000000 0.033333 0.066667 0.100000 0.133333 0.166667 0.200000 0.233333 0.266667 0.300000 0.333333 0.366667 0.400000 0.433333 0.466667 0.500000
0.533333 0.566667 0.600000 0.633333 0.666667</float_array><technique_common><accessor source="#root_jnt-Matrix-animation-input-array" count="21"><param name="TIME" type="float"/></accessor></technique_common></source><source id="root_jnt-Matrix-animation-output-transform"><float_array id="root_jnt-Matrix-animation-output-transform-array" count="336">

1.000000 0.000000 0.000000 0.000000 0.000000 1.000000 0.000000 0.000000 0.000000 0.000000 1.000000 0.000000 0.000000 0.000000 0.000000 1.000000
1.000000 0.000000 0.000000 0.000000 0.000000 1.000000 0.000000 0.000000 0.000000 0.000000 1.000000 0.000000 0.000000 0.000000 0.000000 1.000000
1.000000 0.000000 0.000000 0.000000 0.000000 1.000000 0.000000 0.000000 0.000000 0.000000 1.000000 0.000000 0.000000 0.000000 0.000000 1.000000
1.000000 0.000000 0.000000 0.000000 0.000000 1.000000 0.000000 0.000000 0.000000 0.000000 1.000000 0.000000 0.000000 0.000000 0.000000 1.000000
1.000000 0.000000 0.000000 0.000000 0.000000 1.000000 0.000000 0.000000 0.000000 0.000000 1.000000 0.000000 0.000000 0.000000 0.000000 1.000000
1.000000 0.000000 0.000000 0.000000 0.000000 1.000000 0.000000 0.000000 0.000000 0.000000 1.000000 0.000000 0.000000 0.000000 0.000000 1.000000
1.000000 0.000000 0.000000 0.000000 0.000000 1.000000 0.000000 0.000000 0.000000 0.000000 1.000000 0.000000 0.000000 0.000000 0.000000 1.000000
1.000000 0.000000 0.000000 0.000000 0.000000 1.000000 0.000000 0.000000 0.000000 0.000000 1.000000 0.000000 0.000000 0.000000 0.000000 1.000000
1.000000 0.000000 0.000000 0.000000 0.000000 1.000000 0.000000 0.000000 0.000000 0.000000 1.000000 0.000000 0.000000 0.000000 0.000000 1.000000
1.000000 0.000000 0.000000 0.000000 0.000000 1.000000 0.000000 0.000000 0.000000 0.000000 1.000000 0.000000 0.000000 0.000000 0.000000 1.000000
1.000000 0.000000 0.000000 0.000000 0.000000 1.000000 0.000000 0.000000 0.000000 0.000000 1.000000 0.000000 0.000000 0.000000 0.000000 1.000000
1.000000 0.000000 0.000000 0.000000 0.000000 1.000000 0.000000 0.000000 0.000000 0.000000 1.000000 0.000000 0.000000 0.000000 0.000000 1.000000
1.000000 0.000000 0.000000 0.000000 0.000000 1.000000 0.000000 0.000000 0.000000 0.000000 1.000000 0.000000 0.000000 0.000000 0.000000 1.000000
1.000000 0.000000 0.000000 0.000000 0.000000 1.000000 0.000000 0.000000 0.000000 0.000000 1.000000 0.000000 0.000000 0.000000 0.000000 1.000000
1.000000 0.000000 0.000000 0.000000 0.000000 1.000000 0.000000 0.000000 0.000000 0.000000 1.000000 0.000000 0.000000 0.000000 0.000000 1.000000
1.000000 0.000000 0.000000 0.000000 0.000000 1.000000 0.000000 0.000000 0.000000 0.000000 1.000000 0.000000 0.000000 0.000000 0.000000 1.000000
1.000000 0.000000 0.000000 0.000000 0.000000 1.000000 0.000000 0.000000 0.000000 0.000000 1.000000 0.000000 0.000000 0.000000 0.000000 1.000000
1.000000 0.000000 0.000000 0.000000 0.000000 1.000000 0.000000 0.000000 0.000000 0.000000 1.000000 0.000000 0.000000 0.000000 0.000000 1.000000
1.000000 0.000000 0.000000 0.000000 0.000000 1.000000 0.000000 0.000000 0.000000 0.000000 1.000000 0.000000 0.000000 0.000000 0.000000 1.000000
1.000000 0.000000 0.000000 0.000000 0.000000 1.000000 0.000000 0.000000 0.000000 0.000000 1.000000 0.000000 0.000000 0.000000 0.000000 1.000000
1.000000 0.000000 0.000000 0.000000 0.000000 1.000000 0.000000 0.000000 0.000000 0.000000 1.000000 0.000000 0.000000 0.000000 0.000000 1.000000</float_array><technique_common><accessor source="#root_jnt-Matrix-animation-output-transform-array" count="21" stride="16"><param type="float4x4"/></accessor></technique_common></source><source id="root_jnt-Interpolations"><Name_array id="root_jnt-Interpolations-array" count="21">
 LINEAR LINEAR LINEAR LINEAR LINEAR LINEAR LINEAR LINEAR LINEAR LINEAR LINEAR
LINEAR LINEAR LINEAR LINEAR LINEAR LINEAR LINEAR LINEAR LINEAR LINEAR</Name_array><technique_common><accessor source="#root_jnt-Interpolations-array" count="21"><param type="name"/></accessor></technique_common></source><sampler id="root_jnt-Matrix-animation-transform"><input semantic="INPUT" source="#root_jnt-Matrix-animation-input"/><input semantic="OUTPUT" source="#root_jnt-Matrix-animation-output-transform"/><input semantic="INTERPOLATION" source="#root_jnt-Interpolations"/></sampler><channel source="#root_jnt-Matrix-animation-transform" target="root_jnt/matrix"/></animation></animation>
    <animation id="jnt_hips-anim" name="jnt_hips"><animation><source id="jnt_hips-Matrix-animation-input"><float_array id="jnt_hips-Matrix-animation-input-array" count="21">

0.000000 0.033333 0.066667 0.100000 0.133333 0.166667 0.200000 0.233333 0.266667 0.300000 0.333333 0.366667 0.400000 0.433333 0.466667 0.500000
0.533333 0.566667 0.600000 0.633333 0.666667</float_array><technique_common><accessor source="#jnt_hips-Matrix-animation-input-array" count="21"><param name="TIME" type="float"/></accessor></technique_common></source><source id="jnt_hips-Matrix-animation-output-transform"><float_array id="jnt_hips-Matrix-animation-output-transform-array" count="336">

0.961461 -0.010974 -0.274722 0.005651 -0.002572 0.998800 -0.048898 1.940699 0.274929 0.047720 0.960280 -0.246250 0.000000 0.000000 0.000000 1.000000
0.961461 -0.010974 -0.274722 0.005651 -0.002572 0.998800 -0.048898 1.940699 0.274929 0.047720 0.960280 -0.246250 0.000000 0.000000 0.000000 1.000000
0.961461 -0.010974 -0.274723 0.005652 -0.002572 0.998800 -0.048898 1.940699 0.274930 0.047720 0.960279 -0.246250 0.000000 0.000000 0.000000 1.000000
0.961461 -0.010974 -0.274723 0.005652 -0.002572 0.998800 -0.048898 1.940700 0.274930 0.047720 0.960279 -0.246250 0.000000 0.000000 0.000000 1.000000
0.961460 -0.010974 -0.274724 0.005653 -0.002571 0.998800 -0.048898 1.940700 0.274931 0.047720 0.960279 -0.246250 0.000000 0.000000 0.000000 1.000000
0.961460 -0.010974 -0.274724 0.005653 -0.002571 0.998800 -0.048898 1.940700 0.274931 0.047720 0.960279 -0.246250 0.000000 0.000000 0.000000 1.000000
0.961460 -0.010974 -0.274725 0.005653 -0.002571 0.998800 -0.048898 1.940700 0.274932 0.047720 0.960279 -0.246250 0.000000 0.000000 0.000000 1.000000
0.961460 -0.010974 -0.274725 0.005653 -0.002571 0.998800 -0.048898 1.940700 0.274932 0.047720 0.960279 -0.246250 0.000000 0.000000 0.000000 1.000000
0.961460 -0.010974 -0.274725 0.005653 -0.002571 0.998800 -0.048898 1.940700 0.274932 0.047720 0.960279 -0.246250 0.000000 0.000000 0.000000 1.000000
0.961460 -0.010974 -0.274725 0.005653 -0.002571 0.998800 -0.048898 1.940700 0.274932 0.047720 0.960279 -0.246250 0.000000 0.000000 0.000000 1.000000
0.961460 -0.010974 -0.274725 0.005653 -0.002571 0.998800 -0.048898 1.940700 0.274932 0.047720 0.960279 -0.246250 0.000000 0.000000 0.000000 1.000000
0.961460 -0.010974 -0.274724 0.005653 -0.002571 0.998800 -0.048898 1.940700 0.274932 0.047720 0.960279 -0.246250 0.000000 0.000000 0.000000 1.000000
0.961460 -0.010974 -0.274724 0.005653 -0.002571 0.998800 -0.048898 1.940700 0.274931 0.047720 0.960279 -0.246250 0.000000 0.000000 0.000000 1.000000
0.961460 -0.010974 -0.274724 0.005653 -0.002571 0.998800 -0.048898 1.940700 0.274931 0.047720 0.960279 -0.246250 0.000000 0.000000 0.000000 1.000000
0.961460 -0.010974 -0.274724 0.005653 -0.002571 0.998800 -0.048898 1.940700 0.274931 0.047720 0.960279 -0.246250 0.000000 0.000000 0.000000 1.000000
0.961460 -0.010974 -0.274724 0.005653 -0.002571 0.998800 -0.048898 1.940700 0.274931 0.047720 0.960279 -0.246250 0.000000 0.000000 0.000000 1.000000
0.961460 -0.010974 -0.274724 0.005653 -0.002571 0.998800 -0.048898 1.940700 0.274931 0.047720 0.960279 -0.246250 0.000000 0.000000 0.000000 1.000000
0.961460 -0.010974 -0.274724 0.005653 -0.002571 0.998800 -0.048898 1.940700 0.274931 0.047720 0.960279 -0.246250 0.000000 0.000000 0.000000 1.000000
0.961460 -0.010974 -0.274724 0.005653 -0.002571 0.998800 -0.048898 1.940700 0.274931 0.047720 0.960279 -0.246250 0.000000 0.000000 0.000000 1.000000
0.961460 -0.010974 -0.274724 0.005653 -0.002571 0.998800 -0.048898 1.940700 0.274931 0.047720 0.960279 -0.246250 0.000000 0.000000 0.000000 1.000000
0.961460 -0.010974 -0.274724 0.005653 -0.002571 0.998800 -0.048898 1.940700 0.274931 0.047720 0.960279 -0.246250 0.000000 0.000000 0.000000 1.000000</float_array><technique_common><accessor source="#jnt_hips-Matrix-animation-output-transform-array" count="21" stride="16"><param type="float4x4"/></accessor></technique_common></source><source id="jnt_hips-Interpolations"><Name_array id="jnt_hips-Interpolations-array" count="21">
 LINEAR LINEAR LINEAR LINEAR LINEAR LINEAR LINEAR LINEAR LINEAR LINEAR LINEAR
LINEAR LINEAR LINEAR LINEAR LINEAR LINEAR LINEAR LINEAR LINEAR LINEAR</Name_array><technique_common><accessor source="#jnt_hips-Interpolations-array" count="21"><param type="name"/></accessor></technique_common></source><sampler id="jnt_hips-Matrix-animation-transform"><input semantic="INPUT" source="#jnt_hips-Matrix-animation-input"/><input semantic="OUTPUT" source="#jnt_hips-Matrix-animation-output-transform"/><input semantic="INTERPOLATION" source="#jnt_hips-Interpolations"/></sampler><channel source="#jnt_hips-Matrix-animation-transform" target="jnt_hips/matrix"/></animation></animation>
    <animation id="jnt_spine1-anim" name="jnt_spine1"><animation><source id="jnt_spine1-Matrix-animation-input"><float_array id="jnt_spine1-Matrix-animation-input-array" count="21">

0.000000 0.033333 0.066667 0.100000 0.133333 0.166667 0.200000 0.233333 0.266667 0.300000 0.333333 0.366667 0.400000 0.433333 0.466667 0.500000
0.533333 0.566667 0.600000 0.633333 0.666667</float_array><technique_common><accessor source="#jnt_spine1-Matrix-animation-input-array" count="21"><param name="TIME" type="float"/></accessor></technique_common></source><source id="jnt_spine1-Matrix-animation-output-transform"><float_array id="jnt_spine1-Matrix-animation-output-transform-array" count="336">

0.001149 0.049323 0.998782 -0.000000 0.999132 -0.041642 0.000907 0.212132 0.041636 0.997914 -0.049328 0.023482 0.000000 0.000000 0.000000 1.000000
0.000784 0.044420 0.999013 -0.000000 0.999073 -0.043044 0.001130 0.212132 0.043052 0.998085 -0.044413 0.023482 0.000000 0.000000 0.000000 1.000000
-0.000087 0.032724 0.999464 -0.000000 0.998922 -0.046398 0.001606 0.212132 0.046426 0.998387 -0.032685 0.023482 0.000000 0.000000 0.000000 1.000000
-0.001126 0.018759 0.999823 0.000000 0.998726 -0.050423 0.002071 0.212132 0.050453 0.998552 -0.018679 0.023482 0.000000 0.000000 0.000000 1.000000
-0.001997 0.007057 0.999973 -0.000000 0.998548 -0.053810 0.002374 0.212132 0.053826 0.998526 -0.006939 0.023482 0.000000 0.000000 0.000000 1.000000
-0.002362 0.002148 0.999995 0.000000 0.998470 -0.055235 0.002477 0.212132 0.055240 0.998471 -0.002014 0.023482 0.000000 0.000000 0.000000 1.000000
-0.002215 0.004175 0.999989 0.000000 0.998503 -0.054646 0.002439 0.212132 0.054656 0.998497 -0.004048 0.023482 0.000000 0.000000 0.000000 1.000000
-0.001824 0.009522 0.999953 -0.000000 0.998587 -0.053095 0.002327 0.212132 0.053115 0.998544 -0.009412 0.023482 0.000000 0.000000 0.000000 1.000000
-0.001271 0.017080 0.999853 -0.000000 0.998701 -0.050907 0.002140 0.212132 0.050937 0.998557 -0.016993 0.023482 0.000000 0.000000 0.000000 1.000000
-0.000635 0.025743 0.999668 -0.000000 0.998826 -0.048407 0.001881 0.212132 0.048439 0.998496 -0.025682 0.023482 0.000000 0.000000 0.000000 1.000000
0.000005 0.034404 0.999408 -0.000000 0.998944 -0.045914 0.001576 0.212132 0.045941 0.998353 -0.034368 0.023482 0.000000 0.000000 0.000000 1.000000
0.000568 0.041957 0.999119 -0.000000 0.999042 -0.043747 0.001269 0.212132 0.043762 0.998161 -0.041941 0.023482 0.000000 0.000000 0.000000 1.000000
0.000977 0.047298 0.998880 0.000000 0.999108 -0.042220 0.001022 0.212132 0.042221 0.997988 -0.047297 0.023482 0.000000 0.000000 0.000000 1.000000
0.001150 0.049324 0.998782 -0.000000 0.999132 -0.041642 0.000906 0.212132 0.041636 0.997914 -0.049329 0.023482 0.000000 0.000000 0.000000 1.000000
0.001176 0.049321 0.998782 -0.000000 0.999132 -0.041648 0.000881 0.212132 0.041641 0.997914 -0.049327 0.023482 0.000000 0.000000 0.000000 1.000000
0.001194 0.049315 0.998783 -0.000000 0.999132 -0.041659 0.000863 0.212132 0.041651 0.997914 -0.049322 0.023482 0.000000 0.000000 0.000000 1.000000
0.001206 0.049307 0.998783 -0.000000 0.999131 -0.041674 0.000851 0.212132 0.041665 0.997914 -0.049314 0.023482 0.000000 0.000000 0.000000 1.000000
0.001213 0.049299 0.998783 -0.000000 0.999130 -0.041690 0.000844 0.212132 0.041681 0.997914 -0.049306 0.023482 0.000000 0.000000 0.000000 1.000000
0.001217 0.049290 0.998784 -0.000000 0.999130 -0.041705 0.000841 0.212132 0.041695 0.997913 -0.049298 0.023482 0.000000 0.000000 0.000000 1.000000
0.001219 0.049284 0.998784 -0.000000 0.999129 -0.041715 0.000839 0.212132 0.041706 0.997913 -0.049292 0.023482 0.000000 0.000000 0.000000 1.000000
0.001219 0.049282 0.998784 -0.000000 0.999129 -0.041720 0.000839 0.212132 0.041710 0.997913 -0.049290 0.023482 0.000000 0.000000 0.000000 1.000000</float_array><technique_common><accessor source="#jnt_spine1-Matrix-animation-output-transform-array" count="21" stride="16"><param type="float4x4"/></accessor></technique_common></source><source id="jnt_spine1-Interpolations"><Name_array id="jnt_spine1-Interpolations-array" count="21">
 LINEAR LINEAR LINEAR LINEAR LINEAR LINEAR LINEAR LINEAR LINEAR LINEAR LINEAR
LINEAR LINEAR LINEAR LINEAR LINEAR LINEAR LINEAR LINEAR LINEAR LINEAR</Name_array><technique_common><accessor source="#jnt_spine1-Interpolations-array" count="21"><param type="name"/></accessor></technique_common></source><sampler id="jnt_spine1-Matrix-animation-transform"><input semantic="INPUT" source="#jnt_spine1-Matrix-animation-input"/><input semantic="OUTPUT" source="#jnt_spine1-Matrix-animation-output-transform"/><input semantic="INTERPOLATION" source="#jnt_spine1-Interpolations"/></sampler><channel source="#jnt_spine1-Matrix-animation-transform" target="jnt_spine1/matrix"/></animation></animation>
    <animation id="jnt_spine2-anim" name="jnt_spine2"><animation><source id="jnt_spine2-Matrix-animation-input"><float_array id="jnt_spine2-Matrix-animation-input-array" count="21">

0.000000 0.033333 0.066667 0.100000 0.133333 0.166667 0.200000 0.233333 0.266667 0.300000 0.333333 0.366667 0.400000 0.433333 0.466667 0.500000
0.533333 0.566667 0.600000 0.633333 0.666667</float_array><technique_common><accessor source="#jnt_spine2-Matrix-animation-input-array" count="21"><param name="TIME" type="float"/></accessor></technique_common></source><source id="jnt_spine2-Matrix-animation-output-transform"><float_array id="jnt_spine2-Matrix-animation-output-transform-array" count="336">

0.999722 0.023557 -0.000096 0.426849 -0.023527 0.998228 -0.054658 -0.000000 -0.001192 0.054645 0.998505 -0.000000 0.000000 0.000000 0.000000 1.000000
0.999783 0.020817 0.000935 0.426849 -0.020754 0.998778 -0.044860 0.000000 -0.001868 0.044831 0.998993 0.000000 0.000000 0.000000 0.000000 1.000000
0.999894 0.014212 0.003176 0.426849 -0.014141 0.999670 -0.021458 -0.000000 -0.003480 0.021411 0.999765 0.000000 0.000000 0.000000 0.000000 1.000000
0.999966 0.006211 0.005444 0.426849 -0.006246 0.999959 0.006522 -0.000000 -0.005403 -0.006556 0.999964 0.000000 0.000000 0.000000 0.000000 1.000000
0.999975 -0.000579 0.007001 0.426849 0.000368 0.999550 0.029987 -0.000000 -0.007015 -0.029983 0.999526 -0.000000 0.000000 0.000000 0.000000 1.000000
0.999965 -0.003446 0.007560 0.426848 0.003142 0.999202 0.039829 -0.000000 -0.007691 -0.039804 0.999178 0.000000 0.000000 0.000000 0.000000 1.000000
0.999971 -0.002263 0.007335 0.426849 0.002000 0.999358 0.035762 0.000000 -0.007412 -0.035747 0.999333 0.000000 0.000000 0.000000 0.000000 1.000000
0.999977 0.000846 0.006699 0.426848 -0.001013 0.999686 0.025042 0.000000 -0.006676 -0.025048 0.999664 -0.000000 0.000000 0.000000 0.000000 1.000000
0.999970 0.005218 0.005687 0.426849 -0.005274 0.999937 0.009889 0.000000 -0.005635 -0.009919 0.999935 -0.000000 0.000000 0.000000 0.000000 1.000000
0.999939 0.010195 0.004366 0.426848 -0.010162 0.999920 -0.007473 0.000000 -0.004442 0.007428 0.999963 -0.000000 0.000000 0.000000 0.000000 1.000000
0.999881 0.015129 0.002874 0.426849 -0.015053 0.999579 -0.024819 0.000000 -0.003249 0.024773 0.999688 -0.000000 0.000000 0.000000 0.000000 1.000000
0.999811 0.019398 0.001434 0.426849 -0.019325 0.999015 -0.039933 0.000000 -0.002208 0.039898 0.999201 -0.000000 0.000000 0.000000 0.000000 1.000000
0.999749 0.022403 0.000338 0.426849 -0.022357 0.998468 -0.050611 -0.000000 -0.001472 0.050591 0.998718 -0.000000 0.000000 0.000000 0.000000 1.000000
0.999722 0.023557 -0.000096 0.426848 -0.023527 0.998228 -0.054658 -0.000000 -0.001192 0.054645 0.998505 0.000000 0.000000 0.000000 0.000000 1.000000
0.999722 0.023585 -0.000091 0.426849 -0.023555 0.998227 -0.054658 -0.000000 -0.001198 0.054645 0.998505 0.000000 0.000000 0.000000 0.000000 1.000000
0.999721 0.023605 -0.000078 0.426849 -0.023574 0.998227 -0.054658 0.000000 -0.001212 0.054644 0.998505 -0.000000 0.000000 0.000000 0.000000 1.000000
0.999721 0.023619 -0.000059 0.426849 -0.023587 0.998227 -0.054657 -0.000000 -0.001232 0.054644 0.998505 -0.000000 0.000000 0.000000 0.000000 1.000000
0.999721 0.023628 -0.000038 0.426848 -0.023595 0.998226 -0.054657 -0.000000 -0.001253 0.054643 0.998505 -0.000000 0.000000 0.000000 0.000000 1.000000
0.999721 0.023633 -0.000019 0.426849 -0.023599 0.998226 -0.054657 -0.000000 -0.001273 0.054642 0.998505 0.000000 0.000000 0.000000 0.000000 1.000000
0.999721 0.023636 -0.000004 0.426849 -0.023601 0.998226 -0.054656 0.000000 -0.001288 0.054641 0.998505 -0.000000 0.000000 0.000000 0.000000 1.000000
0.999721 0.023636 0.000001 0.426848 -0.023601 0.998226 -0.054656 0.000000 -0.001293 0.054641 0.998505 0.000000 0.000000 0.000000 0.000000 1.000000</float_array><technique_common><accessor source="#jnt_spine2-Matrix-animation-output-transform-array" count="21" stride="16"><param type="float4x4"/></accessor></technique_common></source><source id="jnt_spine2-Interpolations"><Name_array id="jnt_spine2-Interpolations-array" count="21">
 LINEAR LINEAR LINEAR LINEAR LINEAR LINEAR LINEAR LINEAR LINEAR LINEAR LINEAR
LINEAR LINEAR LINEAR LINEAR LINEAR LINEAR LINEAR LINEAR LINEAR LINEAR</Name_array><technique_common><accessor source="#jnt_spine2-Interpolations-array" count="21"><param type="name"/></accessor></technique_common></source><sampler id="jnt_spine2-Matrix-animation-transform"><input semantic="INPUT" source="#jnt_spine2-Matrix-animation-input"/><input semantic="OUTPUT" source="#jnt_spine2-Matrix-animation-output-transform"/><input semantic="INTERPOLATION" source="#jnt_spine2-Interpolations"/></sampler><channel source="#jnt_spine2-Matrix-animation-transform" target="jnt_spine2/matrix"/></animation></animation>
    <animation id="jnt_spine3-anim" name="jnt_spine3"><animation><source id="jnt_spine3-Matrix-animation-input"><float_array id="jnt_spine3-Matrix-animation-input-array" count="21">

0.000000 0.033333 0.066667 0.100000 0.133333 0.166667 0.200000 0.233333 0.266667 0.300000 0.333333 0.366667 0.400000 0.433333 0.466667 0.500000
0.533333 0.566667 0.600000 0.633333 0.666667</float_array><technique_common><accessor source="#jnt_spine3-Matrix-animation-input-array" count="21"><param name="TIME" type="float"/></accessor></technique_common></source><source id="jnt_spine3-Matrix-animation-output-transform"><float_array id="jnt_spine3-Matrix-animation-output-transform-array" count="336">

0.999365 0.035604 0.001497 0.555067 -0.035469 0.997878 -0.054608 -0.000000 -0.003438 0.054520 0.998507 -0.000000 0.000000 0.000000 0.000000 1.000000
0.999453 0.032971 0.002406 0.555067 -0.032830 0.998457 -0.044783 -0.000000 -0.003879 0.044679 0.998994 -0.000000 0.000000 0.000000 0.000000 1.000000
0.999638 0.026562 0.004363 0.555067 -0.026463 0.999422 -0.021321 -0.000000 -0.004927 0.021197 0.999763 -0.000000 0.000000 0.000000 0.000000 1.000000
0.999806 0.018686 0.006302 0.555067 -0.018728 0.999802 0.006727 -0.000000 -0.006175 -0.006844 0.999958 -0.000000 0.000000 0.000000 0.000000 1.000000
0.999900 0.011910 0.007585 0.555067 -0.012134 0.999469 0.030244 -0.000000 -0.007221 -0.030333 0.999514 -0.000000 0.000000 0.000000 0.000000 1.000000
0.999927 0.009023 0.008029 0.555067 -0.009338 0.999152 0.040106 -0.000000 -0.007661 -0.040178 0.999163 0.000000 0.000000 0.000000 0.000000 1.000000
0.999917 0.010216 0.007854 0.555067 -0.010493 0.999296 0.036032 -0.000000 -0.007480 -0.036111 0.999320 -0.000000 0.000000 0.000000 0.000000 1.000000
0.999884 0.013341 0.007344 0.555067 -0.013523 0.999589 0.025289 0.000000 -0.007003 -0.025386 0.999653 -0.000000 0.000000 0.000000 0.000000 1.000000
0.999822 0.017706 0.006510 0.555067 -0.017772 0.999791 0.010103 -0.000000 -0.006330 -0.010216 0.999928 0.000000 0.000000 0.000000 0.000000 1.000000
0.999729 0.022630 0.005395 0.555067 -0.022591 0.999718 -0.007300 -0.000000 -0.005558 0.007176 0.999959 -0.000000 0.000000 0.000000 0.000000 1.000000
0.999614 0.027465 0.004110 0.555067 -0.027356 0.999321 -0.024689 -0.000000 -0.004785 0.024567 0.999687 -0.000000 0.000000 0.000000 0.000000 1.000000
0.999496 0.031609 0.002852 0.555067 -0.031471 0.998710 -0.039842 0.000000 -0.004108 0.039732 0.999202 -0.000000 0.000000 0.000000 0.000000 1.000000
0.999403 0.034502 0.001885 0.555067 -0.034363 0.998130 -0.050549 0.000000 -0.003625 0.050454 0.998720 -0.000000 0.000000 0.000000 0.000000 1.000000
0.999365 0.035604 0.001496 0.555067 -0.035469 0.997878 -0.054608 -0.000000 -0.003437 0.054520 0.998507 -0.000000 0.000000 0.000000 0.000000 1.000000
0.999364 0.035624 0.001489 0.555067 -0.035490 0.997877 -0.054608 0.000000 -0.003431 0.054521 0.998507 0.000000 0.000000 0.000000 0.000000 1.000000
0.999364 0.035639 0.001484 0.555067 -0.035505 0.997876 -0.054609 0.000000 -0.003427 0.054521 0.998507 -0.000000 0.000000 0.000000 0.000000 1.000000
0.999363 0.035649 0.001480 0.555067 -0.035515 0.997876 -0.054609 -0.000000 -0.003423 0.054521 0.998507 -0.000000 0.000000 0.000000 0.000000 1.000000
0.999363 0.035654 0.001477 0.555067 -0.035521 0.997876 -0.054608 -0.000000 -0.003421 0.054521 0.998507 0.000000 0.000000 0.000000 0.000000 1.000000
0.999363 0.035658 0.001476 0.555067 -0.035524 0.997876 -0.054608 -0.000000 -0.003420 0.054521 0.998507 0.000000 0.000000 0.000000 0.000000 1.000000
0.999363 0.035659 0.001476 0.555067 -0.035525 0.997876 -0.054608 -0.000000 -0.003420 0.054520 0.998507 -0.000000 0.000000 0.000000 0.000000 1.000000
0.999363 0.035659 0.001476 0.555067 -0.035525 0.997876 -0.054607 0.000000 -0.003420 0.054520 0.998507 -0.000000 0.000000 0.000000 0.000000 1.000000</float_array><technique_common><accessor source="#jnt_spine3-Matrix-animation-output-transform-array" count="21" stride="16"><param type="float4x4"/></accessor></technique_common></source><source id="jnt_spine3-Interpolations"><Name_array id="jnt_spine3-Interpolations-array" count="21">
 LINEAR LINEAR LINEAR LINEAR LINEAR LINEAR LINEAR LINEAR LINEAR LINEAR LINEAR
LINEAR LINEAR LINEAR LINEAR LINEAR LINEAR LINEAR LINEAR LINEAR LINEAR</Name_array><technique_common><accessor source="#jnt_spine3-Interpolations-array" count="21"><param type="name"/></accessor></technique_common></source><sampler id="jnt_spine3-Matrix-animation-transform"><input semantic="INPUT" source="#jnt_spine3-Matrix-animation-input"/><input semantic="OUTPUT" source="#jnt_spine3-Matrix-animation-output-transform"/><input semantic="INTERPOLATION" source="#jnt_spine3-Interpolations"/></sampler><channel source="#jnt_spine3-Matrix-animation-transform" target="jnt_spine3/matrix"/></animation></animation>
    <animation id="jnt_neck-anim" name="jnt_neck"><animation><source id="jnt_neck-Matrix-animation-input"><float_array id="jnt_neck-Matrix-animation-input-array" count="21">

0.000000 0.033333 0.066667 0.100000 0.133333 0.166667 0.200000 0.233333 0.266667 0.300000 0.333333 0.366667 0.400000 0.433333 0.466667 0.500000
0.533333 0.566667 0.600000 0.633333 0.666667</float_array><technique_common><accessor source="#jnt_neck-Matrix-animation-input-array" count="21"><param name="TIME" type="float"/></accessor></technique_common></source><source id="jnt_neck-Matrix-animation-output-transform"><float_array id="jnt_neck-Matrix-animation-output-transform-array" count="336">

0.939441 -0.342607 -0.008482 0.867461 0.341253 0.937436 -0.068995 0.171573 0.031589 0.061922 0.997581 0.000000 0.000000 0.000000 0.000000 1.000000
0.939792 -0.341575 -0.010803 0.867451 0.340213 0.938100 -0.064989 0.171571 0.032333 0.057401 0.997827 0.000000 0.000000 0.000000 0.000000 1.000000
0.940620 -0.339070 -0.016308 0.867459 0.337744 0.939606 -0.055414 0.171572 0.034112 0.046615 0.998330 -0.000000 0.000000 0.000000 0.000000 1.000000
0.941598 -0.335967 -0.022810 0.867455 0.334785 0.941269 -0.043940 0.171571 0.036233 0.033737 0.998774 -0.000000 0.000000 0.000000 0.000000 1.000000
0.942407 -0.333277 -0.028201 0.867450 0.332301 0.942550 -0.034290 0.171570 0.038009 0.022944 0.999014 -0.000000 0.000000 0.000000 0.000000 1.000000
0.942742 -0.332131 -0.030448 0.867458 0.331264 0.943053 -0.030235 0.171572 0.038756 0.018417 0.999079 -0.000000 0.000000 0.000000 0.000000 1.000000
0.942605 -0.332603 -0.029520 0.867450 0.331690 0.942849 -0.031911 0.171570 0.038447 0.020288 0.999055 -0.000000 0.000000 0.000000 0.000000 1.000000
0.942236 -0.333853 -0.027073 0.867458 0.332827 0.942288 -0.036328 0.171572 0.037639 0.025218 0.998973 -0.000000 0.000000 0.000000 0.000000 1.000000
0.941717 -0.335577 -0.023592 0.867450 0.334420 0.941463 -0.042559 0.171571 0.036493 0.032188 0.998815 -0.000000 0.000000 0.000000 0.000000 1.000000
0.941111 -0.337532 -0.019574 0.867456 0.336264 0.940456 -0.049685 0.171571 0.035179 0.040178 0.998573 0.000000 0.000000 0.000000 0.000000 1.000000
0.940502 -0.339433 -0.015528 0.867457 0.338096 0.939396 -0.056794 0.171571 0.033865 0.048164 0.998265 -0.000000 0.000000 0.000000 0.000000 1.000000
0.939969 -0.341051 -0.011974 0.867458 0.339689 0.938427 -0.062978 0.171572 0.032716 0.055130 0.997943 -0.000000 0.000000 0.000000 0.000000 1.000000
0.939589 -0.342175 -0.009444 0.867450 0.340816 0.937715 -0.067343 0.171570 0.031899 0.060055 0.997685 -0.000000 0.000000 0.000000 0.000000 1.000000
0.939444 -0.342597 -0.008478 0.867450 0.341243 0.937440 -0.068994 0.171570 0.031585 0.061923 0.997581 -0.000000 0.000000 0.000000 0.000000 1.000000
0.939445 -0.342595 -0.008472 0.867456 0.341241 0.937441 -0.068989 0.171571 0.031578 0.061921 0.997581 -0.000000 0.000000 0.000000 0.000000 1.000000
0.939450 -0.342581 -0.008471 0.867460 0.341228 0.937446 -0.068980 0.171572 0.031572 0.061913 0.997582 0.000000 0.000000 0.000000 0.000000 1.000000
0.939462 -0.342549 -0.008472 0.867450 0.341196 0.937458 -0.068970 0.171571 0.031568 0.061904 0.997583 -0.000000 0.000000 0.000000 0.000000 1.000000
0.939469 -0.342528 -0.008474 0.867449 0.341176 0.937467 -0.068959 0.171570 0.031565 0.061893 0.997584 -0.000000 0.000000 0.000000 0.000000 1.000000
0.939478 -0.342504 -0.008479 0.867450 0.341152 0.937476 -0.068949 0.171571 0.031564 0.061883 0.997584 -0.000000 0.000000 0.000000 0.000000 1.000000
0.939483 -0.342491 -0.008482 0.867453 0.341139 0.937481 -0.068942 0.171571 0.031563 0.061876 0.997585 0.000000 0.000000 0.000000 0.000000 1.000000
0.939487 -0.342481 -0.008484 0.867450 0.341129 0.937485 -0.068939 0.171571 0.031564 0.061873 0.997585 -0.000000 0.000000 0.000000 0.000000 1.000000</float_array><technique_common><accessor source="#jnt_neck-Matrix-animation-output-transform-array" count="21" stride="16"><param type="float4x4"/></accessor></technique_common></source><source id="jnt_neck-Interpolations"><Name_array id="jnt_neck-Interpolations-array" count="21">
 LINEAR LINEAR LINEAR LINEAR LINEAR LINEAR LINEAR LINEAR LINEAR LINEAR LINEAR
LINEAR LINEAR LINEAR LINEAR LINEAR LINEAR LINEAR LINEAR LINEAR LINEAR</Name_array><technique_common><accessor source="#jnt_neck-Interpolations-array" count="21"><param type="name"/></accessor></technique_common></source><sampler id="jnt_neck-Matrix-animation-transform"><input semantic="INPUT" source="#jnt_neck-Matrix-animation-input"/><input semantic="OUTPUT" source="#jnt_neck-Matrix-animation-output-transform"/><input semantic="INTERPOLATION" source="#jnt_neck-Interpolations"/></sampler><channel source="#jnt_neck-Matrix-animation-transform" target="jnt_neck/matrix"/></animation></animation>
    <animation id="jnt_head-anim" name="jnt_head"><animation><source id="jnt_head-Matrix-animation-input"><float_array id="jnt_head-Matrix-animation-input-array" count="21">

0.000000 0.033333 0.066667 0.100000 0.133333 0.166667 0.200000 0.233333 0.266667 0.300000 0.333333 0.366667 0.400000 0.433333 0.466667 0.500000
0.533333 0.566667 0.600000 0.633333 0.666667</float_array><technique_common><accessor source="#jnt_head-Matrix-animation-input-array" count="21"><param name="TIME" type="float"/></accessor></technique_common></source><source id="jnt_head-Matrix-animation-output-transform"><float_array id="jnt_head-Matrix-animation-output-transform-array" count="336">

0.991325 0.127189 -0.033138 0.273591 -0.129051 0.989704 -0.061910 0.000001 0.024923 0.065649 0.997531 -0.000000 0.000000 0.000000 0.000000 1.000000
0.991272 0.127477 -0.033621 0.273593 -0.129270 0.989910 -0.058023 0.000000 0.025885 0.061863 0.997749 -0.000000 0.000000 0.000000 0.000000 1.000000
0.991141 0.128185 -0.034765 0.273592 -0.129792 0.990342 -0.048751 0.000000 0.028180 0.052832 0.998206 -0.000000 0.000000 0.000000 0.000000 1.000000
0.990977 0.129071 -0.036117 0.273593 -0.130414 0.990744 -0.037678 0.000000 0.030919 0.042048 0.998637 -0.000000 0.000000 0.000000 0.000000 1.000000
0.990835 0.129847 -0.037237 0.273591 -0.130934 0.990984 -0.028395 0.000000 0.033214 0.033010 0.998903 -0.000000 0.000000 0.000000 0.000000 1.000000
0.990773 0.130182 -0.037703 0.273592 -0.131152 0.991059 -0.024501 0.000000 0.034176 0.029220 0.998989 -0.000000 0.000000 0.000000 0.000000 1.000000
0.990798 0.130046 -0.037510 0.273591 -0.131064 0.991030 -0.026105 0.000000 0.033779 0.030781 0.998955 -0.000000 0.000000 0.000000 0.000000 1.000000
0.990864 0.129690 -0.037000 0.273593 -0.130833 0.990940 -0.030335 0.000000 0.032731 0.034899 0.998855 -0.000000 0.000000 0.000000 0.000000 1.000000
0.990955 0.129198 -0.036275 0.273590 -0.130504 0.990782 -0.036316 0.000001 0.031249 0.040722 0.998682 -0.000000 0.000000 0.000000 0.000000 1.000000
0.991057 0.128647 -0.035439 0.273593 -0.130126 0.990557 -0.043174 -0.000000 0.029550 0.047399 0.998439 -0.000000 0.000000 0.000000 0.000000 1.000000
0.991156 0.128110 -0.034597 0.273593 -0.129744 0.990284 -0.050034 -0.000000 0.027851 0.054080 0.998148 -0.000000 0.000000 0.000000 0.000000 1.000000
0.991241 0.127651 -0.033859 0.273591 -0.129406 0.990008 -0.056024 0.000001 0.026369 0.059914 0.997855 -0.000000 0.000000 0.000000 0.000000 1.000000
0.991301 0.127326 -0.033335 0.273591 -0.129159 0.989790 -0.060272 0.000000 0.025320 0.064053 0.997625 -0.000000 0.000000 0.000000 0.000000 1.000000
0.991325 0.127189 -0.033138 0.273591 -0.129051 0.989704 -0.061910 0.000001 0.024923 0.065649 0.997531 -0.000000 0.000000 0.000000 0.000000 1.000000
0.991327 0.127168 -0.033142 0.273593 -0.129031 0.989704 -0.061946 -0.000000 0.024923 0.065685 0.997529 0.000000 0.000000 0.000000 0.000000 1.000000
0.991329 0.127153 -0.033145 0.273591 -0.129017 0.989704 -0.061971 0.000000 0.024924 0.065710 0.997527 -0.000000 0.000000 0.000000 0.000000 1.000000
0.991330 0.127143 -0.033148 0.273592 -0.129008 0.989704 -0.061989 0.000001 0.024925 0.065727 0.997526 -0.000000 0.000000 0.000000 0.000000 1.000000
0.991331 0.127137 -0.033151 0.273591 -0.129002 0.989704 -0.061999 0.000000 0.024927 0.065738 0.997526 0.000000 0.000000 0.000000 0.000000 1.000000
0.991331 0.127134 -0.033152 0.273591 -0.128999 0.989704 -0.062004 0.000000 0.024928 0.065743 0.997525 -0.000000 0.000000 0.000000 0.000000 1.000000
0.991331 0.127133 -0.033154 0.273591 -0.128998 0.989704 -0.062006 0.000000 0.024929 0.065745 0.997525 0.000000 0.000000 0.000000 0.000000 1.000000
0.991332 0.127133 -0.033154 0.273590 -0.128998 0.989704 -0.062006 0.000001 0.024929 0.065745 0.997525 -0.000000 0.000000 0.000000 0.000000 1.000000</float_array><technique_common><accessor source="#jnt_head-Matrix-animation-output-transform-array" count="21" stride="16"><param type="float4x4"/></accessor></technique_common></source><source id="jnt_head-Interpolations"><Name_array id="jnt_head-Interpolations-array" count="21">
 LINEAR LINEAR LINEAR LINEAR LINEAR LINEAR LINEAR LINEAR LINEAR LINEAR LINEAR
LINEAR LINEAR LINEAR LINEAR LINEAR LINEAR LINEAR LINEAR LINEAR LINEAR</Name_array><technique_common><accessor source="#jnt_head-Interpolations-array" count="21"><param type="name"/></accessor></technique_common></source><sampler id="jnt_head-Matrix-animation-transform"><input semantic="INPUT" source="#jnt_head-Matrix-animation-input"/><input semantic="OUTPUT" source="#jnt_head-Matrix-animation-output-transform"/><input semantic="INTERPOLATION" source="#jnt_head-Interpolations"/></sampler><channel source="#jnt_head-Matrix-animation-transform" target="jnt_head/matrix"/></animation></animation>
    <animation id="jnt_left_shoulder-anim" name="jnt_left_shoulder"><animation><source id="jnt_left_shoulder-Matrix-animation-input"><float_array id="jnt_left_shoulder-Matrix-animation-input-array" count="21">

0.000000 0.033333 0.066667 0.100000 0.133333 0.166667 0.200000 0.233333 0.266667 0.300000 0.333333 0.366667 0.400000 0.433333 0.466667 0.500000
0.533333 0.566667 0.600000 0.633333 0.666667</float_array><technique_common><accessor source="#jnt_left_shoulder-Matrix-animation-input-array" count="21"><param name="TIME" type="float"/></accessor></technique_common></source><source id="jnt_left_shoulder-Matrix-animation-output-transform"><float_array id="jnt_left_shoulder-Matrix-animation-output-transform-array" count="336">

-0.006219 0.134216 -0.990933 0.635987 0.229369 -0.964340 -0.132054 0.114392 -0.973320 -0.228111 -0.024788 0.266187 0.000000 0.000000 0.000000 1.000000
-0.006219 0.134216 -0.990933 0.635987 0.229369 -0.964340 -0.132054 0.114391 -0.973320 -0.228111 -0.024788 0.266187 0.000000 0.000000 0.000000 1.000000
-0.006219 0.134216 -0.990933 0.635987 0.229369 -0.964340 -0.132054 0.114391 -0.973320 -0.228111 -0.024788 0.266187 0.000000 0.000000 0.000000 1.000000
-0.006219 0.134216 -0.990933 0.635987 0.229370 -0.964340 -0.132054 0.114391 -0.973320 -0.228111 -0.024788 0.266187 0.000000 0.000000 0.000000 1.000000
-0.006219 0.134216 -0.990933 0.635987 0.229370 -0.964340 -0.132054 0.114392 -0.973320 -0.228111 -0.024788 0.266187 0.000000 0.000000 0.000000 1.000000
-0.006219 0.134216 -0.990933 0.635988 0.229370 -0.964340 -0.132054 0.114392 -0.973319 -0.228111 -0.024788 0.266187 0.000000 0.000000 0.000000 1.000000
-0.006219 0.134216 -0.990933 0.635987 0.229370 -0.964340 -0.132054 0.114392 -0.973319 -0.228111 -0.024788 0.266187 0.000000 0.000000 0.000000 1.000000
-0.006219 0.134216 -0.990933 0.635987 0.229370 -0.964340 -0.132054 0.114392 -0.973319 -0.228111 -0.024788 0.266187 0.000000 0.000000 0.000000 1.000000
-0.006219 0.134216 -0.990933 0.635987 0.229370 -0.964340 -0.132054 0.114392 -0.973320 -0.228111 -0.024788 0.266187 0.000000 0.000000 0.000000 1.000000
-0.006219 0.134216 -0.990933 0.635987 0.229370 -0.964340 -0.132054 0.114391 -0.973320 -0.228111 -0.024788 0.266187 0.000000 0.000000 0.000000 1.000000
-0.006219 0.134216 -0.990933 0.635987 0.229370 -0.964340 -0.132054 0.114392 -0.973319 -0.228111 -0.024788 0.266187 0.000000 0.000000 0.000000 1.000000
-0.006219 0.134216 -0.990933 0.635987 0.229370 -0.964340 -0.132054 0.114392 -0.973320 -0.228111 -0.024788 0.266187 0.000000 0.000000 0.000000 1.000000
-0.006219 0.134216 -0.990933 0.635987 0.229370 -0.964340 -0.132054 0.114392 -0.973320 -0.228111 -0.024788 0.266187 0.000000 0.000000 0.000000 1.000000
-0.006219 0.134216 -0.990933 0.635987 0.229369 -0.964340 -0.132054 0.114392 -0.973320 -0.228111 -0.024788 0.266187 0.000000 0.000000 0.000000 1.000000
-0.006219 0.134216 -0.990933 0.635987 0.229370 -0.964340 -0.132054 0.114391 -0.973320 -0.228111 -0.024788 0.266187 0.000000 0.000000 0.000000 1.000000
-0.006219 0.134216 -0.990933 0.635987 0.229369 -0.964340 -0.132054 0.114392 -0.973320 -0.228111 -0.024788 0.266187 0.000000 0.000000 0.000000 1.000000
-0.006219 0.134216 -0.990933 0.635987 0.229369 -0.964340 -0.132054 0.114392 -0.973320 -0.228111 -0.024788 0.266187 0.000000 0.000000 0.000000 1.000000
-0.006219 0.134217 -0.990933 0.635987 0.229369 -0.964340 -0.132054 0.114391 -0.973320 -0.228111 -0.024788 0.266187 0.000000 0.000000 0.000000 1.000000
-0.006219 0.134217 -0.990932 0.635987 0.229369 -0.964340 -0.132055 0.114392 -0.973320 -0.228111 -0.024788 0.266187 0.000000 0.000000 0.000000 1.000000
-0.006219 0.134217 -0.990932 0.635987 0.229369 -0.964340 -0.132055 0.114392 -0.973320 -0.228111 -0.024788 0.266187 0.000000 0.000000 0.000000 1.000000
-0.006219 0.134217 -0.990932 0.635987 0.229369 -0.964340 -0.132055 0.114392 -0.973320 -0.228111 -0.024788 0.266187 0.000000 0.000000 0.000000 1.000000</float_array><technique_common><accessor source="#jnt_left_shoulder-Matrix-animation-output-transform-array" count="21" stride="16"><param type="float4x4"/></accessor></technique_common></source><source id="jnt_left_shoulder-Interpolations"><Name_array id="jnt_left_shoulder-Interpolations-array" count="21">
 LINEAR LINEAR LINEAR LINEAR LINEAR LINEAR LINEAR LINEAR LINEAR LINEAR LINEAR
LINEAR LINEAR LINEAR LINEAR LINEAR LINEAR LINEAR LINEAR LINEAR LINEAR</Name_array><technique_common><accessor source="#jnt_left_shoulder-Interpolations-array" count="21"><param type="name"/></accessor></technique_common></source><sampler id="jnt_left_shoulder-Matrix-animation-transform"><input semantic="INPUT" source="#jnt_left_shoulder-Matrix-animation-input"/><input semantic="OUTPUT" source="#jnt_left_shoulder-Matrix-animation-output-transform"/><input semantic="INTERPOLATION" source="#jnt_left_shoulder-Interpolations"/></sampler><channel source="#jnt_left_shoulder-Matrix-animation-transform" target="jnt_left_shoulder/matrix"/></animation></animation>
    <animation id="jnt_left_arm-anim" name="jnt_left_arm"><animation><source id="jnt_left_arm-Matrix-animation-input"><float_array id="jnt_left_arm-Matrix-animation-input-array" count="21">

0.000000 0.033333 0.066667 0.100000 0.133333 0.166667 0.200000 0.233333 0.266667 0.300000 0.333333 0.366667 0.400000 0.433333 0.466667 0.500000
0.533333 0.566667 0.600000 0.633333 0.666667</float_array><technique_common><accessor source="#jnt_left_arm-Matrix-animation-input-array" count="21"><param name="TIME" type="float"/></accessor></technique_common></source><source id="jnt_left_arm-Matrix-animation-output-transform"><float_array id="jnt_left_arm-Matrix-animation-output-transform-array" count="336">

0.626955 -0.424224 0.653423 -0.525416 -0.100649 0.787602 0.607909 -0.032447 -0.772527 -0.446898 0.451093 0.009492 0.000000 0.000000 0.000000 1.000000
0.622599 -0.418969 0.660935 -0.525417 -0.126315 0.779719 0.613256 -0.032447 -0.772279 -0.465299 0.432530 0.009491 0.000000 0.000000 0.000000 1.000000
0.608325 -0.408871 0.680269 -0.525417 -0.186618 0.759385 0.623305 -0.032447 -0.771436 -0.506122 0.385650 0.009492 0.000000 0.000000 0.000000 1.000000
0.584288 -0.401654 0.705182 -0.525417 -0.256353 0.733099 0.629960 -0.032447 -0.769994 -0.548853 0.325375 0.009491 0.000000 0.000000 0.000000 1.000000
