<?xml version="1.0" encoding="utf-8"?>
<COLLADA xmlns="http://www.collada.org/2005/11/COLLADASchema" version="1.4.1">
  <asset><contributor><author></author><authoring_tool>FBX COLLADA exporter</authoring_tool><comments></comments></contributor><created>2019-12-10T13:00:30Z</created><keywords></keywords><modified>2019-12-10T13:00:30Z</modified><revision></revision><subject></subject><title></title><unit meter="0.010000" name="centimeter"></unit><up_axis>Y_UP</up_axis></asset>
  <library_animations>
    <animation id="root_jnt-anim" name="root_jnt"><animation><source id="root_jnt-Matrix-animation-input"><float_array id="root_jnt-Matrix-animation-input-array" count="15">

0.000000 0.033333 0.066667 0.100000 0.133333 0.166667 0.200000 0.233333 0.266667 0.300000 0.333333 0.366667 0.400000 0.433333 0.466667</float_array><technique_common><accessor source="#root_jnt-Matrix-animation-input-array" count="15"><param name="TIME" type="float"/></accessor></technique_common></source><source id="root_jnt-Matrix-animation-output-transform"><float_array id="root_jnt-Matrix-animation-output-transform-array" count="240">

1.000000 0.000000 0.000000 0.000000 0.000000 1.000000 0.000000 0.000000 0.000000 0.000000 1.000000 0.000000 0.000000 0.000000 0.000000 1.000000
1.000000 0.000000 0.000000 0.000000 0.000000 1.000000 0.000000 0.000000 0.000000 0.000000 1.000000 0.000000 0.000000 0.000000 0.000000 1.000000
1.000000 0.000000 0.000000 0.000000 0.000000 1.000000 0.000000 0.000000 0.000000 0.000000 1.000000 0.000000 0.000000 0.000000 0.000000 1.000000
1.000000 0.000000 0.000000 0.000000 0.000000 1.000000 0.000000 0.000000 0.000000 0.000000 1.000000 0.000000 0.000000 0.000000 0.000000 1.000000
1.000000 0.000000 0.000000 0.000000 0.000000 1.000000 0.000000 0.000000 0.000000 0.000000 1.000000 0.000000 0.000000 0.000000 0.000000 1.000000
1.000000 0.000000 0.000000 0.000000 0.000000 1.000000 0.000000 0.000000 0.000000 0.000000 1.000000 0.000000 0.000000 0.000000 0.000000 1.000000
1.000000 0.000000 0.000000 0.000000 0.000000 1.000000 0.000000 0.000000 0.000000 0.000000 1.000000 0.000000 0.000000 0.000000 0.000000 1.000000
1.000000 0.000000 0.000000 0.000000 0.000000 1.000000 0.000000 0.000000 0.000000 0.000000 1.000000 0.000000 0.000000 0.000000 0.000000 1.000000
1.000000 0.000000 0.000000 0.000000 0.000000 1.000000 0.000000 0.000000 0.000000 0.000000 1.000000 0.000000 0.000000 0.000000 0.000000 1.000000
1.000000 0.000000 0.000000 0.000000 0.000000 1.000000 0.000000 0.000000 0.000000 0.000000 1.000000 0.000000 0.000000 0.000000 0.000000 1.000000
1.000000 0.000000 0.000000 0.000000 0.000000 1.000000 0.000000 0.000000 0.000000 0.000000 1.000000 0.000000 0.000000 0.000000 0.000000 1.000000
1.000000 0.000000 0.000000 0.000000 0.000000 1.000000 0.000000 0.000000 0.000000 0.000000 1.000000 0.000000 0.000000 0.000000 0.000000 1.000000
1.000000 0.000000 0.000000 0.000000 0.000000 1.000000 0.000000 0.000000 0.000000 0.000000 1.000000 0.000000 0.000000 0.000000 0.000000 1.000000
1.000000 0.000000 0.000000 0.000000 0.000000 1.000000 0.000000 0.000000 0.000000 0.000000 1.000000 0.000000 0.000000 0.000000 0.000000 1.000000
1.000000 0.000000 0.000000 0.000000 0.000000 1.000000 0.000000 0.000000 0.000000 0.000000 1.000000 0.000000 0.000000 0.000000 0.000000 1.000000</float_array><technique_common><accessor source="#root_jnt-Matrix-animation-output-transform-array" count="15" stride="16"><param type="float4x4"/></accessor></technique_common></source><source id="root_jnt-Interpolations"><Name_array id="root_jnt-Interpolations-array" count="15">
 LINEAR LINEAR LINEAR LINEAR LINEAR LINEAR LINEAR LINEAR LINEAR LINEAR LINEAR
LINEAR LINEAR LINEAR LINEAR</Name_array><technique_common><accessor source="#root_jnt-Interpolations-array" count="15"><param type="name"/></accessor></technique_common></source><sampler id="root_jnt-Matrix-animation-transform"><input semantic="INPUT" source="#root_jnt-Matrix-animation-input"/><input semantic="OUTPUT" source="#root_jnt-Matrix-animation-output-transform"/><input semantic="INTERPOLATION" source="#root_jnt-Interpolations"/></sampler><channel source="#root_jnt-Matrix-animation-transform" target="root_jnt/matrix"/></animation></animation>
    <animation id="jnt_hips-anim" name="jnt_hips"><animation><source id="jnt_hips-Matrix-animation-input"><float_array id="jnt_hips-Matrix-animation-input-array" count="15">

0.000000 0.033333 0.066667 0.100000 0.133333 0.166667 0.200000 0.233333 0.266667 0.300000 0.333333 0.366667 0.400000 0.433333 0.466667</float_array><technique_common><accessor source="#jnt_hips-Matrix-animation-input-array" count="15"><param name="TIME" type="float"/></accessor></technique_common></source><source id="jnt_hips-Matrix-animation-output-transform"><float_array id="jnt_hips-Matrix-animation-output-transform-array" count="240">

0.962594 0.027123 -0.269588 0.056394 -0.108833 0.949888 -0.293034 1.872555 0.248130 0.311412 0.917308 -0.004831 0.000000 0.000000 0.000000 1.000000
0.923581 0.027633 -0.382407 0.069128 -0.152532 0.941553 -0.300354 1.848771 0.351756 0.335731 0.873815 -0.000257 0.000000 0.000000 0.000000 1.000000
0.893558 0.039483 -0.447208 0.058026 -0.194537 0.931800 -0.306436 1.797541 0.404609 0.360817 0.840299 0.002255 0.000000 0.000000 0.000000 1.000000
0.912170 0.012534 -0.409620 0.057778 -0.164411 0.926760 -0.337764 1.829048 0.375386 0.375444 0.847424 0.006614 0.000000 0.000000 0.000000 1.000000
0.959300 -0.031959 -0.280574 0.029626 -0.076510 0.926998 -0.367180 1.896291 0.271826 0.373703 0.886824 0.003407 0.000000 0.000000 0.000000 1.000000
0.990087 -0.049110 -0.131592 -0.018684 -0.002560 0.930419 -0.366489 1.939299 0.140434 0.363192 0.921070 0.000765 0.000000 0.000000 0.000000 1.000000
0.999464 -0.032599 -0.003029 -0.035954 0.029379 0.933866 -0.356414 1.915781 0.014448 0.356134 0.934323 -0.000591 0.000000 0.000000 0.000000 1.000000
0.992720 -0.011636 0.119883 -0.042886 0.054250 0.931843 -0.358783 1.882536 -0.107538 0.362674 0.925691 0.000506 0.000000 0.000000 0.000000 1.000000
0.975040 -0.001565 0.222023 -0.038639 0.086379 0.923869 -0.372832 1.841803 -0.204537 0.382705 0.900945 0.003797 0.000000 0.000000 0.000000 1.000000
0.971252 0.011097 0.237795 -0.028226 0.083851 0.918946 -0.385365 1.824012 -0.222797 0.394226 0.891598 0.005480 0.000000 0.000000 0.000000 1.000000
0.989460 0.032696 0.141070 -0.011517 0.023008 0.926307 -0.376066 1.855268 -0.142970 0.375348 0.915791 0.002343 0.000000 0.000000 0.000000 1.000000
0.999144 0.041358 0.001313 0.026987 -0.038504 0.940899 -0.336493 1.893470 -0.015152 0.336154 0.941685 -0.003127 0.000000 0.000000 0.000000 1.000000
0.994481 0.024583 -0.101993 0.053148 -0.054247 0.952606 -0.299330 1.880422 0.089801 0.303211 0.948683 -0.007090 0.000000 0.000000 0.000000 1.000000
0.984845 0.004794 -0.173371 0.057789 -0.054467 0.957595 -0.282922 1.841447 0.164663 0.288077 0.943344 -0.008546 0.000000 0.000000 0.000000 1.000000
0.962594 0.027123 -0.269588 0.055736 -0.108833 0.949888 -0.293034 1.872555 0.248130 0.311412 0.917308 -0.004831 0.000000 0.000000 0.000000 1.000000</float_array><technique_common><accessor source="#jnt_hips-Matrix-animation-output-transform-array" count="15" stride="16"><param type="float4x4"/></accessor></technique_common></source><source id="jnt_hips-Interpolations"><Name_array id="jnt_hips-Interpolations-array" count="15">
 LINEAR LINEAR LINEAR LINEAR LINEAR LINEAR LINEAR LINEAR LINEAR LINEAR LINEAR
LINEAR LINEAR LINEAR LINEAR</Name_array><technique_common><accessor source="#jnt_hips-Interpolations-array" count="15"><param type="name"/></accessor></technique_common></source><sampler id="jnt_hips-Matrix-animation-transform"><input semantic="INPUT" source="#jnt_hips-Matrix-animation-input"/><input semantic="OUTPUT" source="#jnt_hips-Matrix-animation-output-transform"/><input semantic="INTERPOLATION" source="#jnt_hips-Interpolations"/></sampler><channel source="#jnt_hips-Matrix-animation-transform" target="jnt_hips/matrix"/></animation></animation>
    <animation id="jnt_spine1-anim" name="jnt_spine1"><animation><source id="jnt_spine1-Matrix-animation-input"><float_array id="jnt_spine1-Matrix-animation-input-array" count="15">

0.000000 0.033333 0.066667 0.100000 0.133333 0.166667 0.200000 0.233333 0.266667 0.300000 0.333333 0.366667 0.400000 0.433333 0.466667</float_array><technique_common><accessor source="#jnt_spine1-Matrix-animation-input-array" count="15"><param name="TIME" type="float"/></accessor></technique_common></source><source id="jnt_spine1-Matrix-animation-output-transform"><float_array id="jnt_spine1-Matrix-animation-output-transform-array" count="240">

-0.104419 -0.030072 0.994079 -0.000000 0.980472 -0.170597 0.097829 0.212132 0.166645 0.984882 0.047299 0.023482 0.000000 0.000000 0.000000 1.000000
-0.119899 0.057585 0.991115 0.000000 0.978144 -0.163970 0.127857 0.212132 0.169876 0.984783 -0.036667 0.023482 0.000000 0.000000 0.000000 1.000000
-0.118978 0.163286 0.979378 -0.000000 0.980597 -0.135452 0.141709 0.212132 0.155798 0.977236 -0.144002 0.023482 0.000000 0.000000 0.000000 1.000000
-0.085214 0.220454 0.971668 0.000000 0.985832 -0.122757 0.114307 0.212132 0.144479 0.967642 -0.206870 0.023482 0.000000 0.000000 0.000000 1.000000
-0.019434 0.221160 0.975044 -0.000000 0.989608 -0.134716 0.050281 0.212132 0.142474 0.965888 -0.216243 0.023482 0.000000 0.000000 0.000000 1.000000
0.040793 0.196601 0.979635 0.000000 0.987188 -0.159300 -0.009138 0.212132 0.154260 0.967456 -0.200580 0.023482 0.000000 0.000000 0.000000 1.000000
0.073110 0.160545 0.984317 0.000000 0.983175 -0.177260 -0.044114 0.212132 0.167397 0.970981 -0.170803 0.023482 0.000000 0.000000 0.000000 1.000000
0.081633 0.092328 0.992377 -0.000000 0.983163 -0.170785 -0.064986 0.212132 0.163483 0.980973 -0.104715 0.023482 0.000000 0.000000 0.000000 1.000000
0.074763 -0.006999 0.997177 0.000000 0.987043 -0.141852 -0.074999 0.212132 0.141977 0.989863 -0.003697 0.023482 0.000000 0.000000 0.000000 1.000000
0.045950 -0.089021 0.994969 -0.000000 0.991881 -0.114164 -0.056022 0.212132 0.118577 0.989465 0.083052 0.023482 0.000000 0.000000 0.000000 1.000000
-0.004936 -0.117700 0.993037 0.000000 0.994019 -0.108916 -0.007968 0.212132 0.109096 0.987058 0.117533 0.023482 0.000000 0.000000 0.000000 1.000000
-0.051367 -0.115104 0.992024 0.000000 0.991443 -0.125247 0.036804 0.212132 0.120012 0.985426 0.120552 0.023482 0.000000 0.000000 0.000000 1.000000
-0.071553 -0.112670 0.991053 0.000000 0.987717 -0.146377 0.054671 0.212132 0.138908 0.982792 0.121760 0.023482 0.000000 0.000000 0.000000 1.000000
-0.077503 -0.101957 0.991765 0.000000 0.985084 -0.161121 0.060417 0.212132 0.153634 0.981654 0.112923 0.023483 0.000000 0.000000 0.000000 1.000000
-0.104430 -0.030063 0.994078 -0.000000 0.980455 -0.170694 0.097837 0.212132 0.166742 0.984865 0.047301 0.023482 0.000000 0.000000 0.000000 1.000000</float_array><technique_common><accessor source="#jnt_spine1-Matrix-animation-output-transform-array" count="15" stride="16"><param type="float4x4"/></accessor></technique_common></source><source id="jnt_spine1-Interpolations"><Name_array id="jnt_spine1-Interpolations-array" count="15">
 LINEAR LINEAR LINEAR LINEAR LINEAR LINEAR LINEAR LINEAR LINEAR LINEAR LINEAR
LINEAR LINEAR LINEAR LINEAR</Name_array><technique_common><accessor source="#jnt_spine1-Interpolations-array" count="15"><param type="name"/></accessor></technique_common></source><sampler id="jnt_spine1-Matrix-animation-transform"><input semantic="INPUT" source="#jnt_spine1-Matrix-animation-input"/><input semantic="OUTPUT" source="#jnt_spine1-Matrix-animation-output-transform"/><input semantic="INTERPOLATION" source="#jnt_spine1-Interpolations"/></sampler><channel source="#jnt_spine1-Matrix-animation-transform" target="jnt_spine1/matrix"/></animation></animation>
    <animation id="jnt_spine2-anim" name="jnt_spine2"><animation><source id="jnt_spine2-Matrix-animation-input"><float_array id="jnt_spine2-Matrix-animation-input-array" count="15">

0.000000 0.033333 0.066667 0.100000 0.133333 0.166667 0.200000 0.233333 0.266667 0.300000 0.333333 0.366667 0.400000 0.433333 0.466667</float_array><technique_common><accessor source="#jnt_spine2-Matrix-animation-input-array" count="15"><param name="TIME" type="float"/></accessor></technique_common></source><source id="jnt_spine2-Matrix-animation-output-transform"><float_array id="jnt_spine2-Matrix-animation-output-transform-array" count="240">

0.997851 -0.063559 0.015915 0.426849 0.063413 0.997942 0.009555 0.000000 -0.016490 -0.008525 0.999828 -0.000000 0.000000 0.000000 0.000000 1.000000
0.998011 -0.060463 0.017845 0.426849 0.060925 0.997789 -0.026560 -0.000000 -0.016200 0.027594 0.999488 0.000000 0.000000 0.000000 0.000000 1.000000
0.997803 -0.063565 0.018667 0.426849 0.064654 0.995784 -0.065077 -0.000000 -0.014452 0.066141 0.997706 -0.000000 0.000000 0.000000 0.000000 1.000000
0.998394 -0.056338 0.005916 0.426849 0.056639 0.994654 -0.086349 0.000000 -0.001019 0.086546 0.996247 0.000000 0.000000 0.000000 0.000000 1.000000
0.998530 -0.052052 -0.015132 0.426849 0.050479 0.994631 -0.090339 0.000000 0.019753 0.089443 0.995796 -0.000000 0.000000 0.000000 0.000000 1.000000
0.997802 -0.057494 -0.032955 0.426849 0.054448 0.994731 -0.086870 0.000000 0.037776 0.084884 0.995674 -0.000000 0.000000 0.000000 0.000000 1.000000
0.996930 -0.065783 -0.042474 0.426849 0.062428 0.995152 -0.075992 -0.000000 0.047267 0.073107 0.996203 -0.000000 0.000000 0.000000 0.000000 1.000000
0.996702 -0.067552 -0.044958 0.426848 0.065346 0.996667 -0.048839 -0.000000 0.048107 0.045741 0.997794 -0.000000 0.000000 0.000000 0.000000 1.000000
0.997321 -0.060495 -0.041132 0.426849 0.060180 0.998148 -0.008862 -0.000000 0.041592 0.006363 0.999114 -0.000000 0.000000 0.000000 0.000000 1.000000
0.998413 -0.047687 -0.029965 0.426849 0.048400 0.998551 0.023520 -0.000000 0.028800 -0.024933 0.999274 -0.000000 0.000000 0.000000 0.000000 1.000000
0.999010 -0.042098 -0.014378 0.426848 0.042572 0.998501 0.034402 0.000000 0.012908 -0.034980 0.999305 -0.000000 0.000000 0.000000 0.000000 1.000000
0.998724 -0.050460 -0.001859 0.426849 0.050494 0.998163 0.033473 -0.000000 0.000167 -0.033524 0.999438 -0.000000 0.000000 0.000000 0.000000 1.000000
0.998091 -0.061523 0.005447 0.426848 0.061310 0.997568 0.033154 -0.000000 -0.007473 -0.032757 0.999435 0.000000 0.000000 0.000000 0.000000 1.000000
0.997603 -0.068221 0.011622 0.426848 0.067850 0.997251 0.029766 -0.000000 -0.013620 -0.028907 0.999489 -0.000000 0.000000 0.000000 0.000000 1.000000
0.997857 -0.063472 0.015910 0.426848 0.063325 0.997947 0.009553 0.000000 -0.016484 -0.008525 0.999828 -0.000000 0.000000 0.000000 0.000000 1.000000</float_array><technique_common><accessor source="#jnt_spine2-Matrix-animation-output-transform-array" count="15" stride="16"><param type="float4x4"/></accessor></technique_common></source><source id="jnt_spine2-Interpolations"><Name_array id="jnt_spine2-Interpolations-array" count="15">
 LINEAR LINEAR LINEAR LINEAR LINEAR LINEAR LINEAR LINEAR LINEAR LINEAR LINEAR
LINEAR LINEAR LINEAR LINEAR</Name_array><technique_common><accessor source="#jnt_spine2-Interpolations-array" count="15"><param type="name"/></accessor></technique_common></source><sampler id="jnt_spine2-Matrix-animation-transform"><input semantic="INPUT" source="#jnt_spine2-Matrix-animation-input"/><input semantic="OUTPUT" source="#jnt_spine2-Matrix-animation-output-transform"/><input semantic="INTERPOLATION" source="#jnt_spine2-Interpolations"/></sampler><channel source="#jnt_spine2-Matrix-animation-transform" target="jnt_spine2/matrix"/></animation></animation>
    <animation id="jnt_spine3-anim" name="jnt_spine3"><animation><source id="jnt_spine3-Matrix-animation-input"><float_array id="jnt_spine3-Matrix-animation-input-array" count="15">

0.000000 0.033333 0.066667 0.100000 0.133333 0.166667 0.200000 0.233333 0.266667 0.300000 0.333333 0.366667 0.400000 0.433333 0.466667</float_array><technique_common><accessor source="#jnt_spine3-Matrix-animation-input-array" count="15"><param name="TIME" type="float"/></accessor></technique_common></source><source id="jnt_spine3-Matrix-animation-output-transform"><float_array id="jnt_spine3-Matrix-animation-output-transform-array" count="240">

0.998497 -0.052918 0.014250 0.555067 0.052765 0.998547 0.010938 0.000000 -0.014809 -0.010170 0.999839 0.000000 0.000000 0.000000 0.000000 1.000000
0.998564 -0.049828 0.019691 0.555067 0.050312 0.998423 -0.024911 -0.000000 -0.018419 0.025866 0.999496 -0.000000 0.000000 0.000000 0.000000 1.000000
0.998297 -0.052708 0.024982 0.555067 0.054199 0.996522 -0.063292 -0.000000 -0.021559 0.064538 0.997682 -0.000000 0.000000 0.000000 0.000000 1.000000
0.998872 -0.045250 0.014416 0.555067 0.046322 0.995248 -0.085643 0.000000 -0.010473 0.086214 0.996222 -0.000000 0.000000 0.000000 0.000000 1.000000
0.999147 -0.040826 -0.006161 0.555067 0.040091 0.994988 -0.091605 0.000000 0.009870 0.091280 0.995776 -0.000000 0.000000 0.000000 0.000000 1.000000
0.998651 -0.046012 -0.024071 0.555067 0.043674 0.994984 -0.090002 -0.000000 0.028091 0.088830 0.995651 0.000000 0.000000 0.000000 0.000000 1.000000
0.997921 -0.054223 -0.034845 0.555067 0.051292 0.995465 -0.080120 -0.000000 0.039031 0.078166 0.996176 -0.000000 0.000000 0.000000 0.000000 1.000000
0.997597 -0.056283 -0.040403 0.555067 0.054108 0.997125 -0.053040 0.000000 0.043272 0.050726 0.997775 -0.000000 0.000000 0.000000 0.000000 1.000000
0.997958 -0.049346 -0.040550 0.555067 0.048875 0.998726 -0.012546 0.000000 0.041118 0.010539 0.999099 0.000000 0.000000 0.000000 0.000000 1.000000
0.998816 -0.036276 -0.032406 0.555067 0.036967 0.999096 0.020983 0.000000 0.031615 -0.022156 0.999255 -0.000000 0.000000 0.000000 0.000000 1.000000
0.999372 -0.030625 -0.017824 0.555067 0.031206 0.998957 0.033328 -0.000000 0.016784 -0.033864 0.999286 -0.000000 0.000000 0.000000 0.000000 1.000000
0.999219 -0.039125 -0.005484 0.555067 0.039288 0.998666 0.033500 0.000000 0.004166 -0.033689 0.999424 -0.000000 0.000000 0.000000 0.000000 1.000000
0.998729 -0.050380 0.001588 0.555067 0.050297 0.998161 0.033821 0.000000 -0.003289 -0.033698 0.999427 -0.000000 0.000000 0.000000 0.000000 1.000000
0.998321 -0.057381 0.007897 0.555067 0.057111 0.997889 0.030929 0.000000 -0.009655 -0.030426 0.999490 -0.000000 0.000000 0.000000 0.000000 1.000000
0.998502 -0.052831 0.014246 0.555067 0.052678 0.998552 0.010936 0.000000 -0.014803 -0.010169 0.999839 -0.000000 0.000000 0.000000 0.000000 1.000000</float_array><technique_common><accessor source="#jnt_spine3-Matrix-animation-output-transform-array" count="15" stride="16"><param type="float4x4"/></accessor></technique_common></source><source id="jnt_spine3-Interpolations"><Name_array id="jnt_spine3-Interpolations-array" count="15">
 LINEAR LINEAR LINEAR LINEAR LINEAR LINEAR LINEAR LINEAR LINEAR LINEAR LINEAR
LINEAR LINEAR LINEAR LINEAR</Name_array><technique_common><accessor source="#jnt_spine3-Interpolations-array" count="15"><param type="name"/></accessor></technique_common></source><sampler id="jnt_spine3-Matrix-animation-transform"><input semantic="INPUT" source="#jnt_spine3-Matrix-animation-input"/><input semantic="OUTPUT" source="#jnt_spine3-Matrix-animation-output-transform"/><input semantic="INTERPOLATION" source="#jnt_spine3-Interpolations"/></sampler><channel source="#jnt_spine3-Matrix-animation-transform" target="jnt_spine3/matrix"/></animation></animation>
    <animation id="jnt_neck-anim" name="jnt_neck"><animation><source id="jnt_neck-Matrix-animation-input"><float_array id="jnt_neck-Matrix-animation-input-array" count="15">

0.000000 0.033333 0.066667 0.100000 0.133333 0.166667 0.200000 0.233333 0.266667 0.300000 0.333333 0.366667 0.400000 0.433333 0.466667</float_array><technique_common><accessor source="#jnt_neck-Matrix-animation-input-array" count="15"><param name="TIME" type="float"/></accessor></technique_common></source><source id="jnt_neck-Matrix-animation-output-transform"><float_array id="jnt_neck-Matrix-animation-output-transform-array" count="240">

0.991606 -0.110233 -0.067570 0.867450 0.106050 0.992385 -0.062657 0.171570 0.073962 0.054965 0.995745 -0.000000 0.000000 0.000000 0.000000 1.000000
0.992277 -0.109023 -0.059169 0.867451 0.106143 0.993102 -0.049813 0.171570 0.064192 0.043148 0.997004 -0.000000 0.000000 0.000000 0.000000 1.000000
0.993567 -0.106889 -0.037405 0.867461 0.106329 0.994192 -0.016652 0.171572 0.038967 0.012568 0.999161 -0.000000 0.000000 0.000000 0.000000 1.000000
0.994306 -0.106299 -0.007534 0.867453 0.106473 0.993901 0.028719 0.171572 0.004435 -0.029358 0.999559 -0.000000 0.000000 0.000000 0.000000 1.000000
0.993759 -0.108729 0.024919 0.867450 0.106495 0.991242 0.078087 0.171570 -0.033191 -0.074946 0.996635 0.000000 0.000000 0.000000 0.000000 1.000000
0.992020 -0.113739 0.054397 0.867453 0.106367 0.986661 0.123234 0.171574 -0.067688 -0.116464 0.990886 0.000000 0.000000 0.000000 0.000000 1.000000
0.989997 -0.119099 0.075634 0.867450 0.106213 0.982015 0.156094 0.171571 -0.092865 -0.146499 0.984842 -0.000000 0.000000 0.000000 0.000000 1.000000
0.989043 -0.121548 0.083783 0.867457 0.106129 0.979922 0.168790 0.171572 -0.102617 -0.158049 0.982085 0.000000 0.000000 0.000000 0.000000 1.000000
0.989997 -0.119100 0.075634 0.867450 0.106214 0.982015 0.156093 0.171570 -0.092865 -0.146499 0.984842 0.000000 0.000000 0.000000 0.000000 1.000000
0.992019 -0.113752 0.054393 0.867450 0.106380 0.986659 0.123234 0.171570 -0.067686 -0.116464 0.990886 -0.000000 0.000000 0.000000 0.000000 1.000000
0.993759 -0.108731 0.024920 0.867450 0.106497 0.991242 0.078087 0.171570 -0.033192 -0.074946 0.996635 -0.000000 0.000000 0.000000 0.000000 1.000000
0.994305 -0.106305 -0.007534 0.867450 0.106479 0.993900 0.028719 0.171570 0.004435 -0.029358 0.999559 -0.000000 0.000000 0.000000 0.000000 1.000000
0.993568 -0.106884 -0.037406 0.867462 0.106325 0.994192 -0.016652 0.171573 0.038968 0.012568 0.999161 -0.000001 0.000000 0.000000 0.000000 1.000000
0.992277 -0.109016 -0.059170 0.867453 0.106136 0.993103 -0.049813 0.171573 0.064192 0.043148 0.997004 -0.000000 0.000000 0.000000 0.000000 1.000000
0.991607 -0.110222 -0.067574 0.867454 0.106039 0.992386 -0.062657 0.171575 0.073966 0.054966 0.995745 -0.000001 0.000000 0.000000 0.000000 1.000000</float_array><technique_common><accessor source="#jnt_neck-Matrix-animation-output-transform-array" count="15" stride="16"><param type="float4x4"/></accessor></technique_common></source><source id="jnt_neck-Interpolations"><Name_array id="jnt_neck-Interpolations-array" count="15">
 LINEAR LINEAR LINEAR LINEAR LINEAR LINEAR LINEAR LINEAR LINEAR LINEAR LINEAR
LINEAR LINEAR LINEAR LINEAR</Name_array><technique_common><accessor source="#jnt_neck-Interpolations-array" count="15"><param type="name"/></accessor></technique_common></source><sampler id="jnt_neck-Matrix-animation-transform"><input semantic="INPUT" source="#jnt_neck-Matrix-animation-input"/><input semantic="OUTPUT" source="#jnt_neck-Matrix-animation-output-transform"/><input semantic="INTERPOLATION" source="#jnt_neck-Interpolations"/></sampler><channel source="#jnt_neck-Matrix-animation-transform" target="jnt_neck/matrix"/></animation></animation>
    <animation id="jnt_head-anim" name="jnt_head"><animation><source id="jnt_head-Matrix-animation-input"><float_array id="jnt_head-Matrix-animation-input-array" count="15">

0.000000 0.033333 0.066667 0.100000 0.133333 0.166667 0.200000 0.233333 0.266667 0.300000 0.333333 0.366667 0.400000 0.433333 0.466667</float_array><technique_common><accessor source="#jnt_head-Matrix-animation-input-array" count="15"><param name="TIME" type="float"/></accessor></technique_common></source><source id="jnt_head-Matrix-animation-output-transform"><float_array id="jnt_head-Matrix-animation-output-transform-array" count="240">

0.928623 0.354976 -0.107941 0.273591 -0.364580 0.927013 -0.087913 0.000001 0.068856 0.120992 0.990263 -0.000000 0.000000 0.000000 0.000000 1.000000
0.929253 0.356174 -0.098131 0.273591 -0.363870 0.928323 -0.076261 0.000000 0.063935 0.106573 0.992247 -0.000000 0.000000 0.000000 0.000000 1.000000
0.930771 0.358289 -0.072766 0.273592 -0.361996 0.931040 -0.046087 0.000000 0.051236 0.069238 0.996284 -0.000000 0.000000 0.000000 0.000000 1.000000
0.932596 0.358912 -0.038046 0.273591 -0.359331 0.933199 -0.004584 0.000000 0.033859 0.017946 0.999265 -0.000000 0.000000 0.000000 0.000000 1.000000
0.934254 0.356607 -0.000362 0.273591 -0.356296 0.933479 0.040877 0.000001 0.014915 -0.038061 0.999164 -0.000000 0.000000 0.000000 0.000000 1.000000
0.935472 0.351771 0.033895 0.273591 -0.353392 0.931809 0.082743 0.000001 -0.002477 -0.089382 0.995994 -0.000000 0.000000 0.000000 0.000000 1.000000
0.936178 0.346601 0.058640 0.273591 -0.351198 0.929409 0.113398 0.000000 -0.015197 -0.126755 0.991818 0.000000 0.000000 0.000000 0.000000 1.000000
0.936409 0.344229 0.068148 0.273592 -0.350332 0.928209 0.125286 0.000000 -0.020128 -0.141193 0.989777 0.000000 0.000000 0.000000 0.000000 1.000000
0.936178 0.346601 0.058640 0.273591 -0.351198 0.929409 0.113398 0.000000 -0.015197 -0.126755 0.991818 -0.000000 0.000000 0.000000 0.000000 1.000000
0.935472 0.351771 0.033895 0.273591 -0.353392 0.931809 0.082742 0.000000 -0.002477 -0.089382 0.995994 -0.000000 0.000000 0.000000 0.000000 1.000000
0.934254 0.356607 -0.000362 0.273591 -0.356295 0.933479 0.040877 0.000000 0.014915 -0.038061 0.999164 0.000000 0.000000 0.000000 0.000000 1.000000
0.932596 0.358912 -0.038046 0.273592 -0.359331 0.933199 -0.004584 0.000001 0.033859 0.017946 0.999265 0.000000 0.000000 0.000000 0.000000 1.000000
0.930771 0.358289 -0.072766 0.273591 -0.361996 0.931040 -0.046087 0.000001 0.051236 0.069238 0.996284 -0.000000 0.000000 0.000000 0.000000 1.000000
0.929253 0.356173 -0.098130 0.273591 -0.363870 0.928323 -0.076261 0.000000 0.063935 0.106573 0.992247 -0.000000 0.000000 0.000000 0.000000 1.000000
0.928623 0.354976 -0.107941 0.273592 -0.364580 0.927013 -0.087913 0.000000 0.068856 0.120992 0.990263 -0.000000 0.000000 0.000000 0.000000 1.000000</float_array><technique_common><accessor source="#jnt_head-Matrix-animation-output-transform-array" count="15" stride="16"><param type="float4x4"/></accessor></technique_common></source><source id="jnt_head-Interpolations"><Name_array id="jnt_head-Interpolations-array" count="15">
 LINEAR LINEAR LINEAR LINEAR LINEAR LINEAR LINEAR LINEAR LINEAR LINEAR LINEAR
LINEAR LINEAR LINEAR LINEAR</Name_array><technique_common><accessor source="#jnt_head-Interpolations-array" count="15"><param type="name"/></accessor></technique_common></source><sampler id="jnt_head-Matrix-animation-transform"><input semantic="INPUT" source="#jnt_head-Matrix-animation-input"/><input semantic="OUTPUT" source="#jnt_head-Matrix-animation-output-transform"/><input semantic="INTERPOLATION" source="#jnt_head-Interpolations"/></sampler><channel source="#jnt_head-Matrix-animation-transform" target="jnt_head/matrix"/></animation></animation>
    <animation id="jnt_left_shoulder-anim" name="jnt_left_shoulder"><animation><source id="jnt_left_shoulder-Matrix-animation-input"><float_array id="jnt_left_shoulder-Matrix-animation-input-array" count="15">

0.000000 0.033333 0.066667 0.100000 0.133333 0.166667 0.200000 0.233333 0.266667 0.300000 0.333333 0.366667 0.400000 0.433333 0.466667</float_array><technique_common><accessor source="#jnt_left_shoulder-Matrix-animation-input-array" count="15"><param name="TIME" type="float"/></accessor></technique_common></source><source id="jnt_left_shoulder-Matrix-animation-output-transform"><float_array id="jnt_left_shoulder-Matrix-animation-output-transform-array" count="240">

0.098078 0.135462 -0.985916 0.635987 0.188136 -0.975352 -0.115295 0.114392 -0.977234 -0.174178 -0.121145 0.266187 0.000000 0.000000 0.000000 1.000000
0.123094 0.210145 -0.969890 0.635987 0.247834 -0.952865 -0.175002 0.114392 -0.960951 -0.218830 -0.169373 0.266187 0.000000 0.000000 0.000000 1.000000
0.061162 0.248417 -0.966720 0.635987 0.246451 -0.942304 -0.226550 0.114392 -0.967223 -0.224393 -0.118856 0.266187 0.000000 0.000000 0.000000 1.000000
0.027604 0.265829 -0.963625 0.635987 0.221466 -0.941662 -0.253426 0.114391 -0.974777 -0.206415 -0.084866 0.266187 0.000000 0.000000 0.000000 1.000000
0.029412 0.272191 -0.961794 0.635987 0.196270 -0.945051 -0.261451 0.114392 -0.980109 -0.181082 -0.081219 0.266187 0.000000 0.000000 0.000000 1.000000
0.087914 0.265368 -0.960131 0.635987 0.184478 -0.951527 -0.246098 0.114391 -0.978897 -0.155487 -0.132607 0.266187 0.000000 0.000000 0.000000 1.000000
0.173568 0.236578 -0.955984 0.635987 0.177712 -0.962306 -0.205877 0.114392 -0.968655 -0.134157 -0.209068 0.266187 0.000000 0.000000 0.000000 1.000000
0.221415 0.172102 -0.959873 0.635987 0.157534 -0.977688 -0.138958 0.114392 -0.962371 -0.120446 -0.243586 0.266187 0.000000 0.000000 0.000000 1.000000
0.194588 0.074466 -0.978054 0.635987 0.123843 -0.991000 -0.050813 0.114391 -0.973036 -0.111237 -0.202059 0.266187 0.000000 0.000000 0.000000 1.000000
0.123200 -0.020392 -0.992172 0.635987 0.097189 -0.994735 0.032513 0.114391 -0.987611 -0.100434 -0.120569 0.266187 0.000000 0.000000 0.000000 1.000000
0.074694 -0.064573 -0.995114 0.635987 0.098260 -0.992568 0.071783 0.114391 -0.992354 -0.103142 -0.067794 0.266187 0.000000 0.000000 0.000000 1.000000
0.078706 -0.034014 -0.996317 0.635987 0.122654 -0.991494 0.043539 0.114392 -0.989324 -0.125629 -0.073864 0.266187 0.000000 0.000000 0.000000 1.000000
0.101907 0.047503 -0.993659 0.635987 0.148971 -0.988325 -0.031970 0.114391 -0.983576 -0.144768 -0.107794 0.266187 0.000000 0.000000 0.000000 1.000000
0.108015 0.126758 -0.986035 0.635987 0.167085 -0.980044 -0.107685 0.114392 -0.980008 -0.153120 -0.127038 0.266187 0.000000 0.000000 0.000000 1.000000
0.097854 0.135467 -0.985938 0.635987 0.188049 -0.975362 -0.115351 0.114392 -0.977273 -0.174117 -0.120917 0.266187 0.000000 0.000000 0.000000 1.000000</float_array><technique_common><accessor source="#jnt_left_shoulder-Matrix-animation-output-transform-array" count="15" stride="16"><param type="float4x4"/></accessor></technique_common></source><source id="jnt_left_shoulder-Interpolations"><Name_array id="jnt_left_shoulder-Interpolations-array" count="15">
 LINEAR LINEAR LINEAR LINEAR LINEAR LINEAR LINEAR LINEAR LINEAR LINEAR LINEAR
LINEAR LINEAR LINEAR LINEAR</Name_array><technique_common><accessor source="#jnt_left_shoulder-Interpolations-array" count="15"><param type="name"/></accessor></technique_common></source><sampler id="jnt_left_shoulder-Matrix-animation-transform"><input semantic="INPUT" source="#jnt_left_shoulder-Matrix-animation-input"/><input semantic="OUTPUT" source="#jnt_left_shoulder-Matrix-animation-output-transform"/><input semantic="INTERPOLATION" source="#jnt_left_shoulder-Interpolations"/></sampler><channel source="#jnt_left_shoulder-Matrix-animation-transform" target="jnt_left_shoulder/matrix"/></animation></animation>
    <animation id="jnt_left_arm-anim" name="jnt_left_arm"><animation><source id="jnt_left_arm-Matrix-animation-input"><float_array id="jnt_left_arm-Matrix-animation-input-array" count="15">

0.000000 0.033333 0.066667 0.100000 0.133333 0.166667 0.200000 0.233333 0.266667 0.300000 0.333333 0.366667 0.400000 0.433333 0.466667</float_array><technique_common><accessor source="#jnt_left_arm-Matrix-animation-input-array" count="15"><param name="TIME" type="float"/></accessor></technique_common></source><source id="jnt_left_arm-Matrix-animation-output-transform"><float_array id="jnt_left_arm-Matrix-animation-output-transform-array" count="240">

0.768148 0.030386 0.639550 -0.525417 -0.242456 0.938291 0.246628 -0.032447 -0.592590 -0.344510 0.728114 0.009491 0.000000 0.000000 0.000000 1.000000
0.734982 0.150198 0.661242 -0.525417 -0.467753 0.818305 0.334041 -0.032447 -0.490925 -0.554813 0.671696 0.009492 0.000000 0.000000 0.000000 1.000000
0.688784 0.235640 0.685602 -0.525417 -0.630724 0.661049 0.406450 -0.032447 -0.357441 -0.712382 0.603944 0.009491 0.000000 0.000000 0.000000 1.000000
0.677344 0.324081 0.660437 -0.525417 -0.702621 0.551027 0.450214 -0.032447 -0.218013 -0.768986 0.600941 0.009491 0.000000 0.000000 0.000000 1.000000
0.692508 0.385454 0.609801 -0.525417 -0.700264 0.562327 0.439795 -0.032448 -0.173387 -0.731583 0.659336 0.009492 0.000000 0.000000 0.000000 1.000000
0.729434 0.375669 0.571664 -0.525417 -0.636490 0.678912 0.366004 -0.032447 -0.250613 -0.630834 0.734331 0.009492 0.000000 0.000000 0.000000 1.000000
0.780689 0.249050 0.573148 -0.525417 -0.472222 0.835817 0.280029 -0.032447 -0.409306 -0.489268 0.770120 0.009491 0.000000 0.000000 0.000000 1.000000
0.800670 0.026784 0.598507 -0.525417 -0.232967 0.934296 0.269847 -0.032447 -0.551955 -0.355491 0.754302 0.009491 0.000000 0.000000 0.000000 1.000000
0.758013 -0.165993 0.630764 -0.525417 -0.049246 0.949747 0.309119 -0.032447 -0.650378 -0.265379 0.711746 0.009491 0.000000 0.000000 0.000000 1.000000
0.706116 -0.216092 0.674318 -0.525417 0.006771 0.954314 0.298728 -0.032447 -0.708064 -0.206371 0.675320 0.009491 0.000000 0.000000 0.000000 1.000000
0.718139 -0.136874 0.682306 -0.525417 -0.037406 0.971456 0.234250 -0.032447 -0.694894 -0.193747 0.692521 0.009491 0.000000 0.000000 0.000000 1.000000
0.783704 -0.020267 0.620804 -0.525417 -0.117575 0.976558 0.180309 -0.032447 -0.609905 -0.214300 0.762949 0.009491 0.000000 0.000000 0.000000 1.000000
0.825430 0.068558 0.560327 -0.525416 -0.192032 0.967502 0.164509 -0.032448 -0.530839 -0.243391 0.811770 0.009492 0.000000 0.000000 0.000000 1.000000
0.817430 0.096532 0.567882 -0.525416 -0.239241 0.953701 0.182257 -0.032448 -0.523996 -0.284843 0.802678 0.009492 0.000000 0.000000 0.000000 1.000000
0.768028 0.030378 0.639695 -0.525417 -0.242559 0.938255 0.246664 -0.032447 -0.592704 -0.344608 0.727975 0.009491 0.000000 0.000000 0.000000 1.000000</float_array><technique_common><accessor source="#jnt_left_arm-Matrix-animation-output-transform-array" count="15" stride="16"><param type="float4x4"/></accessor></technique_common></source><source id="jnt_left_arm-Interpolations"><Name_array id="jnt_left_arm-Interpolations-array" count="15">
 LINEAR LINEAR LINEAR LINEAR LINEAR LINEAR LINEAR LINEAR LINEAR LINEAR LINEAR
LINEAR LINEAR LINEAR LINEAR</Name_array><technique_common><accessor source="#jnt_left_arm-Interpolations-array" count="15"><param type="name"/></accessor></technique_common></source><sampler id="jnt_left_arm-Matrix-animation-transform"><input semantic="INPUT" source="#jnt_left_arm-Matrix-animation-input"/><input semantic="OUTPUT" source="#jnt_left_arm-Matrix-animation-output-transform"/><input semantic="INTERPOLATION" source="#jnt_left_arm-Interpolations"/></sampler><channel source="#jnt_left_arm-Matrix-animation-transform" target="jnt_left_arm/matrix"/></animation></animation>
    <animation id="jnt_left_armroll-anim" name="jnt_left_armroll"><animation><source id="jnt_left_armroll-Matrix-animation-input"><float_array id="jnt_left_armroll-Matrix-animation-input-array" count="15">

0.000000 0.033333 0.066667 0.100000 0.133333 0.166667 0.200000 0.233333 0.266667 0.300000 0.333333 0.366667 0.400000 0.433333 0.466667</float_array><technique_common><accessor source="#jnt_left_armroll-Matrix-animation-input-array" count="15"><param name="TIME" type="float"/></accessor></technique_common></source><source id="jnt_left_armroll-Matrix-animation-output-transform"><float_array id="jnt_left_armroll-Matrix-animation-output-transform-array" count="240">

1.000000 -0.000000 0.000000 -0.421995 -0.000000 1.000000 0.000002 0.000001 0.000000 -0.000002 1.000000 -0.000004 0.000000 0.000000 0.000000 1.000000
1.000000 -0.000000 0.000000 -0.421995 0.000000 1.000000 0.000001 0.000001 -0.000000 -0.000001 1.000000 -0.000004 0.000000 0.000000 0.000000 1.000000
1.000000 -0.000000 0.000000 -0.421995 -0.000000 1.000000 0.000002 0.000001 0.000000 -0.000002 1.000000 -0.000004 0.000000 0.000000 0.000000 1.000000
1.000000 -0.000000 0.000000 -0.421995 -0.000000 1.000000 0.000001 0.000001 0.000000 -0.000001 1.000000 -0.000004 0.000000 0.000000 0.000000 1.000000
1.000000 -0.000000 0.000000 -0.421995 -0.000000 1.000000 0.000002 0.000001 -0.000000 -0.000002 1.000000 -0.000004 0.000000 0.000000 0.000000 1.000000
1.000000 0.000000 -0.000000 -0.421995 0.000000 1.000000 0.000001 0.000001 0.000000 -0.000001 1.000000 -0.000004 0.000000 0.000000 0.000000 1.000000
1.000000 0.000000 0.000000 -0.421995 0.000000 1.000000 0.000002 0.000001 -0.000000 -0.000002 1.000000 -0.000004 0.000000 0.000000 0.000000 1.000000
1.000000 0.000000 0.000000 -0.421995 0.000000 1.000000 0.000002 0.000001 0.000000 -0.000002 1.000000 -0.000004 0.000000 0.000000 0.000000 1.000000
1.000000 -0.000000 0.000000 -0.421995 0.000000 1.000000 0.000002 0.000002 0.000000 -0.000002 1.000000 -0.000004 0.000000 0.000000 0.000000 1.000000
1.000000 0.000000 0.000000 -0.421995 -0.000000 1.000000 0.000001 0.000001 0.000000 -0.000001 1.000000 -0.000004 0.000000 0.000000 0.000000 1.000000
1.000000 0.000000 -0.000000 -0.421995 0.000000 1.000000 0.000002 0.000001 -0.000000 -0.000002 1.000000 -0.000004 0.000000 0.000000 0.000000 1.000000
1.000000 -0.000000 0.000000 -0.421995 0.000000 1.000000 0.000001 0.000001 0.000000 -0.000001 1.000000 -0.000004 0.000000 0.000000 0.000000 1.000000
1.000000 -0.000000 0.000000 -0.421995 0.000000 1.000000 0.000002 0.000001 0.000000 -0.000002 1.000000 -0.000004 0.000000 0.000000 0.000000 1.000000
1.000000 0.000000 -0.000000 -0.421995 -0.000000 1.000000 0.000002 0.000001 0.000000 -0.000002 1.000000 -0.000004 0.000000 0.000000 0.000000 1.000000
1.000000 0.000000 -0.000000 -0.421995 0.000000 1.000000 0.000002 0.000001 -0.000000 -0.000002 1.000000 -0.000004 0.000000 0.000000 0.000000 1.000000</float_array><technique_common><accessor source="#jnt_left_armroll-Matrix-animation-output-transform-array" count="15" stride="16"><param type="float4x4"/></accessor></technique_common></source><source id="jnt_left_armroll-Interpolations"><Name_array id="jnt_left_armroll-Interpolations-array" count="15">
 LINEAR LINEAR LINEAR LINEAR LINEAR LINEAR LINEAR LINEAR LINEAR LINEAR LINEAR
LINEAR LINEAR LINEAR LINEAR</Name_array><technique_common><accessor source="#jnt_left_armroll-Interpolations-array" count="15"><param type="name"/></accessor></technique_common></source><sampler id="jnt_left_armroll-Matrix-animation-transform"><input semantic="INPUT" source="#jnt_left_armroll-Matrix-animation-input"/><input semantic="OUTPUT" source="#jnt_left_armroll-Matrix-animation-output-transform"/><input semantic="INTERPOLATION" source="#jnt_left_armroll-Interpolations"/></sampler><channel source="#jnt_left_armroll-Matrix-animation-transform" target="jnt_left_armroll/matrix"/></animation></animation>
    <animation id="jnt_left_forearm-anim" name="jnt_left_forearm"><animation><source id="jnt_left_forearm-Matrix-animation-input"><float_array id="jnt_left_forearm-Matrix-animation-input-array" count="15">

0.000000 0.033333 0.066667 0.100000 0.133333 0.166667 0.200000 0.233333 0.266667 0.300000 0.333333 0.366667 0.400000 0.433333 0.466667</float_array><technique_common><accessor source="#jnt_left_forearm-Matrix-animation-input-array" count="15"><param name="TIME" type="float"/></accessor></technique_common></source><source id="jnt_left_forearm-Matrix-animation-output-transform"><float_array id="jnt_left_forearm-Matrix-animation-output-transform-array" count="240">

0.477100 -0.873049 -0.100806 -0.843982 0.832365 0.412073 0.370626 0.000006 -0.282035 -0.260733 0.923296 0.000004 0.000000 0.000000 0.000000 1.000000
0.574641 -0.813161 -0.092499 -0.843982 0.791545 0.523502 0.315280 0.000001 -0.207950 -0.254390 0.944480 0.000003 0.000000 0.000000 0.000000 1.000000
0.574519 -0.811407 -0.107455 -0.843981 0.785427 0.509600 0.351301 0.000000 -0.230289 -0.286227 0.930076 0.000003 0.000000 0.000000 0.000000 1.000000
0.568534 -0.813114 -0.124962 -0.843982 0.783473 0.488845 0.383668 0.000001 -0.250879 -0.316033 0.914977 0.000003 0.000000 0.000000 0.000000 1.000000
0.563204 -0.812339 -0.151349 -0.843981 0.784451 0.468062 0.406883 0.000001 -0.259687 -0.347884 0.900855 0.000004 0.000000 0.000000 0.000000 1.000000
