<?xml version="1.0" encoding="utf-8"?>
<COLLADA xmlns="http://www.collada.org/2005/11/COLLADASchema" version="1.4.1">
  <asset><contributor><author></author><authoring_tool>FBX COLLADA exporter</authoring_tool><comments></comments></contributor><created>2020-02-21T08:26:58Z</created><keywords></keywords><modified>2020-02-21T08:26:58Z</modified><revision></revision><subject></subject><title></title><unit meter="0.010000" name="centimeter"></unit><up_axis>Y_UP</up_axis></asset>
  <library_animations>
    <animation id="root_jnt-anim" name="root_jnt"><animation><source id="root_jnt-Matrix-animation-input"><float_array id="root_jnt-Matrix-animation-input-array" count="51">

0.000000 0.033333 0.066667 0.100000 0.133333 0.166667 0.200000 0.233333 0.266667 0.300000 0.333333 0.366667 0.400000 0.433333 0.466667 0.500000
0.533333 0.566667 0.600000 0.633333 0.666667 0.700000 0.733333 0.766667 0.800000 0.833333 0.866667 0.900000 0.933333 0.966667 1.000000 1.033333
1.066667 1.100000 1.133333 1.166667 1.200000 1.233333 1.266667 1.300000 1.333333 1.366667 1.400000 1.433333 1.466667 1.500000 1.533333 1.566667
1.600000 1.633333 1.666667</float_array><technique_common><accessor source="#root_jnt-Matrix-animation-input-array" count="51"><param name="TIME" type="float"/></accessor></technique_common></source><source id="root_jnt-Matrix-animation-output-transform"><float_array id="root_jnt-Matrix-animation-output-transform-array" count="816">

1.000000 0.000000 0.000000 0.000000 0.000000 1.000000 0.000000 0.000000 0.000000 0.000000 1.000000 0.000000 0.000000 0.000000 0.000000 1.000000
1.000000 0.000000 0.000000 0.000000 0.000000 1.000000 0.000000 0.000000 0.000000 0.000000 1.000000 0.000000 0.000000 0.000000 0.000000 1.000000
1.000000 0.000000 0.000000 0.000000 0.000000 1.000000 0.000000 0.000000 0.000000 0.000000 1.000000 0.000000 0.000000 0.000000 0.000000 1.000000
1.000000 0.000000 0.000000 0.000000 0.000000 1.000000 0.000000 0.000000 0.000000 0.000000 1.000000 0.000000 0.000000 0.000000 0.000000 1.000000
1.000000 0.000000 0.000000 0.000000 0.000000 1.000000 0.000000 0.000000 0.000000 0.000000 1.000000 0.000000 0.000000 0.000000 0.000000 1.000000
1.000000 0.000000 0.000000 0.000000 0.000000 1.000000 0.000000 0.000000 0.000000 0.000000 1.000000 0.000000 0.000000 0.000000 0.000000 1.000000
1.000000 0.000000 0.000000 0.000000 0.000000 1.000000 0.000000 0.000000 0.000000 0.000000 1.000000 0.000000 0.000000 0.000000 0.000000 1.000000
1.000000 0.000000 0.000000 0.000000 0.000000 1.000000 0.000000 0.000000 0.000000 0.000000 1.000000 0.000000 0.000000 0.000000 0.000000 1.000000
1.000000 0.000000 0.000000 0.000000 0.000000 1.000000 0.000000 0.000000 0.000000 0.000000 1.000000 0.000000 0.000000 0.000000 0.000000 1.000000
1.000000 0.000000 0.000000 0.000000 0.000000 1.000000 0.000000 0.000000 0.000000 0.000000 1.000000 0.000000 0.000000 0.000000 0.000000 1.000000
1.000000 0.000000 0.000000 0.000000 0.000000 1.000000 0.000000 0.000000 0.000000 0.000000 1.000000 0.000000 0.000000 0.000000 0.000000 1.000000
1.000000 0.000000 0.000000 0.000000 0.000000 1.000000 0.000000 0.000000 0.000000 0.000000 1.000000 0.000000 0.000000 0.000000 0.000000 1.000000
1.000000 0.000000 0.000000 0.000000 0.000000 1.000000 0.000000 0.000000 0.000000 0.000000 1.000000 0.000000 0.000000 0.000000 0.000000 1.000000
1.000000 0.000000 0.000000 0.000000 0.000000 1.000000 0.000000 0.000000 0.000000 0.000000 1.000000 0.000000 0.000000 0.000000 0.000000 1.000000
1.000000 0.000000 0.000000 0.000000 0.000000 1.000000 0.000000 0.000000 0.000000 0.000000 1.000000 0.000000 0.000000 0.000000 0.000000 1.000000
1.000000 0.000000 0.000000 0.000000 0.000000 1.000000 0.000000 0.000000 0.000000 0.000000 1.000000 0.000000 0.000000 0.000000 0.000000 1.000000
1.000000 0.000000 0.000000 0.000000 0.000000 1.000000 0.000000 0.000000 0.000000 0.000000 1.000000 0.000000 0.000000 0.000000 0.000000 1.000000
1.000000 0.000000 0.000000 0.000000 0.000000 1.000000 0.000000 0.000000 0.000000 0.000000 1.000000 0.000000 0.000000 0.000000 0.000000 1.000000
1.000000 0.000000 0.000000 0.000000 0.000000 1.000000 0.000000 0.000000 0.000000 0.000000 1.000000 0.000000 0.000000 0.000000 0.000000 1.000000
1.000000 0.000000 0.000000 0.000000 0.000000 1.000000 0.000000 0.000000 0.000000 0.000000 1.000000 0.000000 0.000000 0.000000 0.000000 1.000000
1.000000 0.000000 0.000000 0.000000 0.000000 1.000000 0.000000 0.000000 0.000000 0.000000 1.000000 0.000000 0.000000 0.000000 0.000000 1.000000
1.000000 0.000000 0.000000 0.000000 0.000000 1.000000 0.000000 0.000000 0.000000 0.000000 1.000000 0.000000 0.000000 0.000000 0.000000 1.000000
1.000000 0.000000 0.000000 0.000000 0.000000 1.000000 0.000000 0.000000 0.000000 0.000000 1.000000 0.000000 0.000000 0.000000 0.000000 1.000000
1.000000 0.000000 0.000000 0.000000 0.000000 1.000000 0.000000 0.000000 0.000000 0.000000 1.000000 0.000000 0.000000 0.000000 0.000000 1.000000
1.000000 0.000000 0.000000 0.000000 0.000000 1.000000 0.000000 0.000000 0.000000 0.000000 1.000000 0.000000 0.000000 0.000000 0.000000 1.000000
1.000000 0.000000 0.000000 0.000000 0.000000 1.000000 0.000000 0.000000 0.000000 0.000000 1.000000 0.000000 0.000000 0.000000 0.000000 1.000000
1.000000 0.000000 0.000000 0.000000 0.000000 1.000000 0.000000 0.000000 0.000000 0.000000 1.000000 0.000000 0.000000 0.000000 0.000000 1.000000
1.000000 0.000000 0.000000 0.000000 0.000000 1.000000 0.000000 0.000000 0.000000 0.000000 1.000000 0.000000 0.000000 0.000000 0.000000 1.000000
1.000000 0.000000 0.000000 0.000000 0.000000 1.000000 0.000000 0.000000 0.000000 0.000000 1.000000 0.000000 0.000000 0.000000 0.000000 1.000000
1.000000 0.000000 0.000000 0.000000 0.000000 1.000000 0.000000 0.000000 0.000000 0.000000 1.000000 0.000000 0.000000 0.000000 0.000000 1.000000
1.000000 0.000000 0.000000 0.000000 0.000000 1.000000 0.000000 0.000000 0.000000 0.000000 1.000000 0.000000 0.000000 0.000000 0.000000 1.000000
1.000000 0.000000 0.000000 0.000000 0.000000 1.000000 0.000000 0.000000 0.000000 0.000000 1.000000 0.000000 0.000000 0.000000 0.000000 1.000000
1.000000 0.000000 0.000000 0.000000 0.000000 1.000000 0.000000 0.000000 0.000000 0.000000 1.000000 0.000000 0.000000 0.000000 0.000000 1.000000
1.000000 0.000000 0.000000 0.000000 0.000000 1.000000 0.000000 0.000000 0.000000 0.000000 1.000000 0.000000 0.000000 0.000000 0.000000 1.000000
1.000000 0.000000 0.000000 0.000000 0.000000 1.000000 0.000000 0.000000 0.000000 0.000000 1.000000 0.000000 0.000000 0.000000 0.000000 1.000000
1.000000 0.000000 0.000000 0.000000 0.000000 1.000000 0.000000 0.000000 0.000000 0.000000 1.000000 0.000000 0.000000 0.000000 0.000000 1.000000
1.000000 0.000000 0.000000 0.000000 0.000000 1.000000 0.000000 0.000000 0.000000 0.000000 1.000000 0.000000 0.000000 0.000000 0.000000 1.000000
1.000000 0.000000 0.000000 0.000000 0.000000 1.000000 0.000000 0.000000 0.000000 0.000000 1.000000 0.000000 0.000000 0.000000 0.000000 1.000000
1.000000 0.000000 0.000000 0.000000 0.000000 1.000000 0.000000 0.000000 0.000000 0.000000 1.000000 0.000000 0.000000 0.000000 0.000000 1.000000
1.000000 0.000000 0.000000 0.000000 0.000000 1.000000 0.000000 0.000000 0.000000 0.000000 1.000000 0.000000 0.000000 0.000000 0.000000 1.000000
1.000000 0.000000 0.000000 0.000000 0.000000 1.000000 0.000000 0.000000 0.000000 0.000000 1.000000 0.000000 0.000000 0.000000 0.000000 1.000000
1.000000 0.000000 0.000000 0.000000 0.000000 1.000000 0.000000 0.000000 0.000000 0.000000 1.000000 0.000000 0.000000 0.000000 0.000000 1.000000
1.000000 0.000000 0.000000 0.000000 0.000000 1.000000 0.000000 0.000000 0.000000 0.000000 1.000000 0.000000 0.000000 0.000000 0.000000 1.000000
1.000000 0.000000 0.000000 0.000000 0.000000 1.000000 0.000000 0.000000 0.000000 0.000000 1.000000 0.000000 0.000000 0.000000 0.000000 1.000000
1.000000 0.000000 0.000000 0.000000 0.000000 1.000000 0.000000 0.000000 0.000000 0.000000 1.000000 0.000000 0.000000 0.000000 0.000000 1.000000
1.000000 0.000000 0.000000 0.000000 0.000000 1.000000 0.000000 0.000000 0.000000 0.000000 1.000000 0.000000 0.000000 0.000000 0.000000 1.000000
1.000000 0.000000 0.000000 0.000000 0.000000 1.000000 0.000000 0.000000 0.000000 0.000000 1.000000 0.000000 0.000000 0.000000 0.000000 1.000000
1.000000 0.000000 0.000000 0.000000 0.000000 1.000000 0.000000 0.000000 0.000000 0.000000 1.000000 0.000000 0.000000 0.000000 0.000000 1.000000
1.000000 0.000000 0.000000 0.000000 0.000000 1.000000 0.000000 0.000000 0.000000 0.000000 1.000000 0.000000 0.000000 0.000000 0.000000 1.000000
1.000000 0.000000 0.000000 0.000000 0.000000 1.000000 0.000000 0.000000 0.000000 0.000000 1.000000 0.000000 0.000000 0.000000 0.000000 1.000000
1.000000 0.000000 0.000000 0.000000 0.000000 1.000000 0.000000 0.000000 0.000000 0.000000 1.000000 0.000000 0.000000 0.000000 0.000000 1.000000</float_array><technique_common><accessor source="#root_jnt-Matrix-animation-output-transform-array" count="51" stride="16"><param type="float4x4"/></accessor></technique_common></source><source id="root_jnt-Interpolations"><Name_array id="root_jnt-Interpolations-array" count="51">
 LINEAR LINEAR LINEAR LINEAR LINEAR LINEAR LINEAR LINEAR LINEAR LINEAR LINEAR
LINEAR LINEAR LINEAR LINEAR LINEAR LINEAR LINEAR LINEAR LINEAR LINEAR LINEAR LINEAR
LINEAR LINEAR LINEAR LINEAR LINEAR LINEAR LINEAR LINEAR LINEAR LINEAR LINEAR LINEAR
LINEAR LINEAR LINEAR LINEAR LINEAR LINEAR LINEAR LINEAR LINEAR LINEAR LINEAR LINEAR
LINEAR LINEAR LINEAR LINEAR</Name_array><technique_common><accessor source="#root_jnt-Interpolations-array" count="51"><param type="name"/></accessor></technique_common></source><sampler id="root_jnt-Matrix-animation-transform"><input semantic="INPUT" source="#root_jnt-Matrix-animation-input"/><input semantic="OUTPUT" source="#root_jnt-Matrix-animation-output-transform"/><input semantic="INTERPOLATION" source="#root_jnt-Interpolations"/></sampler><channel source="#root_jnt-Matrix-animation-transform" target="root_jnt/matrix"/></animation></animation>
    <animation id="jnt_hips-anim" name="jnt_hips"><animation><source id="jnt_hips-Matrix-animation-input"><float_array id="jnt_hips-Matrix-animation-input-array" count="51">

0.000000 0.033333 0.066667 0.100000 0.133333 0.166667 0.200000 0.233333 0.266667 0.300000 0.333333 0.366667 0.400000 0.433333 0.466667 0.500000
0.533333 0.566667 0.600000 0.633333 0.666667 0.700000 0.733333 0.766667 0.800000 0.833333 0.866667 0.900000 0.933333 0.966667 1.000000 1.033333
1.066667 1.100000 1.133333 1.166667 1.200000 1.233333 1.266667 1.300000 1.333333 1.366667 1.400000 1.433333 1.466667 1.500000 1.533333 1.566667
1.600000 1.633333 1.666667</float_array><technique_common><accessor source="#jnt_hips-Matrix-animation-input-array" count="51"><param name="TIME" type="float"/></accessor></technique_common></source><source id="jnt_hips-Matrix-animation-output-transform"><float_array id="jnt_hips-Matrix-animation-output-transform-array" count="816">

0.961460 -0.010974 -0.274724 0.004960 -0.002571 0.998800 -0.048898 1.940860 0.274931 0.047720 0.960279 -0.242204 0.000000 0.000000 0.000000 1.000000
0.960315 -0.009158 -0.278767 0.005336 -0.004370 0.998844 -0.047868 1.940510 0.278883 0.047187 0.959165 -0.242076 0.000000 0.000000 0.000000 1.000000
0.958782 -0.006901 -0.284057 0.005815 -0.006577 0.998898 -0.046467 1.939549 0.284065 0.046420 0.957681 -0.241693 0.000000 0.000000 0.000000 1.000000
0.956876 -0.004238 -0.290467 0.006386 -0.009152 0.998958 -0.044723 1.938012 0.290354 0.045453 0.955839 -0.241066 0.000000 0.000000 0.000000 1.000000
0.954607 -0.001205 -0.297865 0.007042 -0.012052 0.999017 -0.042665 1.935936 0.297623 0.044318 0.953654 -0.240207 0.000000 0.000000 0.000000 1.000000
0.951990 0.002162 -0.306120 0.007771 -0.015235 0.999071 -0.040323 1.933357 0.305748 0.043050 0.951139 -0.239131 0.000000 0.000000 0.000000 1.000000
0.949040 0.005826 -0.315103 0.008565 -0.018659 0.999114 -0.037725 1.930312 0.314604 0.041682 0.948308 -0.237850 0.000000 0.000000 0.000000 1.000000
0.945773 0.009751 -0.324682 0.009414 -0.022284 0.999142 -0.034902 1.926836 0.324064 0.040245 0.945179 -0.236376 0.000000 0.000000 0.000000 1.000000
0.942211 0.013900 -0.334731 0.010308 -0.026068 0.999151 -0.031887 1.922967 0.334003 0.038770 0.941774 -0.234724 0.000000 0.000000 0.000000 1.000000
0.938381 0.018232 -0.345120 0.011236 -0.029973 0.999138 -0.028713 1.918741 0.344299 0.037287 0.938119 -0.232906 0.000000 0.000000 0.000000 1.000000
0.934315 0.022710 -0.355725 0.012191 -0.033960 0.999100 -0.025413 1.914194 0.354828 0.035825 0.934245 -0.230937 0.000000 0.000000 0.000000 1.000000
0.930048 0.027292 -0.366422 0.013160 -0.037994 0.999035 -0.022027 1.909365 0.365468 0.034408 0.930188 -0.228833 0.000000 0.000000 0.000000 1.000000
0.925625 0.031937 -0.377091 0.014136 -0.042040 0.998943 -0.018590 1.904289 0.376099 0.033061 0.925990 -0.226606 0.000000 0.000000 0.000000 1.000000
0.921095 0.036602 -0.387613 0.015107 -0.046065 0.998824 -0.015145 1.899005 0.386603 0.031805 0.921698 -0.224274 0.000000 0.000000 0.000000 1.000000
0.916512 0.041246 -0.397874 0.016065 -0.050037 0.998678 -0.011733 1.893550 0.396864 0.030662 0.917365 -0.221852 0.000000 0.000000 0.000000 1.000000
0.911938 0.045824 -0.407761 0.017000 -0.053929 0.998509 -0.008397 1.887962 0.406768 0.029648 0.913050 -0.219357 0.000000 0.000000 0.000000 1.000000
0.907439 0.050291 -0.417164 0.017901 -0.057711 0.998320 -0.005183 1.882278 0.416203 0.028779 0.908816 -0.216805 0.000000 0.000000 0.000000 1.000000
0.903084 0.054604 -0.425978 0.018760 -0.061359 0.998113 -0.002138 1.876536 0.425058 0.028068 0.904731 -0.214213 0.000000 0.000000 0.000000 1.000000
0.898950 0.058718 -0.434099 0.019567 -0.064847 0.997895 0.000691 1.870776 0.433225 0.027529 0.900865 -0.211600 0.000000 0.000000 0.000000 1.000000
0.895113 0.062588 -0.441424 0.020312 -0.068154 0.997670 0.003255 1.865034 0.440599 0.027171 0.897293 -0.208984 0.000000 0.000000 0.000000 1.000000
0.891654 0.066169 -0.447855 0.020987 -0.071255 0.997443 0.005504 1.859350 0.447074 0.027004 0.894089 -0.206381 0.000000 0.000000 0.000000 1.000000
0.888655 0.069418 -0.453292 0.021582 -0.074130 0.997221 0.007388 1.853762 0.452545 0.027037 0.891332 -0.203811 0.000000 0.000000 0.000000 1.000000
0.886196 0.072290 -0.457636 0.022089 -0.076756 0.997011 0.008856 1.848308 0.456909 0.027278 0.889095 -0.201292 0.000000 0.000000 0.000000 1.000000
0.884357 0.074742 -0.460790 0.022497 -0.079111 0.996817 0.009858 1.843027 0.460060 0.027735 0.887455 -0.198842 0.000000 0.000000 0.000000 1.000000
0.883214 0.076733 -0.462651 0.022798 -0.081170 0.996647 0.010343 1.837958 0.461893 0.028418 0.886480 -0.196478 0.000000 0.000000 0.000000 1.000000
0.882839 0.078221 -0.463116 0.022984 -0.082909 0.996504 0.010261 1.833138 0.462300 0.029337 0.886238 -0.194219 0.000000 0.000000 0.000000 1.000000
0.883298 0.079166 -0.462079 0.023044 -0.084299 0.996395 0.009564 1.828605 0.461170 0.030505 0.886787 -0.192081 0.000000 0.000000 0.000000 1.000000
0.884649 0.079530 -0.459426 0.022971 -0.085309 0.996321 0.008204 1.824398 0.458388 0.031935 0.888178 -0.190081 0.000000 0.000000 0.000000 1.000000
0.886936 0.079277 -0.455038 0.022754 -0.085902 0.996285 0.006136 1.820555 0.453834 0.033647 0.890451 -0.188235 0.000000 0.000000 0.000000 1.000000
0.907175 0.071791 -0.414585 0.020181 -0.084096 0.996392 -0.011476 1.817812 0.412265 0.045276 0.909938 -0.186212 0.000000 0.000000 0.000000 1.000000
0.937953 0.056891 -0.342064 0.015404 -0.075340 0.996320 -0.040881 1.816046 0.338479 0.064116 0.938787 -0.184008 0.000000 0.000000 0.000000 1.000000
0.967955 0.038920 -0.248089 0.009363 -0.059472 0.995341 -0.075893 1.814929 0.243979 0.088216 0.965760 -0.181365 0.000000 0.000000 0.000000 1.000000
0.989114 0.021492 -0.145573 0.003014 -0.037842 0.993156 -0.110492 1.814186 0.142202 0.114798 0.983158 -0.178270 0.000000 0.000000 0.000000 1.000000
0.998754 0.006929 -0.049428 -0.002741 -0.013778 0.990113 -0.139593 1.813658 0.047972 0.140100 0.988975 -0.175062 0.000000 0.000000 0.000000 1.000000
0.999683 -0.003881 0.024856 -0.007139 0.007799 0.987159 -0.159551 1.813309 -0.023918 0.159695 0.986877 -0.172401 0.000000 0.000000 0.000000 1.000000
0.997992 -0.010974 0.062374 -0.009542 0.021333 0.985568 -0.167929 1.813195 -0.059631 0.168922 0.983824 -0.171110 0.000000 0.000000 0.000000 1.000000
0.997823 -0.013333 0.064587 -0.009900 0.024010 0.985583 -0.167483 1.814850 -0.061422 0.168669 0.983757 -0.171883 0.000000 0.000000 0.000000 1.000000
0.998164 -0.015505 0.058543 -0.009881 0.024972 0.986039 -0.164631 1.819486 -0.055173 0.165790 0.984616 -0.174342 0.000000 0.000000 0.000000 1.000000
0.998820 -0.017446 0.045314 -0.009528 0.024482 0.986863 -0.159691 1.826641 -0.041932 0.160612 0.986127 -0.178231 0.000000 0.000000 0.000000 1.000000
0.999481 -0.019080 0.025971 -0.008877 0.022835 0.987970 -0.152953 1.835851 -0.022740 0.153466 0.987892 -0.183288 0.000000 0.000000 0.000000 1.000000
0.999792 -0.020316 0.001597 -0.007966 0.020333 0.989267 -0.144694 1.846651 0.001360 0.144697 0.989475 -0.189247 0.000000 0.000000 0.000000 1.000000
0.999421 -0.021073 -0.026708 -0.006833 0.017275 0.990668 -0.135198 1.858577 0.029308 0.134659 0.990459 -0.195843 0.000000 0.000000 0.000000 1.000000
0.998099 -0.021293 -0.057827 -0.005519 0.013937 0.992089 -0.124759 1.871164 0.060026 0.123716 0.990500 -0.202812 0.000000 0.000000 0.000000 1.000000
0.995664 -0.020959 -0.090629 -0.004070 0.010564 0.993460 -0.113691 1.883952 0.092419 0.112241 0.989374 -0.209893 0.000000 0.000000 0.000000 1.000000
0.992081 -0.020093 -0.123979 -0.002539 0.007359 0.994723 -0.102331 1.896483 0.125381 0.100608 0.986994 -0.216834 0.000000 0.000000 0.000000 1.000000
0.987459 -0.018772 -0.156755 -0.000982 0.004480 0.995838 -0.091035 1.908299 0.157811 0.089191 0.983433 -0.223388 0.000000 0.000000 0.000000 1.000000
0.982048 -0.017117 -0.187855 0.000540 0.002037 0.996779 -0.080178 1.918947 0.188623 0.078355 0.978919 -0.229315 0.000000 0.000000 0.000000 1.000000
0.976226 -0.015297 -0.216214 0.001962 0.000096 0.997537 -0.070143 1.927977 0.216754 0.068455 0.973823 -0.234383 0.000000 0.000000 0.000000 1.000000
0.970480 -0.013513 -0.240803 0.003218 -0.001318 0.998117 -0.061323 1.934937 0.241178 0.059830 0.968635 -0.238367 0.000000 0.000000 0.000000 1.000000
0.965364 -0.011994 -0.260629 0.004240 -0.002203 0.998532 -0.054112 1.939381 0.260896 0.052812 0.963921 -0.241047 0.000000 0.000000 0.000000 1.000000
0.961460 -0.010974 -0.274724 0.004960 -0.002571 0.998800 -0.048898 1.940860 0.274931 0.047720 0.960279 -0.242204 0.000000 0.000000 0.000000 1.000000</float_array><technique_common><accessor source="#jnt_hips-Matrix-animation-output-transform-array" count="51" stride="16"><param type="float4x4"/></accessor></technique_common></source><source id="jnt_hips-Interpolations"><Name_array id="jnt_hips-Interpolations-array" count="51">
 LINEAR LINEAR LINEAR LINEAR LINEAR LINEAR LINEAR LINEAR LINEAR LINEAR LINEAR
LINEAR LINEAR LINEAR LINEAR LINEAR LINEAR LINEAR LINEAR LINEAR LINEAR LINEAR LINEAR
LINEAR LINEAR LINEAR LINEAR LINEAR LINEAR LINEAR LINEAR LINEAR LINEAR LINEAR LINEAR
LINEAR LINEAR LINEAR LINEAR LINEAR LINEAR LINEAR LINEAR LINEAR LINEAR LINEAR LINEAR
LINEAR LINEAR LINEAR LINEAR</Name_array><technique_common><accessor source="#jnt_hips-Interpolations-array" count="51"><param type="name"/></accessor></technique_common></source><sampler id="jnt_hips-Matrix-animation-transform"><input semantic="INPUT" source="#jnt_hips-Matrix-animation-input"/><input semantic="OUTPUT" source="#jnt_hips-Matrix-animation-output-transform"/><input semantic="INTERPOLATION" source="#jnt_hips-Interpolations"/></sampler><channel source="#jnt_hips-Matrix-animation-transform" target="jnt_hips/matrix"/></animation></animation>
    <animation id="jnt_spine1-anim" name="jnt_spine1"><animation><source id="jnt_spine1-Matrix-animation-input"><float_array id="jnt_spine1-Matrix-animation-input-array" count="51">

0.000000 0.033333 0.066667 0.100000 0.133333 0.166667 0.200000 0.233333 0.266667 0.300000 0.333333 0.366667 0.400000 0.433333 0.466667 0.500000
0.533333 0.566667 0.600000 0.633333 0.666667 0.700000 0.733333 0.766667 0.800000 0.833333 0.866667 0.900000 0.933333 0.966667 1.000000 1.033333
1.066667 1.100000 1.133333 1.166667 1.200000 1.233333 1.266667 1.300000 1.333333 1.366667 1.400000 1.433333 1.466667 1.500000 1.533333 1.566667
1.600000 1.633333 1.666667</float_array><technique_common><accessor source="#jnt_spine1-Matrix-animation-input-array" count="51"><param name="TIME" type="float"/></accessor></technique_common></source><source id="jnt_spine1-Matrix-animation-output-transform"><float_array id="jnt_spine1-Matrix-animation-output-transform-array" count="816">

0.001219 0.049282 0.998784 -0.000000 0.999129 -0.041720 0.000839 0.212132 0.041710 0.997913 -0.049290 0.023482 0.000000 0.000000 0.000000 1.000000
0.001228 0.047880 0.998852 -0.000000 0.999142 -0.041415 0.000756 0.212132 0.041404 0.997994 -0.047890 0.023482 0.000000 0.000000 0.000000 1.000000
0.001255 0.043909 0.999035 -0.000000 0.999177 -0.040556 0.000527 0.212132 0.040540 0.998212 -0.043924 0.023482 0.000000 0.000000 0.000000 1.000000
0.001296 0.037722 0.999287 -0.000000 0.999230 -0.039226 0.000185 0.212132 0.039205 0.998518 -0.037744 0.023482 0.000000 0.000000 0.000000 1.000000
0.001347 0.029671 0.999559 0.000000 0.999296 -0.037506 -0.000234 0.212132 0.037482 0.998856 -0.029701 0.023482 0.000000 0.000000 0.000000 1.000000
0.001407 0.020109 0.999797 -0.000000 0.999370 -0.035477 -0.000692 0.212132 0.035456 0.999168 -0.020146 0.023482 0.000000 0.000000 0.000000 1.000000
0.001471 0.009390 0.999955 -0.000000 0.999447 -0.033224 -0.001158 0.212132 0.033211 0.999404 -0.009434 0.023482 0.000000 0.000000 0.000000 1.000000
0.001536 -0.002133 0.999997 0.000000 0.999523 -0.030830 -0.001601 0.212132 0.030833 0.999522 0.002084 0.023482 0.000000 0.000000 0.000000 1.000000
0.001600 -0.014102 0.999899 -0.000000 0.999595 -0.028381 -0.002000 0.212132 0.028406 0.999498 0.014051 0.023482 0.000000 0.000000 0.000000 1.000000
0.001660 -0.026162 0.999656 0.000000 0.999660 -0.025962 -0.002339 0.212132 0.026014 0.999321 0.026110 0.023482 0.000000 0.000000 0.000000 1.000000
0.001711 -0.037960 0.999278 -0.000000 0.999717 -0.023661 -0.002611 0.212132 0.023743 0.998999 0.037908 0.023482 0.000000 0.000000 0.000000 1.000000
0.001752 -0.049138 0.998790 0.000000 0.999764 -0.021564 -0.002815 0.212132 0.021676 0.998559 0.049088 0.023482 0.000000 0.000000 0.000000 1.000000
0.001779 -0.059343 0.998236 0.000000 0.999800 -0.019759 -0.002956 0.212132 0.019899 0.998042 0.059296 0.023482 0.000000 0.000000 0.000000 1.000000
0.001788 -0.068224 0.997668 0.000000 0.999827 -0.018331 -0.003046 0.212132 0.018497 0.997502 0.068179 0.023482 0.000000 0.000000 0.000000 1.000000
0.001076 -0.076672 0.997056 0.000000 0.999849 -0.017201 -0.002401 0.212132 0.017335 0.996908 0.076642 0.023482 0.000000 0.000000 0.000000 1.000000
-0.000930 -0.085701 0.996320 -0.000000 0.999868 -0.016246 -0.000464 0.212132 0.016226 0.996188 0.085705 0.023482 0.000000 0.000000 0.000000 1.000000
-0.004030 -0.095134 0.995456 0.000000 0.999877 -0.015490 0.002568 0.212132 0.015175 0.995344 0.095185 0.023482 0.000000 0.000000 0.000000 1.000000
-0.008025 -0.104799 0.994461 0.000000 0.999867 -0.014948 0.006493 0.212132 0.014185 0.994381 0.104905 0.023482 0.000000 0.000000 0.000000 1.000000
-0.012716 -0.114514 0.993340 -0.000000 0.999831 -0.014630 0.011112 0.212132 0.013260 0.993314 0.114680 0.023482 0.000000 0.000000 0.000000 1.000000
-0.017903 -0.124109 0.992107 -0.000000 0.999763 -0.014532 0.016224 0.212132 0.012403 0.992162 0.124340 0.023482 0.000000 0.000000 0.000000 1.000000
-0.023389 -0.133407 0.990785 -0.000000 0.999659 -0.014640 0.021627 0.212132 0.011619 0.990953 0.133703 0.023482 0.000000 0.000000 0.000000 1.000000
-0.028973 -0.142238 0.989408 0.000000 0.999521 -0.014929 0.027123 0.212132 0.010913 0.989720 0.142602 0.023482 0.000000 0.000000 0.000000 1.000000
-0.034457 -0.150429 0.988020 0.000000 0.999353 -0.015362 0.032513 0.212132 0.010287 0.988501 0.150861 0.023482 0.000000 0.000000 0.000000 1.000000
-0.039642 -0.157815 0.986673 -0.000000 0.999166 -0.015893 0.037602 0.212132 0.009747 0.987341 0.158314 0.023482 0.000000 0.000000 0.000000 1.000000
-0.044329 -0.164225 0.985426 0.000000 0.998974 -0.016465 0.042195 0.212132 0.009296 0.986285 0.164786 0.023482 0.000000 0.000000 0.000000 1.000000
-0.048320 -0.169496 0.984346 0.000000 0.998792 -0.017017 0.046099 0.212132 0.008937 0.985384 0.170114 0.023482 0.000000 0.000000 0.000000 1.000000
-0.051415 -0.173466 0.983497 0.000000 0.998640 -0.017487 0.049123 0.212132 0.008677 0.984685 0.174129 0.023482 0.000000 0.000000 0.000000 1.000000
-0.053418 -0.175968 0.982945 0.000000 0.998536 -0.017809 0.051077 0.212132 0.008517 0.984235 0.176662 0.023482 0.000000 0.000000 0.000000 1.000000
-0.054130 -0.176840 0.982750 -0.000000 0.998498 -0.017928 0.051772 0.212132 0.008463 0.984076 0.177544 0.023482 0.000000 0.000000 0.000000 1.000000
-0.049749 -0.156577 0.986412 0.000000 0.998680 -0.020425 0.047126 0.212132 0.012769 0.987455 0.157386 0.023482 0.000000 0.000000 0.000000 1.000000
-0.038447 -0.103983 0.993836 -0.000000 0.998975 -0.027765 0.035741 0.212132 0.023877 0.994191 0.104944 0.023482 0.000000 0.000000 0.000000 1.000000
-0.022985 -0.031531 0.999238 0.000000 0.998972 -0.039787 0.021723 0.212132 0.039072 0.998711 0.032413 0.023482 0.000000 0.000000 0.000000 1.000000
-0.006133 0.047652 0.998845 0.000000 0.998433 -0.055264 0.008766 0.212132 0.055618 0.997334 -0.047239 0.023482 0.000000 0.000000 0.000000 1.000000
0.009337 0.120080 0.992720 -0.000000 0.997448 -0.071390 -0.000746 0.212132 0.070780 0.990194 -0.120440 0.023482 0.000000 0.000000 0.000000 1.000000
0.020649 0.172641 0.984768 -0.000000 0.996431 -0.084187 -0.006134 0.212132 0.081846 0.981380 -0.173763 0.023483 0.000000 0.000000 0.000000 1.000000
0.025035 0.192887 0.980902 0.000000 0.995969 -0.089351 -0.007849 0.212132 0.086130 0.977144 -0.194346 0.023482 0.000000 0.000000 0.000000 1.000000
0.024731 0.191076 0.981264 0.000000 0.996026 -0.088723 -0.007826 0.212132 0.085566 0.977557 -0.192511 0.023482 0.000000 0.000000 0.000000 1.000000
0.023878 0.185983 0.982263 0.000000 0.996182 -0.086961 -0.007751 0.212132 0.083977 0.978697 -0.187349 0.023482 0.000000 0.000000 0.000000 1.000000
0.022558 0.178098 0.983754 -0.000000 0.996416 -0.084242 -0.007597 0.212132 0.081521 0.980400 -0.179360 0.023482 0.000000 0.000000 0.000000 1.000000
0.020858 0.167919 0.985580 0.000000 0.996707 -0.080750 -0.007335 0.212132 0.078354 0.982488 -0.169050 0.023482 0.000000 0.000000 0.000000 1.000000
0.018861 0.155941 0.987586 -0.000000 0.997033 -0.076667 -0.006936 0.212132 0.074634 0.984787 -0.156924 0.023482 0.000000 0.000000 0.000000 1.000000
0.016652 0.142665 0.989631 -0.000000 0.997372 -0.072175 -0.006378 0.212132 0.070517 0.987136 -0.143492 0.023482 0.000000 0.000000 0.000000 1.000000
0.014317 0.128596 0.991594 -0.000000 0.997706 -0.067456 -0.005657 0.212132 0.066162 0.989400 -0.129267 0.023482 0.000000 0.000000 0.000000 1.000000
0.011939 0.114243 0.993381 -0.000000 0.998022 -0.062687 -0.004785 0.212132 0.061725 0.991473 -0.114766 0.023482 0.000000 0.000000 0.000000 1.000000
0.009603 0.100121 0.994929 -0.000000 0.998307 -0.058041 -0.003794 0.212132 0.057366 0.993281 -0.100509 0.023482 0.000000 0.000000 0.000000 1.000000
0.007394 0.086748 0.996203 -0.000000 0.998554 -0.053685 -0.002737 0.212132 0.053243 0.994783 -0.087019 0.023482 0.000000 0.000000 0.000000 1.000000
0.005397 0.074642 0.997196 -0.000000 0.998759 -0.049779 -0.001679 0.212132 0.049514 0.995967 -0.074818 0.023482 0.000000 0.000000 0.000000 1.000000
0.003696 0.064323 0.997922 0.000000 0.998919 -0.046479 -0.000704 0.212132 0.046337 0.996846 -0.064425 0.023482 0.000000 0.000000 0.000000 1.000000
0.002376 0.056312 0.998410 0.000000 0.999034 -0.043937 0.000100 0.212132 0.043872 0.997446 -0.056362 0.023482 0.000000 0.000000 0.000000 1.000000
0.001522 0.051126 0.998691 -0.000000 0.999105 -0.042299 0.000643 0.212132 0.042277 0.997796 -0.051144 0.023482 0.000000 0.000000 0.000000 1.000000
0.001219 0.049282 0.998784 -0.000000 0.999129 -0.041719 0.000839 0.212132 0.041710 0.997913 -0.049290 0.023482 0.000000 0.000000 0.000000 1.000000</float_array><technique_common><accessor source="#jnt_spine1-Matrix-animation-output-transform-array" count="51" stride="16"><param type="float4x4"/></accessor></technique_common></source><source id="jnt_spine1-Interpolations"><Name_array id="jnt_spine1-Interpolations-array" count="51">
 LINEAR LINEAR LINEAR LINEAR LINEAR LINEAR LINEAR LINEAR LINEAR LINEAR LINEAR
LINEAR LINEAR LINEAR LINEAR LINEAR LINEAR LINEAR LINEAR LINEAR LINEAR LINEAR LINEAR
LINEAR LINEAR LINEAR LINEAR LINEAR LINEAR LINEAR LINEAR LINEAR LINEAR LINEAR LINEAR
LINEAR LINEAR LINEAR LINEAR LINEAR LINEAR LINEAR LINEAR LINEAR LINEAR LINEAR LINEAR
LINEAR LINEAR LINEAR LINEAR</Name_array><technique_common><accessor source="#jnt_spine1-Interpolations-array" count="51"><param type="name"/></accessor></technique_common></source><sampler id="jnt_spine1-Matrix-animation-transform"><input semantic="INPUT" source="#jnt_spine1-Matrix-animation-input"/><input semantic="OUTPUT" source="#jnt_spine1-Matrix-animation-output-transform"/><input semantic="INTERPOLATION" source="#jnt_spine1-Interpolations"/></sampler><channel source="#jnt_spine1-Matrix-animation-transform" target="jnt_spine1/matrix"/></animation></animation>
    <animation id="jnt_spine2-anim" name="jnt_spine2"><animation><source id="jnt_spine2-Matrix-animation-input"><float_array id="jnt_spine2-Matrix-animation-input-array" count="51">

0.000000 0.033333 0.066667 0.100000 0.133333 0.166667 0.200000 0.233333 0.266667 0.300000 0.333333 0.366667 0.400000 0.433333 0.466667 0.500000
0.533333 0.566667 0.600000 0.633333 0.666667 0.700000 0.733333 0.766667 0.800000 0.833333 0.866667 0.900000 0.933333 0.966667 1.000000 1.033333
1.066667 1.100000 1.133333 1.166667 1.200000 1.233333 1.266667 1.300000 1.333333 1.366667 1.400000 1.433333 1.466667 1.500000 1.533333 1.566667
1.600000 1.633333 1.666667</float_array><technique_common><accessor source="#jnt_spine2-Matrix-animation-input-array" count="51"><param name="TIME" type="float"/></accessor></technique_common></source><source id="jnt_spine2-Matrix-animation-output-transform"><float_array id="jnt_spine2-Matrix-animation-output-transform-array" count="816">

0.999721 0.023636 0.000001 0.426848 -0.023601 0.998226 -0.054656 -0.000000 -0.001293 0.054641 0.998505 0.000000 0.000000 0.000000 0.000000 1.000000
0.999707 0.024190 -0.000118 0.426848 -0.024162 0.998305 -0.052956 -0.000000 -0.001164 0.052943 0.998597 0.000000 0.000000 0.000000 0.000000 1.000000
0.999668 0.025755 -0.000436 0.426849 -0.025747 0.998509 -0.048132 -0.000000 -0.000804 0.048127 0.998841 0.000000 0.000000 0.000000 0.000000 1.000000
0.999602 0.028195 -0.000890 0.426849 -0.028208 0.998777 -0.040599 -0.000000 -0.000256 0.040608 0.999175 0.000000 0.000000 0.000000 0.000000 1.000000
0.999507 0.031371 -0.001406 0.426849 -0.031400 0.999033 -0.030773 -0.000000 0.000439 0.030802 0.999525 0.000000 0.000000 0.000000 0.000000 1.000000
0.999380 0.035144 -0.001911 0.426849 -0.035174 0.999199 -0.019070 -0.000000 0.001239 0.019125 0.999816 0.000000 0.000000 0.000000 0.000000 1.000000
0.999222 0.039370 -0.002336 0.426849 -0.039384 0.999207 -0.005908 -0.000000 0.002101 0.005995 0.999980 0.000000 0.000000 0.000000 0.000000 1.000000
0.999032 0.043905 -0.002624 0.426848 -0.043882 0.999002 0.008292 0.000000 0.002985 -0.008168 0.999962 0.000000 0.000000 0.000000 0.000000 1.000000
0.998815 0.048597 -0.002729 0.426849 -0.048521 0.998555 0.023104 -0.000000 0.003848 -0.022945 0.999729 0.000000 0.000000 0.000000 0.000000 1.000000
0.998575 0.053294 -0.002622 0.426848 -0.053156 0.997859 0.038106 0.000000 0.004647 -0.037912 0.999270 -0.000000 0.000000 0.000000 0.000000 1.000000
0.998323 0.057840 -0.002291 0.426849 -0.057638 0.996937 0.052871 -0.000000 0.005342 -0.052651 0.998599 -0.000000 0.000000 0.000000 0.000000 1.000000
0.998070 0.062077 -0.001740 0.426849 -0.061821 0.995837 0.066977 -0.000000 0.005891 -0.066740 0.997753 0.000000 0.000000 0.000000 0.000000 1.000000
0.997829 0.065849 -0.000987 0.426849 -0.065559 0.994637 0.080000 0.000000 0.006250 -0.079762 0.996794 0.000000 0.000000 0.000000 0.000000 1.000000
0.997617 0.069001 -0.000064 0.426849 -0.068706 0.993430 0.091525 0.000000 0.006379 -0.091302 0.995803 0.000000 0.000000 0.000000 0.000000 1.000000
0.997417 0.071816 0.001331 0.426848 -0.071572 0.992134 0.102703 0.000000 0.006056 -0.102533 0.994711 0.000000 0.000000 0.000000 0.000000 1.000000
0.997205 0.074635 0.003456 0.426849 -0.074538 0.990589 0.114791 0.000000 0.005144 -0.114728 0.993384 -0.000000 0.000000 0.000000 0.000000 1.000000
0.996981 0.077400 0.006204 0.426849 -0.077559 0.988798 0.127524 -0.000000 0.003736 -0.127620 0.991816 -0.000000 0.000000 0.000000 0.000000 1.000000
0.996745 0.080055 0.009464 0.426849 -0.080590 0.986775 0.140642 -0.000000 0.001921 -0.140947 0.990015 -0.000000 0.000000 0.000000 0.000000 1.000000
0.996500 0.082553 0.013117 0.426848 -0.083588 0.984546 0.153887 -0.000000 -0.000210 -0.154445 0.988001 0.000000 0.000000 0.000000 0.000000 1.000000
0.996248 0.084852 0.017042 0.426849 -0.086508 0.982154 0.167005 -0.000000 -0.002568 -0.167853 0.985809 0.000000 0.000000 0.000000 0.000000 1.000000
0.995991 0.086922 0.021114 0.426849 -0.089306 0.979651 0.179746 0.000000 -0.005061 -0.180911 0.983486 -0.000000 0.000000 0.000000 0.000000 1.000000
0.995736 0.088743 0.025202 0.426848 -0.091939 0.977105 0.191866 -0.000000 -0.007598 -0.193365 0.981098 0.000000 0.000000 0.000000 0.000000 1.000000
0.995487 0.090303 0.029175 0.426849 -0.094361 0.974596 0.203122 -0.000000 -0.010091 -0.204959 0.978719 0.000000 0.000000 0.000000 0.000000 1.000000
0.995252 0.091601 0.032899 0.426849 -0.096531 0.972211 0.213280 0.000000 -0.012448 -0.215444 0.976437 -0.000000 0.000000 0.000000 0.000000 1.000000
0.995040 0.092641 0.036241 0.426848 -0.098403 0.970044 0.222107 0.000000 -0.014580 -0.224572 0.974348 -0.000000 0.000000 0.000000 0.000000 1.000000
0.994859 0.093432 0.039068 0.426849 -0.099935 0.968195 0.229373 0.000000 -0.016394 -0.232098 0.972554 -0.000000 0.000000 0.000000 0.000000 1.000000
0.994719 0.093987 0.041246 0.426849 -0.101083 0.966762 0.234849 -0.000000 -0.017802 -0.237778 0.971156 -0.000000 0.000000 0.000000 0.000000 1.000000
0.994628 0.094316 0.042646 0.426849 -0.101804 0.965840 0.238306 0.000000 -0.018714 -0.241367 0.970253 -0.000000 0.000000 0.000000 0.000000 1.000000
0.994597 0.094426 0.043141 0.426848 -0.102054 0.965515 0.239510 -0.000000 -0.019037 -0.242619 0.969935 0.000000 0.000000 0.000000 0.000000 1.000000
0.995554 0.087251 0.035491 0.426849 -0.092757 0.973660 0.208286 -0.000000 -0.016383 -0.210652 0.977424 -0.000000 0.000000 0.000000 0.000000 1.000000
0.997589 0.066975 0.018183 0.426849 -0.068741 0.989610 0.126284 -0.000000 -0.009536 -0.127229 0.991828 -0.000000 0.000000 0.000000 0.000000 1.000000
0.999358 0.035826 0.000596 0.426848 -0.035831 0.999289 0.011766 -0.000000 -0.000174 -0.011780 0.999931 -0.000000 0.000000 0.000000 0.000000 1.000000
0.999950 -0.001217 -0.009953 0.426849 0.000073 0.993464 -0.114143 -0.000000 0.010027 0.114136 0.993415 0.000000 0.000000 0.000000 0.000000 1.000000
0.999267 -0.036577 -0.011331 0.426849 0.033020 0.972945 -0.228663 0.000000 0.019388 0.228121 0.973440 -0.000000 0.000000 0.000000 0.000000 1.000000
0.998024 -0.062410 -0.007217 0.426849 0.057087 0.948817 -0.310623 0.000000 0.026233 0.309598 0.950506 -0.000000 0.000000 0.000000 0.000000 1.000000
0.997374 -0.072281 -0.004460 0.426849 0.066408 0.937421 -0.341807 0.000000 0.028887 0.340614 0.939759 -0.000000 0.000000 0.000000 0.000000 1.000000
0.997461 -0.071057 -0.004757 0.426848 0.065264 0.938781 -0.338276 -0.000000 0.028503 0.337106 0.941035 -0.000000 0.000000 0.000000 0.000000 1.000000
0.997697 -0.067606 -0.005544 0.426849 0.062044 0.942530 -0.328311 -0.000000 0.027421 0.327211 0.944553 -0.000000 0.000000 0.000000 0.000000 1.000000
0.998038 -0.062255 -0.006617 0.426849 0.057065 0.948091 -0.312837 0.000000 0.025749 0.311845 0.949784 0.000000 0.000000 0.000000 0.000000 1.000000
0.998438 -0.055334 -0.007744 0.426849 0.050647 0.954841 -0.292768 -0.000000 0.023595 0.291919 0.956152 0.000000 0.000000 0.000000 0.000000 1.000000
0.998848 -0.047182 -0.008700 0.426848 0.043106 0.962165 -0.269037 0.000000 0.021064 0.268352 0.963090 -0.000000 0.000000 0.000000 0.000000 1.000000
0.999229 -0.038152 -0.009293 0.426848 0.034761 0.969502 -0.242605 -0.000000 0.018265 0.242095 0.970081 -0.000000 0.000000 0.000000 0.000000 1.000000
0.999547 -0.028610 -0.009391 0.426849 0.025932 0.976386 -0.214470 -0.000000 0.015306 0.214129 0.976685 -0.000000 0.000000 0.000000 0.000000 1.000000
0.999781 -0.018928 -0.008934 0.426849 0.016941 0.982468 -0.185661 0.000000 0.012292 0.185469 0.982573 -0.000000 0.000000 0.000000 0.000000 1.000000
0.999924 -0.009473 -0.007941 0.426849 0.008107 0.987527 -0.157238 0.000000 0.009332 0.157162 0.987529 0.000000 0.000000 0.000000 0.000000 1.000000
0.999979 -0.000606 -0.006509 0.426848 -0.000247 0.991478 -0.130272 -0.000000 0.006532 0.130271 0.991457 -0.000000 0.000000 0.000000 0.000000 1.000000
0.999962 0.007333 -0.004805 0.426848 -0.007801 0.994353 -0.105839 0.000000 0.004001 0.105872 0.994372 -0.000000 0.000000 0.000000 0.000000 1.000000
0.999897 0.014025 -0.003050 0.426849 -0.014234 0.996279 -0.085008 0.000000 0.001846 0.085043 0.996376 -0.000000 0.000000 0.000000 0.000000 1.000000
0.999815 0.019167 -0.001497 0.426848 -0.019224 0.997443 -0.068838 0.000000 0.000174 0.068854 0.997627 0.000000 0.000000 0.000000 0.000000 1.000000
0.999747 0.022468 -0.000404 0.426848 -0.022453 0.998042 -0.058374 0.000000 -0.000908 0.058369 0.998295 -0.000000 0.000000 0.000000 0.000000 1.000000
0.999721 0.023636 0.000001 0.426848 -0.023601 0.998226 -0.054656 -0.000000 -0.001293 0.054641 0.998505 0.000000 0.000000 0.000000 0.000000 1.000000</float_array><technique_common><accessor source="#jnt_spine2-Matrix-animation-output-transform-array" count="51" stride="16"><param type="float4x4"/></accessor></technique_common></source><source id="jnt_spine2-Interpolations"><Name_array id="jnt_spine2-Interpolations-array" count="51">
 LINEAR LINEAR LINEAR LINEAR LINEAR LINEAR LINEAR LINEAR LINEAR LINEAR LINEAR
LINEAR LINEAR LINEAR LINEAR LINEAR LINEAR LINEAR LINEAR LINEAR LINEAR LINEAR LINEAR
LINEAR LINEAR LINEAR LINEAR LINEAR LINEAR LINEAR LINEAR LINEAR LINEAR LINEAR LINEAR
LINEAR LINEAR LINEAR LINEAR LINEAR LINEAR LINEAR LINEAR LINEAR LINEAR LINEAR LINEAR
LINEAR LINEAR LINEAR LINEAR</Name_array><technique_common><accessor source="#jnt_spine2-Interpolations-array" count="51"><param type="name"/></accessor></technique_common></source><sampler id="jnt_spine2-Matrix-animation-transform"><input semantic="INPUT" source="#jnt_spine2-Matrix-animation-input"/><input semantic="OUTPUT" source="#jnt_spine2-Matrix-animation-output-transform"/><input semantic="INTERPOLATION" source="#jnt_spine2-Interpolations"/></sampler><channel source="#jnt_spine2-Matrix-animation-transform" target="jnt_spine2/matrix"/></animation></animation>
    <animation id="jnt_spine3-anim" name="jnt_spine3"><animation><source id="jnt_spine3-Matrix-animation-input"><float_array id="jnt_spine3-Matrix-animation-input-array" count="51">

0.000000 0.033333 0.066667 0.100000 0.133333 0.166667 0.200000 0.233333 0.266667 0.300000 0.333333 0.366667 0.400000 0.433333 0.466667 0.500000
0.533333 0.566667 0.600000 0.633333 0.666667 0.700000 0.733333 0.766667 0.800000 0.833333 0.866667 0.900000 0.933333 0.966667 1.000000 1.033333
1.066667 1.100000 1.133333 1.166667 1.200000 1.233333 1.266667 1.300000 1.333333 1.366667 1.400000 1.433333 1.466667 1.500000 1.533333 1.566667
1.600000 1.633333 1.666667</float_array><technique_common><accessor source="#jnt_spine3-Matrix-animation-input-array" count="51"><param name="TIME" type="float"/></accessor></technique_common></source><source id="jnt_spine3-Matrix-animation-output-transform"><float_array id="jnt_spine3-Matrix-animation-output-transform-array" count="816">

