<?xml version="1.0" encoding="utf-8"?>
<COLLADA xmlns="http://www.collada.org/2005/11/COLLADASchema" version="1.4.1">
  <asset><contributor><author></author><authoring_tool>FBX COLLADA exporter</authoring_tool><comments></comments></contributor><created>2019-12-10T13:01:05Z</created><keywords></keywords><modified>2019-12-10T13:01:05Z</modified><revision></revision><subject></subject><title></title><unit meter="0.010000" name="centimeter"></unit><up_axis>Y_UP</up_axis></asset>
  <library_animations>
    <animation id="root_jnt-anim" name="root_jnt"><animation><source id="root_jnt-Matrix-animation-input"><float_array id="root_jnt-Matrix-animation-input-array" count="19">

0.000000 0.033333 0.066667 0.100000 0.133333 0.166667 0.200000 0.233333 0.266667 0.300000 0.333333 0.366667 0.400000 0.433333 0.466667 0.500000
0.533333 0.566667 0.600000</float_array><technique_common><accessor source="#root_jnt-Matrix-animation-input-array" count="19"><param name="TIME" type="float"/></accessor></technique_common></source><source id="root_jnt-Matrix-animation-output-transform"><float_array id="root_jnt-Matrix-animation-output-transform-array" count="304">

1.000000 0.000000 0.000000 0.000000 0.000000 1.000000 0.000000 0.000000 0.000000 0.000000 1.000000 0.000000 0.000000 0.000000 0.000000 1.000000
1.000000 0.000000 0.000000 0.000000 0.000000 1.000000 0.000000 0.000000 0.000000 0.000000 1.000000 0.000000 0.000000 0.000000 0.000000 1.000000
1.000000 0.000000 0.000000 0.000000 0.000000 1.000000 0.000000 0.000000 0.000000 0.000000 1.000000 0.000000 0.000000 0.000000 0.000000 1.000000
1.000000 0.000000 0.000000 0.000000 0.000000 1.000000 0.000000 0.000000 0.000000 0.000000 1.000000 0.000000 0.000000 0.000000 0.000000 1.000000
1.000000 0.000000 0.000000 0.000000 0.000000 1.000000 0.000000 0.000000 0.000000 0.000000 1.000000 0.000000 0.000000 0.000000 0.000000 1.000000
1.000000 0.000000 0.000000 0.000000 0.000000 1.000000 0.000000 0.000000 0.000000 0.000000 1.000000 0.000000 0.000000 0.000000 0.000000 1.000000
1.000000 0.000000 0.000000 0.000000 0.000000 1.000000 0.000000 0.000000 0.000000 0.000000 1.000000 0.000000 0.000000 0.000000 0.000000 1.000000
1.000000 0.000000 0.000000 0.000000 0.000000 1.000000 0.000000 0.000000 0.000000 0.000000 1.000000 0.000000 0.000000 0.000000 0.000000 1.000000
1.000000 0.000000 0.000000 0.000000 0.000000 1.000000 0.000000 0.000000 0.000000 0.000000 1.000000 0.000000 0.000000 0.000000 0.000000 1.000000
1.000000 0.000000 0.000000 0.000000 0.000000 1.000000 0.000000 0.000000 0.000000 0.000000 1.000000 0.000000 0.000000 0.000000 0.000000 1.000000
1.000000 0.000000 0.000000 0.000000 0.000000 1.000000 0.000000 0.000000 0.000000 0.000000 1.000000 0.000000 0.000000 0.000000 0.000000 1.000000
1.000000 0.000000 0.000000 0.000000 0.000000 1.000000 0.000000 0.000000 0.000000 0.000000 1.000000 0.000000 0.000000 0.000000 0.000000 1.000000
1.000000 0.000000 0.000000 0.000000 0.000000 1.000000 0.000000 0.000000 0.000000 0.000000 1.000000 0.000000 0.000000 0.000000 0.000000 1.000000
1.000000 0.000000 0.000000 0.000000 0.000000 1.000000 0.000000 0.000000 0.000000 0.000000 1.000000 0.000000 0.000000 0.000000 0.000000 1.000000
1.000000 0.000000 0.000000 0.000000 0.000000 1.000000 0.000000 0.000000 0.000000 0.000000 1.000000 0.000000 0.000000 0.000000 0.000000 1.000000
1.000000 0.000000 0.000000 0.000000 0.000000 1.000000 0.000000 0.000000 0.000000 0.000000 1.000000 0.000000 0.000000 0.000000 0.000000 1.000000
1.000000 0.000000 0.000000 0.000000 0.000000 1.000000 0.000000 0.000000 0.000000 0.000000 1.000000 0.000000 0.000000 0.000000 0.000000 1.000000
1.000000 0.000000 0.000000 0.000000 0.000000 1.000000 0.000000 0.000000 0.000000 0.000000 1.000000 0.000000 0.000000 0.000000 0.000000 1.000000
1.000000 0.000000 0.000000 0.000000 0.000000 1.000000 0.000000 0.000000 0.000000 0.000000 1.000000 0.000000 0.000000 0.000000 0.000000 1.000000</float_array><technique_common><accessor source="#root_jnt-Matrix-animation-output-transform-array" count="19" stride="16"><param type="float4x4"/></accessor></technique_common></source><source id="root_jnt-Interpolations"><Name_array id="root_jnt-Interpolations-array" count="19">
 LINEAR LINEAR LINEAR LINEAR LINEAR LINEAR LINEAR LINEAR LINEAR LINEAR LINEAR
LINEAR LINEAR LINEAR LINEAR LINEAR LINEAR LINEAR LINEAR</Name_array><technique_common><accessor source="#root_jnt-Interpolations-array" count="19"><param type="name"/></accessor></technique_common></source><sampler id="root_jnt-Matrix-animation-transform"><input semantic="INPUT" source="#root_jnt-Matrix-animation-input"/><input semantic="OUTPUT" source="#root_jnt-Matrix-animation-output-transform"/><input semantic="INTERPOLATION" source="#root_jnt-Interpolations"/></sampler><channel source="#root_jnt-Matrix-animation-transform" target="root_jnt/matrix"/></animation></animation>
    <animation id="jnt_hips-anim" name="jnt_hips"><animation><source id="jnt_hips-Matrix-animation-input"><float_array id="jnt_hips-Matrix-animation-input-array" count="19">

0.000000 0.033333 0.066667 0.100000 0.133333 0.166667 0.200000 0.233333 0.266667 0.300000 0.333333 0.366667 0.400000 0.433333 0.466667 0.500000
0.533333 0.566667 0.600000</float_array><technique_common><accessor source="#jnt_hips-Matrix-animation-input-array" count="19"><param name="TIME" type="float"/></accessor></technique_common></source><source id="jnt_hips-Matrix-animation-output-transform"><float_array id="jnt_hips-Matrix-animation-output-transform-array" count="304">

0.998786 -0.005537 -0.048944 -0.035031 -0.005413 0.975303 -0.220805 1.852046 0.048958 0.220802 0.974089 -0.118979 0.000000 0.000000 0.000000 1.000000
0.999616 -0.013752 -0.024068 -0.034291 0.009080 0.982805 -0.184425 1.611286 0.026191 0.184136 0.982552 -0.110550 0.000000 0.000000 0.000000 1.000000
0.999811 -0.005756 -0.018590 -0.023131 0.002964 0.989158 -0.146823 1.607939 0.019233 0.146740 0.988988 -0.103123 0.000000 0.000000 0.000000 1.000000
0.999325 0.028664 -0.022956 -0.011041 -0.031679 0.989058 -0.144087 1.730965 0.018575 0.144717 0.989299 -0.106490 0.000000 0.000000 0.000000 1.000000
0.998056 0.062319 0.000180 -0.009497 -0.061427 0.984258 -0.165717 1.937728 -0.010504 0.165384 0.986173 -0.113374 0.000000 0.000000 0.000000 1.000000
0.994946 0.094133 0.034944 -0.003448 -0.085540 0.976872 -0.195968 2.159604 -0.052583 0.191988 0.979987 -0.119334 0.000000 0.000000 0.000000 1.000000
0.992102 0.111575 0.057313 0.007280 -0.096013 0.969521 -0.225411 2.217148 -0.080716 0.218128 0.972576 -0.121901 0.000000 0.000000 0.000000 1.000000
0.994226 0.069929 0.081395 0.019072 -0.048675 0.969876 -0.238687 2.183283 -0.095634 0.233347 0.967679 -0.129821 0.000000 0.000000 0.000000 1.000000
0.996285 -0.001309 0.086113 0.026893 0.021519 0.971954 -0.234186 2.074694 -0.083391 0.235169 0.968371 -0.141547 0.000000 0.000000 0.000000 1.000000
0.997958 0.000719 0.063874 0.036131 0.013476 0.975060 -0.221532 1.869263 -0.062440 0.221940 0.973059 -0.145351 0.000000 0.000000 0.000000 1.000000
0.998485 0.034316 0.043017 0.036602 -0.025781 0.982355 -0.185240 1.608082 -0.048614 0.183850 0.981751 -0.137107 0.000000 0.000000 0.000000 1.000000
0.997719 0.052148 0.042861 0.022732 -0.045210 0.987748 -0.149367 1.607393 -0.050125 0.147089 0.987852 -0.120245 0.000000 0.000000 0.000000 1.000000
0.999501 0.019926 0.024523 0.008110 -0.016029 0.988563 -0.149954 1.718298 -0.027230 0.149486 0.988389 -0.116825 0.000000 0.000000 0.000000 1.000000
0.999293 -0.034393 -0.015166 -0.001796 0.031029 0.982512 -0.183598 1.940354 0.021215 0.182997 0.982884 -0.120363 0.000000 0.000000 0.000000 1.000000
0.994669 -0.086833 -0.055619 -0.009496 0.072579 0.972668 -0.220568 2.172531 0.073252 0.215355 0.973785 -0.124317 0.000000 0.000000 0.000000 1.000000
0.991277 -0.105630 -0.078817 -0.019597 0.083798 0.966730 -0.241684 2.209412 0.101724 0.232971 0.967149 -0.127981 0.000000 0.000000 0.000000 1.000000
0.994039 -0.065664 -0.087034 -0.029468 0.042587 0.968721 -0.244470 2.170815 0.100364 0.239307 0.965743 -0.128731 0.000000 0.000000 0.000000 1.000000
0.997100 -0.010675 -0.075357 -0.031218 -0.007078 0.972817 -0.231468 2.025880 0.075779 0.231330 0.969920 -0.124862 0.000000 0.000000 0.000000 1.000000
0.998774 -0.005886 -0.049156 -0.035060 -0.005129 0.975260 -0.221000 1.853737 0.049241 0.220981 0.974034 -0.119039 0.000000 0.000000 0.000000 1.000000</float_array><technique_common><accessor source="#jnt_hips-Matrix-animation-output-transform-array" count="19" stride="16"><param type="float4x4"/></accessor></technique_common></source><source id="jnt_hips-Interpolations"><Name_array id="jnt_hips-Interpolations-array" count="19">
 LINEAR LINEAR LINEAR LINEAR LINEAR LINEAR LINEAR LINEAR LINEAR LINEAR LINEAR
LINEAR LINEAR LINEAR LINEAR LINEAR LINEAR LINEAR LINEAR</Name_array><technique_common><accessor source="#jnt_hips-Interpolations-array" count="19"><param type="name"/></accessor></technique_common></source><sampler id="jnt_hips-Matrix-animation-transform"><input semantic="INPUT" source="#jnt_hips-Matrix-animation-input"/><input semantic="OUTPUT" source="#jnt_hips-Matrix-animation-output-transform"/><input semantic="INTERPOLATION" source="#jnt_hips-Interpolations"/></sampler><channel source="#jnt_hips-Matrix-animation-transform" target="jnt_hips/matrix"/></animation></animation>
    <animation id="jnt_spine1-anim" name="jnt_spine1"><animation><source id="jnt_spine1-Matrix-animation-input"><float_array id="jnt_spine1-Matrix-animation-input-array" count="19">

0.000000 0.033333 0.066667 0.100000 0.133333 0.166667 0.200000 0.233333 0.266667 0.300000 0.333333 0.366667 0.400000 0.433333 0.466667 0.500000
0.533333 0.566667 0.600000</float_array><technique_common><accessor source="#jnt_spine1-Matrix-animation-input-array" count="19"><param name="TIME" type="float"/></accessor></technique_common></source><source id="jnt_spine1-Matrix-animation-output-transform"><float_array id="jnt_spine1-Matrix-animation-output-transform-array" count="304">

-0.006011 0.095964 0.995367 -0.000000 0.998914 -0.045420 0.010411 0.212132 0.046208 0.994348 -0.095587 0.023482 0.000000 0.000000 0.000000 1.000000
0.022633 0.057452 0.998092 0.000000 0.996671 -0.079514 -0.018023 0.212132 0.078327 0.995177 -0.059061 0.023482 0.000000 0.000000 0.000000 1.000000
0.039422 0.024111 0.998932 -0.000000 0.994223 -0.100825 -0.036803 0.212132 0.099830 0.994612 -0.027946 0.023482 0.000000 0.000000 0.000000 1.000000
0.033173 -0.013855 0.999354 0.000000 0.994881 -0.095040 -0.034343 0.212132 0.095455 0.995377 0.010632 0.023482 0.000000 0.000000 0.000000 1.000000
0.013283 -0.058048 0.998225 -0.000000 0.996598 -0.080446 -0.017939 0.212132 0.081344 0.995067 0.056782 0.023482 0.000000 0.000000 0.000000 1.000000
-0.013754 -0.092523 0.995616 -0.000000 0.997899 -0.064324 0.007808 0.212132 0.063319 0.993631 0.093214 0.023482 0.000000 0.000000 0.000000 1.000000
-0.039692 -0.111520 0.992969 -0.000000 0.998297 -0.046953 0.034632 0.212132 0.042760 0.992652 0.113193 0.023482 0.000000 0.000000 0.000000 1.000000
-0.040893 -0.119933 0.991939 -0.000000 0.998888 -0.028206 0.037770 0.212132 0.023449 0.992381 0.120953 0.023482 0.000000 0.000000 0.000000 1.000000
-0.024321 -0.114565 0.993118 -0.000000 0.999558 -0.019785 0.022196 0.212132 0.017106 0.993219 0.114995 0.023482 0.000000 0.000000 0.000000 1.000000
-0.035576 -0.090380 0.995272 -0.000000 0.999022 -0.029375 0.033043 0.212132 0.026250 0.995474 0.091337 0.023482 0.000000 0.000000 0.000000 1.000000
-0.066581 -0.059724 0.995992 -0.000000 0.995815 -0.066618 0.062574 0.212132 0.062613 0.995990 0.063909 0.023482 0.000000 0.000000 0.000000 1.000000
-0.090090 -0.034328 0.995342 -0.000000 0.991312 -0.099265 0.086302 0.212132 0.095840 0.994469 0.042973 0.023482 0.000000 0.000000 0.000000 1.000000
-0.082935 0.003446 0.996549 0.000000 0.991349 -0.101799 0.082854 0.212132 0.101734 0.994799 0.005027 0.023482 0.000000 0.000000 0.000000 1.000000
-0.054607 0.050646 0.997223 0.000000 0.994000 -0.092032 0.059105 0.212132 0.094770 0.994467 -0.045316 0.023482 0.000000 0.000000 0.000000 1.000000
-0.023074 0.085408 0.996079 -0.000000 0.996591 -0.076977 0.029686 0.212132 0.079210 0.993368 -0.083340 0.023482 0.000000 0.000000 0.000000 1.000000
-0.001764 0.106219 0.994341 -0.000000 0.998163 -0.060034 0.008184 0.212132 0.060564 0.992529 -0.105918 0.023482 0.000000 0.000000 0.000000 1.000000
-0.005275 0.117707 0.993034 -0.000000 0.998917 -0.045295 0.010675 0.212132 0.046236 0.992015 -0.117340 0.023482 0.000000 0.000000 0.000000 1.000000
-0.015446 0.112790 0.993499 0.000000 0.999032 -0.039180 0.019980 0.212132 0.041179 0.992846 -0.112076 0.023482 0.000000 0.000000 0.000000 1.000000
-0.005462 0.089860 0.995939 -0.000000 0.998910 -0.045688 0.009601 0.212132 0.046365 0.994906 -0.089512 0.023482 0.000000 0.000000 0.000000 1.000000</float_array><technique_common><accessor source="#jnt_spine1-Matrix-animation-output-transform-array" count="19" stride="16"><param type="float4x4"/></accessor></technique_common></source><source id="jnt_spine1-Interpolations"><Name_array id="jnt_spine1-Interpolations-array" count="19">
 LINEAR LINEAR LINEAR LINEAR LINEAR LINEAR LINEAR LINEAR LINEAR LINEAR LINEAR
LINEAR LINEAR LINEAR LINEAR LINEAR LINEAR LINEAR LINEAR</Name_array><technique_common><accessor source="#jnt_spine1-Interpolations-array" count="19"><param type="name"/></accessor></technique_common></source><sampler id="jnt_spine1-Matrix-animation-transform"><input semantic="INPUT" source="#jnt_spine1-Matrix-animation-input"/><input semantic="OUTPUT" source="#jnt_spine1-Matrix-animation-output-transform"/><input semantic="INTERPOLATION" source="#jnt_spine1-Interpolations"/></sampler><channel source="#jnt_spine1-Matrix-animation-transform" target="jnt_spine1/matrix"/></animation></animation>
    <animation id="jnt_spine2-anim" name="jnt_spine2"><animation><source id="jnt_spine2-Matrix-animation-input"><float_array id="jnt_spine2-Matrix-animation-input-array" count="19">

0.000000 0.033333 0.066667 0.100000 0.133333 0.166667 0.200000 0.233333 0.266667 0.300000 0.333333 0.366667 0.400000 0.433333 0.466667 0.500000
0.533333 0.566667 0.600000</float_array><technique_common><accessor source="#jnt_spine2-Matrix-animation-input-array" count="19"><param name="TIME" type="float"/></accessor></technique_common></source><source id="jnt_spine2-Matrix-animation-output-transform"><float_array id="jnt_spine2-Matrix-animation-output-transform-array" count="304">

0.998746 -0.049969 -0.003159 0.426849 0.049456 0.994400 -0.093391 -0.000000 0.007808 0.093117 0.995625 0.000000 0.000000 0.000000 0.000000 1.000000
0.995106 -0.093882 -0.030810 0.426849 0.092100 0.994234 -0.054914 -0.000000 0.035787 0.051807 0.998016 -0.000000 0.000000 0.000000 0.000000 1.000000
0.990643 -0.126630 -0.050915 0.426849 0.125912 0.991894 -0.017079 -0.000000 0.052665 0.010508 0.998557 -0.000000 0.000000 0.000000 0.000000 1.000000
0.990542 -0.127187 -0.051487 0.426849 0.128475 0.991457 0.022519 -0.000000 0.048183 -0.028921 0.998420 0.000000 0.000000 0.000000 0.000000 1.000000
0.992820 -0.114121 -0.035853 0.426848 0.116052 0.991583 0.057407 0.000000 0.029000 -0.061156 0.997707 -0.000000 0.000000 0.000000 0.000000 1.000000
0.994987 -0.099340 -0.011499 0.426849 0.099952 0.991573 0.082414 -0.000000 0.003215 -0.083150 0.996532 -0.000000 0.000000 0.000000 0.000000 1.000000
0.996377 -0.084176 0.012155 0.426848 0.082628 0.991933 0.096136 0.000000 -0.020149 -0.094783 0.995294 0.000000 0.000000 0.000000 0.000000 1.000000
0.997643 -0.067050 0.014569 0.426848 0.065220 0.992619 0.102245 -0.000000 -0.021318 -0.101054 0.994653 -0.000000 0.000000 0.000000 0.000000 1.000000
0.998470 -0.055293 -0.000659 0.426848 0.055091 0.993641 0.098201 0.000000 -0.004775 -0.098087 0.995166 -0.000000 0.000000 0.000000 0.000000 1.000000
0.997901 -0.063643 0.011998 0.426849 0.062566 0.995201 0.075237 0.000000 -0.016729 -0.074329 0.997093 0.000000 0.000000 0.000000 0.000000 1.000000
0.993794 -0.102654 0.042851 0.426848 0.100760 0.993927 0.044232 -0.000000 -0.047132 -0.039640 0.998102 -0.000000 0.000000 0.000000 0.000000 1.000000
0.989676 -0.125846 0.068582 0.426849 0.124895 0.992007 0.018005 -0.000000 -0.070300 -0.009254 0.997483 -0.000000 0.000000 0.000000 0.000000 1.000000
0.990732 -0.119351 0.064849 0.426849 0.121349 0.992221 -0.027774 0.000000 -0.061030 0.035386 0.997508 -0.000000 0.000000 0.000000 0.000000 1.000000
0.994425 -0.098772 0.036917 0.426849 0.101161 0.992427 -0.069679 -0.000000 -0.029755 0.073025 0.996886 -0.000000 0.000000 0.000000 0.000000 1.000000
0.996620 -0.081966 0.005445 0.426849 0.082118 0.992333 -0.092373 -0.000000 0.002169 0.092508 0.995710 0.000000 0.000000 0.000000 0.000000 1.000000
0.997600 -0.068217 -0.011866 0.426849 0.066519 0.991778 -0.109323 0.000000 0.019226 0.108272 0.993935 -0.000000 0.000000 0.000000 0.000000 1.000000
0.998612 -0.052088 -0.007811 0.426849 0.050773 0.991440 -0.120284 0.000000 0.014009 0.119720 0.992709 -0.000000 0.000000 0.000000 0.000000 1.000000
0.999019 -0.044015 0.004875 0.426849 0.044283 0.992588 -0.113175 -0.000000 0.000143 0.113280 0.993563 -0.000000 0.000000 0.000000 0.000000 1.000000
0.998736 -0.050134 -0.003516 0.426849 0.049624 0.994803 -0.088908 -0.000000 0.007955 0.088621 0.996034 -0.000000 0.000000 0.000000 0.000000 1.000000</float_array><technique_common><accessor source="#jnt_spine2-Matrix-animation-output-transform-array" count="19" stride="16"><param type="float4x4"/></accessor></technique_common></source><source id="jnt_spine2-Interpolations"><Name_array id="jnt_spine2-Interpolations-array" count="19">
 LINEAR LINEAR LINEAR LINEAR LINEAR LINEAR LINEAR LINEAR LINEAR LINEAR LINEAR
LINEAR LINEAR LINEAR LINEAR LINEAR LINEAR LINEAR LINEAR</Name_array><technique_common><accessor source="#jnt_spine2-Interpolations-array" count="19"><param type="name"/></accessor></technique_common></source><sampler id="jnt_spine2-Matrix-animation-transform"><input semantic="INPUT" source="#jnt_spine2-Matrix-animation-input"/><input semantic="OUTPUT" source="#jnt_spine2-Matrix-animation-output-transform"/><input semantic="INTERPOLATION" source="#jnt_spine2-Interpolations"/></sampler><channel source="#jnt_spine2-Matrix-animation-transform" target="jnt_spine2/matrix"/></animation></animation>
    <animation id="jnt_spine3-anim" name="jnt_spine3"><animation><source id="jnt_spine3-Matrix-animation-input"><float_array id="jnt_spine3-Matrix-animation-input-array" count="19">

0.000000 0.033333 0.066667 0.100000 0.133333 0.166667 0.200000 0.233333 0.266667 0.300000 0.333333 0.366667 0.400000 0.433333 0.466667 0.500000
0.533333 0.566667 0.600000</float_array><technique_common><accessor source="#jnt_spine3-Matrix-animation-input-array" count="19"><param name="TIME" type="float"/></accessor></technique_common></source><source id="jnt_spine3-Matrix-animation-output-transform"><float_array id="jnt_spine3-Matrix-animation-output-transform-array" count="304">

0.998528 -0.036833 0.039819 0.555067 0.039787 0.996303 -0.076140 -0.000000 -0.036867 0.077612 0.996302 0.000000 0.000000 0.000000 0.000000 1.000000
0.996657 -0.081682 0.001851 0.555067 0.081615 0.994273 -0.068990 0.000000 0.003795 0.068911 0.997616 -0.000000 0.000000 0.000000 0.000000 1.000000
0.992835 -0.116573 -0.026266 0.555067 0.115487 0.992517 -0.039661 -0.000000 0.030692 0.036343 0.998868 -0.000000 0.000000 0.000000 0.000000 1.000000
0.992037 -0.117970 -0.044098 0.555067 0.118133 0.992997 0.001083 0.000000 0.043661 -0.006284 0.999027 -0.000000 0.000000 0.000000 0.000000 1.000000
0.992980 -0.102058 -0.059797 0.555067 0.104612 0.993657 0.041266 -0.000000 0.055206 -0.047231 0.997357 -0.000000 0.000000 0.000000 0.000000 1.000000
0.994581 -0.082450 -0.063332 0.555067 0.087237 0.993211 0.076951 -0.000000 0.056557 -0.082059 0.995021 -0.000000 0.000000 0.000000 0.000000 1.000000
0.996344 -0.063177 -0.057510 0.555067 0.068914 0.992191 0.103958 -0.000000 0.050493 -0.107541 0.992918 -0.000000 0.000000 0.000000 0.000000 1.000000
0.996860 -0.043335 -0.066277 0.555067 0.050494 0.992597 0.110464 0.000000 0.060999 -0.113464 0.991668 -0.000000 0.000000 0.000000 0.000000 1.000000
0.996302 -0.031961 -0.079757 0.555067 0.039767 0.994363 0.098289 -0.000000 0.076166 -0.101097 0.991957 -0.000000 0.000000 0.000000 0.000000 1.000000
0.997463 -0.043813 -0.056103 0.555067 0.048430 0.995307 0.083772 -0.000000 0.052170 -0.086277 0.994904 -0.000000 0.000000 0.000000 0.000000 1.000000
0.996105 -0.086944 -0.014649 0.555067 0.087767 0.993641 0.070535 0.000000 0.008423 -0.071546 0.997402 -0.000000 0.000000 0.000000 0.000000 1.000000
0.993318 -0.113705 0.019764 0.555067 0.112446 0.992074 0.056076 -0.000000 -0.025983 -0.053479 0.998231 -0.000000 0.000000 0.000000 0.000000 1.000000
0.993524 -0.109634 0.029845 0.555067 0.109481 0.993966 0.006730 -0.000000 -0.030403 -0.003419 0.999532 -0.000000 0.000000 0.000000 0.000000 1.000000
0.995606 -0.088170 0.031542 0.555067 0.089559 0.994931 -0.045728 -0.000000 -0.027350 0.048352 0.998456 -0.000000 0.000000 0.000000 0.000000 1.000000
0.997232 -0.068850 0.028081 0.555067 0.070915 0.994212 -0.080709 -0.000000 -0.022362 0.082477 0.996342 0.000000 0.000000 0.000000 0.000000 1.000000
0.998213 -0.053173 0.027276 0.555067 0.055816 0.992624 -0.107616 0.000000 -0.021353 0.108946 0.993818 0.000000 0.000000 0.000000 0.000000 1.000000
0.998490 -0.036312 0.041211 0.555067 0.040918 0.992280 -0.117076 0.000000 -0.036642 0.118586 0.992267 -0.000000 0.000000 0.000000 0.000000 1.000000
0.998007 -0.028486 0.056302 0.555067 0.034299 0.993866 -0.105137 0.000000 -0.052962 0.106858 0.992863 -0.000000 0.000000 0.000000 0.000000 1.000000
0.998530 -0.036089 0.040438 0.555067 0.039517 0.995385 -0.087447 -0.000000 -0.037096 0.088917 0.995348 -0.000000 0.000000 0.000000 0.000000 1.000000</float_array><technique_common><accessor source="#jnt_spine3-Matrix-animation-output-transform-array" count="19" stride="16"><param type="float4x4"/></accessor></technique_common></source><source id="jnt_spine3-Interpolations"><Name_array id="jnt_spine3-Interpolations-array" count="19">
 LINEAR LINEAR LINEAR LINEAR LINEAR LINEAR LINEAR LINEAR LINEAR LINEAR LINEAR
LINEAR LINEAR LINEAR LINEAR LINEAR LINEAR LINEAR LINEAR</Name_array><technique_common><accessor source="#jnt_spine3-Interpolations-array" count="19"><param type="name"/></accessor></technique_common></source><sampler id="jnt_spine3-Matrix-animation-transform"><input semantic="INPUT" source="#jnt_spine3-Matrix-animation-input"/><input semantic="OUTPUT" source="#jnt_spine3-Matrix-animation-output-transform"/><input semantic="INTERPOLATION" source="#jnt_spine3-Interpolations"/></sampler><channel source="#jnt_spine3-Matrix-animation-transform" target="jnt_spine3/matrix"/></animation></animation>
    <animation id="jnt_neck-anim" name="jnt_neck"><animation><source id="jnt_neck-Matrix-animation-input"><float_array id="jnt_neck-Matrix-animation-input-array" count="19">

0.000000 0.033333 0.066667 0.100000 0.133333 0.166667 0.200000 0.233333 0.266667 0.300000 0.333333 0.366667 0.400000 0.433333 0.466667 0.500000
0.533333 0.566667 0.600000</float_array><technique_common><accessor source="#jnt_neck-Matrix-animation-input-array" count="19"><param name="TIME" type="float"/></accessor></technique_common></source><source id="jnt_neck-Matrix-animation-output-transform"><float_array id="jnt_neck-Matrix-animation-output-transform-array" count="304">

0.960255 -0.275720 -0.043472 0.867463 0.278280 0.957777 0.072277 0.171573 0.021708 -0.081502 0.996437 0.000000 0.000000 0.000000 0.000000 1.000000
0.974525 -0.223523 -0.018398 0.867450 0.224215 0.972926 0.056058 0.171570 0.005370 -0.058755 0.998258 -0.000000 0.000000 0.000000 0.000000 1.000000
0.982813 -0.184316 -0.010294 0.867461 0.184509 0.982563 0.022927 0.171571 0.005889 -0.024432 0.999684 -0.000000 0.000000 0.000000 0.000000 1.000000
0.985130 -0.171612 -0.008211 0.867456 0.171365 0.984897 -0.024743 0.171571 0.012333 0.022968 0.999660 -0.000000 0.000000 0.000000 0.000000 1.000000
0.984149 -0.177340 0.001017 0.867459 0.177047 0.982161 -0.063349 0.171573 0.010235 0.062525 0.997991 -0.000000 0.000000 0.000000 0.000000 1.000000
0.981129 -0.193011 0.011529 0.867450 0.193269 0.977163 -0.088320 0.171571 0.005781 0.088882 0.996025 -0.000000 0.000000 0.000000 0.000000 1.000000
0.976657 -0.213972 0.018893 0.867452 0.214765 0.971004 -0.105013 0.171574 0.004124 0.106619 0.994291 0.000000 0.000000 0.000000 0.000000 1.000000
0.970165 -0.239753 0.036029 0.867453 0.242244 0.964642 -0.103848 0.171574 -0.009857 0.109477 0.993940 0.000000 0.000000 0.000000 0.000000 1.000000
0.966116 -0.251717 0.057092 0.867458 0.256233 0.961960 -0.094746 0.171571 -0.031071 0.106164 0.993863 -0.000000 0.000000 0.000000 0.000000 1.000000
0.969396 -0.239494 0.053978 0.867454 0.243446 0.966150 -0.085370 0.171569 -0.031705 0.095898 0.994886 -0.000000 0.000000 0.000000 0.000000 1.000000
0.979690 -0.198805 0.026152 0.867460 0.200245 0.976807 -0.075832 0.171572 -0.010469 0.079529 0.996778 -0.000000 0.000000 0.000000 0.000000 1.000000
0.982860 -0.184351 0.000401 0.867460 0.184031 0.981021 -0.061074 0.171572 0.010866 0.060101 0.998133 -0.000000 0.000000 0.000000 0.000000 1.000000
0.979358 -0.202129 -0.001444 0.867452 0.202078 0.979230 -0.016512 0.171571 0.004752 0.015879 0.999863 -0.000000 0.000000 0.000000 0.000000 1.000000
0.972784 -0.231703 -0.002200 0.867460 0.231688 0.972498 0.023820 0.171571 -0.003379 -0.023681 0.999714 0.000000 0.000000 0.000000 0.000000 1.000000
0.965964 -0.258475 -0.010224 0.867450 0.258672 0.964961 0.044033 0.171570 -0.001516 -0.045179 0.998978 -0.000000 0.000000 0.000000 0.000000 1.000000
0.961692 -0.273648 -0.016257 0.867452 0.274119 0.959422 0.066086 0.171574 -0.002487 -0.068010 0.997682 -0.000001 0.000000 0.000000 0.000000 1.000000
0.958049 -0.285141 -0.028946 0.867451 0.286576 0.954514 0.082321 0.171572 0.004156 -0.087162 0.996185 -0.000000 0.000000 0.000000 0.000000 1.000000
0.955970 -0.290187 -0.043738 0.867453 0.292926 0.952585 0.082317 0.171572 0.017777 -0.091504 0.995646 -0.000000 0.000000 0.000000 0.000000 1.000000
0.958972 -0.280056 -0.044060 0.867450 0.282657 0.956484 0.072410 0.171570 0.021864 -0.081893 0.996401 -0.000000 0.000000 0.000000 0.000000 1.000000</float_array><technique_common><accessor source="#jnt_neck-Matrix-animation-output-transform-array" count="19" stride="16"><param type="float4x4"/></accessor></technique_common></source><source id="jnt_neck-Interpolations"><Name_array id="jnt_neck-Interpolations-array" count="19">
 LINEAR LINEAR LINEAR LINEAR LINEAR LINEAR LINEAR LINEAR LINEAR LINEAR LINEAR
LINEAR LINEAR LINEAR LINEAR LINEAR LINEAR LINEAR LINEAR</Name_array><technique_common><accessor source="#jnt_neck-Interpolations-array" count="19"><param type="name"/></accessor></technique_common></source><sampler id="jnt_neck-Matrix-animation-transform"><input semantic="INPUT" source="#jnt_neck-Matrix-animation-input"/><input semantic="OUTPUT" source="#jnt_neck-Matrix-animation-output-transform"/><input semantic="INTERPOLATION" source="#jnt_neck-Interpolations"/></sampler><channel source="#jnt_neck-Matrix-animation-transform" target="jnt_neck/matrix"/></animation></animation>
    <animation id="jnt_head-anim" name="jnt_head"><animation><source id="jnt_head-Matrix-animation-input"><float_array id="jnt_head-Matrix-animation-input-array" count="19">

0.000000 0.033333 0.066667 0.100000 0.133333 0.166667 0.200000 0.233333 0.266667 0.300000 0.333333 0.366667 0.400000 0.433333 0.466667 0.500000
0.533333 0.566667 0.600000</float_array><technique_common><accessor source="#jnt_head-Matrix-animation-input-array" count="19"><param name="TIME" type="float"/></accessor></technique_common></source><source id="jnt_head-Matrix-animation-output-transform"><float_array id="jnt_head-Matrix-animation-output-transform-array" count="304">

0.954123 0.299058 0.014641 0.273591 -0.298995 0.949050 0.099530 0.000001 0.015870 -0.099342 0.994927 -0.000000 0.000000 0.000000 0.000000 1.000000
0.933873 0.354573 0.046465 0.273591 -0.357158 0.931292 0.071645 0.000000 -0.017869 -0.083503 0.996347 0.000000 0.000000 0.000000 0.000000 1.000000
0.915098 0.397441 0.068093 0.273591 -0.399893 0.916173 0.026680 0.000000 -0.051781 -0.051644 0.997322 0.000000 0.000000 0.000000 0.000000 1.000000
0.908921 0.412396 0.061582 0.273593 -0.411583 0.911003 -0.025940 0.000000 -0.066799 -0.001769 0.997765 0.000000 0.000000 0.000000 0.000000 1.000000
0.909500 0.413646 0.041303 0.273592 -0.411083 0.909714 -0.058577 0.000000 -0.061804 0.036297 0.997428 0.000000 0.000000 0.000000 0.000000 1.000000
0.913965 0.405390 0.018086 0.273591 -0.403078 0.912095 -0.074902 0.000000 -0.046861 0.061168 0.997027 0.000000 0.000000 0.000000 0.000000 1.000000
0.920512 0.390691 -0.004267 0.273590 -0.389635 0.917105 -0.084276 0.000001 -0.029012 0.079240 0.996433 0.000000 0.000000 0.000000 0.000000 1.000000
0.927784 0.372640 -0.018869 0.273589 -0.372910 0.924399 -0.080156 0.000002 -0.012427 0.081404 0.996604 0.000000 0.000000 0.000000 0.000000 1.000000
0.932534 0.360233 -0.024737 0.273593 -0.361070 0.929781 -0.071661 0.000000 -0.002815 0.075758 0.997122 -0.000000 0.000000 0.000000 0.000000 1.000000
0.931331 0.362560 -0.034251 0.273592 -0.364016 0.929574 -0.058176 0.000001 0.010746 0.066649 0.997719 -0.000000 0.000000 0.000000 0.000000 1.000000
0.918681 0.391342 -0.053632 0.273592 -0.393355 0.918761 -0.033899 0.000000 0.036009 0.052239 0.997985 -0.000000 0.000000 0.000000 0.000000 1.000000
0.912217 0.403212 -0.072664 0.273591 -0.404556 0.914504 -0.004182 0.000001 0.064765 0.033212 0.997348 -0.000000 0.000000 0.000000 0.000000 1.000000
0.919000 0.387785 -0.071150 0.273591 -0.385691 0.921686 0.041683 0.000001 0.081742 -0.010865 0.996594 -0.000000 0.000000 0.000000 0.000000 1.000000
0.930662 0.362555 -0.049218 0.273592 -0.358462 0.930456 0.075873 0.000000 0.073304 -0.052969 0.995902 -0.000000 0.000000 0.000000 0.000000 1.000000
0.940376 0.339260 -0.024412 0.273591 -0.335972 0.937663 0.088943 0.000001 0.053065 -0.075438 0.995738 -0.000000 0.000000 0.000000 0.000000 1.000000
0.949150 0.314791 -0.004637 0.273589 -0.312719 0.944400 0.101567 0.000001 0.036351 -0.094952 0.994818 -0.000000 0.000000 0.000000 0.000000 1.000000
0.955591 0.294616 0.006813 0.273590 -0.293459 0.949214 0.113466 0.000001 0.026962 -0.110427 0.993518 -0.000000 0.000000 0.000000 0.000000 1.000000
0.957593 0.288033 0.007235 0.273591 -0.286927 0.951029 0.114960 -0.000000 0.026231 -0.112161 0.993344 0.000000 0.000000 0.000000 0.000000 1.000000
0.955515 0.294735 0.011083 0.273591 -0.294312 0.950341 0.101153 0.000001 0.019281 -0.099915 0.994809 -0.000000 0.000000 0.000000 0.000000 1.000000</float_array><technique_common><accessor source="#jnt_head-Matrix-animation-output-transform-array" count="19" stride="16"><param type="float4x4"/></accessor></technique_common></source><source id="jnt_head-Interpolations"><Name_array id="jnt_head-Interpolations-array" count="19">
 LINEAR LINEAR LINEAR LINEAR LINEAR LINEAR LINEAR LINEAR LINEAR LINEAR LINEAR
LINEAR LINEAR LINEAR LINEAR LINEAR LINEAR LINEAR LINEAR</Name_array><technique_common><accessor source="#jnt_head-Interpolations-array" count="19"><param type="name"/></accessor></technique_common></source><sampler id="jnt_head-Matrix-animation-transform"><input semantic="INPUT" source="#jnt_head-Matrix-animation-input"/><input semantic="OUTPUT" source="#jnt_head-Matrix-animation-output-transform"/><input semantic="INTERPOLATION" source="#jnt_head-Interpolations"/></sampler><channel source="#jnt_head-Matrix-animation-transform" target="jnt_head/matrix"/></animation></animation>
    <animation id="jnt_left_shoulder-anim" name="jnt_left_shoulder"><animation><source id="jnt_left_shoulder-Matrix-animation-input"><float_array id="jnt_left_shoulder-Matrix-animation-input-array" count="19">

0.000000 0.033333 0.066667 0.100000 0.133333 0.166667 0.200000 0.233333 0.266667 0.300000 0.333333 0.366667 0.400000 0.433333 0.466667 0.500000
0.533333 0.566667 0.600000</float_array><technique_common><accessor source="#jnt_left_shoulder-Matrix-animation-input-array" count="19"><param name="TIME" type="float"/></accessor></technique_common></source><source id="jnt_left_shoulder-Matrix-animation-output-transform"><float_array id="jnt_left_shoulder-Matrix-animation-output-transform-array" count="304">

0.131099 0.066578 -0.989131 0.635987 0.398074 -0.917310 -0.008983 0.114392 -0.907938 -0.392569 -0.146761 0.266187 0.000000 0.000000 0.000000 1.000000
0.166726 0.064218 -0.983910 0.635987 0.389474 -0.921019 0.005884 0.114392 -0.905821 -0.384188 -0.178569 0.266187 0.000000 0.000000 0.000000 1.000000
0.185819 0.062837 -0.980573 0.635987 0.361730 -0.932241 0.008808 0.114391 -0.913577 -0.356339 -0.195958 0.266187 0.000000 0.000000 0.000000 1.000000
0.183815 0.063347 -0.980918 0.635987 0.346347 -0.938097 0.004321 0.114392 -0.919922 -0.340532 -0.194376 0.266187 0.000000 0.000000 0.000000 1.000000
0.148722 0.068884 -0.986477 0.635987 0.332661 -0.942916 -0.015690 0.114391 -0.931246 -0.325829 -0.163148 0.266187 0.000000 0.000000 0.000000 1.000000
0.094534 0.078862 -0.992393 0.635987 0.313593 -0.948467 -0.045499 0.114392 -0.944840 -0.306906 -0.114393 0.266187 0.000000 0.000000 0.000000 1.000000
0.041934 0.088163 -0.995223 0.635987 0.305374 -0.949563 -0.071251 0.114391 -0.951309 -0.300927 -0.066741 0.266187 0.000000 0.000000 0.000000 1.000000
-0.022509 0.098026 -0.994929 0.635987 0.301043 -0.948327 -0.100245 0.114392 -0.953345 -0.301772 -0.008164 0.266187 0.000000 0.000000 0.000000 1.000000
-0.058173 0.103567 -0.992920 0.635987 0.296913 -0.947801 -0.116257 0.114391 -0.953131 -0.301574 0.024386 0.266187 0.000000 0.000000 0.000000 1.000000
-0.033858 0.099815 -0.994430 0.635987 0.299761 -0.948176 -0.105378 0.114392 -0.953413 -0.301659 0.002182 0.266187 0.000000 0.000000 0.000000 1.000000
0.007494 0.095393 -0.995411 0.635987 0.294823 -0.951402 -0.088956 0.114392 -0.955522 -0.292804 -0.035254 0.266187 0.000000 0.000000 0.000000 1.000000
0.023022 0.094414 -0.995267 0.635987 0.288404 -0.953834 -0.083813 0.114392 -0.957232 -0.285110 -0.049189 0.266187 0.000000 0.000000 0.000000 1.000000
0.015181 0.094977 -0.995364 0.635987 0.292392 -0.952386 -0.086417 0.114392 -0.956178 -0.289724 -0.042228 0.266187 0.000000 0.000000 0.000000 1.000000
0.017087 0.092544 -0.995562 0.635987 0.303220 -0.949296 -0.083039 0.114391 -0.952767 -0.300455 -0.044282 0.266187 0.000000 0.000000 0.000000 1.000000
0.025420 0.087288 -0.995859 0.635987 0.323692 -0.943232 -0.074413 0.114391 -0.945821 -0.320460 -0.052231 0.266187 0.000000 0.000000 0.000000 1.000000
0.017774 0.083431 -0.996355 0.635987 0.347309 -0.934975 -0.072096 0.114392 -0.937582 -0.344762 -0.045594 0.266187 0.000000 0.000000 0.000000 1.000000
0.016736 0.081013 -0.996572 0.635987 0.359967 -0.930366 -0.069586 0.114391 -0.932815 -0.357569 -0.044733 0.266187 0.000000 0.000000 0.000000 1.000000
0.065137 0.073998 -0.995129 0.635987 0.377093 -0.925124 -0.044110 0.114391 -0.923882 -0.372383 -0.088164 0.266187 0.000000 0.000000 0.000000 1.000000
0.130603 0.066624 -0.989194 0.635987 0.397919 -0.917374 -0.009249 0.114392 -0.908077 -0.392411 -0.146322 0.266187 0.000000 0.000000 0.000000 1.000000</float_array><technique_common><accessor source="#jnt_left_shoulder-Matrix-animation-output-transform-array" count="19" stride="16"><param type="float4x4"/></accessor></technique_common></source><source id="jnt_left_shoulder-Interpolations"><Name_array id="jnt_left_shoulder-Interpolations-array" count="19">
 LINEAR LINEAR LINEAR LINEAR LINEAR LINEAR LINEAR LINEAR LINEAR LINEAR LINEAR
LINEAR LINEAR LINEAR LINEAR LINEAR LINEAR LINEAR LINEAR</Name_array><technique_common><accessor source="#jnt_left_shoulder-Interpolations-array" count="19"><param type="name"/></accessor></technique_common></source><sampler id="jnt_left_shoulder-Matrix-animation-transform"><input semantic="INPUT" source="#jnt_left_shoulder-Matrix-animation-input"/><input semantic="OUTPUT" source="#jnt_left_shoulder-Matrix-animation-output-transform"/><input semantic="INTERPOLATION" source="#jnt_left_shoulder-Interpolations"/></sampler><channel source="#jnt_left_shoulder-Matrix-animation-transform" target="jnt_left_shoulder/matrix"/></animation></animation>
    <animation id="jnt_left_arm-anim" name="jnt_left_arm"><animation><source id="jnt_left_arm-Matrix-animation-input"><float_array id="jnt_left_arm-Matrix-animation-input-array" count="19">

0.000000 0.033333 0.066667 0.100000 0.133333 0.166667 0.200000 0.233333 0.266667 0.300000 0.333333 0.366667 0.400000 0.433333 0.466667 0.500000
0.533333 0.566667 0.600000</float_array><technique_common><accessor source="#jnt_left_arm-Matrix-animation-input-array" count="19"><param name="TIME" type="float"/></accessor></technique_common></source><source id="jnt_left_arm-Matrix-animation-output-transform"><float_array id="jnt_left_arm-Matrix-animation-output-transform-array" count="304">

0.885605 -0.037086 0.462957 -0.525416 -0.409793 0.406718 0.816487 -0.032447 -0.218573 -0.912801 0.344994 0.009491 0.000000 0.000000 0.000000 1.000000
0.852160 -0.081614 0.516878 -0.525417 -0.363719 0.617761 0.697194 -0.032447 -0.376208 -0.782119 0.496747 0.009491 0.000000 0.000000 0.000000 1.000000
0.778697 -0.195616 0.596126 -0.525417 -0.234250 0.790792 0.565487 -0.032447 -0.582030 -0.579985 0.569964 0.009491 0.000000 0.000000 0.000000 1.000000
0.670126 -0.338856 0.660385 -0.525417 -0.112287 0.833189 0.541468 -0.032447 -0.733705 -0.437004 0.520292 0.009491 0.000000 0.000000 0.000000 1.000000
0.572646 -0.434397 0.695253 -0.525417 -0.055773 0.825465 0.561691 -0.032447 -0.817903 -0.360427 0.448471 0.009492 0.000000 0.000000 0.000000 1.000000
0.491290 -0.503969 0.710387 -0.525418 -0.022962 0.807825 0.588975 -0.032447 -0.870693 -0.305670 0.385304 0.009491 0.000000 0.000000 0.000000 1.000000
0.431219 -0.577824 0.692943 -0.525417 0.001728 0.768546 0.639792 -0.032447 -0.902246 -0.274693 0.332410 0.009492 0.000000 0.000000 0.000000 1.000000
0.398649 -0.629394 0.667040 -0.525416 0.006308 0.729198 0.684274 -0.032448 -0.917082 -0.268578 0.294664 0.009492 0.000000 0.000000 0.000000 1.000000
0.403664 -0.671993 0.620871 -0.525417 -0.003661 0.677424 0.735584 -0.032447 -0.914900 -0.299202 0.270991 0.009491 0.000000 0.000000 0.000000 1.000000
0.448568 -0.684433 0.574750 -0.525417 -0.043618 0.625547 0.778966 -0.032447 -0.892684 -0.374489 0.250746 0.009491 0.000000 0.000000 0.000000 1.000000
0.508283 -0.649423 0.565595 -0.525417 -0.064879 0.626017 0.777105 -0.032447 -0.858743 -0.431684 0.276060 0.009492 0.000000 0.000000 0.000000 1.000000
0.581263 -0.586821 0.563715 -0.525417 -0.077869 0.649473 0.756387 -0.032447 -0.809981 -0.483555 0.331820 0.009492 0.000000 0.000000 0.000000 1.000000
0.685180 -0.523908 0.506012 -0.525417 -0.123763 0.600871 0.789707 -0.032447 -0.717782 -0.603717 0.346865 0.009491 0.000000 0.000000 0.000000 1.000000
0.795146 -0.435021 0.422492 -0.525417 -0.165675 0.514360 0.841419 -0.032447 -0.583348 -0.739047 0.336919 0.009491 0.000000 0.000000 0.000000 1.000000
0.861538 -0.334857 0.381606 -0.525417 -0.216171 0.438155 0.872520 -0.032448 -0.459372 -0.834201 0.305101 0.009492 0.000000 0.000000 0.000000 1.000000
0.885573 -0.241740 0.396638 -0.525417 -0.291939 0.374511 0.880065 -0.032448 -0.361292 -0.895156 0.261083 0.009492 0.000000 0.000000 0.000000 1.000000
0.886816 -0.161358 0.433037 -0.525417 -0.364211 0.332733 0.869850 -0.032447 -0.284443 -0.929114 0.236305 0.009491 0.000000 0.000000 0.000000 1.000000
0.886227 -0.086317 0.455138 -0.525417 -0.403712 0.337943 0.850183 -0.032447 -0.227196 -0.937200 0.264647 0.009492 0.000000 0.000000 0.000000 1.000000
0.885696 -0.037484 0.462750 -0.525417 -0.409638 0.405990 0.816926 -0.032447 -0.218494 -0.913108 0.344229 0.009491 0.000000 0.000000 0.000000 1.000000</float_array><technique_common><accessor source="#jnt_left_arm-Matrix-animation-output-transform-array" count="19" stride="16"><param type="float4x4"/></accessor></technique_common></source><source id="jnt_left_arm-Interpolations"><Name_array id="jnt_left_arm-Interpolations-array" count="19">
 LINEAR LINEAR LINEAR LINEAR LINEAR LINEAR LINEAR LINEAR LINEAR LINEAR LINEAR
