<?xml version="1.0" encoding="utf-8"?>
<COLLADA xmlns="http://www.collada.org/2005/11/COLLADASchema" version="1.4.1">
  <asset><contributor><author></author><authoring_tool>FBX COLLADA exporter</authoring_tool><comments></comments></contributor><created>2020-03-03T19:08:35Z</created><keywords></keywords><modified>2020-03-03T19:08:35Z</modified><revision></revision><subject></subject><title></title><unit meter="0.010000" name="centimeter"></unit><up_axis>Y_UP</up_axis></asset>
  <library_animations>
    <animation id="jnt_right_lip-anim" name="jnt_right_lip"><animation><source id="jnt_right_lip-Matrix-animation-input"><float_array id="jnt_right_lip-Matrix-animation-input-array" count="21">

0.000000 0.033333 0.066667 0.100000 0.133333 0.166667 0.200000 0.233333 0.266667 0.300000 0.333333 0.366667 0.400000 0.433333 0.466667 0.500000
0.533333 0.566667 0.600000 0.633333 0.666667</float_array><technique_common><accessor source="#jnt_right_lip-Matrix-animation-input-array" count="21"><param name="TIME" type="float"/></accessor></technique_common></source><source id="jnt_right_lip-Matrix-animation-output-transform"><float_array id="jnt_right_lip-Matrix-animation-output-transform-array" count="336">

0.005105 0.999927 0.010949 -0.009615 0.422587 -0.012081 0.906242 0.618140 0.906308 0.000000 -0.422618 -0.180000 0.000000 0.000000 0.000000 1.000000
0.001253 0.999952 0.009689 -0.010120 0.422695 -0.009310 0.906224 0.618134 0.906271 0.002960 -0.422687 -0.180076 0.000000 0.000000 0.000000 1.000000
-0.009648 0.999934 0.006313 -0.011430 0.422916 -0.001640 0.906168 0.618106 0.906118 0.011413 -0.422872 -0.180287 0.000000 0.000000 0.000000 1.000000
-0.026608 0.999645 0.001424 -0.013237 0.423029 0.009969 0.906061 0.618040 0.905725 0.024711 -0.423144 -0.180610 0.000000 0.000000 0.000000 1.000000
-0.048626 0.998807 -0.004372 -0.015234 0.422785 0.024548 0.905897 0.617924 0.904924 0.042202 -0.423475 -0.181019 0.000000 0.000000 0.000000 1.000000
-0.074693 0.997152 -0.010471 -0.017114 0.421961 0.041118 0.905681 0.617760 0.903532 0.063230 -0.423831 -0.181488 0.000000 0.000000 0.000000 1.000000
-0.103788 0.994466 -0.016268 -0.018570 0.420412 0.058688 0.905433 0.617560 0.901378 0.087134 -0.424177 -0.181990 0.000000 0.000000 0.000000 1.000000
-0.134884 0.990635 -0.021157 -0.019295 0.418103 0.076261 0.905193 0.617350 0.898330 0.113251 -0.424474 -0.182493 0.000000 0.000000 0.000000 1.000000
-0.166960 0.985658 -0.024534 -0.018988 0.415135 0.092846 0.905010 0.617164 0.894308 0.140916 -0.424683 -0.182967 0.000000 0.000000 0.000000 1.000000
-0.199008 0.979658 -0.025794 -0.017344 0.411749 0.107469 0.904938 0.617028 0.889302 0.169469 -0.424761 -0.183379 0.000000 0.000000 0.000000 1.000000
-0.227993 0.973406 -0.022360 -0.012851 0.408775 0.116536 0.905164 0.616994 0.883698 0.197231 -0.424474 -0.183604 0.000000 0.000000 0.000000 1.000000
-0.252890 0.967391 -0.014167 -0.005497 0.406858 0.119621 0.905625 0.616945 0.877789 0.223260 -0.423842 -0.183672 0.000000 0.000000 0.000000 1.000000
-0.275681 0.961239 -0.004385 0.002766 0.405698 0.120486 0.906031 0.616709 0.871441 0.247996 -0.423188 -0.183765 0.000000 0.000000 0.000000 1.000000
-0.298327 0.954456 0.003814 0.009974 0.404509 0.122813 0.906250 0.616318 0.864508 0.271901 -0.422725 -0.183969 0.000000 0.000000 0.000000 1.000000
-0.322776 0.946448 0.007252 0.014169 0.402067 0.130176 0.906309 0.616006 0.856830 0.295450 -0.422553 -0.184271 0.000000 0.000000 0.000000 1.000000
-0.347311 0.937722 0.007252 0.016101 0.398541 0.140602 0.906309 0.615840 0.848846 0.317661 -0.422553 -0.184593 0.000000 0.000000 0.000000 1.000000
-0.368574 0.929570 0.007252 0.017791 0.395236 0.149640 0.906309 0.615696 0.841393 0.336908 -0.422553 -0.184875 0.000000 0.000000 0.000000 1.000000
-0.386030 0.922458 0.007252 0.019190 0.392345 0.157064 0.906309 0.615576 0.834893 0.352707 -0.422553 -0.185108 0.000000 0.000000 0.000000 1.000000
-0.399157 0.916854 0.007252 0.020249 0.390063 0.162648 0.906309 0.615485 0.829773 0.364588 -0.422553 -0.185284 0.000000 0.000000 0.000000 1.000000
-0.407433 0.913207 0.007252 0.020920 0.388577 0.166169 0.906309 0.615427 0.826442 0.372078 -0.422553 -0.185396 0.000000 0.000000 0.000000 1.000000
-0.410316 0.911914 0.007252 0.021155 0.388050 0.167396 0.906309 0.615407 0.825262 0.374687 -0.422553 -0.185435 0.000000 0.000000 0.000000 1.000000</float_array><technique_common><accessor source="#jnt_right_lip-Matrix-animation-output-transform-array" count="21" stride="16"><param type="float4x4"/></accessor></technique_common></source><source id="jnt_right_lip-Interpolations"><Name_array id="jnt_right_lip-Interpolations-array" count="21">
 LINEAR LINEAR LINEAR LINEAR LINEAR LINEAR LINEAR LINEAR LINEAR LINEAR LINEAR
LINEAR LINEAR LINEAR LINEAR LINEAR LINEAR LINEAR LINEAR LINEAR LINEAR</Name_array><technique_common><accessor source="#jnt_right_lip-Interpolations-array" count="21"><param type="name"/></accessor></technique_common></source><sampler id="jnt_right_lip-Matrix-animation-transform"><input semantic="INPUT" source="#jnt_right_lip-Matrix-animation-input"/><input semantic="OUTPUT" source="#jnt_right_lip-Matrix-animation-output-transform"/><input semantic="INTERPOLATION" source="#jnt_right_lip-Interpolations"/></sampler><channel source="#jnt_right_lip-Matrix-animation-transform" target="jnt_right_lip/matrix"/></animation></animation>
    <animation id="jnt_upper_lip-anim" name="jnt_upper_lip"><animation><source id="jnt_upper_lip-Matrix-animation-input"><float_array id="jnt_upper_lip-Matrix-animation-input-array" count="21">

0.000000 0.033333 0.066667 0.100000 0.133333 0.166667 0.200000 0.233333 0.266667 0.300000 0.333333 0.366667 0.400000 0.433333 0.466667 0.500000
0.533333 0.566667 0.600000 0.633333 0.666667</float_array><technique_common><accessor source="#jnt_upper_lip-Matrix-animation-input-array" count="21"><param name="TIME" type="float"/></accessor></technique_common></source><source id="jnt_upper_lip-Matrix-animation-output-transform"><float_array id="jnt_upper_lip-Matrix-animation-output-transform-array" count="336">

0.999190 -0.000000 0.040236 -0.042328 -0.000000 1.000000 0.000000 0.670988 -0.040236 -0.000000 0.999190 0.009156 0.000000 0.000000 0.000000 1.000000
0.999273 -0.000000 0.038116 -0.041864 -0.000000 1.000000 0.000000 0.670988 -0.038116 -0.000000 0.999273 0.009025 0.000000 0.000000 0.000000 1.000000
0.999486 -0.000000 0.032045 -0.040538 -0.000000 1.000000 0.000000 0.670988 -0.032045 -0.000000 0.999486 0.008651 0.000000 0.000000 0.000000 1.000000
0.999748 -0.000000 0.022461 -0.038443 -0.000000 1.000000 0.000000 0.670988 -0.022461 -0.000000 0.999748 0.008059 0.000000 0.000000 0.000000 1.000000
0.999952 -0.000000 0.009801 -0.035678 -0.000000 1.000000 0.000000 0.670988 -0.009801 -0.000000 0.999952 0.007278 0.000000 0.000000 0.000000 1.000000
0.999985 -0.000000 -0.005496 -0.032336 -0.000000 1.000000 -0.000000 0.670988 0.005496 0.000000 0.999985 0.006334 0.000000 0.000000 0.000000 1.000000
0.999736 -0.000000 -0.022986 -0.028516 -0.000000 1.000000 -0.000000 0.670988 0.022986 0.000000 0.999736 0.005255 0.000000 0.000000 0.000000 1.000000
0.999108 -0.000000 -0.042224 -0.024311 -0.000000 1.000000 -0.000000 0.670988 0.042224 0.000000 0.999108 0.004068 0.000000 0.000000 0.000000 1.000000
0.998029 -0.000000 -0.062761 -0.019819 -0.000000 1.000000 -0.000000 0.670989 0.062761 0.000000 0.998029 0.002799 0.000000 0.000000 0.000000 1.000000
0.996453 -0.000000 -0.084147 -0.015135 -0.000000 1.000000 -0.000000 0.670989 0.084147 0.000000 0.996453 0.001476 0.000000 0.000000 0.000000 1.000000
0.994373 -0.000000 -0.105931 -0.010355 -0.000000 1.000000 -0.000000 0.670989 0.105931 0.000000 0.994373 0.000126 0.000000 0.000000 0.000000 1.000000
0.991817 -0.000000 -0.127664 -0.005575 -0.000000 1.000000 -0.000000 0.670989 0.127664 0.000000 0.991817 -0.001224 0.000000 0.000000 0.000000 1.000000
0.988852 -0.000000 -0.148902 -0.000891 -0.000000 1.000000 -0.000000 0.670989 0.148902 0.000000 0.988852 -0.002547 0.000000 0.000000 0.000000 1.000000
0.985581 -0.000000 -0.169206 0.003601 -0.000000 1.000000 -0.000000 0.670989 0.169206 0.000000 0.985581 -0.003816 0.000000 0.000000 0.000000 1.000000
0.982141 -0.000000 -0.188144 0.007805 -0.000000 1.000000 -0.000001 0.670989 0.188144 0.000001 0.982141 -0.005004 0.000000 0.000000 0.000000 1.000000
0.978700 -0.000000 -0.205295 0.011626 -0.000000 1.000000 -0.000001 0.670989 0.205295 0.000001 0.978700 -0.006083 0.000000 0.000000 0.000000 1.000000
0.975446 -0.000000 -0.220241 0.014967 -0.000000 1.000000 -0.000001 0.670989 0.220241 0.000001 0.975446 -0.007026 0.000000 0.000000 0.000000 1.000000
0.972579 -0.000000 -0.232573 0.017733 -0.000000 1.000000 -0.000001 0.670989 0.232573 0.000001 0.972579 -0.007808 0.000000 0.000000 0.000000 1.000000
0.970304 -0.000000 -0.241887 0.019827 -0.000000 1.000000 -0.000001 0.670989 0.241887 0.000001 0.970304 -0.008399 0.000000 0.000000 0.000000 1.000000
0.968817 -0.000000 -0.247777 0.021154 -0.000000 1.000000 -0.000001 0.670989 0.247777 0.000001 0.968817 -0.008774 0.000000 0.000000 0.000000 1.000000
0.968289 -0.000000 -0.249833 0.021618 -0.000000 1.000000 -0.000001 0.670989 0.249833 0.000001 0.968289 -0.008905 0.000000 0.000000 0.000000 1.000000</float_array><technique_common><accessor source="#jnt_upper_lip-Matrix-animation-output-transform-array" count="21" stride="16"><param type="float4x4"/></accessor></technique_common></source><source id="jnt_upper_lip-Interpolations"><Name_array id="jnt_upper_lip-Interpolations-array" count="21">
 LINEAR LINEAR LINEAR LINEAR LINEAR LINEAR LINEAR LINEAR LINEAR LINEAR LINEAR
LINEAR LINEAR LINEAR LINEAR LINEAR LINEAR LINEAR LINEAR LINEAR LINEAR</Name_array><technique_common><accessor source="#jnt_upper_lip-Interpolations-array" count="21"><param type="name"/></accessor></technique_common></source><sampler id="jnt_upper_lip-Matrix-animation-transform"><input semantic="INPUT" source="#jnt_upper_lip-Matrix-animation-input"/><input semantic="OUTPUT" source="#jnt_upper_lip-Matrix-animation-output-transform"/><input semantic="INTERPOLATION" source="#jnt_upper_lip-Interpolations"/></sampler><channel source="#jnt_upper_lip-Matrix-animation-transform" target="jnt_upper_lip/matrix"/></animation></animation>
    <animation id="jnt_left_lip-anim" name="jnt_left_lip"><animation><source id="jnt_left_lip-Matrix-animation-input"><float_array id="jnt_left_lip-Matrix-animation-input-array" count="21">

0.000000 0.033333 0.066667 0.100000 0.133333 0.166667 0.200000 0.233333 0.266667 0.300000 0.333333 0.366667 0.400000 0.433333 0.466667 0.500000
0.533333 0.566667 0.600000 0.633333 0.666667</float_array><technique_common><accessor source="#jnt_left_lip-Matrix-animation-input-array" count="21"><param name="TIME" type="float"/></accessor></technique_common></source><source id="jnt_left_lip-Matrix-animation-output-transform"><float_array id="jnt_left_lip-Matrix-animation-output-transform-array" count="336">

-0.005215 0.999927 0.010897 -0.010777 -0.431617 -0.012081 0.901976 0.600836 0.902042 -0.000000 0.431648 0.180000 0.000000 0.000000 0.000000 1.000000
-0.004682 0.999943 0.009562 -0.011548 -0.431555 -0.010646 0.902024 0.600844 0.902074 0.000097 0.431580 0.179947 0.000000 0.000000 0.000000 1.000000
-0.003254 0.999977 0.005983 -0.013619 -0.431384 -0.006801 0.902143 0.600850 0.902163 0.000354 0.431396 0.179802 0.000000 0.000000 0.000000 1.000000
-0.001185 0.999999 0.000802 -0.016624 -0.431123 -0.001234 0.902292 0.600819 0.902292 0.000723 0.431124 0.179583 0.000000 0.000000 0.000000 1.000000
0.001270 0.999985 -0.005339 -0.020196 -0.430795 0.005365 0.902434 0.600720 0.902449 0.001154 0.430795 0.179309 0.000000 0.000000 0.000000 1.000000
0.003855 0.999923 -0.011799 -0.023970 -0.430426 0.012309 0.902542 0.600537 0.902618 0.001599 0.430440 0.179000 0.000000 0.000000 0.000000 1.000000
0.006313 0.999819 -0.017936 -0.027581 -0.430053 0.018907 0.902606 0.600272 0.902782 0.002015 0.430094 0.178680 0.000000 0.000000 0.000000 1.000000
0.008388 0.999698 -0.023111 -0.030666 -0.429722 0.024472 0.902630 0.599944 0.902922 0.002360 0.429797 0.178374 0.000000 0.000000 0.000000 1.000000
0.009821 0.999596 -0.026684 -0.032864 -0.429484 0.028316 0.902630 0.599589 0.903021 0.002595 0.429588 0.178109 0.000000 0.000000 0.000000 1.000000
0.010356 0.999554 -0.028017 -0.033819 -0.429393 0.029749 0.902627 0.599246 0.903058 0.002682 0.429510 0.177914 0.000000 0.000000 0.000000 1.000000
0.009556 0.999676 -0.023584 -0.031617 -0.429695 0.025402 0.902617 0.598976 0.902923 0.001509 0.429799 0.177928 0.000000 0.000000 0.000000 1.000000
0.007647 0.999886 -0.013006 -0.026068 -0.430363 0.015031 0.902531 0.598710 0.902624 -0.001305 0.430428 0.178132 0.000000 0.000000 0.000000 1.000000
0.005373 0.999985 -0.000369 -0.019395 -0.431063 0.002649 0.902318 0.598324 0.902306 -0.004690 0.431071 0.178326 0.000000 0.000000 0.000000 1.000000
0.003472 0.999942 0.010228 -0.013831 -0.431569 -0.007728 0.902047 0.597846 0.902073 -0.007546 0.431517 0.178403 0.000000 0.000000 0.000000 1.000000
0.002676 0.999889 0.014673 -0.011610 -0.431760 -0.012080 0.901908 0.597460 0.901985 -0.008749 0.431680 0.178343 0.000000 0.000000 0.000000 1.000000
0.002676 0.999889 0.014673 -0.011794 -0.431760 -0.012080 0.901908 0.597205 0.901985 -0.008749 0.431680 0.178222 0.000000 0.000000 0.000000 1.000000
0.002676 0.999889 0.014673 -0.011954 -0.431760 -0.012080 0.901908 0.596983 0.901985 -0.008749 0.431680 0.178116 0.000000 0.000000 0.000000 1.000000
0.002676 0.999889 0.014673 -0.012087 -0.431760 -0.012080 0.901908 0.596799 0.901985 -0.008749 0.431680 0.178028 0.000000 0.000000 0.000000 1.000000
0.002676 0.999889 0.014673 -0.012188 -0.431760 -0.012080 0.901908 0.596659 0.901985 -0.008749 0.431680 0.177961 0.000000 0.000000 0.000000 1.000000
0.002676 0.999889 0.014673 -0.012251 -0.431760 -0.012080 0.901908 0.596571 0.901985 -0.008749 0.431680 0.177919 0.000000 0.000000 0.000000 1.000000
0.002676 0.999889 0.014673 -0.012274 -0.431760 -0.012080 0.901908 0.596540 0.901985 -0.008749 0.431680 0.177905 0.000000 0.000000 0.000000 1.000000</float_array><technique_common><accessor source="#jnt_left_lip-Matrix-animation-output-transform-array" count="21" stride="16"><param type="float4x4"/></accessor></technique_common></source><source id="jnt_left_lip-Interpolations"><Name_array id="jnt_left_lip-Interpolations-array" count="21">
 LINEAR LINEAR LINEAR LINEAR LINEAR LINEAR LINEAR LINEAR LINEAR LINEAR LINEAR
LINEAR LINEAR LINEAR LINEAR LINEAR LINEAR LINEAR LINEAR LINEAR LINEAR</Name_array><technique_common><accessor source="#jnt_left_lip-Interpolations-array" count="21"><param type="name"/></accessor></technique_common></source><sampler id="jnt_left_lip-Matrix-animation-transform"><input semantic="INPUT" source="#jnt_left_lip-Matrix-animation-input"/><input semantic="OUTPUT" source="#jnt_left_lip-Matrix-animation-output-transform"/><input semantic="INTERPOLATION" source="#jnt_left_lip-Interpolations"/></sampler><channel source="#jnt_left_lip-Matrix-animation-transform" target="jnt_left_lip/matrix"/></animation></animation>
    <animation id="jnt_jaw-anim" name="jnt_jaw"><animation><source id="jnt_jaw-Matrix-animation-input"><float_array id="jnt_jaw-Matrix-animation-input-array" count="21">

0.000000 0.033333 0.066667 0.100000 0.133333 0.166667 0.200000 0.233333 0.266667 0.300000 0.333333 0.366667 0.400000 0.433333 0.466667 0.500000
0.533333 0.566667 0.600000 0.633333 0.666667</float_array><technique_common><accessor source="#jnt_jaw-Matrix-animation-input-array" count="21"><param name="TIME" type="float"/></accessor></technique_common></source><source id="jnt_jaw-Matrix-animation-output-transform"><float_array id="jnt_jaw-Matrix-animation-output-transform-array" count="336">

0.999708 0.024159 -0.000000 -0.022940 -0.024159 0.999708 0.000000 0.090803 0.000000 -0.000000 1.000000 0.000000 0.000000 0.000000 0.000000 1.000000
0.999773 0.021291 -0.000191 -0.022940 -0.021291 0.999773 0.000154 0.090803 0.000194 -0.000150 1.000000 -0.000000 0.000000 0.000000 0.000000 1.000000
0.999907 0.013602 -0.000703 -0.022940 -0.013601 0.999907 0.000567 0.090803 0.000711 -0.000557 1.000000 -0.000000 0.000000 0.000000 0.000000 1.000000
0.999996 0.002470 -0.001444 -0.022940 -0.002468 0.999996 0.001164 0.090803 0.001447 -0.001161 0.999998 -0.000000 0.000000 0.000000 0.000000 1.000000
0.999940 -0.010727 -0.002323 -0.022940 0.010732 0.999941 0.001873 0.090803 0.002303 -0.001898 0.999996 -0.000000 0.000000 0.000000 0.000000 1.000000
0.999692 -0.024609 -0.003247 -0.022940 0.024618 0.999694 0.002618 0.090803 0.003182 -0.002697 0.999991 -0.000000 0.000000 0.000000 0.000000 1.000000
0.999277 -0.037798 -0.004126 -0.022940 0.037811 0.999279 0.003327 0.090803 0.003997 -0.003480 0.999986 -0.000000 0.000000 0.000000 0.000000 1.000000
0.998791 -0.048915 -0.004867 -0.022940 0.048935 0.998794 0.003924 0.090803 0.004669 -0.004158 0.999980 -0.000000 0.000000 0.000000 0.000000 1.000000
0.998383 -0.056590 -0.005379 -0.022940 0.056614 0.998387 0.004337 0.090803 0.005125 -0.004634 0.999976 -0.000000 0.000000 0.000000 0.000000 1.000000
0.998216 -0.059453 -0.005570 -0.022940 0.059479 0.998219 0.004491 0.090803 0.005293 -0.004814 0.999974 -0.000000 0.000000 0.000000 0.000000 1.000000
0.998705 -0.050778 -0.003172 -0.022940 0.050790 0.998701 0.003980 0.090803 0.002966 -0.004136 0.999987 -0.000000 0.000000 0.000000 0.000000 1.000000
0.999545 -0.030064 0.002548 -0.022940 0.030057 0.999544 0.002761 0.090803 -0.002630 -0.002684 0.999993 0.000000 0.000000 0.000000 0.000000 1.000000
0.999942 -0.005307 0.009374 -0.022940 0.005295 0.999985 0.001307 0.090803 -0.009381 -0.001257 0.999955 0.000000 0.000000 0.000000 0.000000 1.000000
0.999767 0.015452 0.015093 -0.022940 -0.015456 0.999881 0.000088 0.090803 -0.015090 -0.000322 0.999886 0.000000 0.000000 0.000000 0.000000 1.000000
0.999555 0.024159 0.017491 -0.022940 -0.024156 0.999708 -0.000423 0.090803 -0.017496 -0.000000 0.999847 0.000000 0.000000 0.000000 0.000000 1.000000
0.999555 0.024159 0.017491 -0.022940 -0.024156 0.999708 -0.000423 0.090803 -0.017496 -0.000000 0.999847 0.000000 0.000000 0.000000 0.000000 1.000000
0.999555 0.024159 0.017491 -0.022940 -0.024156 0.999708 -0.000423 0.090803 -0.017496 -0.000000 0.999847 0.000000 0.000000 0.000000 0.000000 1.000000
0.999555 0.024159 0.017491 -0.022940 -0.024156 0.999708 -0.000423 0.090803 -0.017496 -0.000000 0.999847 0.000000 0.000000 0.000000 0.000000 1.000000
0.999555 0.024159 0.017491 -0.022940 -0.024156 0.999708 -0.000423 0.090803 -0.017496 -0.000000 0.999847 0.000000 0.000000 0.000000 0.000000 1.000000
0.999555 0.024159 0.017491 -0.022940 -0.024156 0.999708 -0.000423 0.090803 -0.017496 -0.000000 0.999847 0.000000 0.000000 0.000000 0.000000 1.000000
0.999555 0.024159 0.017491 -0.022940 -0.024156 0.999708 -0.000423 0.090803 -0.017496 -0.000000 0.999847 0.000000 0.000000 0.000000 0.000000 1.000000</float_array><technique_common><accessor source="#jnt_jaw-Matrix-animation-output-transform-array" count="21" stride="16"><param type="float4x4"/></accessor></technique_common></source><source id="jnt_jaw-Interpolations"><Name_array id="jnt_jaw-Interpolations-array" count="21">
 LINEAR LINEAR LINEAR LINEAR LINEAR LINEAR LINEAR LINEAR LINEAR LINEAR LINEAR
LINEAR LINEAR LINEAR LINEAR LINEAR LINEAR LINEAR LINEAR LINEAR LINEAR</Name_array><technique_common><accessor source="#jnt_jaw-Interpolations-array" count="21"><param type="name"/></accessor></technique_common></source><sampler id="jnt_jaw-Matrix-animation-transform"><input semantic="INPUT" source="#jnt_jaw-Matrix-animation-input"/><input semantic="OUTPUT" source="#jnt_jaw-Matrix-animation-output-transform"/><input semantic="INTERPOLATION" source="#jnt_jaw-Interpolations"/></sampler><channel source="#jnt_jaw-Matrix-animation-transform" target="jnt_jaw/matrix"/></animation></animation>
    <animation id="jnt_lowerlip-anim" name="jnt_lowerlip"><animation><source id="jnt_lowerlip-Matrix-animation-input"><float_array id="jnt_lowerlip-Matrix-animation-input-array" count="21">

0.000000 0.033333 0.066667 0.100000 0.133333 0.166667 0.200000 0.233333 0.266667 0.300000 0.333333 0.366667 0.400000 0.433333 0.466667 0.500000
0.533333 0.566667 0.600000 0.633333 0.666667</float_array><technique_common><accessor source="#jnt_lowerlip-Matrix-animation-input-array" count="21"><param name="TIME" type="float"/></accessor></technique_common></source><source id="jnt_lowerlip-Matrix-animation-output-transform"><float_array id="jnt_lowerlip-Matrix-animation-output-transform-array" count="336">

0.999852 -0.013321 -0.010863 -0.064598 0.013103 0.999717 -0.019870 0.553059 0.011124 0.019725 0.999744 0.011794 0.000000 0.000000 0.000000 1.000000
0.999852 -0.013321 -0.010863 -0.064700 0.013103 0.999717 -0.019870 0.553057 0.011124 0.019725 0.999744 0.011793 0.000000 0.000000 0.000000 1.000000
0.999852 -0.013321 -0.010863 -0.064991 0.013103 0.999717 -0.019870 0.553054 0.011124 0.019725 0.999744 0.011790 0.000000 0.000000 0.000000 1.000000
0.999852 -0.013321 -0.010863 -0.065450 0.013103 0.999717 -0.019870 0.553048 0.011124 0.019725 0.999744 0.011785 0.000000 0.000000 0.000000 1.000000
0.999852 -0.013321 -0.010863 -0.066057 0.013103 0.999717 -0.019870 0.553040 0.011124 0.019725 0.999744 0.011778 0.000000 0.000000 0.000000 1.000000
0.999852 -0.013321 -0.010863 -0.066791 0.013103 0.999717 -0.019870 0.553030 0.011124 0.019725 0.999744 0.011770 0.000000 0.000000 0.000000 1.000000
0.999852 -0.013321 -0.010863 -0.067629 0.013103 0.999717 -0.019870 0.553019 0.011124 0.019725 0.999744 0.011760 0.000000 0.000000 0.000000 1.000000
0.999852 -0.013321 -0.010863 -0.068552 0.013103 0.999717 -0.019870 0.553007 0.011124 0.019725 0.999744 0.011750 0.000000 0.000000 0.000000 1.000000
0.999852 -0.013321 -0.010863 -0.069538 0.013103 0.999717 -0.019870 0.552994 0.011124 0.019725 0.999744 0.011739 0.000000 0.000000 0.000000 1.000000
0.999852 -0.013321 -0.010863 -0.070566 0.013103 0.999717 -0.019870 0.552981 0.011124 0.019725 0.999744 0.011728 0.000000 0.000000 0.000000 1.000000
0.999852 -0.013321 -0.010863 -0.071615 0.013103 0.999717 -0.019870 0.552967 0.011124 0.019725 0.999744 0.011716 0.000000 0.000000 0.000000 1.000000
0.999852 -0.013321 -0.010863 -0.072664 0.013103 0.999717 -0.019870 0.552953 0.011124 0.019725 0.999744 0.011704 0.000000 0.000000 0.000000 1.000000
0.999852 -0.013321 -0.010863 -0.073692 0.013103 0.999717 -0.019870 0.552940 0.011124 0.019725 0.999744 0.011693 0.000000 0.000000 0.000000 1.000000
0.999852 -0.013321 -0.010863 -0.074678 0.013103 0.999717 -0.019870 0.552927 0.011124 0.019725 0.999744 0.011682 0.000000 0.000000 0.000000 1.000000
0.999852 -0.013321 -0.010863 -0.075601 0.013103 0.999717 -0.019870 0.552915 0.011124 0.019725 0.999744 0.011672 0.000000 0.000000 0.000000 1.000000
0.999852 -0.013321 -0.010863 -0.076440 0.013103 0.999717 -0.019870 0.552904 0.011124 0.019725 0.999744 0.011662 0.000000 0.000000 0.000000 1.000000
0.999852 -0.013321 -0.010863 -0.077173 0.013103 0.999717 -0.019870 0.552894 0.011124 0.019725 0.999744 0.011654 0.000000 0.000000 0.000000 1.000000
0.999852 -0.013321 -0.010863 -0.077780 0.013103 0.999717 -0.019870 0.552886 0.011124 0.019725 0.999744 0.011648 0.000000 0.000000 0.000000 1.000000
0.999852 -0.013321 -0.010863 -0.078240 0.013103 0.999717 -0.019870 0.552880 0.011124 0.019725 0.999744 0.011642 0.000000 0.000000 0.000000 1.000000
0.999852 -0.013321 -0.010863 -0.078531 0.013103 0.999717 -0.019870 0.552876 0.011124 0.019725 0.999744 0.011639 0.000000 0.000000 0.000000 1.000000
0.999852 -0.013321 -0.010863 -0.078633 0.013103 0.999717 -0.019870 0.552875 0.011124 0.019725 0.999744 0.011638 0.000000 0.000000 0.000000 1.000000</float_array><technique_common><accessor source="#jnt_lowerlip-Matrix-animation-output-transform-array" count="21" stride="16"><param type="float4x4"/></accessor></technique_common></source><source id="jnt_lowerlip-Interpolations"><Name_array id="jnt_lowerlip-Interpolations-array" count="21">
 LINEAR LINEAR LINEAR LINEAR LINEAR LINEAR LINEAR LINEAR LINEAR LINEAR LINEAR
LINEAR LINEAR LINEAR LINEAR LINEAR LINEAR LINEAR LINEAR LINEAR LINEAR</Name_array><technique_common><accessor source="#jnt_lowerlip-Interpolations-array" count="21"><param type="name"/></accessor></technique_common></source><sampler id="jnt_lowerlip-Matrix-animation-transform"><input semantic="INPUT" source="#jnt_lowerlip-Matrix-animation-input"/><input semantic="OUTPUT" source="#jnt_lowerlip-Matrix-animation-output-transform"/><input semantic="INTERPOLATION" source="#jnt_lowerlip-Interpolations"/></sampler><channel source="#jnt_lowerlip-Matrix-animation-transform" target="jnt_lowerlip/matrix"/></animation></animation>
    <animation id="jnt_tounge-anim" name="jnt_tounge"><animation><source id="jnt_tounge-Matrix-animation-input"><float_array id="jnt_tounge-Matrix-animation-input-array" count="21">

0.000000 0.033333 0.066667 0.100000 0.133333 0.166667 0.200000 0.233333 0.266667 0.300000 0.333333 0.366667 0.400000 0.433333 0.466667 0.500000
0.533333 0.566667 0.600000 0.633333 0.666667</float_array><technique_common><accessor source="#jnt_tounge-Matrix-animation-input-array" count="21"><param name="TIME" type="float"/></accessor></technique_common></source><source id="jnt_tounge-Matrix-animation-output-transform"><float_array id="jnt_tounge-Matrix-animation-output-transform-array" count="336">

0.999708 -0.024159 -0.000000 -0.041728 0.024159 0.999708 -0.000000 0.253656 0.000000 0.000000 1.000000 0.000000 0.000000 0.000000 0.000000 1.000000
0.999773 -0.021291 0.000194 -0.041000 0.021291 0.999773 -0.000150 0.253774 -0.000191 0.000154 1.000000 0.000046 0.000000 0.000000 0.000000 1.000000
0.999907 -0.013601 0.000711 -0.039047 0.013602 0.999907 -0.000557 0.254082 -0.000703 0.000567 1.000000 0.000169 0.000000 0.000000 0.000000 1.000000
0.999996 -0.002468 0.001447 -0.036216 0.002470 0.999996 -0.001161 0.254501 -0.001444 0.001164 0.999998 0.000348 0.000000 0.000000 0.000000 1.000000
0.999940 0.010732 0.002303 -0.032853 -0.010727 0.999941 -0.001898 0.254956 -0.002323 0.001873 0.999996 0.000560 0.000000 0.000000 0.000000 1.000000
0.999692 0.024618 0.003182 -0.029309 -0.024609 0.999694 -0.002697 0.255387 -0.003247 0.002618 0.999991 0.000782 0.000000 0.000000 0.000000 1.000000
0.999277 0.037811 0.003997 -0.025936 -0.037798 0.999279 -0.003480 0.255751 -0.004126 0.003327 0.999986 0.000994 0.000000 0.000000 0.000000 1.000000
0.998791 0.048935 0.004669 -0.023086 -0.048915 0.998794 -0.004158 0.256024 -0.004867 0.003924 0.999980 0.001172 0.000000 0.000000 0.000000 1.000000
0.998383 0.056614 0.005125 -0.021117 -0.056590 0.998387 -0.004634 0.256193 -0.005379 0.004337 0.999976 0.001296 0.000000 0.000000 0.000000 1.000000
0.998216 0.059479 0.005293 -0.020381 -0.059453 0.998219 -0.004814 0.256252 -0.005570 0.004491 0.999974 0.001342 0.000000 0.000000 0.000000 1.000000
0.998705 0.050790 0.002966 -0.022611 -0.050778 0.998701 -0.004136 0.256066 -0.003172 0.003980 0.999987 0.001126 0.000000 0.000000 0.000000 1.000000
0.999545 0.030057 -0.002630 -0.027919 -0.030064 0.999544 -0.002684 0.255544 0.002548 0.002761 0.999993 0.000612 0.000000 0.000000 0.000000 1.000000
0.999942 0.005295 -0.009381 -0.034238 -0.005307 0.999985 -0.001257 0.254775 0.009374 0.001307 0.999955 -0.000001 0.000000 0.000000 0.000000 1.000000
0.999767 -0.015456 -0.015090 -0.039514 0.015452 0.999881 -0.000322 0.254009 0.015093 0.000088 0.999886 -0.000515 0.000000 0.000000 0.000000 1.000000
0.999555 -0.024156 -0.017496 -0.041722 0.024159 0.999708 -0.000000 0.253656 0.017491 -0.000423 0.999847 -0.000730 0.000000 0.000000 0.000000 1.000000
0.999555 -0.024156 -0.017496 -0.041722 0.024159 0.999708 -0.000000 0.253656 0.017491 -0.000423 0.999847 -0.000730 0.000000 0.000000 0.000000 1.000000
0.999555 -0.024156 -0.017496 -0.041722 0.024159 0.999708 -0.000000 0.253656 0.017491 -0.000423 0.999847 -0.000730 0.000000 0.000000 0.000000 1.000000
0.999555 -0.024156 -0.017496 -0.041722 0.024159 0.999708 -0.000000 0.253656 0.017491 -0.000423 0.999847 -0.000730 0.000000 0.000000 0.000000 1.000000
0.999555 -0.024156 -0.017496 -0.041722 0.024159 0.999708 -0.000000 0.253656 0.017491 -0.000423 0.999847 -0.000730 0.000000 0.000000 0.000000 1.000000
0.999555 -0.024156 -0.017496 -0.041722 0.024159 0.999708 -0.000000 0.253656 0.017491 -0.000423 0.999847 -0.000730 0.000000 0.000000 0.000000 1.000000
0.999555 -0.024156 -0.017496 -0.041722 0.024159 0.999708 -0.000000 0.253656 0.017491 -0.000423 0.999847 -0.000730 0.000000 0.000000 0.000000 1.000000</float_array><technique_common><accessor source="#jnt_tounge-Matrix-animation-output-transform-array" count="21" stride="16"><param type="float4x4"/></accessor></technique_common></source><source id="jnt_tounge-Interpolations"><Name_array id="jnt_tounge-Interpolations-array" count="21">
 LINEAR LINEAR LINEAR LINEAR LINEAR LINEAR LINEAR LINEAR LINEAR LINEAR LINEAR
LINEAR LINEAR LINEAR LINEAR LINEAR LINEAR LINEAR LINEAR LINEAR LINEAR</Name_array><technique_common><accessor source="#jnt_tounge-Interpolations-array" count="21"><param type="name"/></accessor></technique_common></source><sampler id="jnt_tounge-Matrix-animation-transform"><input semantic="INPUT" source="#jnt_tounge-Matrix-animation-input"/><input semantic="OUTPUT" source="#jnt_tounge-Matrix-animation-output-transform"/><input semantic="INTERPOLATION" source="#jnt_tounge-Interpolations"/></sampler><channel source="#jnt_tounge-Matrix-animation-transform" target="jnt_tounge/matrix"/></animation></animation>
    <animation id="jnt_left_eyebow1-anim" name="jnt_left_eyebow1"><animation><source id="jnt_left_eyebow1-Matrix-animation-input"><float_array id="jnt_left_eyebow1-Matrix-animation-input-array" count="21">

0.000000 0.033333 0.066667 0.100000 0.133333 0.166667 0.200000 0.233333 0.266667 0.300000 0.333333 0.366667 0.400000 0.433333 0.466667 0.500000
0.533333 0.566667 0.600000 0.633333 0.666667</float_array><technique_common><accessor source="#jnt_left_eyebow1-Matrix-animation-input-array" count="21"><param name="TIME" type="float"/></accessor></technique_common></source><source id="jnt_left_eyebow1-Matrix-animation-output-transform"><float_array id="jnt_left_eyebow1-Matrix-animation-output-transform-array" count="336">

0.000000 1.000000 -0.000000 0.580643 -0.000000 0.000000 1.000000 0.619829 1.000000 -0.000000 0.000000 0.104329 0.000000 0.000000 0.000000 1.000000
0.000000 1.000000 -0.000000 0.581146 -0.000000 0.000000 1.000000 0.619854 1.000000 -0.000000 0.000000 0.104023 0.000000 0.000000 0.000000 1.000000
0.000000 1.000000 -0.000000 0.582404 -0.000000 0.000000 1.000000 0.619923 1.000000 -0.000000 0.000000 0.103148 0.000000 0.000000 0.000000 1.000000
0.000000 1.000000 -0.000000 0.584039 -0.000000 0.000000 1.000000 0.620032 1.000000 -0.000000 0.000000 0.101768 0.000000 0.000000 0.000000 1.000000
0.000000 1.000000 -0.000000 0.585673 -0.000000 0.000000 1.000000 0.620175 1.000000 -0.000000 0.000000 0.099945 0.000000 0.000000 0.000000 1.000000
0.000000 1.000000 -0.000000 0.586931 -0.000000 0.000000 1.000000 0.620349 1.000000 -0.000000 0.000000 0.097742 0.000000 0.000000 0.000000 1.000000
0.000000 1.000000 -0.000000 0.587434 -0.000000 0.000000 1.000000 0.620548 1.000000 -0.000000 0.000000 0.095223 0.000000 0.000000 0.000000 1.000000
0.000000 1.000000 -0.000000 0.586781 -0.000000 0.000000 1.000000 0.620767 1.000000 -0.000000 0.000000 0.092451 0.000000 0.000000 0.000000 1.000000
0.000000 1.000000 -0.000000 0.584954 -0.000000 0.000000 1.000000 0.621000 1.000000 -0.000000 0.000000 0.089490 0.000000 0.000000 0.000000 1.000000
0.000000 1.000000 -0.000000 0.582148 -0.000000 0.000000 1.000000 0.621244 1.000000 -0.000000 0.000000 0.086402 0.000000 0.000000 0.000000 1.000000
0.000000 1.000000 -0.000000 0.578559 -0.000000 0.000000 1.000000 0.621492 1.000000 -0.000000 0.000000 0.083251 0.000000 0.000000 0.000000 1.000000
0.000000 1.000000 -0.000000 0.574382 -0.000000 0.000000 1.000000 0.621741 1.000000 -0.000000 0.000000 0.080100 0.000000 0.000000 0.000000 1.000000
0.000000 1.000000 -0.000000 0.569815 -0.000000 0.000000 1.000000 0.621985 1.000000 -0.000000 0.000000 0.077012 0.000000 0.000000 0.000000 1.000000
0.000000 1.000000 -0.000000 0.565051 -0.000000 0.000000 1.000000 0.622218 1.000000 -0.000000 0.000000 0.074051 0.000000 0.000000 0.000000 1.000000
0.000000 1.000000 -0.000000 0.560287 -0.000000 0.000000 1.000000 0.622437 1.000000 -0.000000 0.000000 0.071279 0.000000 0.000000 0.000000 1.000000
0.000000 1.000000 -0.000000 0.555719 -0.000000 0.000000 1.000000 0.622636 1.000000 -0.000000 0.000000 0.068760 0.000000 0.000000 0.000000 1.000000
0.000000 1.000000 -0.000000 0.551543 -0.000000 0.000000 1.000000 0.622809 1.000000 -0.000000 0.000000 0.066558 0.000000 0.000000 0.000000 1.000000
0.000000 1.000000 -0.000000 0.547954 -0.000000 0.000000 1.000000 0.622953 1.000000 -0.000000 0.000000 0.064735 0.000000 0.000000 0.000000 1.000000
0.000000 1.000000 -0.000000 0.545147 -0.000000 0.000000 1.000000 0.623062 1.000000 -0.000000 0.000000 0.063354 0.000000 0.000000 0.000000 1.000000
0.000000 1.000000 -0.000000 0.543320 -0.000000 0.000000 1.000000 0.623131 1.000000 -0.000000 0.000000 0.062479 0.000000 0.000000 0.000000 1.000000
0.000000 1.000000 -0.000000 0.542668 -0.000000 0.000000 1.000000 0.623155 1.000000 -0.000000 0.000000 0.062174 0.000000 0.000000 0.000000 1.000000</float_array><technique_common><accessor source="#jnt_left_eyebow1-Matrix-animation-output-transform-array" count="21" stride="16"><param type="float4x4"/></accessor></technique_common></source><source id="jnt_left_eyebow1-Interpolations"><Name_array id="jnt_left_eyebow1-Interpolations-array" count="21">
 LINEAR LINEAR LINEAR LINEAR LINEAR LINEAR LINEAR LINEAR LINEAR LINEAR LINEAR
LINEAR LINEAR LINEAR LINEAR LINEAR LINEAR LINEAR LINEAR LINEAR LINEAR</Name_array><technique_common><accessor source="#jnt_left_eyebow1-Interpolations-array" count="21"><param type="name"/></accessor></technique_common></source><sampler id="jnt_left_eyebow1-Matrix-animation-transform"><input semantic="INPUT" source="#jnt_left_eyebow1-Matrix-animation-input"/><input semantic="OUTPUT" source="#jnt_left_eyebow1-Matrix-animation-output-transform"/><input semantic="INTERPOLATION" source="#jnt_left_eyebow1-Interpolations"/></sampler><channel source="#jnt_left_eyebow1-Matrix-animation-transform" target="jnt_left_eyebow1/matrix"/></animation></animation>
    <animation id="jnt_left_eyebow2-anim" name="jnt_left_eyebow2"><animation><source id="jnt_left_eyebow2-Matrix-animation-input"><float_array id="jnt_left_eyebow2-Matrix-animation-input-array" count="21">

0.000000 0.033333 0.066667 0.100000 0.133333 0.166667 0.200000 0.233333 0.266667 0.300000 0.333333 0.366667 0.400000 0.433333 0.466667 0.500000
0.533333 0.566667 0.600000 0.633333 0.666667</float_array><technique_common><accessor source="#jnt_left_eyebow2-Matrix-animation-input-array" count="21"><param name="TIME" type="float"/></accessor></technique_common></source><source id="jnt_left_eyebow2-Matrix-animation-output-transform"><float_array id="jnt_left_eyebow2-Matrix-animation-output-transform-array" count="336">

0.000000 1.000000 0.000000 0.624581 -0.557687 -0.000000 0.830051 0.532746 0.830051 -0.000000 0.557687 0.290242 0.000000 0.000000 0.000000 1.000000
0.000000 1.000000 -0.000000 0.624581 -0.557687 0.000000 0.830051 0.532746 0.830051 0.000000 0.557687 0.290242 0.000000 0.000000 0.000000 1.000000
0.000000 1.000000 -0.000000 0.624581 -0.557687 0.000000 0.830051 0.532746 0.830051 -0.000000 0.557687 0.290242 0.000000 0.000000 0.000000 1.000000
0.000000 1.000000 -0.000000 0.624581 -0.557687 0.000000 0.830051 0.532746 0.830051 -0.000000 0.557687 0.290242 0.000000 0.000000 0.000000 1.000000
0.000000 1.000000 0.000000 0.624581 -0.557687 -0.000000 0.830051 0.532746 0.830051 -0.000000 0.557687 0.290242 0.000000 0.000000 0.000000 1.000000
0.000000 1.000000 -0.000000 0.624581 -0.557687 0.000000 0.830051 0.532746 0.830051 0.000000 0.557687 0.290242 0.000000 0.000000 0.000000 1.000000
0.000000 1.000000 -0.000000 0.624581 -0.557687 0.000000 0.830051 0.532746 0.830051 0.000000 0.557687 0.290242 0.000000 0.000000 0.000000 1.000000
0.000000 1.000000 0.000000 0.624581 -0.557687 0.000000 0.830051 0.532746 0.830051 -0.000000 0.557687 0.290242 0.000000 0.000000 0.000000 1.000000
0.000000 1.000000 0.000000 0.624581 -0.557687 -0.000000 0.830051 0.532746 0.830051 -0.000000 0.557687 0.290242 0.000000 0.000000 0.000000 1.000000
0.000000 1.000000 0.000000 0.624581 -0.557687 -0.000000 0.830051 0.532746 0.830051 -0.000000 0.557687 0.290242 0.000000 0.000000 0.000000 1.000000
0.000000 1.000000 0.000000 0.624581 -0.557687 -0.000000 0.830051 0.532746 0.830051 -0.000000 0.557687 0.290242 0.000000 0.000000 0.000000 1.000000
0.000000 1.000000 0.000000 0.624581 -0.557687 -0.000000 0.830051 0.532746 0.830051 -0.000000 0.557687 0.290242 0.000000 0.000000 0.000000 1.000000
0.000000 1.000000 0.000000 0.624581 -0.557687 -0.000000 0.830051 0.532746 0.830051 -0.000000 0.557687 0.290242 0.000000 0.000000 0.000000 1.000000
0.000000 1.000000 0.000000 0.624581 -0.557687 -0.000000 0.830051 0.532746 0.830051 -0.000000 0.557687 0.290242 0.000000 0.000000 0.000000 1.000000
0.000000 1.000000 -0.000000 0.624581 -0.557687 0.000000 0.830051 0.532746 0.830051 -0.000000 0.557687 0.290242 0.000000 0.000000 0.000000 1.000000
0.000000 1.000000 -0.000000 0.624581 -0.557687 0.000000 0.830051 0.532746 0.830051 -0.000000 0.557687 0.290242 0.000000 0.000000 0.000000 1.000000
0.000000 1.000000 0.000000 0.624581 -0.557687 -0.000000 0.830051 0.532746 0.830051 -0.000000 0.557687 0.290242 0.000000 0.000000 0.000000 1.000000
0.000000 1.000000 0.000000 0.624581 -0.557687 -0.000000 0.830051 0.532746 0.830051 -0.000000 0.557687 0.290242 0.000000 0.000000 0.000000 1.000000
0.000000 1.000000 -0.000000 0.624581 -0.557687 0.000000 0.830051 0.532746 0.830051 -0.000000 0.557687 0.290242 0.000000 0.000000 0.000000 1.000000
0.000000 1.000000 0.000000 0.624581 -0.557687 -0.000000 0.830051 0.532746 0.830051 -0.000000 0.557687 0.290242 0.000000 0.000000 0.000000 1.000000
0.000000 1.000000 -0.000000 0.624581 -0.557687 0.000000 0.830051 0.532746 0.830051 0.000000 0.557687 0.290242 0.000000 0.000000 0.000000 1.000000</float_array><technique_common><accessor source="#jnt_left_eyebow2-Matrix-animation-output-transform-array" count="21" stride="16"><param type="float4x4"/></accessor></technique_common></source><source id="jnt_left_eyebow2-Interpolations"><Name_array id="jnt_left_eyebow2-Interpolations-array" count="21">
 LINEAR LINEAR LINEAR LINEAR LINEAR LINEAR LINEAR LINEAR LINEAR LINEAR LINEAR
LINEAR LINEAR LINEAR LINEAR LINEAR LINEAR LINEAR LINEAR LINEAR LINEAR</Name_array><technique_common><accessor source="#jnt_left_eyebow2-Interpolations-array" count="21"><param type="name"/></accessor></technique_common></source><sampler id="jnt_left_eyebow2-Matrix-animation-transform"><input semantic="INPUT" source="#jnt_left_eyebow2-Matrix-animation-input"/><input semantic="OUTPUT" source="#jnt_left_eyebow2-Matrix-animation-output-transform"/><input semantic="INTERPOLATION" source="#jnt_left_eyebow2-Interpolations"/></sampler><channel source="#jnt_left_eyebow2-Matrix-animation-transform" target="jnt_left_eyebow2/matrix"/></animation></animation>
    <animation id="jnt_left_eyebow3-anim" name="jnt_left_eyebow3"><animation><source id="jnt_left_eyebow3-Matrix-animation-input"><float_array id="jnt_left_eyebow3-Matrix-animation-input-array" count="21">

0.000000 0.033333 0.066667 0.100000 0.133333 0.166667 0.200000 0.233333 0.266667 0.300000 0.333333 0.366667 0.400000 0.433333 0.466667 0.500000
0.533333 0.566667 0.600000 0.633333 0.666667</float_array><technique_common><accessor source="#jnt_left_eyebow3-Matrix-animation-input-array" count="21"><param name="TIME" type="float"/></accessor></technique_common></source><source id="jnt_left_eyebow3-Matrix-animation-output-transform"><float_array id="jnt_left_eyebow3-Matrix-animation-output-transform-array" count="336">

0.000000 1.000000 0.000000 0.587129 -0.791789 0.000000 0.610795 0.412864 0.610795 -0.000000 0.791789 0.414657 0.000000 0.000000 0.000000 1.000000
