<?xml version="1.0" encoding="utf-8"?>
<COLLADA xmlns="http://www.collada.org/2005/11/COLLADASchema" version="1.4.1">
  <asset><contributor><author></author><authoring_tool>FBX COLLADA exporter</authoring_tool><comments></comments></contributor><created>2020-03-03T19:25:42Z</created><keywords></keywords><modified>2020-03-03T19:25:42Z</modified><revision></revision><subject></subject><title></title><unit meter="0.010000" name="centimeter"></unit><up_axis>Y_UP</up_axis></asset>
  <library_animations>
    <animation id="jnt_right_lip-anim" name="jnt_right_lip"><animation><source id="jnt_right_lip-Matrix-animation-input"><float_array id="jnt_right_lip-Matrix-animation-input-array" count="331">

0.000000 0.033333 0.066667 0.100000 0.133333 0.166667 0.200000 0.233333 0.266667 0.300000 0.333333 0.366667 0.400000 0.433333 0.466667 0.500000
0.533333 0.566667 0.600000 0.633333 0.666667 0.700000 0.733333 0.766667 0.800000 0.833333 0.866667 0.900000 0.933333 0.966667 1.000000 1.033333
1.066667 1.100000 1.133333 1.166667 1.200000 1.233333 1.266667 1.300000 1.333333 1.366667 1.400000 1.433333 1.466667 1.500000 1.533333 1.566667
1.600000 1.633333 1.666667 1.700000 1.733333 1.766667 1.800000 1.833333 1.866667 1.900000 1.933333 1.966667 2.000000 2.033333 2.066667 2.100000
2.133333 2.166667 2.200000 2.233333 2.266667 2.300000 2.333333 2.366667 2.400000 2.433333 2.466667 2.500000 2.533333 2.566667 2.600000 2.633333
2.666667 2.700000 2.733333 2.766667 2.800000 2.833333 2.866667 2.900000 2.933333 2.966667 3.000000 3.033333 3.066667 3.100000 3.133333 3.166667
3.200000 3.233333 3.266667 3.300000 3.333333 3.366667 3.400000 3.433333 3.466667 3.500000 3.533333 3.566667 3.600000 3.633333 3.666667 3.700000
3.733333 3.766667 3.800000 3.833333 3.866667 3.900000 3.933333 3.966667 4.000000 4.033333 4.066667 4.100000 4.133333 4.166667 4.200000 4.233333
4.266667 4.300000 4.333333 4.366667 4.400000 4.433333 4.466667 4.500000 4.533333 4.566667 4.600000 4.633333 4.666667 4.700000 4.733333 4.766667
4.800000 4.833333 4.866667 4.900000 4.933333 4.966667 5.000000 5.033333 5.066667 5.100000 5.133333 5.166667 5.200000 5.233333 5.266667 5.300000
5.333333 5.366667 5.400000 5.433333 5.466667 5.500000 5.533333 5.566667 5.600000 5.633333 5.666667 5.700000 5.733333 5.766667 5.800000 5.833333
5.866667 5.900000 5.933333 5.966667 6.000000 6.033333 6.066667 6.100000 6.133333 6.166667 6.200000 6.233333 6.266667 6.300000 6.333333 6.366667
6.400000 6.433333 6.466667 6.500000 6.533333 6.566667 6.600000 6.633333 6.666667 6.700000 6.733333 6.766667 6.800000 6.833333 6.866667 6.900000
6.933333 6.966667 7.000000 7.033333 7.066667 7.100000 7.133333 7.166667 7.200000 7.233333 7.266667 7.300000 7.333333 7.366667 7.400000 7.433333
7.466667 7.500000 7.533333 7.566667 7.600000 7.633333 7.666667 7.700000 7.733333 7.766667 7.800000 7.833333 7.866667 7.900000 7.933333 7.966667
8.000000 8.033333 8.066667 8.100000 8.133333 8.166667 8.200000 8.233333 8.266667 8.300000 8.333333 8.366667 8.400000 8.433333 8.466667 8.500000
8.533333 8.566667 8.600000 8.633333 8.666667 8.700000 8.733333 8.766667 8.800000 8.833333 8.866667 8.900000 8.933333 8.966667 9.000000 9.033333
9.066667 9.100000 9.133333 9.166667 9.200000 9.233333 9.266667 9.300000 9.333333 9.366667 9.400000 9.433333 9.466667 9.500000 9.533333 9.566667
9.600000 9.633333 9.666667 9.700000 9.733333 9.766667 9.800000 9.833333 9.866667 9.900000 9.933333 9.966667 10.000000 10.033333 10.066667 10.100000
10.133333 10.166667 10.200000 10.233333 10.266667 10.300000 10.333333 10.366667 10.400000 10.433333 10.466667 10.500000 10.533333 10.566667 10.600000 10.633333
10.666667 10.700000 10.733333 10.766667 10.800000 10.833333 10.866667 10.900000 10.933333 10.966667 11.000000</float_array><technique_common><accessor source="#jnt_right_lip-Matrix-animation-input-array" count="331"><param name="TIME" type="float"/></accessor></technique_common></source><source id="jnt_right_lip-Matrix-animation-output-transform"><float_array id="jnt_right_lip-Matrix-animation-output-transform-array" count="5296">

-0.430169 0.902546 -0.019128 0.005348 0.374113 0.197512 0.906106 0.616518 0.821580 0.382623 -0.422617 -0.185105 0.000000 0.000000 0.000000 1.000000
-0.430050 0.902599 -0.019289 0.004991 0.374087 0.197600 0.906098 0.616447 0.821654 0.382451 -0.422629 -0.185251 0.000000 0.000000 0.000000 1.000000
-0.429707 0.902752 -0.019754 0.003963 0.374013 0.197855 0.906072 0.616246 0.821867 0.381957 -0.422661 -0.185670 0.000000 0.000000 0.000000 1.000000
-0.429165 0.902994 -0.020493 0.002331 0.373894 0.198262 0.906033 0.615928 0.822205 0.381175 -0.422712 -0.186329 0.000000 0.000000 0.000000 1.000000
-0.428449 0.903311 -0.021479 0.000162 0.373733 0.198807 0.905980 0.615505 0.822651 0.380139 -0.422776 -0.187194 0.000000 0.000000 0.000000 1.000000
-0.427582 0.903692 -0.022683 -0.002480 0.373532 0.199476 0.905916 0.614991 0.823193 0.378880 -0.422850 -0.188232 0.000000 0.000000 0.000000 1.000000
-0.426589 0.904125 -0.024077 -0.005528 0.373295 0.200252 0.905842 0.614399 0.823816 0.377435 -0.422930 -0.189408 0.000000 0.000000 0.000000 1.000000
-0.425494 0.904598 -0.025632 -0.008915 0.373023 0.201123 0.905761 0.613742 0.824505 0.375835 -0.423013 -0.190689 0.000000 0.000000 0.000000 1.000000
-0.424321 0.905099 -0.027321 -0.012577 0.372722 0.202074 0.905673 0.613032 0.825245 0.374114 -0.423095 -0.192043 0.000000 0.000000 0.000000 1.000000
-0.423095 0.905617 -0.029113 -0.016444 0.372393 0.203090 0.905582 0.612284 0.826023 0.372306 -0.423172 -0.193436 0.000000 0.000000 0.000000 1.000000
-0.421840 0.906141 -0.030982 -0.020452 0.372039 0.204157 0.905487 0.611511 0.826824 0.370444 -0.423242 -0.194839 0.000000 0.000000 0.000000 1.000000
-0.420581 0.906659 -0.032898 -0.024532 0.371665 0.205260 0.905391 0.610727 0.827634 0.368563 -0.423301 -0.196222 0.000000 0.000000 0.000000 1.000000
-0.419342 0.907160 -0.034833 -0.028616 0.371273 0.206385 0.905296 0.609949 0.828438 0.366696 -0.423350 -0.197555 0.000000 0.000000 0.000000 1.000000
-0.418148 0.907635 -0.036758 -0.032637 0.370867 0.207518 0.905204 0.609190 0.829222 0.364877 -0.423385 -0.198812 0.000000 0.000000 0.000000 1.000000
-0.417024 0.908074 -0.038643 -0.036526 0.370452 0.208643 0.905115 0.608468 0.829974 0.363139 -0.423407 -0.199968 0.000000 0.000000 0.000000 1.000000
-0.415996 0.908466 -0.040461 -0.040214 0.370030 0.209748 0.905032 0.607798 0.830678 0.361518 -0.423414 -0.200997 0.000000 0.000000 0.000000 1.000000
-0.415088 0.908803 -0.042182 -0.043633 0.369607 0.210818 0.904957 0.607197 0.831320 0.360046 -0.423407 -0.201876 0.000000 0.000000 0.000000 1.000000
-0.414326 0.909075 -0.043777 -0.046714 0.369185 0.211838 0.904890 0.606683 0.831887 0.358758 -0.423387 -0.202582 0.000000 0.000000 0.000000 1.000000
-0.413736 0.909273 -0.045218 -0.049389 0.368771 0.212795 0.904835 0.606274 0.832364 0.357688 -0.423354 -0.203092 0.000000 0.000000 0.000000 1.000000
-0.413343 0.909389 -0.046476 -0.051588 0.368368 0.213674 0.904792 0.605987 0.832738 0.356869 -0.423310 -0.203386 0.000000 0.000000 0.000000 1.000000
-0.413171 0.909412 -0.047521 -0.053243 0.367980 0.214462 0.904764 0.605840 0.832995 0.356336 -0.423255 -0.203440 0.000000 0.000000 0.000000 1.000000
-0.413142 0.909376 -0.048469 -0.054573 0.367559 0.215210 0.904757 0.605849 0.833195 0.355978 -0.423161 -0.203195 0.000000 0.000000 0.000000 1.000000
-0.413153 0.909318 -0.049448 -0.055841 0.367058 0.215976 0.904778 0.606005 0.833410 0.355662 -0.423003 -0.202628 0.000000 0.000000 0.000000 1.000000
-0.413201 0.909241 -0.050450 -0.057046 0.366485 0.216753 0.904824 0.606294 0.833639 0.355385 -0.422786 -0.201772 0.000000 0.000000 0.000000 1.000000
-0.413282 0.909148 -0.051466 -0.058190 0.365850 0.217534 0.904894 0.606699 0.833878 0.355147 -0.422514 -0.200659 0.000000 0.000000 0.000000 1.000000
-0.413391 0.909040 -0.052490 -0.059270 0.365159 0.218314 0.904985 0.607206 0.834126 0.354945 -0.422193 -0.199323 0.000000 0.000000 0.000000 1.000000
-0.413524 0.908920 -0.053511 -0.060287 0.364423 0.219085 0.905096 0.607801 0.834383 0.354778 -0.421827 -0.197797 0.000000 0.000000 0.000000 1.000000
-0.413677 0.908790 -0.054524 -0.061242 0.363647 0.219840 0.905224 0.608467 0.834645 0.354643 -0.421422 -0.196114 0.000000 0.000000 0.000000 1.000000
-0.413845 0.908653 -0.055519 -0.062133 0.362842 0.220575 0.905369 0.609190 0.834912 0.354538 -0.420981 -0.194306 0.000000 0.000000 0.000000 1.000000
-0.414025 0.908511 -0.056489 -0.062960 0.362016 0.221281 0.905527 0.609954 0.835181 0.354461 -0.420511 -0.192406 0.000000 0.000000 0.000000 1.000000
-0.414213 0.908367 -0.057425 -0.063723 0.361176 0.221952 0.905698 0.610746 0.835452 0.354411 -0.420016 -0.190448 0.000000 0.000000 0.000000 1.000000
-0.414404 0.908222 -0.058321 -0.064422 0.360332 0.222583 0.905880 0.611551 0.835722 0.354385 -0.419500 -0.188465 0.000000 0.000000 0.000000 1.000000
-0.414594 0.908081 -0.059167 -0.065056 0.359491 0.223166 0.906070 0.612353 0.835989 0.354381 -0.418970 -0.186489 0.000000 0.000000 0.000000 1.000000
-0.414778 0.907945 -0.059957 -0.065626 0.358662 0.223695 0.906268 0.613139 0.836254 0.354396 -0.418429 -0.184554 0.000000 0.000000 0.000000 1.000000
-0.414954 0.907817 -0.060682 -0.066129 0.357854 0.224164 0.906472 0.613895 0.836513 0.354429 -0.417883 -0.182693 0.000000 0.000000 0.000000 1.000000
-0.415116 0.907699 -0.061334 -0.066566 0.357075 0.224565 0.906680 0.614605 0.836766 0.354476 -0.417337 -0.180939 0.000000 0.000000 0.000000 1.000000
-0.415260 0.907594 -0.061906 -0.066936 0.356333 0.224894 0.906890 0.615257 0.837010 0.354536 -0.416795 -0.179324 0.000000 0.000000 0.000000 1.000000
-0.415382 0.907505 -0.062389 -0.067239 0.355637 0.225143 0.907101 0.615836 0.837246 0.354605 -0.416263 -0.177884 0.000000 0.000000 0.000000 1.000000
-0.415478 0.907434 -0.062776 -0.067473 0.354996 0.225306 0.907312 0.616329 0.837470 0.354683 -0.415745 -0.176650 0.000000 0.000000 0.000000 1.000000
-0.415543 0.907385 -0.063060 -0.067639 0.354417 0.225377 0.907521 0.616721 0.837683 0.354765 -0.415246 -0.175656 0.000000 0.000000 0.000000 1.000000
-0.415574 0.907359 -0.063231 -0.067735 0.353909 0.225348 0.907726 0.617000 0.837882 0.354849 -0.414772 -0.174935 0.000000 0.000000 0.000000 1.000000
-0.415565 0.907359 -0.063283 -0.067760 0.353481 0.225215 0.907926 0.617150 0.838067 0.354933 -0.414326 -0.174521 0.000000 0.000000 0.000000 1.000000
-0.415076 0.907664 -0.062115 -0.067059 0.353692 0.223894 0.908170 0.617315 0.838221 0.354990 -0.413967 -0.174325 0.000000 0.000000 0.000000 1.000000
-0.413807 0.908451 -0.059001 -0.065186 0.354912 0.220668 0.908484 0.617611 0.838333 0.354997 -0.413734 -0.174226 0.000000 0.000000 0.000000 1.000000
-0.411971 0.909566 -0.054490 -0.062458 0.356860 0.216079 0.908824 0.617979 0.838410 0.354964 -0.413606 -0.174206 0.000000 0.000000 0.000000 1.000000
-0.409781 0.910860 -0.049132 -0.059192 0.359259 0.210665 0.909150 0.618359 0.838459 0.354901 -0.413560 -0.174248 0.000000 0.000000 0.000000 1.000000
-0.407456 0.912189 -0.043477 -0.055709 0.361832 0.204969 0.909431 0.618706 0.838485 0.354822 -0.413575 -0.174334 0.000000 0.000000 0.000000 1.000000
-0.405221 0.913426 -0.038076 -0.052328 0.364312 0.199538 0.909649 0.618989 0.838494 0.354737 -0.413629 -0.174445 0.000000 0.000000 0.000000 1.000000
-0.403307 0.914452 -0.033479 -0.049371 0.366433 0.194919 0.909799 0.619192 0.838493 0.354660 -0.413697 -0.174564 0.000000 0.000000 0.000000 1.000000
-0.401951 0.915162 -0.030237 -0.047163 0.367935 0.191665 0.909884 0.619312 0.838486 0.354604 -0.413759 -0.174672 0.000000 0.000000 0.000000 1.000000
-0.401391 0.915451 -0.028901 -0.046024 0.368558 0.190325 0.909913 0.619348 0.838481 0.354579 -0.413792 -0.174750 0.000000 0.000000 0.000000 1.000000
-0.401334 0.915482 -0.028708 -0.045516 0.368648 0.190143 0.909914 0.619342 0.838469 0.354597 -0.413802 -0.174811 0.000000 0.000000 0.000000 1.000000
-0.401329 0.915490 -0.028529 -0.044983 0.368723 0.189994 0.909915 0.619334 0.838438 0.354656 -0.413812 -0.174877 0.000000 0.000000 0.000000 1.000000
-0.401372 0.915476 -0.028360 -0.044425 0.368786 0.189875 0.909914 0.619323 0.838390 0.354756 -0.413825 -0.174949 0.000000 0.000000 0.000000 1.000000
-0.401461 0.915442 -0.028200 -0.043842 0.368839 0.189782 0.909912 0.619310 0.838324 0.354892 -0.413841 -0.175028 0.000000 0.000000 0.000000 1.000000
-0.401591 0.915390 -0.028048 -0.043234 0.368885 0.189714 0.909908 0.619295 0.838242 0.355064 -0.413860 -0.175112 0.000000 0.000000 0.000000 1.000000
-0.401759 0.915320 -0.027901 -0.042601 0.368925 0.189667 0.909902 0.619278 0.838144 0.355268 -0.413884 -0.175204 0.000000 0.000000 0.000000 1.000000
-0.401962 0.915236 -0.027757 -0.041943 0.368961 0.189639 0.909893 0.619258 0.838030 0.355501 -0.413914 -0.175303 0.000000 0.000000 0.000000 1.000000
-0.402196 0.915137 -0.027615 -0.041259 0.368997 0.189628 0.909880 0.619236 0.837902 0.355761 -0.413950 -0.175409 0.000000 0.000000 0.000000 1.000000
-0.402459 0.915026 -0.027472 -0.040549 0.369034 0.189631 0.909865 0.619211 0.837759 0.356045 -0.413994 -0.175524 0.000000 0.000000 0.000000 1.000000
-0.402746 0.914904 -0.027327 -0.039814 0.369075 0.189645 0.909845 0.619184 0.837603 0.356351 -0.414046 -0.175646 0.000000 0.000000 0.000000 1.000000
-0.403055 0.914772 -0.027177 -0.039053 0.369121 0.189667 0.909822 0.619154 0.837434 0.356676 -0.414108 -0.175776 0.000000 0.000000 0.000000 1.000000
-0.403381 0.914633 -0.027020 -0.038267 0.369176 0.189695 0.909794 0.619122 0.837253 0.357018 -0.414180 -0.175916 0.000000 0.000000 0.000000 1.000000
-0.403722 0.914487 -0.026855 -0.037454 0.369241 0.189727 0.909761 0.619087 0.837060 0.357374 -0.414263 -0.176064 0.000000 0.000000 0.000000 1.000000
-0.404074 0.914337 -0.026680 -0.036615 0.369319 0.189759 0.909722 0.619050 0.836856 0.357742 -0.414359 -0.176221 0.000000 0.000000 0.000000 1.000000
-0.404433 0.914184 -0.026492 -0.035749 0.369412 0.189789 0.909679 0.619009 0.836641 0.358118 -0.414467 -0.176389 0.000000 0.000000 0.000000 1.000000
-0.404797 0.914028 -0.026290 -0.034858 0.369522 0.189814 0.909629 0.618966 0.836417 0.358500 -0.414590 -0.176566 0.000000 0.000000 0.000000 1.000000
-0.405162 0.913873 -0.026072 -0.033940 0.369651 0.189832 0.909572 0.618919 0.836183 0.358887 -0.414727 -0.176753 0.000000 0.000000 0.000000 1.000000
-0.405524 0.913719 -0.025835 -0.032995 0.369802 0.189840 0.909509 0.618870 0.835940 0.359274 -0.414880 -0.176951 0.000000 0.000000 0.000000 1.000000
-0.405881 0.913568 -0.025578 -0.032024 0.369977 0.189836 0.909439 0.618817 0.835690 0.359660 -0.415050 -0.177160 0.000000 0.000000 0.000000 1.000000
-0.406227 0.913422 -0.025298 -0.031025 0.370178 0.189816 0.909361 0.618760 0.835432 0.360043 -0.415237 -0.177381 0.000000 0.000000 0.000000 1.000000
-0.406562 0.913281 -0.024994 -0.030000 0.370408 0.189778 0.909276 0.618700 0.835168 0.360419 -0.415443 -0.177613 0.000000 0.000000 0.000000 1.000000
-0.406880 0.913149 -0.024665 -0.028948 0.370668 0.189719 0.909182 0.618636 0.834897 0.360786 -0.415668 -0.177857 0.000000 0.000000 0.000000 1.000000
-0.407179 0.913025 -0.024306 -0.027868 0.370961 0.189638 0.909079 0.618568 0.834621 0.361141 -0.415913 -0.178113 0.000000 0.000000 0.000000 1.000000
-0.407465 0.912909 -0.023886 -0.026745 0.371346 0.189528 0.908945 0.618486 0.834311 0.361493 -0.416231 -0.178412 0.000000 0.000000 0.000000 1.000000
-0.407746 0.912796 -0.023380 -0.025566 0.371868 0.189390 0.908761 0.618382 0.833941 0.361849 -0.416662 -0.178777 0.000000 0.000000 0.000000 1.000000
-0.408026 0.912686 -0.022799 -0.024339 0.372506 0.189228 0.908533 0.618259 0.833519 0.362212 -0.417191 -0.179200 0.000000 0.000000 0.000000 1.000000
-0.408304 0.912577 -0.022155 -0.023072 0.373242 0.189046 0.908269 0.618119 0.833054 0.362581 -0.417800 -0.179669 0.000000 0.000000 0.000000 1.000000
-0.408584 0.912469 -0.021459 -0.021772 0.374057 0.188847 0.907975 0.617964 0.832551 0.362957 -0.418475 -0.180175 0.000000 0.000000 0.000000 1.000000
-0.408865 0.912360 -0.020722 -0.020447 0.374930 0.188637 0.907658 0.617799 0.832020 0.363340 -0.419198 -0.180708 0.000000 0.000000 0.000000 1.000000
-0.409150 0.912249 -0.019957 -0.019104 0.375844 0.188418 0.907326 0.617624 0.831467 0.363732 -0.419955 -0.181260 0.000000 0.000000 0.000000 1.000000
-0.409441 0.912135 -0.019175 -0.017752 0.376779 0.188196 0.906984 0.617443 0.830901 0.364131 -0.420728 -0.181820 0.000000 0.000000 0.000000 1.000000
-0.409738 0.912018 -0.018388 -0.016397 0.377715 0.187974 0.906641 0.617260 0.830329 0.364540 -0.421503 -0.182379 0.000000 0.000000 0.000000 1.000000
-0.410044 0.911896 -0.017608 -0.015049 0.378634 0.187757 0.906302 0.617077 0.829759 0.364957 -0.422263 -0.182928 0.000000 0.000000 0.000000 1.000000
-0.410359 0.911768 -0.016847 -0.013714 0.379516 0.187548 0.905976 0.616897 0.829200 0.365382 -0.422993 -0.183457 0.000000 0.000000 0.000000 1.000000
-0.410686 0.911634 -0.016117 -0.012400 0.380342 0.187353 0.905670 0.616725 0.828660 0.365816 -0.423676 -0.183958 0.000000 0.000000 0.000000 1.000000
-0.411026 0.911493 -0.015430 -0.011117 0.381094 0.187176 0.905391 0.616564 0.828145 0.366259 -0.424299 -0.184420 0.000000 0.000000 0.000000 1.000000
-0.411381 0.911343 -0.014798 -0.009871 0.381752 0.187021 0.905146 0.616417 0.827666 0.366710 -0.424844 -0.184836 0.000000 0.000000 0.000000 1.000000
-0.411752 0.911185 -0.014235 -0.008671 0.382297 0.186892 0.904942 0.616289 0.827230 0.367170 -0.425297 -0.185195 0.000000 0.000000 0.000000 1.000000
-0.412141 0.911016 -0.013751 -0.007524 0.382711 0.186795 0.904787 0.616182 0.826844 0.367637 -0.425642 -0.185489 0.000000 0.000000 0.000000 1.000000
-0.412550 0.910837 -0.013361 -0.006440 0.382974 0.186733 0.904689 0.616102 0.826519 0.368113 -0.425864 -0.185710 0.000000 0.000000 0.000000 1.000000
-0.412981 0.910646 -0.013075 -0.005427 0.383067 0.186711 0.904654 0.616051 0.826261 0.368596 -0.425947 -0.185848 0.000000 0.000000 0.000000 1.000000
-0.413452 0.910435 -0.012883 -0.004480 0.383038 0.186749 0.904658 0.616021 0.826038 0.369098 -0.425943 -0.185932 0.000000 0.000000 0.000000 1.000000
-0.413980 0.910196 -0.012760 -0.003588 0.382949 0.186857 0.904674 0.615997 0.825815 0.369631 -0.425914 -0.185999 0.000000 0.000000 0.000000 1.000000
-0.414559 0.909934 -0.012703 -0.002751 0.382804 0.187033 0.904699 0.615981 0.825592 0.370189 -0.425862 -0.186049 0.000000 0.000000 0.000000 1.000000
-0.415185 0.909648 -0.012706 -0.001966 0.382608 0.187269 0.904733 0.615970 0.825368 0.370770 -0.425790 -0.186083 0.000000 0.000000 0.000000 1.000000
-0.415850 0.909343 -0.012765 -0.001233 0.382366 0.187560 0.904775 0.615966 0.825145 0.371370 -0.425699 -0.186103 0.000000 0.000000 0.000000 1.000000
-0.416551 0.909021 -0.012877 -0.000548 0.382082 0.187903 0.904824 0.615968 0.824923 0.371986 -0.425591 -0.186110 0.000000 0.000000 0.000000 1.000000
-0.417282 0.908684 -0.013035 0.000088 0.381760 0.188290 0.904879 0.615976 0.824703 0.372614 -0.425469 -0.186105 0.000000 0.000000 0.000000 1.000000
-0.418037 0.908333 -0.013236 0.000679 0.381405 0.188718 0.904940 0.615988 0.824485 0.373251 -0.425334 -0.186089 0.000000 0.000000 0.000000 1.000000
-0.418812 0.907973 -0.013474 0.001225 0.381021 0.189180 0.905005 0.616005 0.824269 0.373893 -0.425188 -0.186063 0.000000 0.000000 0.000000 1.000000
-0.419600 0.907605 -0.013746 0.001728 0.380613 0.189671 0.905074 0.616026 0.824057 0.374537 -0.425032 -0.186028 0.000000 0.000000 0.000000 1.000000
-0.420397 0.907231 -0.014047 0.002190 0.380185 0.190187 0.905146 0.616050 0.823848 0.375180 -0.424870 -0.185986 0.000000 0.000000 0.000000 1.000000
-0.421198 0.906855 -0.014372 0.002613 0.379741 0.190721 0.905219 0.616077 0.823644 0.375819 -0.424702 -0.185937 0.000000 0.000000 0.000000 1.000000
-0.421996 0.906478 -0.014717 0.002997 0.379287 0.191269 0.905294 0.616107 0.823444 0.376449 -0.424530 -0.185882 0.000000 0.000000 0.000000 1.000000
-0.422788 0.906103 -0.015077 0.003345 0.378826 0.191825 0.905370 0.616139 0.823251 0.377067 -0.424356 -0.185824 0.000000 0.000000 0.000000 1.000000
-0.423566 0.905734 -0.015447 0.003658 0.378362 0.192384 0.905445 0.616173 0.823064 0.377671 -0.424183 -0.185762 0.000000 0.000000 0.000000 1.000000
-0.424326 0.905371 -0.015823 0.003939 0.377901 0.192939 0.905519 0.616207 0.822884 0.378256 -0.424010 -0.185698 0.000000 0.000000 0.000000 1.000000
-0.425064 0.905018 -0.016201 0.004188 0.377447 0.193488 0.905592 0.616242 0.822712 0.378819 -0.423841 -0.185632 0.000000 0.000000 0.000000 1.000000
-0.425773 0.904678 -0.016574 0.004407 0.377003 0.194023 0.905662 0.616277 0.822549 0.379357 -0.423676 -0.185567 0.000000 0.000000 0.000000 1.000000
-0.426447 0.904354 -0.016940 0.004599 0.376575 0.194540 0.905729 0.616311 0.822395 0.379867 -0.423518 -0.185502 0.000000 0.000000 0.000000 1.000000
-0.427083 0.904047 -0.017293 0.004764 0.376167 0.195032 0.905793 0.616344 0.822252 0.380344 -0.423367 -0.185439 0.000000 0.000000 0.000000 1.000000
-0.427674 0.903761 -0.017629 0.004905 0.375783 0.195496 0.905852 0.616376 0.822120 0.380785 -0.423226 -0.185379 0.000000 0.000000 0.000000 1.000000
-0.428216 0.903498 -0.017942 0.005022 0.375427 0.195925 0.905907 0.616405 0.822001 0.381188 -0.423096 -0.185322 0.000000 0.000000 0.000000 1.000000
-0.428702 0.903262 -0.018229 0.005119 0.375105 0.196314 0.905956 0.616432 0.821894 0.381548 -0.422978 -0.185270 0.000000 0.000000 0.000000 1.000000
-0.429129 0.903054 -0.018484 0.005196 0.374820 0.196658 0.906000 0.616457 0.821802 0.381862 -0.422874 -0.185223 0.000000 0.000000 0.000000 1.000000
-0.429489 0.902878 -0.018703 0.005255 0.374577 0.196951 0.906037 0.616477 0.821724 0.382127 -0.422786 -0.185183 0.000000 0.000000 0.000000 1.000000
-0.429779 0.902737 -0.018882 0.005298 0.374381 0.197189 0.906066 0.616494 0.821663 0.382339 -0.422715 -0.185150 0.000000 0.000000 0.000000 1.000000
-0.429992 0.902632 -0.019016 0.005327 0.374235 0.197365 0.906088 0.616507 0.821617 0.382495 -0.422662 -0.185125 0.000000 0.000000 0.000000 1.000000
-0.430124 0.902568 -0.019099 0.005343 0.374144 0.197474 0.906102 0.616515 0.821590 0.382590 -0.422629 -0.185110 0.000000 0.000000 0.000000 1.000000
-0.430169 0.902546 -0.019128 0.005348 0.374113 0.197512 0.906106 0.616518 0.821580 0.382623 -0.422617 -0.185105 0.000000 0.000000 0.000000 1.000000
-0.430169 0.902546 -0.019128 0.005348 0.374113 0.197512 0.906106 0.616518 0.821580 0.382623 -0.422617 -0.185105 0.000000 0.000000 0.000000 1.000000
-0.430169 0.902546 -0.019128 0.005348 0.374113 0.197512 0.906106 0.616518 0.821580 0.382623 -0.422617 -0.185105 0.000000 0.000000 0.000000 1.000000
-0.430169 0.902546 -0.019128 0.005348 0.374113 0.197512 0.906106 0.616518 0.821580 0.382623 -0.422617 -0.185105 0.000000 0.000000 0.000000 1.000000
-0.430169 0.902546 -0.019128 0.005348 0.374113 0.197512 0.906106 0.616518 0.821580 0.382623 -0.422617 -0.185105 0.000000 0.000000 0.000000 1.000000
-0.430169 0.902546 -0.019128 0.005348 0.374113 0.197512 0.906106 0.616518 0.821580 0.382623 -0.422617 -0.185105 0.000000 0.000000 0.000000 1.000000
-0.430169 0.902546 -0.019128 0.005348 0.374113 0.197512 0.906106 0.616518 0.821580 0.382623 -0.422617 -0.185105 0.000000 0.000000 0.000000 1.000000
-0.430169 0.902546 -0.019128 0.005348 0.374113 0.197512 0.906106 0.616518 0.821580 0.382623 -0.422617 -0.185105 0.000000 0.000000 0.000000 1.000000
-0.430169 0.902546 -0.019128 0.005348 0.374113 0.197512 0.906106 0.616518 0.821580 0.382623 -0.422617 -0.185105 0.000000 0.000000 0.000000 1.000000
-0.430169 0.902546 -0.019128 0.005348 0.374113 0.197512 0.906106 0.616518 0.821580 0.382623 -0.422617 -0.185105 0.000000 0.000000 0.000000 1.000000
-0.430169 0.902546 -0.019128 0.005348 0.374113 0.197512 0.906106 0.616518 0.821580 0.382623 -0.422617 -0.185105 0.000000 0.000000 0.000000 1.000000
-0.430169 0.902546 -0.019128 0.005348 0.374113 0.197512 0.906106 0.616518 0.821580 0.382623 -0.422617 -0.185105 0.000000 0.000000 0.000000 1.000000
-0.430169 0.902546 -0.019128 0.005348 0.374113 0.197512 0.906106 0.616518 0.821580 0.382623 -0.422617 -0.185105 0.000000 0.000000 0.000000 1.000000
-0.430169 0.902546 -0.019128 0.005348 0.374113 0.197512 0.906106 0.616518 0.821580 0.382623 -0.422617 -0.185105 0.000000 0.000000 0.000000 1.000000
-0.430169 0.902546 -0.019128 0.005348 0.374113 0.197512 0.906106 0.616518 0.821580 0.382623 -0.422617 -0.185105 0.000000 0.000000 0.000000 1.000000
-0.430169 0.902546 -0.019128 0.005348 0.374113 0.197512 0.906106 0.616518 0.821580 0.382623 -0.422617 -0.185105 0.000000 0.000000 0.000000 1.000000
-0.430169 0.902546 -0.019128 0.005348 0.374113 0.197512 0.906106 0.616518 0.821580 0.382623 -0.422617 -0.185105 0.000000 0.000000 0.000000 1.000000
-0.430169 0.902546 -0.019128 0.005348 0.374113 0.197512 0.906106 0.616518 0.821580 0.382623 -0.422617 -0.185105 0.000000 0.000000 0.000000 1.000000
-0.430169 0.902546 -0.019128 0.005348 0.374113 0.197512 0.906106 0.616518 0.821580 0.382623 -0.422617 -0.185105 0.000000 0.000000 0.000000 1.000000
-0.430169 0.902546 -0.019128 0.005348 0.374113 0.197512 0.906106 0.616518 0.821580 0.382623 -0.422617 -0.185105 0.000000 0.000000 0.000000 1.000000
-0.430169 0.902546 -0.019128 0.005348 0.374113 0.197512 0.906106 0.616518 0.821580 0.382623 -0.422617 -0.185105 0.000000 0.000000 0.000000 1.000000
-0.430169 0.902546 -0.019128 0.005348 0.374113 0.197512 0.906106 0.616518 0.821580 0.382623 -0.422617 -0.185105 0.000000 0.000000 0.000000 1.000000
-0.430169 0.902546 -0.019128 0.005348 0.374113 0.197512 0.906106 0.616518 0.821580 0.382623 -0.422617 -0.185105 0.000000 0.000000 0.000000 1.000000
-0.430169 0.902546 -0.019128 0.005348 0.374113 0.197512 0.906106 0.616518 0.821580 0.382623 -0.422617 -0.185105 0.000000 0.000000 0.000000 1.000000
-0.430169 0.902546 -0.019128 0.005348 0.374113 0.197512 0.906106 0.616518 0.821580 0.382623 -0.422617 -0.185105 0.000000 0.000000 0.000000 1.000000
-0.430169 0.902546 -0.019128 0.005348 0.374113 0.197512 0.906106 0.616518 0.821580 0.382623 -0.422617 -0.185105 0.000000 0.000000 0.000000 1.000000
-0.430169 0.902546 -0.019128 0.005348 0.374113 0.197512 0.906106 0.616518 0.821580 0.382623 -0.422617 -0.185105 0.000000 0.000000 0.000000 1.000000
-0.430169 0.902546 -0.019128 0.005348 0.374113 0.197512 0.906106 0.616518 0.821580 0.382623 -0.422617 -0.185105 0.000000 0.000000 0.000000 1.000000
-0.430169 0.902546 -0.019128 0.005348 0.374113 0.197512 0.906106 0.616518 0.821580 0.382623 -0.422617 -0.185105 0.000000 0.000000 0.000000 1.000000
-0.430169 0.902546 -0.019128 0.005348 0.374113 0.197512 0.906106 0.616518 0.821580 0.382623 -0.422617 -0.185105 0.000000 0.000000 0.000000 1.000000
-0.430169 0.902546 -0.019128 0.005348 0.374113 0.197512 0.906106 0.616518 0.821580 0.382623 -0.422617 -0.185105 0.000000 0.000000 0.000000 1.000000
-0.430169 0.902546 -0.019128 0.005348 0.374113 0.197512 0.906106 0.616518 0.821580 0.382623 -0.422617 -0.185105 0.000000 0.000000 0.000000 1.000000
-0.430169 0.902546 -0.019128 0.005348 0.374113 0.197512 0.906106 0.616518 0.821580 0.382623 -0.422617 -0.185105 0.000000 0.000000 0.000000 1.000000
-0.430169 0.902546 -0.019128 0.005348 0.374113 0.197512 0.906106 0.616518 0.821580 0.382623 -0.422617 -0.185105 0.000000 0.000000 0.000000 1.000000
-0.430169 0.902546 -0.019128 0.005348 0.374113 0.197512 0.906106 0.616518 0.821580 0.382623 -0.422617 -0.185105 0.000000 0.000000 0.000000 1.000000
-0.430169 0.902546 -0.019128 0.005348 0.374113 0.197512 0.906106 0.616518 0.821580 0.382623 -0.422617 -0.185105 0.000000 0.000000 0.000000 1.000000
-0.430169 0.902546 -0.019128 0.005348 0.374113 0.197512 0.906106 0.616518 0.821580 0.382623 -0.422617 -0.185105 0.000000 0.000000 0.000000 1.000000
-0.430169 0.902546 -0.019128 0.005348 0.374113 0.197512 0.906106 0.616518 0.821580 0.382623 -0.422617 -0.185105 0.000000 0.000000 0.000000 1.000000
-0.430169 0.902546 -0.019128 0.005348 0.374113 0.197512 0.906106 0.616518 0.821580 0.382623 -0.422617 -0.185105 0.000000 0.000000 0.000000 1.000000
-0.430169 0.902546 -0.019128 0.005348 0.374113 0.197512 0.906106 0.616518 0.821580 0.382623 -0.422617 -0.185105 0.000000 0.000000 0.000000 1.000000
-0.430169 0.902546 -0.019128 0.005348 0.374113 0.197512 0.906106 0.616518 0.821580 0.382623 -0.422617 -0.185105 0.000000 0.000000 0.000000 1.000000
-0.430169 0.902546 -0.019128 0.005348 0.374113 0.197512 0.906106 0.616518 0.821580 0.382623 -0.422617 -0.185105 0.000000 0.000000 0.000000 1.000000
-0.430169 0.902546 -0.019128 0.005348 0.374113 0.197512 0.906106 0.616518 0.821580 0.382623 -0.422617 -0.185105 0.000000 0.000000 0.000000 1.000000
-0.430169 0.902546 -0.019128 0.005348 0.374113 0.197512 0.906106 0.616518 0.821580 0.382623 -0.422617 -0.185105 0.000000 0.000000 0.000000 1.000000
-0.430169 0.902546 -0.019128 0.005348 0.374113 0.197512 0.906106 0.616518 0.821580 0.382623 -0.422617 -0.185105 0.000000 0.000000 0.000000 1.000000
-0.430169 0.902546 -0.019128 0.005348 0.374113 0.197512 0.906106 0.616518 0.821580 0.382623 -0.422617 -0.185105 0.000000 0.000000 0.000000 1.000000
-0.430169 0.902546 -0.019128 0.005348 0.374113 0.197512 0.906106 0.616518 0.821580 0.382623 -0.422617 -0.185105 0.000000 0.000000 0.000000 1.000000
-0.430169 0.902546 -0.019128 0.005348 0.374113 0.197512 0.906106 0.616518 0.821580 0.382623 -0.422617 -0.185105 0.000000 0.000000 0.000000 1.000000
-0.430169 0.902546 -0.019128 0.005348 0.374113 0.197512 0.906106 0.616518 0.821580 0.382623 -0.422617 -0.185105 0.000000 0.000000 0.000000 1.000000
-0.430169 0.902546 -0.019128 0.005348 0.374113 0.197512 0.906106 0.616518 0.821580 0.382623 -0.422617 -0.185105 0.000000 0.000000 0.000000 1.000000
-0.430169 0.902546 -0.019128 0.005348 0.374113 0.197512 0.906106 0.616518 0.821580 0.382623 -0.422617 -0.185105 0.000000 0.000000 0.000000 1.000000
-0.430169 0.902546 -0.019128 0.005348 0.374113 0.197512 0.906106 0.616518 0.821580 0.382623 -0.422617 -0.185105 0.000000 0.000000 0.000000 1.000000
-0.430169 0.902546 -0.019128 0.005348 0.374113 0.197512 0.906106 0.616518 0.821580 0.382623 -0.422617 -0.185105 0.000000 0.000000 0.000000 1.000000
-0.430169 0.902546 -0.019128 0.005348 0.374113 0.197512 0.906106 0.616518 0.821580 0.382623 -0.422617 -0.185105 0.000000 0.000000 0.000000 1.000000
-0.430169 0.902546 -0.019128 0.005348 0.374113 0.197512 0.906106 0.616518 0.821580 0.382623 -0.422617 -0.185105 0.000000 0.000000 0.000000 1.000000
-0.430169 0.902546 -0.019128 0.005348 0.374113 0.197512 0.906106 0.616518 0.821580 0.382623 -0.422617 -0.185105 0.000000 0.000000 0.000000 1.000000
-0.430169 0.902546 -0.019128 0.005348 0.374113 0.197512 0.906106 0.616518 0.821580 0.382623 -0.422617 -0.185105 0.000000 0.000000 0.000000 1.000000
-0.430169 0.902546 -0.019128 0.005348 0.374113 0.197512 0.906106 0.616518 0.821580 0.382623 -0.422617 -0.185105 0.000000 0.000000 0.000000 1.000000
-0.430169 0.902546 -0.019128 0.005348 0.374113 0.197512 0.906106 0.616518 0.821580 0.382623 -0.422617 -0.185105 0.000000 0.000000 0.000000 1.000000
-0.430169 0.902546 -0.019128 0.005348 0.374113 0.197512 0.906106 0.616518 0.821580 0.382623 -0.422617 -0.185105 0.000000 0.000000 0.000000 1.000000
-0.430169 0.902546 -0.019128 0.005348 0.374113 0.197512 0.906106 0.616518 0.821580 0.382623 -0.422617 -0.185105 0.000000 0.000000 0.000000 1.000000
-0.430169 0.902546 -0.019128 0.005348 0.374113 0.197512 0.906106 0.616518 0.821580 0.382623 -0.422617 -0.185105 0.000000 0.000000 0.000000 1.000000
-0.430169 0.902546 -0.019128 0.005348 0.374113 0.197512 0.906106 0.616518 0.821580 0.382623 -0.422617 -0.185105 0.000000 0.000000 0.000000 1.000000
-0.430169 0.902546 -0.019128 0.005348 0.374113 0.197512 0.906106 0.616518 0.821580 0.382623 -0.422617 -0.185105 0.000000 0.000000 0.000000 1.000000
-0.430169 0.902546 -0.019128 0.005348 0.374113 0.197512 0.906106 0.616518 0.821580 0.382623 -0.422617 -0.185105 0.000000 0.000000 0.000000 1.000000
-0.430169 0.902546 -0.019128 0.005348 0.374113 0.197512 0.906106 0.616518 0.821580 0.382623 -0.422617 -0.185105 0.000000 0.000000 0.000000 1.000000
-0.430169 0.902546 -0.019128 0.005348 0.374113 0.197512 0.906106 0.616518 0.821580 0.382623 -0.422617 -0.185105 0.000000 0.000000 0.000000 1.000000
-0.430169 0.902546 -0.019128 0.005348 0.374113 0.197512 0.906106 0.616518 0.821580 0.382623 -0.422617 -0.185105 0.000000 0.000000 0.000000 1.000000
-0.430169 0.902546 -0.019128 0.005348 0.374113 0.197512 0.906106 0.616518 0.821580 0.382623 -0.422617 -0.185105 0.000000 0.000000 0.000000 1.000000
-0.430169 0.902546 -0.019128 0.005348 0.374113 0.197512 0.906106 0.616518 0.821580 0.382623 -0.422617 -0.185105 0.000000 0.000000 0.000000 1.000000
-0.430169 0.902546 -0.019128 0.005348 0.374113 0.197512 0.906106 0.616518 0.821580 0.382623 -0.422617 -0.185105 0.000000 0.000000 0.000000 1.000000
-0.430169 0.902546 -0.019128 0.005348 0.374113 0.197512 0.906106 0.616518 0.821580 0.382623 -0.422617 -0.185105 0.000000 0.000000 0.000000 1.000000
-0.430169 0.902546 -0.019128 0.005348 0.374113 0.197512 0.906106 0.616518 0.821580 0.382623 -0.422617 -0.185105 0.000000 0.000000 0.000000 1.000000
-0.430169 0.902546 -0.019128 0.005348 0.374113 0.197512 0.906106 0.616518 0.821580 0.382623 -0.422617 -0.185105 0.000000 0.000000 0.000000 1.000000
-0.430169 0.902546 -0.019128 0.005348 0.374113 0.197512 0.906106 0.616518 0.821580 0.382623 -0.422617 -0.185105 0.000000 0.000000 0.000000 1.000000
-0.430169 0.902546 -0.019128 0.005348 0.374113 0.197512 0.906106 0.616518 0.821580 0.382623 -0.422617 -0.185105 0.000000 0.000000 0.000000 1.000000
-0.430169 0.902546 -0.019128 0.005348 0.374113 0.197512 0.906106 0.616518 0.821580 0.382623 -0.422617 -0.185105 0.000000 0.000000 0.000000 1.000000
-0.430169 0.902546 -0.019128 0.005348 0.374113 0.197512 0.906106 0.616518 0.821580 0.382623 -0.422617 -0.185105 0.000000 0.000000 0.000000 1.000000
-0.430169 0.902546 -0.019128 0.005348 0.374113 0.197512 0.906106 0.616518 0.821580 0.382623 -0.422617 -0.185105 0.000000 0.000000 0.000000 1.000000
-0.430169 0.902546 -0.019128 0.005348 0.374113 0.197512 0.906106 0.616518 0.821580 0.382623 -0.422617 -0.185105 0.000000 0.000000 0.000000 1.000000
-0.430169 0.902546 -0.019128 0.005348 0.374113 0.197512 0.906106 0.616518 0.821580 0.382623 -0.422617 -0.185105 0.000000 0.000000 0.000000 1.000000
-0.430169 0.902546 -0.019128 0.005348 0.374113 0.197512 0.906106 0.616518 0.821580 0.382623 -0.422617 -0.185105 0.000000 0.000000 0.000000 1.000000
-0.430169 0.902546 -0.019128 0.005348 0.374113 0.197512 0.906106 0.616518 0.821580 0.382623 -0.422617 -0.185105 0.000000 0.000000 0.000000 1.000000
-0.430169 0.902546 -0.019128 0.005348 0.374113 0.197512 0.906106 0.616518 0.821580 0.382623 -0.422617 -0.185105 0.000000 0.000000 0.000000 1.000000
-0.430169 0.902546 -0.019128 0.005348 0.374113 0.197512 0.906106 0.616518 0.821580 0.382623 -0.422617 -0.185105 0.000000 0.000000 0.000000 1.000000
-0.430169 0.902546 -0.019128 0.005348 0.374113 0.197512 0.906106 0.616518 0.821580 0.382623 -0.422617 -0.185105 0.000000 0.000000 0.000000 1.000000
-0.430169 0.902546 -0.019128 0.005348 0.374113 0.197512 0.906106 0.616518 0.821580 0.382623 -0.422617 -0.185105 0.000000 0.000000 0.000000 1.000000
-0.430169 0.902546 -0.019128 0.005348 0.374113 0.197512 0.906106 0.616518 0.821580 0.382623 -0.422617 -0.185105 0.000000 0.000000 0.000000 1.000000
-0.430169 0.902546 -0.019128 0.005348 0.374113 0.197512 0.906106 0.616518 0.821580 0.382623 -0.422617 -0.185105 0.000000 0.000000 0.000000 1.000000
-0.430169 0.902546 -0.019128 0.005348 0.374113 0.197512 0.906106 0.616518 0.821580 0.382623 -0.422617 -0.185105 0.000000 0.000000 0.000000 1.000000
-0.430169 0.902546 -0.019128 0.005348 0.374113 0.197512 0.906106 0.616518 0.821580 0.382623 -0.422617 -0.185105 0.000000 0.000000 0.000000 1.000000
-0.430169 0.902546 -0.019128 0.005348 0.374113 0.197512 0.906106 0.616518 0.821580 0.382623 -0.422617 -0.185105 0.000000 0.000000 0.000000 1.000000
-0.430169 0.902546 -0.019128 0.005348 0.374113 0.197512 0.906106 0.616518 0.821580 0.382623 -0.422617 -0.185105 0.000000 0.000000 0.000000 1.000000
-0.430169 0.902546 -0.019128 0.005348 0.374113 0.197512 0.906106 0.616518 0.821580 0.382623 -0.422617 -0.185105 0.000000 0.000000 0.000000 1.000000
-0.430169 0.902546 -0.019128 0.005348 0.374113 0.197512 0.906106 0.616518 0.821580 0.382623 -0.422617 -0.185105 0.000000 0.000000 0.000000 1.000000
-0.430169 0.902546 -0.019128 0.005348 0.374113 0.197512 0.906106 0.616518 0.821580 0.382623 -0.422617 -0.185105 0.000000 0.000000 0.000000 1.000000
-0.430169 0.902546 -0.019128 0.005348 0.374113 0.197512 0.906106 0.616518 0.821580 0.382623 -0.422617 -0.185105 0.000000 0.000000 0.000000 1.000000
-0.430169 0.902546 -0.019128 0.005348 0.374113 0.197512 0.906106 0.616518 0.821580 0.382623 -0.422617 -0.185105 0.000000 0.000000 0.000000 1.000000
-0.430169 0.902546 -0.019128 0.005348 0.374113 0.197512 0.906106 0.616518 0.821580 0.382623 -0.422617 -0.185105 0.000000 0.000000 0.000000 1.000000
-0.430169 0.902546 -0.019128 0.005348 0.374113 0.197512 0.906106 0.616518 0.821580 0.382623 -0.422617 -0.185105 0.000000 0.000000 0.000000 1.000000
-0.430169 0.902546 -0.019128 0.005348 0.374113 0.197512 0.906106 0.616518 0.821580 0.382623 -0.422617 -0.185105 0.000000 0.000000 0.000000 1.000000
-0.430169 0.902546 -0.019128 0.005348 0.374113 0.197512 0.906106 0.616518 0.821580 0.382623 -0.422617 -0.185105 0.000000 0.000000 0.000000 1.000000
-0.430169 0.902546 -0.019128 0.005348 0.374113 0.197512 0.906106 0.616518 0.821580 0.382623 -0.422617 -0.185105 0.000000 0.000000 0.000000 1.000000
-0.430169 0.902546 -0.019128 0.005348 0.374113 0.197512 0.906106 0.616518 0.821580 0.382623 -0.422617 -0.185105 0.000000 0.000000 0.000000 1.000000
-0.430169 0.902546 -0.019128 0.005348 0.374113 0.197512 0.906106 0.616518 0.821580 0.382623 -0.422617 -0.185105 0.000000 0.000000 0.000000 1.000000
-0.430169 0.902546 -0.019128 0.005348 0.374113 0.197512 0.906106 0.616518 0.821580 0.382623 -0.422617 -0.185105 0.000000 0.000000 0.000000 1.000000
-0.430169 0.902546 -0.019128 0.005348 0.374113 0.197512 0.906106 0.616518 0.821580 0.382623 -0.422617 -0.185105 0.000000 0.000000 0.000000 1.000000
-0.430169 0.902546 -0.019128 0.005348 0.374113 0.197512 0.906106 0.616518 0.821580 0.382623 -0.422617 -0.185105 0.000000 0.000000 0.000000 1.000000
-0.430169 0.902546 -0.019128 0.005348 0.374113 0.197512 0.906106 0.616518 0.821580 0.382623 -0.422617 -0.185105 0.000000 0.000000 0.000000 1.000000
-0.430169 0.902546 -0.019128 0.005348 0.374113 0.197512 0.906106 0.616518 0.821580 0.382623 -0.422617 -0.185105 0.000000 0.000000 0.000000 1.000000
-0.430169 0.902546 -0.019128 0.005348 0.374113 0.197512 0.906106 0.616518 0.821580 0.382623 -0.422617 -0.185105 0.000000 0.000000 0.000000 1.000000
-0.430169 0.902546 -0.019128 0.005348 0.374113 0.197512 0.906106 0.616518 0.821580 0.382623 -0.422617 -0.185105 0.000000 0.000000 0.000000 1.000000
-0.430169 0.902546 -0.019128 0.005348 0.374113 0.197512 0.906106 0.616518 0.821580 0.382623 -0.422617 -0.185105 0.000000 0.000000 0.000000 1.000000
-0.430169 0.902546 -0.019128 0.005348 0.374113 0.197512 0.906106 0.616518 0.821580 0.382623 -0.422617 -0.185105 0.000000 0.000000 0.000000 1.000000
-0.430169 0.902546 -0.019128 0.005348 0.374113 0.197512 0.906106 0.616518 0.821580 0.382623 -0.422617 -0.185105 0.000000 0.000000 0.000000 1.000000
-0.430169 0.902546 -0.019128 0.005348 0.374113 0.197512 0.906106 0.616518 0.821580 0.382623 -0.422617 -0.185105 0.000000 0.000000 0.000000 1.000000
-0.430169 0.902546 -0.019128 0.005348 0.374113 0.197512 0.906106 0.616518 0.821580 0.382623 -0.422617 -0.185105 0.000000 0.000000 0.000000 1.000000
-0.430169 0.902546 -0.019128 0.005348 0.374113 0.197512 0.906106 0.616518 0.821580 0.382623 -0.422617 -0.185105 0.000000 0.000000 0.000000 1.000000
-0.430169 0.902546 -0.019128 0.005348 0.374113 0.197512 0.906106 0.616518 0.821580 0.382623 -0.422617 -0.185105 0.000000 0.000000 0.000000 1.000000
-0.430169 0.902546 -0.019128 0.005348 0.374113 0.197512 0.906106 0.616518 0.821580 0.382623 -0.422617 -0.185105 0.000000 0.000000 0.000000 1.000000
-0.430169 0.902546 -0.019128 0.005348 0.374113 0.197512 0.906106 0.616518 0.821580 0.382623 -0.422617 -0.185105 0.000000 0.000000 0.000000 1.000000
-0.430169 0.902546 -0.019128 0.005348 0.374113 0.197512 0.906106 0.616518 0.821580 0.382623 -0.422617 -0.185105 0.000000 0.000000 0.000000 1.000000
