<?xml version="1.0" encoding="utf-8"?>
<COLLADA xmlns="http://www.collada.org/2005/11/COLLADASchema" version="1.4.1">
  <asset><contributor><author></author><authoring_tool>FBX COLLADA exporter</authoring_tool><comments></comments></contributor><created>2020-03-03T18:32:12Z</created><keywords></keywords><modified>2020-03-03T18:32:12Z</modified><revision></revision><subject></subject><title></title><unit meter="0.010000" name="centimeter"></unit><up_axis>Y_UP</up_axis></asset>
  <library_animations>
    <animation id="jnt_right_lip-anim" name="jnt_right_lip"><animation><source id="jnt_right_lip-Matrix-animation-input"><float_array id="jnt_right_lip-Matrix-animation-input-array" count="16">

0.000000 0.033333 0.066667 0.100000 0.133333 0.166667 0.200000 0.233333 0.266667 0.300000 0.333333 0.366667 0.400000 0.433333 0.466667 0.500000</float_array><technique_common><accessor source="#jnt_right_lip-Matrix-animation-input-array" count="16"><param name="TIME" type="float"/></accessor></technique_common></source><source id="jnt_right_lip-Matrix-animation-output-transform"><float_array id="jnt_right_lip-Matrix-animation-output-transform-array" count="256">

0.214952 0.976392 -0.021336 0.052308 0.464600 -0.083016 0.881621 0.648315 0.859036 -0.199419 -0.471476 -0.218442 0.000000 0.000000 0.000000 1.000000
0.207018 0.978113 -0.020923 0.051955 0.464592 -0.079465 0.881952 0.647911 0.860987 -0.192300 -0.470875 -0.217981 0.000000 0.000000 0.000000 1.000000
0.184615 0.982612 -0.019767 0.050954 0.464424 -0.069496 0.882882 0.646774 0.866157 -0.172173 -0.469179 -0.216688 0.000000 0.000000 0.000000 1.000000
0.149793 0.988554 -0.018000 0.049390 0.463743 -0.054168 0.884313 0.645009 0.873215 -0.140811 -0.466548 -0.214706 0.000000 0.000000 0.000000 1.000000
0.104622 0.994387 -0.015757 0.047342 0.462118 -0.034578 0.886144 0.642724 0.880626 -0.099992 -0.463141 -0.212178 0.000000 0.000000 0.000000 1.000000
0.051275 0.998598 -0.013174 0.044891 0.459153 -0.011858 0.888278 0.640025 0.886876 -0.051595 -0.459118 -0.209252 0.000000 0.000000 0.000000 1.000000
-0.007932 0.999915 -0.010379 0.042123 0.454575 0.012851 0.890616 0.637019 0.890673 0.002347 -0.454638 -0.206067 0.000000 0.000000 0.000000 1.000000
-0.070553 0.997480 -0.007497 0.039131 0.448288 0.038421 0.893063 0.633817 0.891101 0.059648 -0.449868 -0.202760 0.000000 0.000000 0.000000 1.000000
-0.134066 0.990961 -0.004640 0.036016 0.440410 0.063776 0.895529 0.630531 0.887730 0.118017 -0.444979 -0.199458 0.000000 0.000000 0.000000 1.000000
-0.195958 0.980610 -0.001911 0.032891 0.431277 0.087933 0.897924 0.627280 0.880682 0.175132 -0.440146 -0.196281 0.000000 0.000000 0.000000 1.000000
-0.253813 0.967253 0.000600 0.029878 0.421421 0.110025 0.900166 0.624183 0.870622 0.228726 -0.435547 -0.193338 0.000000 0.000000 0.000000 1.000000
-0.305384 0.952225 0.002811 0.027104 0.411535 0.129319 0.902173 0.621364 0.858708 0.276666 -0.431366 -0.190729 0.000000 0.000000 0.000000 1.000000
-0.348631 0.937248 0.004649 0.024706 0.402418 0.145206 0.903867 0.618948 0.846473 0.316987 -0.427789 -0.188547 0.000000 0.000000 0.000000 1.000000
-0.381701 0.924266 0.006046 0.022822 0.394920 0.157172 0.905172 0.617065 0.835669 0.347893 -0.425004 -0.186879 0.000000 0.000000 0.000000 1.000000
-0.402850 0.915240 0.006938 0.021593 0.389877 0.164740 0.906011 0.615843 0.828075 0.367692 -0.423196 -0.185812 0.000000 0.000000 0.000000 1.000000
-0.410316 0.911914 0.007252 0.021155 0.388050 0.167396 0.906309 0.615407 0.825262 0.374687 -0.422553 -0.185435 0.000000 0.000000 0.000000 1.000000</float_array><technique_common><accessor source="#jnt_right_lip-Matrix-animation-output-transform-array" count="16" stride="16"><param type="float4x4"/></accessor></technique_common></source><source id="jnt_right_lip-Interpolations"><Name_array id="jnt_right_lip-Interpolations-array" count="16">
 LINEAR LINEAR LINEAR LINEAR LINEAR LINEAR LINEAR LINEAR LINEAR LINEAR LINEAR
LINEAR LINEAR LINEAR LINEAR LINEAR</Name_array><technique_common><accessor source="#jnt_right_lip-Interpolations-array" count="16"><param type="name"/></accessor></technique_common></source><sampler id="jnt_right_lip-Matrix-animation-transform"><input semantic="INPUT" source="#jnt_right_lip-Matrix-animation-input"/><input semantic="OUTPUT" source="#jnt_right_lip-Matrix-animation-output-transform"/><input semantic="INTERPOLATION" source="#jnt_right_lip-Interpolations"/></sampler><channel source="#jnt_right_lip-Matrix-animation-transform" target="jnt_right_lip/matrix"/></animation></animation>
    <animation id="jnt_upper_lip-anim" name="jnt_upper_lip"><animation><source id="jnt_upper_lip-Matrix-animation-input"><float_array id="jnt_upper_lip-Matrix-animation-input-array" count="16">

0.000000 0.033333 0.066667 0.100000 0.133333 0.166667 0.200000 0.233333 0.266667 0.300000 0.333333 0.366667 0.400000 0.433333 0.466667 0.500000</float_array><technique_common><accessor source="#jnt_upper_lip-Matrix-animation-input-array" count="16"><param name="TIME" type="float"/></accessor></technique_common></source><source id="jnt_upper_lip-Matrix-animation-output-transform"><float_array id="jnt_upper_lip-Matrix-animation-output-transform-array" count="256">

0.951191 0.009015 -0.451001 0.024349 0.082400 0.955863 0.412328 0.669516 0.297400 -0.293674 1.328219 -0.051362 0.000000 0.000000 0.000000 1.000000
0.951368 0.008661 -0.448400 0.024314 0.081439 0.956970 0.405576 0.669535 0.297095 -0.290057 1.324707 -0.050821 0.000000 0.000000 0.000000 1.000000
0.951877 0.007693 -0.441068 0.024216 0.078718 0.960012 0.386769 0.669588 0.296199 -0.279854 1.314649 -0.049299 0.000000 0.000000 0.000000 1.000000
0.952685 0.006284 -0.429704 0.024065 0.074461 0.964499 0.358269 0.669670 0.294697 -0.264014 1.298606 -0.046946 0.000000 0.000000 0.000000 1.000000
0.953765 0.004628 -0.415016 0.023870 0.068889 0.969896 0.322564 0.669775 0.292552 -0.243476 1.277058 -0.043915 0.000000 0.000000 0.000000 1.000000
0.955084 0.002920 -0.397741 0.023641 0.062233 0.975676 0.282140 0.669898 0.289728 -0.219198 1.250541 -0.040355 0.000000 0.000000 0.000000 1.000000
0.956600 0.001337 -0.378647 0.023388 0.054741 0.981362 0.239357 0.670035 0.286215 -0.192162 1.219751 -0.036417 0.000000 0.000000 0.000000 1.000000
0.958264 0.000023 -0.358527 0.023120 0.046689 0.986562 0.196361 0.670179 0.282048 -0.163389 1.185599 -0.032253 0.000000 0.000000 0.000000 1.000000
0.960011 -0.000922 -0.338182 0.022847 0.038373 0.990990 0.155006 0.670326 0.277322 -0.133932 1.149244 -0.028014 0.000000 0.000000 0.000000 1.000000
0.961770 -0.001455 -0.318396 0.022579 0.030111 0.994485 0.116806 0.670470 0.272199 -0.104872 1.112076 -0.023850 0.000000 0.000000 0.000000 1.000000
0.963464 -0.001590 -0.299916 0.022326 0.022231 0.997006 0.082925 0.670607 0.266913 -0.077302 1.075687 -0.019912 0.000000 0.000000 0.000000 1.000000
0.965015 -0.001396 -0.283440 0.022097 0.015064 0.998629 0.054190 0.670730 0.261761 -0.052323 1.041819 -0.016352 0.000000 0.000000 0.000000 1.000000
0.966345 -0.000991 -0.269608 0.021902 0.008939 0.999518 0.031157 0.670835 0.257094 -0.031028 1.012302 -0.013320 0.000000 0.000000 0.000000 1.000000
0.967380 -0.000523 -0.259015 0.021750 0.004178 0.999895 0.014203 0.670917 0.253294 -0.014497 0.988998 -0.010968 0.000000 0.000000 0.000000 1.000000
0.968051 -0.000147 -0.252230 0.021653 0.001096 0.999993 0.003663 0.670970 0.250752 -0.003800 0.973743 -0.009446 0.000000 0.000000 0.000000 1.000000
0.968289 -0.000000 -0.249833 0.021618 -0.000000 1.000000 -0.000001 0.670989 0.249833 0.000001 0.968289 -0.008905 0.000000 0.000000 0.000000 1.000000</float_array><technique_common><accessor source="#jnt_upper_lip-Matrix-animation-output-transform-array" count="16" stride="16"><param type="float4x4"/></accessor></technique_common></source><source id="jnt_upper_lip-Interpolations"><Name_array id="jnt_upper_lip-Interpolations-array" count="16">
 LINEAR LINEAR LINEAR LINEAR LINEAR LINEAR LINEAR LINEAR LINEAR LINEAR LINEAR
LINEAR LINEAR LINEAR LINEAR LINEAR</Name_array><technique_common><accessor source="#jnt_upper_lip-Interpolations-array" count="16"><param type="name"/></accessor></technique_common></source><sampler id="jnt_upper_lip-Matrix-animation-transform"><input semantic="INPUT" source="#jnt_upper_lip-Matrix-animation-input"/><input semantic="OUTPUT" source="#jnt_upper_lip-Matrix-animation-output-transform"/><input semantic="INTERPOLATION" source="#jnt_upper_lip-Interpolations"/></sampler><channel source="#jnt_upper_lip-Matrix-animation-transform" target="jnt_upper_lip/matrix"/></animation></animation>
    <animation id="jnt_left_lip-anim" name="jnt_left_lip"><animation><source id="jnt_left_lip-Matrix-animation-input"><float_array id="jnt_left_lip-Matrix-animation-input-array" count="16">

0.000000 0.033333 0.066667 0.100000 0.133333 0.166667 0.200000 0.233333 0.266667 0.300000 0.333333 0.366667 0.400000 0.433333 0.466667 0.500000</float_array><technique_common><accessor source="#jnt_left_lip-Matrix-animation-input-array" count="16"><param name="TIME" type="float"/></accessor></technique_common></source><source id="jnt_left_lip-Matrix-animation-output-transform"><float_array id="jnt_left_lip-Matrix-animation-output-transform-array" count="256">

0.053817 0.998042 0.031859 -0.006917 -0.381297 -0.008948 0.924409 0.604850 0.922885 -0.061896 0.380070 0.148407 0.000000 0.000000 0.000000 1.000000
0.053145 0.998084 0.031692 -0.006946 -0.381948 -0.009007 0.924140 0.604764 0.922655 -0.061219 0.380737 0.148789 0.000000 0.000000 0.000000 1.000000
0.051258 0.998197 0.031217 -0.007032 -0.383776 -0.009170 0.923381 0.604517 0.922003 -0.059311 0.382614 0.149863 0.000000 0.000000 0.000000 1.000000
0.048349 0.998366 0.030461 -0.007182 -0.386599 -0.009415 0.922200 0.604128 0.920980 -0.056364 0.385512 0.151522 0.000000 0.000000 0.000000 1.000000
0.044613 0.998570 0.029448 -0.007404 -0.390232 -0.009717 0.920665 0.603613 0.919635 -0.052565 0.389240 0.153657 0.000000 0.000000 0.000000 1.000000
0.040245 0.998792 0.028204 -0.007705 -0.394491 -0.010051 0.918845 0.602989 0.918018 -0.048105 0.393610 0.156159 0.000000 0.000000 0.000000 1.000000
0.035440 0.999013 0.026760 -0.008090 -0.399192 -0.010396 0.916808 0.602272 0.916182 -0.043174 0.398430 0.158920 0.000000 0.000000 0.000000 1.000000
0.030388 0.999222 0.025154 -0.008556 -0.404153 -0.010733 0.914628 0.601487 0.914187 -0.037959 0.403512 0.161829 0.000000 0.000000 0.000000 1.000000
0.025277 0.999406 0.023436 -0.009092 -0.409192 -0.011046 0.912381 0.600656 0.912098 -0.032652 0.408670 0.164780 0.000000 0.000000 0.000000 1.000000
0.020290 0.999559 0.021668 -0.009679 -0.414131 -0.011324 0.910147 0.599811 0.909991 -0.027440 0.413718 0.167666 0.000000 0.000000 0.000000 1.000000
0.015605 0.999680 0.019924 -0.010289 -0.418790 -0.011559 0.908010 0.598986 0.907949 -0.022514 0.418475 0.170383 0.000000 0.000000 0.000000 1.000000
0.011396 0.999768 0.018286 -0.010886 -0.422994 -0.011750 0.906056 0.598217 0.906061 -0.018060 0.422762 0.172828 0.000000 0.000000 0.000000 1.000000
0.007832 0.999827 0.016845 -0.011428 -0.426567 -0.011896 0.904378 0.597545 0.904422 -0.014269 0.426400 0.174901 0.000000 0.000000 0.000000 1.000000
0.005080 0.999864 0.015699 -0.011870 -0.429335 -0.011998 0.903066 0.597014 0.903131 -0.011328 0.429216 0.176504 0.000000 0.000000 0.000000 1.000000
0.003305 0.999883 0.014944 -0.012166 -0.431124 -0.012059 0.902212 0.596665 0.902286 -0.009425 0.431034 0.177538 0.000000 0.000000 0.000000 1.000000
0.002676 0.999889 0.014673 -0.012274 -0.431760 -0.012080 0.901908 0.596540 0.901985 -0.008749 0.431680 0.177905 0.000000 0.000000 0.000000 1.000000</float_array><technique_common><accessor source="#jnt_left_lip-Matrix-animation-output-transform-array" count="16" stride="16"><param type="float4x4"/></accessor></technique_common></source><source id="jnt_left_lip-Interpolations"><Name_array id="jnt_left_lip-Interpolations-array" count="16">
 LINEAR LINEAR LINEAR LINEAR LINEAR LINEAR LINEAR LINEAR LINEAR LINEAR LINEAR
LINEAR LINEAR LINEAR LINEAR LINEAR</Name_array><technique_common><accessor source="#jnt_left_lip-Interpolations-array" count="16"><param type="name"/></accessor></technique_common></source><sampler id="jnt_left_lip-Matrix-animation-transform"><input semantic="INPUT" source="#jnt_left_lip-Matrix-animation-input"/><input semantic="OUTPUT" source="#jnt_left_lip-Matrix-animation-output-transform"/><input semantic="INTERPOLATION" source="#jnt_left_lip-Interpolations"/></sampler><channel source="#jnt_left_lip-Matrix-animation-transform" target="jnt_left_lip/matrix"/></animation></animation>
    <animation id="jnt_jaw-anim" name="jnt_jaw"><animation><source id="jnt_jaw-Matrix-animation-input"><float_array id="jnt_jaw-Matrix-animation-input-array" count="16">

0.000000 0.033333 0.066667 0.100000 0.133333 0.166667 0.200000 0.233333 0.266667 0.300000 0.333333 0.366667 0.400000 0.433333 0.466667 0.500000</float_array><technique_common><accessor source="#jnt_jaw-Matrix-animation-input-array" count="16"><param name="TIME" type="float"/></accessor></technique_common></source><source id="jnt_jaw-Matrix-animation-output-transform"><float_array id="jnt_jaw-Matrix-animation-output-transform-array" count="256">

0.992184 0.007538 0.124559 -0.022940 -0.021273 0.993780 0.109313 0.090803 -0.122961 -0.111108 0.986172 0.000000 0.000000 0.000000 0.000000 1.000000
0.992348 0.007898 0.123219 -0.022940 -0.021311 0.993931 0.107921 0.090803 -0.121619 -0.109721 0.986494 0.000000 0.000000 0.000000 0.000000 1.000000
0.992801 0.008892 0.119444 -0.022940 -0.021418 0.994347 0.104001 0.090803 -0.117843 -0.105810 0.987379 0.000000 0.000000 0.000000 0.000000 1.000000
0.993473 0.010369 0.113595 -0.022940 -0.021583 0.994958 0.097939 0.090803 -0.112007 -0.099752 0.988688 0.000000 0.000000 0.000000 0.000000 1.000000
0.994288 0.012167 0.106035 -0.022940 -0.021795 0.995692 0.090123 0.090803 -0.104482 -0.091919 0.990270 0.000000 0.000000 0.000000 0.000000 1.000000
0.995172 0.014125 0.097128 -0.022940 -0.022043 0.996475 0.080937 0.090803 -0.095642 -0.082687 0.991976 0.000000 0.000000 0.000000 0.000000 1.000000
0.996057 0.016097 0.087241 -0.022940 -0.022315 0.997243 0.070769 0.090803 -0.085861 -0.072436 0.993670 0.000000 0.000000 0.000000 0.000000 1.000000
0.996888 0.017961 0.076751 -0.022940 -0.022600 0.997942 0.060008 0.090803 -0.075516 -0.061556 0.995243 0.000000 0.000000 0.000000 0.000000 1.000000
0.997624 0.019624 0.066039 -0.022940 -0.022888 0.998534 0.049045 0.090803 -0.064980 -0.050440 0.996611 0.000000 0.000000 0.000000 0.000000 1.000000
0.998238 0.021026 0.055491 -0.022940 -0.023169 0.998999 0.038272 0.090803 -0.054631 -0.039490 0.997725 0.000000 0.000000 0.000000 0.000000 1.000000
0.998719 0.022140 0.045497 -0.022940 -0.023432 0.999331 0.028080 0.090803 -0.044845 -0.029111 0.998570 0.000000 0.000000 0.000000 0.000000 1.000000
0.999072 0.022969 0.036448 -0.022940 -0.023668 0.999542 0.018863 0.090803 -0.035998 -0.019708 0.999158 0.000000 0.000000 0.000000 0.000000 1.000000
0.999310 0.023543 0.028734 -0.022940 -0.023868 0.999654 0.011012 0.090803 -0.028465 -0.011691 0.999526 0.000000 0.000000 0.000000 0.000000 1.000000
0.999455 0.023904 0.022745 -0.022940 -0.024022 0.999699 0.004920 0.090803 -0.022621 -0.005464 0.999729 0.000000 0.000000 0.000000 0.000000 1.000000
0.999532 0.024098 0.018869 -0.022940 -0.024121 0.999709 0.000978 0.090803 -0.018840 -0.001433 0.999821 0.000000 0.000000 0.000000 0.000000 1.000000
0.999555 0.024159 0.017491 -0.022940 -0.024156 0.999708 -0.000423 0.090803 -0.017496 -0.000000 0.999847 0.000000 0.000000 0.000000 0.000000 1.000000</float_array><technique_common><accessor source="#jnt_jaw-Matrix-animation-output-transform-array" count="16" stride="16"><param type="float4x4"/></accessor></technique_common></source><source id="jnt_jaw-Interpolations"><Name_array id="jnt_jaw-Interpolations-array" count="16">
 LINEAR LINEAR LINEAR LINEAR LINEAR LINEAR LINEAR LINEAR LINEAR LINEAR LINEAR
LINEAR LINEAR LINEAR LINEAR LINEAR</Name_array><technique_common><accessor source="#jnt_jaw-Interpolations-array" count="16"><param type="name"/></accessor></technique_common></source><sampler id="jnt_jaw-Matrix-animation-transform"><input semantic="INPUT" source="#jnt_jaw-Matrix-animation-input"/><input semantic="OUTPUT" source="#jnt_jaw-Matrix-animation-output-transform"/><input semantic="INTERPOLATION" source="#jnt_jaw-Interpolations"/></sampler><channel source="#jnt_jaw-Matrix-animation-transform" target="jnt_jaw/matrix"/></animation></animation>
    <animation id="jnt_lowerlip-anim" name="jnt_lowerlip"><animation><source id="jnt_lowerlip-Matrix-animation-input"><float_array id="jnt_lowerlip-Matrix-animation-input-array" count="16">

0.000000 0.033333 0.066667 0.100000 0.133333 0.166667 0.200000 0.233333 0.266667 0.300000 0.333333 0.366667 0.400000 0.433333 0.466667 0.500000</float_array><technique_common><accessor source="#jnt_lowerlip-Matrix-animation-input-array" count="16"><param name="TIME" type="float"/></accessor></technique_common></source><source id="jnt_lowerlip-Matrix-animation-output-transform"><float_array id="jnt_lowerlip-Matrix-animation-output-transform-array" count="256">

0.999852 -0.013321 -0.010863 -0.161960 0.013103 0.999717 -0.019870 0.552306 0.011124 0.019725 0.999744 -0.015818 0.000000 0.000000 0.000000 1.000000
0.999852 -0.013321 -0.010863 -0.160899 0.013103 0.999717 -0.019870 0.552313 0.011124 0.019725 0.999744 -0.015468 0.000000 0.000000 0.000000 1.000000
0.999852 -0.013321 -0.010863 -0.157911 0.013103 0.999717 -0.019870 0.552334 0.011124 0.019725 0.999744 -0.014484 0.000000 0.000000 0.000000 1.000000
0.999852 -0.013321 -0.010863 -0.153294 0.013103 0.999717 -0.019870 0.552365 0.011124 0.019725 0.999744 -0.012963 0.000000 0.000000 0.000000 1.000000
0.999852 -0.013321 -0.010863 -0.147344 0.013103 0.999717 -0.019870 0.552406 0.011124 0.019725 0.999744 -0.011002 0.000000 0.000000 0.000000 1.000000
0.999852 -0.013321 -0.010863 -0.140357 0.013103 0.999717 -0.019870 0.552454 0.011124 0.019725 0.999744 -0.008700 0.000000 0.000000 0.000000 1.000000
0.999852 -0.013321 -0.010863 -0.132629 0.013103 0.999717 -0.019870 0.552506 0.011124 0.019725 0.999744 -0.006154 0.000000 0.000000 0.000000 1.000000
0.999852 -0.013321 -0.010863 -0.124457 0.013103 0.999717 -0.019870 0.552562 0.011124 0.019725 0.999744 -0.003461 0.000000 0.000000 0.000000 1.000000
0.999852 -0.013321 -0.010863 -0.116136 0.013103 0.999717 -0.019870 0.552619 0.011124 0.019725 0.999744 -0.000719 0.000000 0.000000 0.000000 1.000000
0.999852 -0.013321 -0.010863 -0.107964 0.013103 0.999717 -0.019870 0.552675 0.011124 0.019725 0.999744 0.001973 0.000000 0.000000 0.000000 1.000000
0.999852 -0.013321 -0.010863 -0.100236 0.013103 0.999717 -0.019870 0.552727 0.011124 0.019725 0.999744 0.004520 0.000000 0.000000 0.000000 1.000000
0.999852 -0.013321 -0.010863 -0.093249 0.013103 0.999717 -0.019870 0.552775 0.011124 0.019725 0.999744 0.006822 0.000000 0.000000 0.000000 1.000000
0.999852 -0.013321 -0.010863 -0.087299 0.013103 0.999717 -0.019870 0.552816 0.011124 0.019725 0.999744 0.008783 0.000000 0.000000 0.000000 1.000000
0.999852 -0.013321 -0.010863 -0.082682 0.013103 0.999717 -0.019870 0.552847 0.011124 0.019725 0.999744 0.010304 0.000000 0.000000 0.000000 1.000000
0.999852 -0.013321 -0.010863 -0.079694 0.013103 0.999717 -0.019870 0.552868 0.011124 0.019725 0.999744 0.011288 0.000000 0.000000 0.000000 1.000000
0.999852 -0.013321 -0.010863 -0.078633 0.013103 0.999717 -0.019870 0.552875 0.011124 0.019725 0.999744 0.011638 0.000000 0.000000 0.000000 1.000000</float_array><technique_common><accessor source="#jnt_lowerlip-Matrix-animation-output-transform-array" count="16" stride="16"><param type="float4x4"/></accessor></technique_common></source><source id="jnt_lowerlip-Interpolations"><Name_array id="jnt_lowerlip-Interpolations-array" count="16">
 LINEAR LINEAR LINEAR LINEAR LINEAR LINEAR LINEAR LINEAR LINEAR LINEAR LINEAR
LINEAR LINEAR LINEAR LINEAR LINEAR</Name_array><technique_common><accessor source="#jnt_lowerlip-Interpolations-array" count="16"><param type="name"/></accessor></technique_common></source><sampler id="jnt_lowerlip-Matrix-animation-transform"><input semantic="INPUT" source="#jnt_lowerlip-Matrix-animation-input"/><input semantic="OUTPUT" source="#jnt_lowerlip-Matrix-animation-output-transform"/><input semantic="INTERPOLATION" source="#jnt_lowerlip-Interpolations"/></sampler><channel source="#jnt_lowerlip-Matrix-animation-transform" target="jnt_lowerlip/matrix"/></animation></animation>
    <animation id="jnt_tounge-anim" name="jnt_tounge"><animation><source id="jnt_tounge-Matrix-animation-input"><float_array id="jnt_tounge-Matrix-animation-input-array" count="16">

0.000000 0.033333 0.066667 0.100000 0.133333 0.166667 0.200000 0.233333 0.266667 0.300000 0.333333 0.366667 0.400000 0.433333 0.466667 0.500000</float_array><technique_common><accessor source="#jnt_tounge-Matrix-animation-input-array" count="16"><param name="TIME" type="float"/></accessor></technique_common></source><source id="jnt_tounge-Matrix-animation-output-transform"><float_array id="jnt_tounge-Matrix-animation-output-transform-array" count="256">

0.992184 -0.021273 -0.122961 -0.040725 0.007538 0.993780 -0.111108 0.252738 0.124559 0.109313 0.986172 0.023397 0.000000 0.000000 0.000000 1.000000
0.992348 -0.021311 -0.121619 -0.040741 0.007898 0.993931 -0.109721 0.252764 0.123219 0.107920 0.986494 0.023090 0.000000 0.000000 0.000000 1.000000
0.992801 -0.021418 -0.117843 -0.040784 0.008892 0.994347 -0.105810 0.252834 0.119444 0.104001 0.987379 0.022227 0.000000 0.000000 0.000000 1.000000
0.993473 -0.021583 -0.112007 -0.040850 0.010369 0.994958 -0.099752 0.252937 0.113595 0.097939 0.988688 0.020892 0.000000 0.000000 0.000000 1.000000
0.994288 -0.021795 -0.104482 -0.040933 0.012167 0.995692 -0.091919 0.253060 0.106035 0.090123 0.990270 0.019171 0.000000 0.000000 0.000000 1.000000
0.995172 -0.022043 -0.095642 -0.041028 0.014125 0.996475 -0.082687 0.253190 0.097128 0.080937 0.991976 0.017149 0.000000 0.000000 0.000000 1.000000
0.996057 -0.022315 -0.085861 -0.041128 0.016097 0.997243 -0.072436 0.253315 0.087241 0.070769 0.993670 0.014912 0.000000 0.000000 0.000000 1.000000
0.996888 -0.022600 -0.075516 -0.041231 0.017961 0.997942 -0.061556 0.253427 0.076751 0.060008 0.995243 0.012546 0.000000 0.000000 0.000000 1.000000
0.997624 -0.022888 -0.064980 -0.041330 0.019624 0.998534 -0.050440 0.253518 0.066039 0.049045 0.996611 0.010136 0.000000 0.000000 0.000000 1.000000
0.998238 -0.023169 -0.054631 -0.041424 0.021026 0.998999 -0.039490 0.253587 0.055491 0.038272 0.997725 0.007769 0.000000 0.000000 0.000000 1.000000
0.998719 -0.023432 -0.044845 -0.041508 0.022140 0.999331 -0.029111 0.253632 0.045497 0.028080 0.998570 0.005530 0.000000 0.000000 0.000000 1.000000
0.999072 -0.023668 -0.035998 -0.041580 0.022969 0.999542 -0.019708 0.253656 0.036448 0.018863 0.999158 0.003505 0.000000 0.000000 0.000000 1.000000
0.999310 -0.023868 -0.028465 -0.041640 0.023543 0.999654 -0.011691 0.253664 0.028734 0.011012 0.999526 0.001781 0.000000 0.000000 0.000000 1.000000
0.999455 -0.024022 -0.022621 -0.041684 0.023904 0.999699 -0.005464 0.253662 0.022745 0.004920 0.999729 0.000443 0.000000 0.000000 0.000000 1.000000
0.999532 -0.024121 -0.018840 -0.041712 0.024098 0.999709 -0.001433 0.253658 0.018869 0.000978 0.999821 -0.000422 0.000000 0.000000 0.000000 1.000000
0.999555 -0.024156 -0.017496 -0.041722 0.024159 0.999708 -0.000000 0.253656 0.017491 -0.000423 0.999847 -0.000730 0.000000 0.000000 0.000000 1.000000</float_array><technique_common><accessor source="#jnt_tounge-Matrix-animation-output-transform-array" count="16" stride="16"><param type="float4x4"/></accessor></technique_common></source><source id="jnt_tounge-Interpolations"><Name_array id="jnt_tounge-Interpolations-array" count="16">
 LINEAR LINEAR LINEAR LINEAR LINEAR LINEAR LINEAR LINEAR LINEAR LINEAR LINEAR
LINEAR LINEAR LINEAR LINEAR LINEAR</Name_array><technique_common><accessor source="#jnt_tounge-Interpolations-array" count="16"><param type="name"/></accessor></technique_common></source><sampler id="jnt_tounge-Matrix-animation-transform"><input semantic="INPUT" source="#jnt_tounge-Matrix-animation-input"/><input semantic="OUTPUT" source="#jnt_tounge-Matrix-animation-output-transform"/><input semantic="INTERPOLATION" source="#jnt_tounge-Interpolations"/></sampler><channel source="#jnt_tounge-Matrix-animation-transform" target="jnt_tounge/matrix"/></animation></animation>
    <animation id="jnt_left_eyebow1-anim" name="jnt_left_eyebow1"><animation><source id="jnt_left_eyebow1-Matrix-animation-input"><float_array id="jnt_left_eyebow1-Matrix-animation-input-array" count="16">

0.000000 0.033333 0.066667 0.100000 0.133333 0.166667 0.200000 0.233333 0.266667 0.300000 0.333333 0.366667 0.400000 0.433333 0.466667 0.500000</float_array><technique_common><accessor source="#jnt_left_eyebow1-Matrix-animation-input-array" count="16"><param name="TIME" type="float"/></accessor></technique_common></source><source id="jnt_left_eyebow1-Matrix-animation-output-transform"><float_array id="jnt_left_eyebow1-Matrix-animation-output-transform-array" count="256">

0.000000 1.000000 -0.000000 0.466038 -0.000000 0.000000 1.000000 0.623155 1.000000 -0.000000 0.000000 0.062174 0.000000 0.000000 0.000000 1.000000
0.000000 1.000000 -0.000000 0.467014 -0.000000 0.000000 1.000000 0.623155 1.000000 -0.000000 0.000000 0.062174 0.000000 0.000000 0.000000 1.000000
0.000000 1.000000 -0.000000 0.469761 -0.000000 0.000000 1.000000 0.623155 1.000000 -0.000000 0.000000 0.062174 0.000000 0.000000 0.000000 1.000000
0.000000 1.000000 -0.000000 0.474007 -0.000000 0.000000 1.000000 0.623155 1.000000 -0.000000 0.000000 0.062174 0.000000 0.000000 0.000000 1.000000
0.000000 1.000000 -0.000000 0.479479 -0.000000 0.000000 1.000000 0.623155 1.000000 -0.000000 0.000000 0.062174 0.000000 0.000000 0.000000 1.000000
0.000000 1.000000 -0.000000 0.485905 -0.000000 0.000000 1.000000 0.623155 1.000000 -0.000000 0.000000 0.062174 0.000000 0.000000 0.000000 1.000000
0.000000 1.000000 -0.000000 0.493012 -0.000000 0.000000 1.000000 0.623155 1.000000 -0.000000 0.000000 0.062174 0.000000 0.000000 0.000000 1.000000
0.000000 1.000000 -0.000000 0.500527 -0.000000 0.000000 1.000000 0.623155 1.000000 -0.000000 0.000000 0.062174 0.000000 0.000000 0.000000 1.000000
0.000000 1.000000 -0.000000 0.508179 -0.000000 0.000000 1.000000 0.623155 1.000000 -0.000000 0.000000 0.062174 0.000000 0.000000 0.000000 1.000000
0.000000 1.000000 -0.000000 0.515694 -0.000000 0.000000 1.000000 0.623155 1.000000 -0.000000 0.000000 0.062174 0.000000 0.000000 0.000000 1.000000
0.000000 1.000000 -0.000000 0.522801 -0.000000 0.000000 1.000000 0.623155 1.000000 -0.000000 0.000000 0.062174 0.000000 0.000000 0.000000 1.000000
0.000000 1.000000 -0.000000 0.529226 -0.000000 0.000000 1.000000 0.623155 1.000000 -0.000000 0.000000 0.062174 0.000000 0.000000 0.000000 1.000000
0.000000 1.000000 -0.000000 0.534698 -0.000000 0.000000 1.000000 0.623155 1.000000 -0.000000 0.000000 0.062174 0.000000 0.000000 0.000000 1.000000
0.000000 1.000000 -0.000000 0.538944 -0.000000 0.000000 1.000000 0.623155 1.000000 -0.000000 0.000000 0.062174 0.000000 0.000000 0.000000 1.000000
0.000000 1.000000 -0.000000 0.541691 -0.000000 0.000000 1.000000 0.623155 1.000000 -0.000000 0.000000 0.062174 0.000000 0.000000 0.000000 1.000000
0.000000 1.000000 -0.000000 0.542668 -0.000000 0.000000 1.000000 0.623155 1.000000 -0.000000 0.000000 0.062174 0.000000 0.000000 0.000000 1.000000</float_array><technique_common><accessor source="#jnt_left_eyebow1-Matrix-animation-output-transform-array" count="16" stride="16"><param type="float4x4"/></accessor></technique_common></source><source id="jnt_left_eyebow1-Interpolations"><Name_array id="jnt_left_eyebow1-Interpolations-array" count="16">
 LINEAR LINEAR LINEAR LINEAR LINEAR LINEAR LINEAR LINEAR LINEAR LINEAR LINEAR
LINEAR LINEAR LINEAR LINEAR LINEAR</Name_array><technique_common><accessor source="#jnt_left_eyebow1-Interpolations-array" count="16"><param type="name"/></accessor></technique_common></source><sampler id="jnt_left_eyebow1-Matrix-animation-transform"><input semantic="INPUT" source="#jnt_left_eyebow1-Matrix-animation-input"/><input semantic="OUTPUT" source="#jnt_left_eyebow1-Matrix-animation-output-transform"/><input semantic="INTERPOLATION" source="#jnt_left_eyebow1-Interpolations"/></sampler><channel source="#jnt_left_eyebow1-Matrix-animation-transform" target="jnt_left_eyebow1/matrix"/></animation></animation>
    <animation id="jnt_left_eyebow2-anim" name="jnt_left_eyebow2"><animation><source id="jnt_left_eyebow2-Matrix-animation-input"><float_array id="jnt_left_eyebow2-Matrix-animation-input-array" count="16">

0.000000 0.033333 0.066667 0.100000 0.133333 0.166667 0.200000 0.233333 0.266667 0.300000 0.333333 0.366667 0.400000 0.433333 0.466667 0.500000</float_array><technique_common><accessor source="#jnt_left_eyebow2-Matrix-animation-input-array" count="16"><param name="TIME" type="float"/></accessor></technique_common></source><source id="jnt_left_eyebow2-Matrix-animation-output-transform"><float_array id="jnt_left_eyebow2-Matrix-animation-output-transform-array" count="256">

0.000000 1.000000 -0.000000 0.547951 -0.557687 0.000000 0.830051 0.532746 0.830051 0.000000 0.557687 0.290242 0.000000 0.000000 0.000000 1.000000
0.000000 1.000000 0.000000 0.548927 -0.557687 -0.000000 0.830051 0.532746 0.830051 -0.000000 0.557687 0.290242 0.000000 0.000000 0.000000 1.000000
0.000000 1.000000 0.000000 0.551674 -0.557687 -0.000000 0.830051 0.532746 0.830051 -0.000000 0.557687 0.290242 0.000000 0.000000 0.000000 1.000000
0.000000 1.000000 -0.000000 0.555920 -0.557687 0.000000 0.830051 0.532746 0.830051 -0.000000 0.557687 0.290242 0.000000 0.000000 0.000000 1.000000
0.000000 1.000000 -0.000000 0.561392 -0.557687 0.000000 0.830051 0.532746 0.830051 0.000000 0.557687 0.290242 0.000000 0.000000 0.000000 1.000000
0.000000 1.000000 0.000000 0.567818 -0.557687 -0.000000 0.830051 0.532746 0.830051 -0.000000 0.557687 0.290242 0.000000 0.000000 0.000000 1.000000
0.000000 1.000000 0.000000 0.574924 -0.557687 -0.000000 0.830051 0.532746 0.830051 -0.000000 0.557687 0.290242 0.000000 0.000000 0.000000 1.000000
0.000000 1.000000 -0.000000 0.582440 -0.557687 0.000000 0.830051 0.532746 0.830051 0.000000 0.557687 0.290242 0.000000 0.000000 0.000000 1.000000
0.000000 1.000000 0.000000 0.590091 -0.557687 -0.000000 0.830051 0.532746 0.830051 -0.000000 0.557687 0.290242 0.000000 0.000000 0.000000 1.000000
0.000000 1.000000 -0.000000 0.597607 -0.557687 0.000000 0.830051 0.532746 0.830051 -0.000000 0.557687 0.290242 0.000000 0.000000 0.000000 1.000000
0.000000 1.000000 -0.000000 0.604713 -0.557687 0.000000 0.830051 0.532746 0.830051 0.000000 0.557687 0.290242 0.000000 0.000000 0.000000 1.000000
0.000000 1.000000 0.000000 0.611139 -0.557687 -0.000000 0.830051 0.532746 0.830051 -0.000000 0.557687 0.290242 0.000000 0.000000 0.000000 1.000000
0.000000 1.000000 -0.000000 0.616611 -0.557687 0.000000 0.830051 0.532746 0.830051 0.000000 0.557687 0.290242 0.000000 0.000000 0.000000 1.000000
0.000000 1.000000 0.000000 0.620857 -0.557687 -0.000000 0.830051 0.532746 0.830051 -0.000000 0.557687 0.290242 0.000000 0.000000 0.000000 1.000000
0.000000 1.000000 -0.000000 0.623604 -0.557687 0.000000 0.830051 0.532746 0.830051 0.000000 0.557687 0.290242 0.000000 0.000000 0.000000 1.000000
0.000000 1.000000 0.000000 0.624581 -0.557687 -0.000000 0.830051 0.532746 0.830051 -0.000000 0.557687 0.290242 0.000000 0.000000 0.000000 1.000000</float_array><technique_common><accessor source="#jnt_left_eyebow2-Matrix-animation-output-transform-array" count="16" stride="16"><param type="float4x4"/></accessor></technique_common></source><source id="jnt_left_eyebow2-Interpolations"><Name_array id="jnt_left_eyebow2-Interpolations-array" count="16">
 LINEAR LINEAR LINEAR LINEAR LINEAR LINEAR LINEAR LINEAR LINEAR LINEAR LINEAR
LINEAR LINEAR LINEAR LINEAR LINEAR</Name_array><technique_common><accessor source="#jnt_left_eyebow2-Interpolations-array" count="16"><param type="name"/></accessor></technique_common></source><sampler id="jnt_left_eyebow2-Matrix-animation-transform"><input semantic="INPUT" source="#jnt_left_eyebow2-Matrix-animation-input"/><input semantic="OUTPUT" source="#jnt_left_eyebow2-Matrix-animation-output-transform"/><input semantic="INTERPOLATION" source="#jnt_left_eyebow2-Interpolations"/></sampler><channel source="#jnt_left_eyebow2-Matrix-animation-transform" target="jnt_left_eyebow2/matrix"/></animation></animation>
    <animation id="jnt_left_eyebow3-anim" name="jnt_left_eyebow3"><animation><source id="jnt_left_eyebow3-Matrix-animation-input"><float_array id="jnt_left_eyebow3-Matrix-animation-input-array" count="16">

0.000000 0.033333 0.066667 0.100000 0.133333 0.166667 0.200000 0.233333 0.266667 0.300000 0.333333 0.366667 0.400000 0.433333 0.466667 0.500000</float_array><technique_common><accessor source="#jnt_left_eyebow3-Matrix-animation-input-array" count="16"><param name="TIME" type="float"/></accessor></technique_common></source><source id="jnt_left_eyebow3-Matrix-animation-output-transform"><float_array id="jnt_left_eyebow3-Matrix-animation-output-transform-array" count="256">

0.000000 1.000000 0.000000 0.587129 -0.791789 0.000000 0.610795 0.412864 0.610795 -0.000000 0.791789 0.414657 0.000000 0.000000 0.000000 1.000000
0.000000 1.000000 -0.000000 0.587129 -0.791789 0.000000 0.610795 0.412864 0.610795 0.000000 0.791789 0.414657 0.000000 0.000000 0.000000 1.000000
0.000000 1.000000 0.000000 0.587129 -0.791789 0.000000 0.610795 0.412864 0.610795 -0.000000 0.791789 0.414657 0.000000 0.000000 0.000000 1.000000
0.000000 1.000000 -0.000000 0.587129 -0.791789 0.000000 0.610795 0.412864 0.610795 0.000000 0.791789 0.414657 0.000000 0.000000 0.000000 1.000000
0.000000 1.000000 -0.000000 0.587129 -0.791789 0.000000 0.610795 0.412864 0.610795 0.000000 0.791789 0.414657 0.000000 0.000000 0.000000 1.000000
0.000000 1.000000 0.000000 0.587129 -0.791789 0.000000 0.610795 0.412864 0.610795 -0.000000 0.791789 0.414657 0.000000 0.000000 0.000000 1.000000
0.000000 1.000000 0.000000 0.587129 -0.791789 0.000000 0.610795 0.412864 0.610795 -0.000000 0.791789 0.414657 0.000000 0.000000 0.000000 1.000000
0.000000 1.000000 0.000000 0.587129 -0.791789 0.000000 0.610795 0.412864 0.610795 -0.000000 0.791789 0.414657 0.000000 0.000000 0.000000 1.000000
0.000000 1.000000 0.000000 0.587129 -0.791789 0.000000 0.610795 0.412864 0.610795 -0.000000 0.791789 0.414657 0.000000 0.000000 0.000000 1.000000
0.000000 1.000000 -0.000000 0.587129 -0.791789 0.000000 0.610795 0.412864 0.610795 -0.000000 0.791789 0.414657 0.000000 0.000000 0.000000 1.000000
0.000000 1.000000 0.000000 0.587129 -0.791789 -0.000000 0.610795 0.412864 0.610795 -0.000000 0.791789 0.414657 0.000000 0.000000 0.000000 1.000000
0.000000 1.000000 -0.000000 0.587129 -0.791789 0.000000 0.610795 0.412864 0.610795 0.000000 0.791789 0.414657 0.000000 0.000000 0.000000 1.000000
0.000000 1.000000 0.000000 0.587129 -0.791789 0.000000 0.610795 0.412864 0.610795 -0.000000 0.791789 0.414657 0.000000 0.000000 0.000000 1.000000
0.000000 1.000000 0.000000 0.587129 -0.791789 0.000000 0.610795 0.412864 0.610795 -0.000000 0.791789 0.414657 0.000000 0.000000 0.000000 1.000000
0.000000 1.000000 0.000000 0.587129 -0.791789 0.000000 0.610795 0.412864 0.610795 -0.000000 0.791789 0.414657 0.000000 0.000000 0.000000 1.000000
0.000000 1.000000 0.000000 0.587129 -0.791789 0.000000 0.610795 0.412864 0.610795 -0.000000 0.791789 0.414657 0.000000 0.000000 0.000000 1.000000</float_array><technique_common><accessor source="#jnt_left_eyebow3-Matrix-animation-output-transform-array" count="16" stride="16"><param type="float4x4"/></accessor></technique_common></source><source id="jnt_left_eyebow3-Interpolations"><Name_array id="jnt_left_eyebow3-Interpolations-array" count="16">
 LINEAR LINEAR LINEAR LINEAR LINEAR LINEAR LINEAR LINEAR LINEAR LINEAR LINEAR
LINEAR LINEAR LINEAR LINEAR LINEAR</Name_array><technique_common><accessor source="#jnt_left_eyebow3-Interpolations-array" count="16"><param type="name"/></accessor></technique_common></source><sampler id="jnt_left_eyebow3-Matrix-animation-transform"><input semantic="INPUT" source="#jnt_left_eyebow3-Matrix-animation-input"/><input semantic="OUTPUT" source="#jnt_left_eyebow3-Matrix-animation-output-transform"/><input semantic="INTERPOLATION" source="#jnt_left_eyebow3-Interpolations"/></sampler><channel source="#jnt_left_eyebow3-Matrix-animation-transform" target="jnt_left_eyebow3/matrix"/></animation></animation>
    <animation id="jnt_right_eyebow1-anim" name="jnt_right_eyebow1"><animation><source id="jnt_right_eyebow1-Matrix-animation-input"><float_array id="jnt_right_eyebow1-Matrix-animation-input-array" count="16">

0.000000 0.033333 0.066667 0.100000 0.133333 0.166667 0.200000 0.233333 0.266667 0.300000 0.333333 0.366667 0.400000 0.433333 0.466667 0.500000</float_array><technique_common><accessor source="#jnt_right_eyebow1-Matrix-animation-input-array" count="16"><param name="TIME" type="float"/></accessor></technique_common></source><source id="jnt_right_eyebow1-Matrix-animation-output-transform"><float_array id="jnt_right_eyebow1-Matrix-animation-output-transform-array" count="256">

0.000000 -1.000000 -0.000000 0.553670 0.000000 -0.000000 -1.000000 0.622585 1.000000 0.000000 0.000000 -0.106703 0.000000 0.000000 0.000000 1.000000
0.000000 -1.000000 -0.000000 0.553670 0.000000 -0.000000 -1.000000 0.622585 1.000000 0.000000 0.000000 -0.106703 0.000000 0.000000 0.000000 1.000000
0.000000 -1.000000 -0.000000 0.553670 0.000000 -0.000000 -1.000000 0.622585 1.000000 0.000000 0.000000 -0.106703 0.000000 0.000000 0.000000 1.000000
0.000000 -1.000000 -0.000000 0.553670 0.000000 -0.000000 -1.000000 0.622585 1.000000 0.000000 0.000000 -0.106703 0.000000 0.000000 0.000000 1.000000
0.000000 -1.000000 -0.000000 0.553670 0.000000 -0.000000 -1.000000 0.622585 1.000000 0.000000 0.000000 -0.106703 0.000000 0.000000 0.000000 1.000000
0.000000 -1.000000 -0.000000 0.553670 0.000000 -0.000000 -1.000000 0.622585 1.000000 0.000000 0.000000 -0.106703 0.000000 0.000000 0.000000 1.000000
0.000000 -1.000000 -0.000000 0.553670 0.000000 -0.000000 -1.000000 0.622585 1.000000 0.000000 0.000000 -0.106703 0.000000 0.000000 0.000000 1.000000
0.000000 -1.000000 -0.000000 0.553670 0.000000 -0.000000 -1.000000 0.622585 1.000000 0.000000 0.000000 -0.106703 0.000000 0.000000 0.000000 1.000000
0.000000 -1.000000 -0.000000 0.553670 0.000000 -0.000000 -1.000000 0.622585 1.000000 0.000000 0.000000 -0.106703 0.000000 0.000000 0.000000 1.000000
0.000000 -1.000000 -0.000000 0.553670 0.000000 -0.000000 -1.000000 0.622585 1.000000 0.000000 0.000000 -0.106703 0.000000 0.000000 0.000000 1.000000
0.000000 -1.000000 -0.000000 0.553670 0.000000 -0.000000 -1.000000 0.622585 1.000000 0.000000 0.000000 -0.106703 0.000000 0.000000 0.000000 1.000000
0.000000 -1.000000 -0.000000 0.553670 0.000000 -0.000000 -1.000000 0.622585 1.000000 0.000000 0.000000 -0.106703 0.000000 0.000000 0.000000 1.000000
0.000000 -1.000000 -0.000000 0.553670 0.000000 -0.000000 -1.000000 0.622585 1.000000 0.000000 0.000000 -0.106703 0.000000 0.000000 0.000000 1.000000
0.000000 -1.000000 -0.000000 0.553670 0.000000 -0.000000 -1.000000 0.622585 1.000000 0.000000 0.000000 -0.106703 0.000000 0.000000 0.000000 1.000000
0.000000 -1.000000 -0.000000 0.553670 0.000000 -0.000000 -1.000000 0.622585 1.000000 0.000000 0.000000 -0.106703 0.000000 0.000000 0.000000 1.000000
0.000000 -1.000000 -0.000000 0.553670 0.000000 -0.000000 -1.000000 0.622585 1.000000 0.000000 0.000000 -0.106703 0.000000 0.000000 0.000000 1.000000</float_array><technique_common><accessor source="#jnt_right_eyebow1-Matrix-animation-output-transform-array" count="16" stride="16"><param type="float4x4"/></accessor></technique_common></source><source id="jnt_right_eyebow1-Interpolations"><Name_array id="jnt_right_eyebow1-Interpolations-array" count="16">
 LINEAR LINEAR LINEAR LINEAR LINEAR LINEAR LINEAR LINEAR LINEAR LINEAR LINEAR
