<?xml version="1.0" encoding="utf-8"?>
<COLLADA xmlns="http://www.collada.org/2005/11/COLLADASchema" version="1.4.1">
  <asset><contributor><author></author><authoring_tool>FBX COLLADA exporter</authoring_tool><comments></comments></contributor><created>2020-03-03T18:31:37Z</created><keywords></keywords><modified>2020-03-03T18:31:37Z</modified><revision></revision><subject></subject><title></title><unit meter="0.010000" name="centimeter"></unit><up_axis>Y_UP</up_axis></asset>
  <library_animations>
    <animation id="jnt_right_lip-anim" name="jnt_right_lip"><animation><source id="jnt_right_lip-Matrix-animation-input"><float_array id="jnt_right_lip-Matrix-animation-input-array" count="19">

0.000000 0.033333 0.066667 0.100000 0.133333 0.166667 0.200000 0.233333 0.266667 0.300000 0.333333 0.366667 0.400000 0.433333 0.466667 0.500000
0.533333 0.566667 0.600000</float_array><technique_common><accessor source="#jnt_right_lip-Matrix-animation-input-array" count="19"><param name="TIME" type="float"/></accessor></technique_common></source><source id="jnt_right_lip-Matrix-animation-output-transform"><float_array id="jnt_right_lip-Matrix-animation-output-transform-array" count="304">

0.214952 0.976392 -0.021336 0.052308 0.464600 -0.083016 0.881621 0.648315 0.859036 -0.199419 -0.471476 -0.218442 0.000000 0.000000 0.000000 1.000000
0.222891 0.974295 -0.032700 0.045867 0.471929 -0.078491 0.878135 0.647000 0.852996 -0.211161 -0.477293 -0.222885 0.000000 0.000000 0.000000 1.000000
0.230689 0.972019 -0.044294 0.039254 0.479180 -0.073869 0.874603 0.645609 0.846858 -0.222986 -0.482813 -0.227068 0.000000 0.000000 0.000000 1.000000
0.230165 0.972327 -0.040050 0.041886 0.473033 -0.075819 0.877776 0.647049 0.850449 -0.220978 -0.477394 -0.223625 0.000000 0.000000 0.000000 1.000000
0.228784 0.973026 -0.029625 0.048346 0.457548 -0.080621 0.885523 0.650419 0.859248 -0.216148 -0.463651 -0.214846 0.000000 0.000000 0.000000 1.000000
0.226848 0.973791 -0.016473 0.056471 0.437172 -0.086697 0.895190 0.654305 0.870299 -0.210274 -0.445381 -0.203088 0.000000 0.000000 0.000000 1.000000
0.224770 0.974405 -0.003791 0.064273 0.416530 -0.092564 0.904398 0.657625 0.880898 -0.204860 -0.426674 -0.190975 0.000000 0.000000 0.000000 1.000000
0.223086 0.974783 0.005637 0.070044 0.400478 -0.096921 0.911166 0.659790 0.888735 -0.201011 -0.412000 -0.181439 0.000000 0.000000 0.000000 1.000000
0.222394 0.974912 0.009327 0.072294 0.394016 -0.098624 0.913797 0.660561 0.891792 -0.199548 -0.406065 -0.177576 0.000000 0.000000 0.000000 1.000000
0.222182 0.974968 0.008494 0.071748 0.396029 -0.098204 0.912972 0.660310 0.890952 -0.199482 -0.407935 -0.178748 0.000000 0.000000 0.000000 1.000000
0.221609 0.975116 0.006226 0.070261 0.401482 -0.097057 0.910710 0.659601 0.888652 -0.199322 -0.413000 -0.181921 0.000000 0.000000 0.000000 1.000000
0.220768 0.975322 0.002863 0.068060 0.409491 -0.095353 0.907318 0.658485 0.885200 -0.199135 -0.420436 -0.186579 0.000000 0.000000 0.000000 1.000000
0.219751 0.975555 -0.001254 0.065369 0.419172 -0.093261 0.903104 0.657017 0.880911 -0.198983 -0.429419 -0.192204 0.000000 0.000000 0.000000 1.000000
0.218648 0.975787 -0.005772 0.062419 0.429651 -0.090959 0.898402 0.655276 0.876124 -0.198914 -0.439136 -0.198283 0.000000 0.000000 0.000000 1.000000
0.217550 0.975995 -0.010332 0.059450 0.440070 -0.088633 0.893578 0.653389 0.871212 -0.198945 -0.448788 -0.204314 0.000000 0.000000 0.000000 1.000000
0.216544 0.976164 -0.014557 0.056703 0.449590 -0.086475 0.889039 0.651526 0.866589 -0.199061 -0.457600 -0.209810 0.000000 0.000000 0.000000 1.000000
0.215718 0.976289 -0.018062 0.054429 0.457390 -0.084687 0.885224 0.649899 0.862705 -0.199220 -0.464813 -0.214301 0.000000 0.000000 0.000000 1.000000
0.215158 0.976365 -0.020453 0.052880 0.462662 -0.083467 0.882597 0.648748 0.860030 -0.199360 -0.469686 -0.217330 0.000000 0.000000 0.000000 1.000000
0.214952 0.976392 -0.021336 0.052308 0.464600 -0.083016 0.881621 0.648315 0.859036 -0.199419 -0.471476 -0.218442 0.000000 0.000000 0.000000 1.000000</float_array><technique_common><accessor source="#jnt_right_lip-Matrix-animation-output-transform-array" count="19" stride="16"><param type="float4x4"/></accessor></technique_common></source><source id="jnt_right_lip-Interpolations"><Name_array id="jnt_right_lip-Interpolations-array" count="19">
 LINEAR LINEAR LINEAR LINEAR LINEAR LINEAR LINEAR LINEAR LINEAR LINEAR LINEAR
LINEAR LINEAR LINEAR LINEAR LINEAR LINEAR LINEAR LINEAR</Name_array><technique_common><accessor source="#jnt_right_lip-Interpolations-array" count="19"><param type="name"/></accessor></technique_common></source><sampler id="jnt_right_lip-Matrix-animation-transform"><input semantic="INPUT" source="#jnt_right_lip-Matrix-animation-input"/><input semantic="OUTPUT" source="#jnt_right_lip-Matrix-animation-output-transform"/><input semantic="INTERPOLATION" source="#jnt_right_lip-Interpolations"/></sampler><channel source="#jnt_right_lip-Matrix-animation-transform" target="jnt_right_lip/matrix"/></animation></animation>
    <animation id="jnt_upper_lip-anim" name="jnt_upper_lip"><animation><source id="jnt_upper_lip-Matrix-animation-input"><float_array id="jnt_upper_lip-Matrix-animation-input-array" count="19">

0.000000 0.033333 0.066667 0.100000 0.133333 0.166667 0.200000 0.233333 0.266667 0.300000 0.333333 0.366667 0.400000 0.433333 0.466667 0.500000
0.533333 0.566667 0.600000</float_array><technique_common><accessor source="#jnt_upper_lip-Matrix-animation-input-array" count="19"><param name="TIME" type="float"/></accessor></technique_common></source><source id="jnt_upper_lip-Matrix-animation-output-transform"><float_array id="jnt_upper_lip-Matrix-animation-output-transform-array" count="304">

0.951191 0.009015 -0.451001 0.024349 0.082400 0.955863 0.412328 0.669516 0.297400 -0.293674 1.328219 -0.051362 0.000000 0.000000 0.000000 1.000000
0.951796 0.007841 -0.448307 0.025938 0.079147 0.959542 0.395065 0.669580 0.296343 -0.281457 1.334363 -0.051009 0.000000 0.000000 0.000000 1.000000
0.953471 0.005054 -0.440722 0.030127 0.070393 0.968491 0.349276 0.669746 0.293151 -0.248999 1.349574 -0.050080 0.000000 0.000000 0.000000 1.000000
0.956011 0.001906 -0.428852 0.036049 0.057631 0.979268 0.283925 0.669982 0.287612 -0.202559 1.368595 -0.048766 0.000000 0.000000 0.000000 1.000000
0.959131 -0.000500 -0.413704 0.042837 0.042544 0.988885 0.208288 0.670253 0.279746 -0.148679 1.386739 -0.047260 0.000000 0.000000 0.000000 1.000000
0.962417 -0.001550 -0.397051 0.049626 0.027094 0.995543 0.132076 0.670523 0.270221 -0.094299 1.400888 -0.045753 0.000000 0.000000 0.000000 1.000000
0.965371 -0.001309 -0.381414 0.055548 0.013422 0.998912 0.065290 0.670759 0.260534 -0.046612 1.409908 -0.044439 0.000000 0.000000 0.000000 1.000000
0.967486 -0.000468 -0.369789 0.059737 0.003695 0.999918 0.017959 0.670925 0.252899 -0.012819 1.414395 -0.043510 0.000000 0.000000 0.000000 1.000000
0.968289 -0.000000 -0.365267 0.061326 -0.000000 1.000000 -0.000001 0.670989 0.249833 0.000001 1.415684 -0.043158 0.000000 0.000000 0.000000 1.000000
0.968289 -0.000000 -0.365267 0.061326 -0.000000 1.000000 -0.000001 0.670989 0.249833 0.000001 1.415684 -0.043158 0.000000 0.000000 0.000000 1.000000
0.968289 -0.000000 -0.365267 0.061326 -0.000000 1.000000 -0.000001 0.670989 0.249833 0.000001 1.415684 -0.043158 0.000000 0.000000 0.000000 1.000000
0.968289 -0.000000 -0.365267 0.061326 -0.000000 1.000000 -0.000001 0.670989 0.249833 0.000001 1.415684 -0.043158 0.000000 0.000000 0.000000 1.000000
0.968289 -0.000000 -0.365267 0.061326 -0.000000 1.000000 -0.000001 0.670989 0.249833 0.000001 1.415684 -0.043158 0.000000 0.000000 0.000000 1.000000
0.968289 -0.000000 -0.365267 0.061326 -0.000000 1.000000 -0.000001 0.670989 0.249833 0.000001 1.415684 -0.043158 0.000000 0.000000 0.000000 1.000000
0.968289 -0.000000 -0.365267 0.061326 -0.000000 1.000000 -0.000001 0.670989 0.249833 0.000001 1.415684 -0.043158 0.000000 0.000000 0.000000 1.000000
0.968289 -0.000000 -0.365267 0.061326 -0.000000 1.000000 -0.000001 0.670989 0.249833 0.000001 1.415684 -0.043158 0.000000 0.000000 0.000000 1.000000
0.968289 -0.000000 -0.365267 0.061326 -0.000000 1.000000 -0.000001 0.670989 0.249833 0.000001 1.415684 -0.043158 0.000000 0.000000 0.000000 1.000000
0.968289 -0.000000 -0.365267 0.061326 -0.000000 1.000000 -0.000001 0.670989 0.249833 0.000001 1.415684 -0.043158 0.000000 0.000000 0.000000 1.000000
0.968289 -0.000000 -0.365267 0.061326 -0.000000 1.000000 -0.000001 0.670989 0.249833 0.000001 1.415684 -0.043158 0.000000 0.000000 0.000000 1.000000</float_array><technique_common><accessor source="#jnt_upper_lip-Matrix-animation-output-transform-array" count="19" stride="16"><param type="float4x4"/></accessor></technique_common></source><source id="jnt_upper_lip-Interpolations"><Name_array id="jnt_upper_lip-Interpolations-array" count="19">
 LINEAR LINEAR LINEAR LINEAR LINEAR LINEAR LINEAR LINEAR LINEAR LINEAR LINEAR
LINEAR LINEAR LINEAR LINEAR LINEAR LINEAR LINEAR LINEAR</Name_array><technique_common><accessor source="#jnt_upper_lip-Interpolations-array" count="19"><param type="name"/></accessor></technique_common></source><sampler id="jnt_upper_lip-Matrix-animation-transform"><input semantic="INPUT" source="#jnt_upper_lip-Matrix-animation-input"/><input semantic="OUTPUT" source="#jnt_upper_lip-Matrix-animation-output-transform"/><input semantic="INTERPOLATION" source="#jnt_upper_lip-Interpolations"/></sampler><channel source="#jnt_upper_lip-Matrix-animation-transform" target="jnt_upper_lip/matrix"/></animation></animation>
    <animation id="jnt_left_lip-anim" name="jnt_left_lip"><animation><source id="jnt_left_lip-Matrix-animation-input"><float_array id="jnt_left_lip-Matrix-animation-input-array" count="19">

0.000000 0.033333 0.066667 0.100000 0.133333 0.166667 0.200000 0.233333 0.266667 0.300000 0.333333 0.366667 0.400000 0.433333 0.466667 0.500000
0.533333 0.566667 0.600000</float_array><technique_common><accessor source="#jnt_left_lip-Matrix-animation-input-array" count="19"><param name="TIME" type="float"/></accessor></technique_common></source><source id="jnt_left_lip-Matrix-animation-output-transform"><float_array id="jnt_left_lip-Matrix-animation-output-transform-array" count="304">

0.053817 0.998042 0.031859 -0.006917 -0.381297 -0.008948 0.924409 0.604850 0.922885 -0.061896 0.380070 0.148407 0.000000 0.000000 0.000000 1.000000
0.067784 0.997220 0.030952 -0.008361 -0.374460 -0.003327 0.927237 0.605808 0.924762 -0.074442 0.373193 0.144502 0.000000 0.000000 0.000000 1.000000
0.081857 0.996198 0.029814 -0.009682 -0.367645 0.002378 0.929963 0.606686 0.926357 -0.087085 0.366442 0.140675 0.000000 0.000000 0.000000 1.000000
0.078220 0.996420 0.032072 -0.007387 -0.373757 -0.000514 0.927526 0.605931 0.924222 -0.084538 0.372379 0.143912 0.000000 0.000000 0.000000 1.000000
0.069231 0.996894 0.037555 -0.002711 -0.388974 -0.007691 0.921217 0.603802 0.918644 -0.078385 0.387233 0.152122 0.000000 0.000000 0.000000 1.000000
0.057782 0.997344 0.044338 0.002834 -0.408614 -0.016895 0.912551 0.600529 0.910876 -0.070846 0.406553 0.162860 0.000000 0.000000 0.000000 1.000000
0.046621 0.997624 0.050733 0.007937 -0.428088 -0.025934 0.903365 0.596694 0.902534 -0.063834 0.425861 0.173621 0.000000 0.000000 0.000000 1.000000
0.038244 0.997732 0.055390 0.011587 -0.442949 -0.032760 0.895948 0.593365 0.895731 -0.058800 0.440691 0.181886 0.000000 0.000000 0.000000 1.000000
0.034948 0.997751 0.057189 0.012979 -0.448864 -0.035457 0.892897 0.591943 0.892917 -0.056875 0.446615 0.185184 0.000000 0.000000 0.000000 1.000000
0.035453 0.997773 0.056492 0.012440 -0.447006 -0.034726 0.893857 0.592394 0.893828 -0.056942 0.444779 0.184177 0.000000 0.000000 0.000000 1.000000
0.036831 0.997829 0.054597 0.010970 -0.441953 -0.032736 0.896441 0.593592 0.896282 -0.057146 0.439788 0.181434 0.000000 0.000000 0.000000 1.000000
0.038880 0.997901 0.051794 0.008790 -0.434480 -0.029794 0.900189 0.595289 0.899842 -0.057503 0.432409 0.177373 0.000000 0.000000 0.000000 1.000000
0.041398 0.997971 0.048375 0.006121 -0.425362 -0.026206 0.904644 0.597240 0.904076 -0.058028 0.423414 0.172411 0.000000 0.000000 0.000000 1.000000
0.044174 0.998026 0.044636 0.003190 -0.415387 -0.022286 0.909372 0.599224 0.908572 -0.058712 0.413583 0.166977 0.000000 0.000000 0.000000 1.000000
0.046986 0.998059 0.040878 0.000231 -0.405359 -0.018350 0.913974 0.601063 0.912949 -0.059514 0.403709 0.161511 0.000000 0.000000 0.000000 1.000000
0.049602 0.998068 0.037406 -0.002513 -0.396097 -0.014724 0.918091 0.602625 0.916868 -0.060356 0.394601 0.156463 0.000000 0.000000 0.000000 1.000000
0.051778 0.998061 0.034535 -0.004789 -0.388436 -0.011731 0.921401 0.603818 0.920020 -0.061123 0.387076 0.152291 0.000000 0.000000 0.000000 1.000000
0.053266 0.998049 0.032580 -0.006343 -0.383222 -0.009697 0.923605 0.604580 0.922119 -0.061683 0.381958 0.149454 0.000000 0.000000 0.000000 1.000000
0.053817 0.998042 0.031859 -0.006917 -0.381297 -0.008948 0.924409 0.604850 0.922885 -0.061896 0.380070 0.148407 0.000000 0.000000 0.000000 1.000000</float_array><technique_common><accessor source="#jnt_left_lip-Matrix-animation-output-transform-array" count="19" stride="16"><param type="float4x4"/></accessor></technique_common></source><source id="jnt_left_lip-Interpolations"><Name_array id="jnt_left_lip-Interpolations-array" count="19">
 LINEAR LINEAR LINEAR LINEAR LINEAR LINEAR LINEAR LINEAR LINEAR LINEAR LINEAR
LINEAR LINEAR LINEAR LINEAR LINEAR LINEAR LINEAR LINEAR</Name_array><technique_common><accessor source="#jnt_left_lip-Interpolations-array" count="19"><param type="name"/></accessor></technique_common></source><sampler id="jnt_left_lip-Matrix-animation-transform"><input semantic="INPUT" source="#jnt_left_lip-Matrix-animation-input"/><input semantic="OUTPUT" source="#jnt_left_lip-Matrix-animation-output-transform"/><input semantic="INTERPOLATION" source="#jnt_left_lip-Interpolations"/></sampler><channel source="#jnt_left_lip-Matrix-animation-transform" target="jnt_left_lip/matrix"/></animation></animation>
    <animation id="jnt_jaw-anim" name="jnt_jaw"><animation><source id="jnt_jaw-Matrix-animation-input"><float_array id="jnt_jaw-Matrix-animation-input-array" count="19">

0.000000 0.033333 0.066667 0.100000 0.133333 0.166667 0.200000 0.233333 0.266667 0.300000 0.333333 0.366667 0.400000 0.433333 0.466667 0.500000
0.533333 0.566667 0.600000</float_array><technique_common><accessor source="#jnt_jaw-Matrix-animation-input-array" count="19"><param name="TIME" type="float"/></accessor></technique_common></source><source id="jnt_jaw-Matrix-animation-output-transform"><float_array id="jnt_jaw-Matrix-animation-output-transform-array" count="304">

0.992184 0.007538 0.124559 -0.022940 -0.021273 0.993780 0.109313 0.090803 -0.122961 -0.111108 0.986172 0.000000 0.000000 0.000000 0.000000 1.000000
0.988906 -0.007330 0.148365 -0.022940 -0.011288 0.992186 0.124257 0.090803 -0.148116 -0.124554 0.981095 0.000000 0.000000 0.000000 0.000000 1.000000
0.984840 -0.022838 0.171958 -0.022940 -0.001336 0.990267 0.139174 0.090803 -0.173463 -0.137293 0.975224 0.000000 0.000000 0.000000 0.000000 1.000000
0.985720 -0.014960 0.167725 -0.022940 -0.006370 0.992020 0.125919 0.090803 -0.168270 -0.125189 0.977759 0.000000 0.000000 0.000000 0.000000 1.000000
0.987600 0.004253 0.156932 -0.022940 -0.019016 0.995514 0.092689 0.090803 -0.155834 -0.094524 0.983250 0.000000 0.000000 0.000000 0.000000 1.000000
0.989393 0.028174 0.142508 -0.022940 -0.035531 0.998150 0.049340 0.090803 -0.140855 -0.053880 0.988563 0.000000 0.000000 0.000000 0.000000 1.000000
0.990505 0.050861 0.127719 -0.022940 -0.052039 0.998628 0.005898 0.090803 -0.127243 -0.012489 0.991793 0.000000 0.000000 0.000000 0.000000 1.000000
0.990939 0.067450 0.116148 -0.022940 -0.064672 0.997527 -0.027530 0.090803 -0.117718 0.019769 0.992850 0.000000 0.000000 0.000000 0.000000 1.000000
0.991017 0.073873 0.111483 -0.022940 -0.069698 0.996730 -0.040895 0.090803 -0.114139 0.032758 0.992925 0.000000 0.000000 0.000000 0.000000 1.000000
0.991104 0.072072 0.111886 -0.022940 -0.068358 0.996986 -0.036686 0.090803 -0.114193 0.028711 0.993044 0.000000 0.000000 0.000000 0.000000 1.000000
0.991326 0.067167 0.112970 -0.022940 -0.064713 0.997584 -0.025258 0.090803 -0.114393 0.017729 0.993277 0.000000 0.000000 0.000000 0.000000 1.000000
0.991611 0.059893 0.114541 -0.022940 -0.059320 0.998204 -0.008412 0.090803 -0.114839 0.001547 0.993383 0.000000 0.000000 0.000000 0.000000 1.000000
0.991892 0.050989 0.116405 -0.022940 -0.052744 0.998535 0.012047 0.090803 -0.115620 -0.018089 0.993129 0.000000 0.000000 0.000000 0.000000 1.000000
0.992113 0.041212 0.118376 -0.022940 -0.045565 0.998372 0.034306 0.090803 -0.116770 -0.039429 0.992376 0.000000 0.000000 0.000000 0.000000 1.000000
0.992244 0.031346 0.120286 -0.022940 -0.038372 0.997662 0.056547 0.090803 -0.118232 -0.060724 0.991128 0.000000 0.000000 0.000000 0.000000 1.000000
0.992284 0.022204 0.121983 -0.022940 -0.031760 0.996528 0.076961 0.090803 -0.119850 -0.080241 0.989544 0.000000 0.000000 0.000000 0.000000 1.000000
0.992257 0.014621 0.123337 -0.022940 -0.026318 0.995248 0.093749 0.090803 -0.121381 -0.096269 0.987927 0.000000 0.000000 0.000000 0.000000 1.000000
0.992208 0.009449 0.124234 -0.022940 -0.022630 0.994201 0.105125 0.090803 -0.122520 -0.107117 0.986668 0.000000 0.000000 0.000000 0.000000 1.000000
0.992184 0.007538 0.124559 -0.022940 -0.021273 0.993780 0.109313 0.090803 -0.122961 -0.111108 0.986172 0.000000 0.000000 0.000000 0.000000 1.000000</float_array><technique_common><accessor source="#jnt_jaw-Matrix-animation-output-transform-array" count="19" stride="16"><param type="float4x4"/></accessor></technique_common></source><source id="jnt_jaw-Interpolations"><Name_array id="jnt_jaw-Interpolations-array" count="19">
 LINEAR LINEAR LINEAR LINEAR LINEAR LINEAR LINEAR LINEAR LINEAR LINEAR LINEAR
LINEAR LINEAR LINEAR LINEAR LINEAR LINEAR LINEAR LINEAR</Name_array><technique_common><accessor source="#jnt_jaw-Interpolations-array" count="19"><param type="name"/></accessor></technique_common></source><sampler id="jnt_jaw-Matrix-animation-transform"><input semantic="INPUT" source="#jnt_jaw-Matrix-animation-input"/><input semantic="OUTPUT" source="#jnt_jaw-Matrix-animation-output-transform"/><input semantic="INTERPOLATION" source="#jnt_jaw-Interpolations"/></sampler><channel source="#jnt_jaw-Matrix-animation-transform" target="jnt_jaw/matrix"/></animation></animation>
    <animation id="jnt_lowerlip-anim" name="jnt_lowerlip"><animation><source id="jnt_lowerlip-Matrix-animation-input"><float_array id="jnt_lowerlip-Matrix-animation-input-array" count="19">

0.000000 0.033333 0.066667 0.100000 0.133333 0.166667 0.200000 0.233333 0.266667 0.300000 0.333333 0.366667 0.400000 0.433333 0.466667 0.500000
0.533333 0.566667 0.600000</float_array><technique_common><accessor source="#jnt_lowerlip-Matrix-animation-input-array" count="19"><param name="TIME" type="float"/></accessor></technique_common></source><source id="jnt_lowerlip-Matrix-animation-output-transform"><float_array id="jnt_lowerlip-Matrix-animation-output-transform-array" count="304">

0.999852 -0.013321 -0.010863 -0.161960 0.013103 0.999717 -0.019870 0.552306 0.011124 0.019725 0.999744 -0.015818 0.000000 0.000000 0.000000 1.000000
0.999852 -0.013321 -0.010863 -0.158380 0.013103 0.999717 -0.019870 0.552330 0.011124 0.019725 0.999744 -0.014638 0.000000 0.000000 0.000000 1.000000
0.999852 -0.013321 -0.010863 -0.148940 0.013103 0.999717 -0.019870 0.552395 0.011124 0.019725 0.999744 -0.011528 0.000000 0.000000 0.000000 1.000000
0.999852 -0.013321 -0.010863 -0.135595 0.013103 0.999717 -0.019870 0.552486 0.011124 0.019725 0.999744 -0.007131 0.000000 0.000000 0.000000 1.000000
0.999852 -0.013321 -0.010863 -0.120297 0.013103 0.999717 -0.019870 0.552590 0.011124 0.019725 0.999744 -0.002090 0.000000 0.000000 0.000000 1.000000
0.999852 -0.013321 -0.010863 -0.104998 0.013103 0.999717 -0.019870 0.552695 0.011124 0.019725 0.999744 0.002951 0.000000 0.000000 0.000000 1.000000
0.999852 -0.013321 -0.010863 -0.091653 0.013103 0.999717 -0.019870 0.552786 0.011124 0.019725 0.999744 0.007348 0.000000 0.000000 0.000000 1.000000
0.999852 -0.013321 -0.010863 -0.082213 0.013103 0.999717 -0.019870 0.552850 0.011124 0.019725 0.999744 0.010458 0.000000 0.000000 0.000000 1.000000
0.999852 -0.013321 -0.010863 -0.078633 0.013103 0.999717 -0.019870 0.552875 0.011124 0.019725 0.999744 0.011638 0.000000 0.000000 0.000000 1.000000
0.999852 -0.013321 -0.010863 -0.078633 0.013103 0.999717 -0.019870 0.552875 0.011124 0.019725 0.999744 0.011638 0.000000 0.000000 0.000000 1.000000
0.999852 -0.013321 -0.010863 -0.078633 0.013103 0.999717 -0.019870 0.552875 0.011124 0.019725 0.999744 0.011638 0.000000 0.000000 0.000000 1.000000
0.999852 -0.013321 -0.010863 -0.078633 0.013103 0.999717 -0.019870 0.552875 0.011124 0.019725 0.999744 0.011638 0.000000 0.000000 0.000000 1.000000
0.999852 -0.013321 -0.010863 -0.078633 0.013103 0.999717 -0.019870 0.552875 0.011124 0.019725 0.999744 0.011638 0.000000 0.000000 0.000000 1.000000
0.999852 -0.013321 -0.010863 -0.078633 0.013103 0.999717 -0.019870 0.552875 0.011124 0.019725 0.999744 0.011638 0.000000 0.000000 0.000000 1.000000
0.999852 -0.013321 -0.010863 -0.078633 0.013103 0.999717 -0.019870 0.552875 0.011124 0.019725 0.999744 0.011638 0.000000 0.000000 0.000000 1.000000
0.999852 -0.013321 -0.010863 -0.078633 0.013103 0.999717 -0.019870 0.552875 0.011124 0.019725 0.999744 0.011638 0.000000 0.000000 0.000000 1.000000
0.999852 -0.013321 -0.010863 -0.078633 0.013103 0.999717 -0.019870 0.552875 0.011124 0.019725 0.999744 0.011638 0.000000 0.000000 0.000000 1.000000
0.999852 -0.013321 -0.010863 -0.078633 0.013103 0.999717 -0.019870 0.552875 0.011124 0.019725 0.999744 0.011638 0.000000 0.000000 0.000000 1.000000
0.999852 -0.013321 -0.010863 -0.078633 0.013103 0.999717 -0.019870 0.552875 0.011124 0.019725 0.999744 0.011638 0.000000 0.000000 0.000000 1.000000</float_array><technique_common><accessor source="#jnt_lowerlip-Matrix-animation-output-transform-array" count="19" stride="16"><param type="float4x4"/></accessor></technique_common></source><source id="jnt_lowerlip-Interpolations"><Name_array id="jnt_lowerlip-Interpolations-array" count="19">
 LINEAR LINEAR LINEAR LINEAR LINEAR LINEAR LINEAR LINEAR LINEAR LINEAR LINEAR
LINEAR LINEAR LINEAR LINEAR LINEAR LINEAR LINEAR LINEAR</Name_array><technique_common><accessor source="#jnt_lowerlip-Interpolations-array" count="19"><param type="name"/></accessor></technique_common></source><sampler id="jnt_lowerlip-Matrix-animation-transform"><input semantic="INPUT" source="#jnt_lowerlip-Matrix-animation-input"/><input semantic="OUTPUT" source="#jnt_lowerlip-Matrix-animation-output-transform"/><input semantic="INTERPOLATION" source="#jnt_lowerlip-Interpolations"/></sampler><channel source="#jnt_lowerlip-Matrix-animation-transform" target="jnt_lowerlip/matrix"/></animation></animation>
    <animation id="jnt_tounge-anim" name="jnt_tounge"><animation><source id="jnt_tounge-Matrix-animation-input"><float_array id="jnt_tounge-Matrix-animation-input-array" count="19">

0.000000 0.033333 0.066667 0.100000 0.133333 0.166667 0.200000 0.233333 0.266667 0.300000 0.333333 0.366667 0.400000 0.433333 0.466667 0.500000
0.533333 0.566667 0.600000</float_array><technique_common><accessor source="#jnt_tounge-Matrix-animation-input-array" count="19"><param name="TIME" type="float"/></accessor></technique_common></source><source id="jnt_tounge-Matrix-animation-output-transform"><float_array id="jnt_tounge-Matrix-animation-output-transform-array" count="304">

0.992184 -0.021273 -0.122961 -0.040725 0.007538 0.993780 -0.111108 0.252738 0.124559 0.109313 0.986172 0.023397 0.000000 0.000000 0.000000 1.000000
0.988906 -0.011288 -0.148116 -0.038067 -0.007330 0.992186 -0.124554 0.252861 0.148365 0.124257 0.981095 0.026355 0.000000 0.000000 0.000000 1.000000
0.984840 -0.001336 -0.173463 -0.035388 -0.022838 0.990267 -0.137293 0.252925 0.171958 0.139174 0.975224 0.029313 0.000000 0.000000 0.000000 1.000000
0.985720 -0.006370 -0.168270 -0.036701 -0.014960 0.992020 -0.125189 0.253091 0.167725 0.125919 0.977759 0.026089 0.000000 0.000000 0.000000 1.000000
0.987600 -0.019016 -0.155834 -0.039988 0.004253 0.995514 -0.094524 0.253296 0.156932 0.092689 0.983250 0.018013 0.000000 0.000000 0.000000 1.000000
0.989393 -0.035531 -0.140855 -0.044256 0.028174 0.998150 -0.053880 0.253116 0.142508 0.049340 0.988563 0.007490 0.000000 0.000000 0.000000 1.000000
0.990505 -0.052039 -0.127243 -0.048498 0.050861 0.998628 -0.012489 0.252430 0.127719 0.005898 0.991793 -0.003043 0.000000 0.000000 0.000000 1.000000
0.990939 -0.064672 -0.117718 -0.051730 0.067450 0.997527 0.019769 0.251560 0.116148 -0.027530 0.992850 -0.011142 0.000000 0.000000 0.000000 1.000000
0.991017 -0.069698 -0.114139 -0.053012 0.073873 0.996730 0.032758 0.251128 0.111483 -0.040895 0.992925 -0.014379 0.000000 0.000000 0.000000 1.000000
0.991104 -0.068358 -0.114193 -0.052674 0.072072 0.996986 0.028711 0.251258 0.111886 -0.036686 0.993044 -0.013322 0.000000 0.000000 0.000000 1.000000
0.991326 -0.064713 -0.114393 -0.051754 0.067167 0.997584 0.017729 0.251584 0.112970 -0.025258 0.993277 -0.010451 0.000000 0.000000 0.000000 1.000000
0.991611 -0.059320 -0.114839 -0.050391 0.059893 0.998204 0.001547 0.252001 0.114541 -0.008412 0.993383 -0.006218 0.000000 0.000000 0.000000 1.000000
0.991892 -0.052744 -0.115620 -0.048727 0.050989 0.998535 -0.018089 0.252402 0.116405 0.012047 0.993129 -0.001075 0.000000 0.000000 0.000000 1.000000
0.992113 -0.045565 -0.116770 -0.046907 0.041212 0.998372 -0.039429 0.252709 0.118376 0.034306 0.992376 0.004521 0.000000 0.000000 0.000000 1.000000
0.992244 -0.038372 -0.118232 -0.045081 0.031346 0.997662 -0.060724 0.252879 0.120286 0.056547 0.991128 0.010116 0.000000 0.000000 0.000000 1.000000
0.992284 -0.031760 -0.119850 -0.043399 0.022204 0.996528 -0.080241 0.252916 0.121983 0.076961 0.989544 0.015253 0.000000 0.000000 0.000000 1.000000
0.992257 -0.026318 -0.121381 -0.042012 0.014621 0.995248 -0.096269 0.252860 0.123337 0.093749 0.987927 0.019478 0.000000 0.000000 0.000000 1.000000
0.992208 -0.022630 -0.122520 -0.041072 0.009449 0.994201 -0.107117 0.252777 0.124234 0.105125 0.986668 0.022343 0.000000 0.000000 0.000000 1.000000
0.992184 -0.021273 -0.122961 -0.040725 0.007538 0.993780 -0.111108 0.252738 0.124559 0.109313 0.986172 0.023397 0.000000 0.000000 0.000000 1.000000</float_array><technique_common><accessor source="#jnt_tounge-Matrix-animation-output-transform-array" count="19" stride="16"><param type="float4x4"/></accessor></technique_common></source><source id="jnt_tounge-Interpolations"><Name_array id="jnt_tounge-Interpolations-array" count="19">
 LINEAR LINEAR LINEAR LINEAR LINEAR LINEAR LINEAR LINEAR LINEAR LINEAR LINEAR
LINEAR LINEAR LINEAR LINEAR LINEAR LINEAR LINEAR LINEAR</Name_array><technique_common><accessor source="#jnt_tounge-Interpolations-array" count="19"><param type="name"/></accessor></technique_common></source><sampler id="jnt_tounge-Matrix-animation-transform"><input semantic="INPUT" source="#jnt_tounge-Matrix-animation-input"/><input semantic="OUTPUT" source="#jnt_tounge-Matrix-animation-output-transform"/><input semantic="INTERPOLATION" source="#jnt_tounge-Interpolations"/></sampler><channel source="#jnt_tounge-Matrix-animation-transform" target="jnt_tounge/matrix"/></animation></animation>
    <animation id="jnt_left_eyebow1-anim" name="jnt_left_eyebow1"><animation><source id="jnt_left_eyebow1-Matrix-animation-input"><float_array id="jnt_left_eyebow1-Matrix-animation-input-array" count="19">

0.000000 0.033333 0.066667 0.100000 0.133333 0.166667 0.200000 0.233333 0.266667 0.300000 0.333333 0.366667 0.400000 0.433333 0.466667 0.500000
0.533333 0.566667 0.600000</float_array><technique_common><accessor source="#jnt_left_eyebow1-Matrix-animation-input-array" count="19"><param name="TIME" type="float"/></accessor></technique_common></source><source id="jnt_left_eyebow1-Matrix-animation-output-transform"><float_array id="jnt_left_eyebow1-Matrix-animation-output-transform-array" count="304">

0.000000 1.000000 -0.000000 0.466038 -0.000000 0.000000 1.000000 0.623155 1.000000 -0.000000 0.000000 0.062174 0.000000 0.000000 0.000000 1.000000
0.000000 1.000000 -0.000000 0.466038 -0.000000 0.000000 1.000000 0.623155 1.000000 -0.000000 0.000000 0.062174 0.000000 0.000000 0.000000 1.000000
0.000000 1.000000 -0.000000 0.466038 -0.000000 0.000000 1.000000 0.623155 1.000000 -0.000000 0.000000 0.062174 0.000000 0.000000 0.000000 1.000000
0.000000 1.000000 -0.000000 0.466038 -0.000000 0.000000 1.000000 0.623155 1.000000 -0.000000 0.000000 0.062174 0.000000 0.000000 0.000000 1.000000
0.000000 1.000000 -0.000000 0.466038 -0.000000 0.000000 1.000000 0.623155 1.000000 -0.000000 0.000000 0.062174 0.000000 0.000000 0.000000 1.000000
0.000000 1.000000 -0.000000 0.466038 -0.000000 0.000000 1.000000 0.623155 1.000000 -0.000000 0.000000 0.062174 0.000000 0.000000 0.000000 1.000000
0.000000 1.000000 -0.000000 0.466038 -0.000000 0.000000 1.000000 0.623155 1.000000 -0.000000 0.000000 0.062174 0.000000 0.000000 0.000000 1.000000
0.000000 1.000000 -0.000000 0.466038 -0.000000 0.000000 1.000000 0.623155 1.000000 -0.000000 0.000000 0.062174 0.000000 0.000000 0.000000 1.000000
0.000000 1.000000 -0.000000 0.466038 -0.000000 0.000000 1.000000 0.623155 1.000000 -0.000000 0.000000 0.062174 0.000000 0.000000 0.000000 1.000000
0.000000 1.000000 -0.000000 0.466038 -0.000000 0.000000 1.000000 0.623155 1.000000 -0.000000 0.000000 0.062174 0.000000 0.000000 0.000000 1.000000
0.000000 1.000000 -0.000000 0.466038 -0.000000 0.000000 1.000000 0.623155 1.000000 -0.000000 0.000000 0.062174 0.000000 0.000000 0.000000 1.000000
0.000000 1.000000 -0.000000 0.466038 -0.000000 0.000000 1.000000 0.623155 1.000000 -0.000000 0.000000 0.062174 0.000000 0.000000 0.000000 1.000000
0.000000 1.000000 -0.000000 0.466038 -0.000000 0.000000 1.000000 0.623155 1.000000 -0.000000 0.000000 0.062174 0.000000 0.000000 0.000000 1.000000
0.000000 1.000000 -0.000000 0.466038 -0.000000 0.000000 1.000000 0.623155 1.000000 -0.000000 0.000000 0.062174 0.000000 0.000000 0.000000 1.000000
0.000000 1.000000 -0.000000 0.466038 -0.000000 0.000000 1.000000 0.623155 1.000000 -0.000000 0.000000 0.062174 0.000000 0.000000 0.000000 1.000000
0.000000 1.000000 -0.000000 0.466038 -0.000000 0.000000 1.000000 0.623155 1.000000 -0.000000 0.000000 0.062174 0.000000 0.000000 0.000000 1.000000
0.000000 1.000000 -0.000000 0.466038 -0.000000 0.000000 1.000000 0.623155 1.000000 -0.000000 0.000000 0.062174 0.000000 0.000000 0.000000 1.000000
0.000000 1.000000 -0.000000 0.466038 -0.000000 0.000000 1.000000 0.623155 1.000000 -0.000000 0.000000 0.062174 0.000000 0.000000 0.000000 1.000000
0.000000 1.000000 -0.000000 0.466038 -0.000000 0.000000 1.000000 0.623155 1.000000 -0.000000 0.000000 0.062174 0.000000 0.000000 0.000000 1.000000</float_array><technique_common><accessor source="#jnt_left_eyebow1-Matrix-animation-output-transform-array" count="19" stride="16"><param type="float4x4"/></accessor></technique_common></source><source id="jnt_left_eyebow1-Interpolations"><Name_array id="jnt_left_eyebow1-Interpolations-array" count="19">
 LINEAR LINEAR LINEAR LINEAR LINEAR LINEAR LINEAR LINEAR LINEAR LINEAR LINEAR
LINEAR LINEAR LINEAR LINEAR LINEAR LINEAR LINEAR LINEAR</Name_array><technique_common><accessor source="#jnt_left_eyebow1-Interpolations-array" count="19"><param type="name"/></accessor></technique_common></source><sampler id="jnt_left_eyebow1-Matrix-animation-transform"><input semantic="INPUT" source="#jnt_left_eyebow1-Matrix-animation-input"/><input semantic="OUTPUT" source="#jnt_left_eyebow1-Matrix-animation-output-transform"/><input semantic="INTERPOLATION" source="#jnt_left_eyebow1-Interpolations"/></sampler><channel source="#jnt_left_eyebow1-Matrix-animation-transform" target="jnt_left_eyebow1/matrix"/></animation></animation>
    <animation id="jnt_left_eyebow2-anim" name="jnt_left_eyebow2"><animation><source id="jnt_left_eyebow2-Matrix-animation-input"><float_array id="jnt_left_eyebow2-Matrix-animation-input-array" count="19">

0.000000 0.033333 0.066667 0.100000 0.133333 0.166667 0.200000 0.233333 0.266667 0.300000 0.333333 0.366667 0.400000 0.433333 0.466667 0.500000
0.533333 0.566667 0.600000</float_array><technique_common><accessor source="#jnt_left_eyebow2-Matrix-animation-input-array" count="19"><param name="TIME" type="float"/></accessor></technique_common></source><source id="jnt_left_eyebow2-Matrix-animation-output-transform"><float_array id="jnt_left_eyebow2-Matrix-animation-output-transform-array" count="304">

0.000000 1.000000 -0.000000 0.547951 -0.557687 0.000000 0.830051 0.532746 0.830051 0.000000 0.557687 0.290242 0.000000 0.000000 0.000000 1.000000
0.000000 1.000000 0.000000 0.547951 -0.557687 -0.000000 0.830051 0.532746 0.830051 -0.000000 0.557687 0.290242 0.000000 0.000000 0.000000 1.000000
0.000000 1.000000 -0.000000 0.547951 -0.557687 0.000000 0.830051 0.532746 0.830051 0.000000 0.557687 0.290242 0.000000 0.000000 0.000000 1.000000
0.000000 1.000000 0.000000 0.547951 -0.557687 -0.000000 0.830051 0.532746 0.830051 -0.000000 0.557687 0.290242 0.000000 0.000000 0.000000 1.000000
0.000000 1.000000 -0.000000 0.547951 -0.557687 0.000000 0.830051 0.532746 0.830051 0.000000 0.557687 0.290242 0.000000 0.000000 0.000000 1.000000
0.000000 1.000000 -0.000000 0.547951 -0.557687 0.000000 0.830051 0.532746 0.830051 -0.000000 0.557687 0.290242 0.000000 0.000000 0.000000 1.000000
0.000000 1.000000 0.000000 0.547951 -0.557687 -0.000000 0.830051 0.532746 0.830051 -0.000000 0.557687 0.290242 0.000000 0.000000 0.000000 1.000000
0.000000 1.000000 -0.000000 0.547951 -0.557687 0.000000 0.830051 0.532746 0.830051 0.000000 0.557687 0.290242 0.000000 0.000000 0.000000 1.000000
0.000000 1.000000 -0.000000 0.547951 -0.557687 0.000000 0.830051 0.532746 0.830051 0.000000 0.557687 0.290242 0.000000 0.000000 0.000000 1.000000
0.000000 1.000000 0.000000 0.547951 -0.557687 -0.000000 0.830051 0.532746 0.830051 -0.000000 0.557687 0.290242 0.000000 0.000000 0.000000 1.000000
0.000000 1.000000 -0.000000 0.547951 -0.557687 0.000000 0.830051 0.532746 0.830051 0.000000 0.557687 0.290242 0.000000 0.000000 0.000000 1.000000
0.000000 1.000000 -0.000000 0.547951 -0.557687 0.000000 0.830051 0.532746 0.830051 0.000000 0.557687 0.290242 0.000000 0.000000 0.000000 1.000000
0.000000 1.000000 -0.000000 0.547951 -0.557687 0.000000 0.830051 0.532746 0.830051 0.000000 0.557687 0.290242 0.000000 0.000000 0.000000 1.000000
0.000000 1.000000 0.000000 0.547951 -0.557687 -0.000000 0.830051 0.532746 0.830051 -0.000000 0.557687 0.290242 0.000000 0.000000 0.000000 1.000000
0.000000 1.000000 -0.000000 0.547951 -0.557687 0.000000 0.830051 0.532746 0.830051 0.000000 0.557687 0.290242 0.000000 0.000000 0.000000 1.000000
0.000000 1.000000 0.000000 0.547951 -0.557687 -0.000000 0.830051 0.532746 0.830051 -0.000000 0.557687 0.290242 0.000000 0.000000 0.000000 1.000000
0.000000 1.000000 -0.000000 0.547951 -0.557687 0.000000 0.830051 0.532746 0.830051 0.000000 0.557687 0.290242 0.000000 0.000000 0.000000 1.000000
0.000000 1.000000 0.000000 0.547951 -0.557687 -0.000000 0.830051 0.532746 0.830051 -0.000000 0.557687 0.290242 0.000000 0.000000 0.000000 1.000000
0.000000 1.000000 -0.000000 0.547951 -0.557687 0.000000 0.830051 0.532746 0.830051 0.000000 0.557687 0.290242 0.000000 0.000000 0.000000 1.000000</float_array><technique_common><accessor source="#jnt_left_eyebow2-Matrix-animation-output-transform-array" count="19" stride="16"><param type="float4x4"/></accessor></technique_common></source><source id="jnt_left_eyebow2-Interpolations"><Name_array id="jnt_left_eyebow2-Interpolations-array" count="19">
 LINEAR LINEAR LINEAR LINEAR LINEAR LINEAR LINEAR LINEAR LINEAR LINEAR LINEAR
LINEAR LINEAR LINEAR LINEAR LINEAR LINEAR LINEAR LINEAR</Name_array><technique_common><accessor source="#jnt_left_eyebow2-Interpolations-array" count="19"><param type="name"/></accessor></technique_common></source><sampler id="jnt_left_eyebow2-Matrix-animation-transform"><input semantic="INPUT" source="#jnt_left_eyebow2-Matrix-animation-input"/><input semantic="OUTPUT" source="#jnt_left_eyebow2-Matrix-animation-output-transform"/><input semantic="INTERPOLATION" source="#jnt_left_eyebow2-Interpolations"/></sampler><channel source="#jnt_left_eyebow2-Matrix-animation-transform" target="jnt_left_eyebow2/matrix"/></animation></animation>
    <animation id="jnt_left_eyebow3-anim" name="jnt_left_eyebow3"><animation><source id="jnt_left_eyebow3-Matrix-animation-input"><float_array id="jnt_left_eyebow3-Matrix-animation-input-array" count="19">

0.000000 0.033333 0.066667 0.100000 0.133333 0.166667 0.200000 0.233333 0.266667 0.300000 0.333333 0.366667 0.400000 0.433333 0.466667 0.500000
0.533333 0.566667 0.600000</float_array><technique_common><accessor source="#jnt_left_eyebow3-Matrix-animation-input-array" count="19"><param name="TIME" type="float"/></accessor></technique_common></source><source id="jnt_left_eyebow3-Matrix-animation-output-transform"><float_array id="jnt_left_eyebow3-Matrix-animation-output-transform-array" count="304">

0.000000 1.000000 0.000000 0.587129 -0.791789 0.000000 0.610795 0.412864 0.610795 -0.000000 0.791789 0.414657 0.000000 0.000000 0.000000 1.000000
0.000000 1.000000 0.000000 0.587129 -0.791789 0.000000 0.610795 0.412864 0.610795 -0.000000 0.791789 0.414657 0.000000 0.000000 0.000000 1.000000
0.000000 1.000000 -0.000000 0.587129 -0.791789 0.000000 0.610795 0.412864 0.610795 -0.000000 0.791789 0.414657 0.000000 0.000000 0.000000 1.000000
0.000000 1.000000 0.000000 0.587129 -0.791789 0.000000 0.610795 0.412864 0.610795 -0.000000 0.791789 0.414657 0.000000 0.000000 0.000000 1.000000
0.000000 1.000000 -0.000000 0.587129 -0.791789 0.000000 0.610795 0.412864 0.610795 -0.000000 0.791789 0.414657 0.000000 0.000000 0.000000 1.000000
0.000000 1.000000 0.000000 0.587129 -0.791789 0.000000 0.610795 0.412864 0.610795 -0.000000 0.791789 0.414657 0.000000 0.000000 0.000000 1.000000
0.000000 1.000000 0.000000 0.587129 -0.791789 0.000000 0.610795 0.412864 0.610795 -0.000000 0.791789 0.414657 0.000000 0.000000 0.000000 1.000000
0.000000 1.000000 -0.000000 0.587129 -0.791789 0.000000 0.610795 0.412864 0.610795 -0.000000 0.791789 0.414657 0.000000 0.000000 0.000000 1.000000
0.000000 1.000000 0.000000 0.587129 -0.791789 0.000000 0.610795 0.412864 0.610795 -0.000000 0.791789 0.414657 0.000000 0.000000 0.000000 1.000000
0.000000 1.000000 0.000000 0.587129 -0.791789 0.000000 0.610795 0.412864 0.610795 -0.000000 0.791789 0.414657 0.000000 0.000000 0.000000 1.000000
0.000000 1.000000 -0.000000 0.587129 -0.791789 0.000000 0.610795 0.412864 0.610795 -0.000000 0.791789 0.414657 0.000000 0.000000 0.000000 1.000000
0.000000 1.000000 -0.000000 0.587129 -0.791789 0.000000 0.610795 0.412864 0.610795 0.000000 0.791789 0.414657 0.000000 0.000000 0.000000 1.000000
0.000000 1.000000 0.000000 0.587129 -0.791789 0.000000 0.610795 0.412864 0.610795 -0.000000 0.791789 0.414657 0.000000 0.000000 0.000000 1.000000
0.000000 1.000000 -0.000000 0.587129 -0.791789 0.000000 0.610795 0.412864 0.610795 -0.000000 0.791789 0.414657 0.000000 0.000000 0.000000 1.000000
0.000000 1.000000 0.000000 0.587129 -0.791789 0.000000 0.610795 0.412864 0.610795 -0.000000 0.791789 0.414657 0.000000 0.000000 0.000000 1.000000
0.000000 1.000000 -0.000000 0.587129 -0.791789 0.000000 0.610795 0.412864 0.610795 -0.000000 0.791789 0.414657 0.000000 0.000000 0.000000 1.000000
0.000000 1.000000 0.000000 0.587129 -0.791789 0.000000 0.610795 0.412864 0.610795 -0.000000 0.791789 0.414657 0.000000 0.000000 0.000000 1.000000
0.000000 1.000000 0.000000 0.587129 -0.791789 0.000000 0.610795 0.412864 0.610795 -0.000000 0.791789 0.414657 0.000000 0.000000 0.000000 1.000000
