<?xml version="1.0" encoding="utf-8"?>
<COLLADA xmlns="http://www.collada.org/2005/11/COLLADASchema" version="1.4.1">
  <asset><contributor><author></author><authoring_tool>FBX COLLADA exporter</authoring_tool><comments></comments></contributor><created>2020-09-11T12:45:07Z</created><keywords></keywords><modified>2020-09-11T12:45:07Z</modified><revision></revision><subject></subject><title></title><unit meter="0.010000" name="centimeter"></unit><up_axis>Y_UP</up_axis></asset>
  <library_animations>
    <animation id="jnt_right_lip-anim" name="jnt_right_lip"><animation><source id="jnt_right_lip-Matrix-animation-input"><float_array id="jnt_right_lip-Matrix-animation-input-array" count="241">

0.000000 0.033333 0.066667 0.100000 0.133333 0.166667 0.200000 0.233333 0.266667 0.300000 0.333333 0.366667 0.400000 0.433333 0.466667 0.500000
0.533333 0.566667 0.600000 0.633333 0.666667 0.700000 0.733333 0.766667 0.800000 0.833333 0.866667 0.900000 0.933333 0.966667 1.000000 1.033333
1.066667 1.100000 1.133333 1.166667 1.200000 1.233333 1.266667 1.300000 1.333333 1.366667 1.400000 1.433333 1.466667 1.500000 1.533333 1.566667
1.600000 1.633333 1.666667 1.700000 1.733333 1.766667 1.800000 1.833333 1.866667 1.900000 1.933333 1.966667 2.000000 2.033333 2.066667 2.100000
2.133333 2.166667 2.200000 2.233333 2.266667 2.300000 2.333333 2.366667 2.400000 2.433333 2.466667 2.500000 2.533333 2.566667 2.600000 2.633333
2.666667 2.700000 2.733333 2.766667 2.800000 2.833333 2.866667 2.900000 2.933333 2.966667 3.000000 3.033333 3.066667 3.100000 3.133333 3.166667
3.200000 3.233333 3.266667 3.300000 3.333333 3.366667 3.400000 3.433333 3.466667 3.500000 3.533333 3.566667 3.600000 3.633333 3.666667 3.700000
3.733333 3.766667 3.800000 3.833333 3.866667 3.900000 3.933333 3.966667 4.000000 4.033333 4.066667 4.100000 4.133333 4.166667 4.200000 4.233333
4.266667 4.300000 4.333333 4.366667 4.400000 4.433333 4.466667 4.500000 4.533333 4.566667 4.600000 4.633333 4.666667 4.700000 4.733333 4.766667
4.800000 4.833333 4.866667 4.900000 4.933333 4.966667 5.000000 5.033333 5.066667 5.100000 5.133333 5.166667 5.200000 5.233333 5.266667 5.300000
5.333333 5.366667 5.400000 5.433333 5.466667 5.500000 5.533333 5.566667 5.600000 5.633333 5.666667 5.700000 5.733333 5.766667 5.800000 5.833333
5.866667 5.900000 5.933333 5.966667 6.000000 6.033333 6.066667 6.100000 6.133333 6.166667 6.200000 6.233333 6.266667 6.300000 6.333333 6.366667
6.400000 6.433333 6.466667 6.500000 6.533333 6.566667 6.600000 6.633333 6.666667 6.700000 6.733333 6.766667 6.800000 6.833333 6.866667 6.900000
6.933333 6.966667 7.000000 7.033333 7.066667 7.100000 7.133333 7.166667 7.200000 7.233333 7.266667 7.300000 7.333333 7.366667 7.400000 7.433333
7.466667 7.500000 7.533333 7.566667 7.600000 7.633333 7.666667 7.700000 7.733333 7.766667 7.800000 7.833333 7.866667 7.900000 7.933333 7.966667
8.000000</float_array><technique_common><accessor source="#jnt_right_lip-Matrix-animation-input-array" count="241"><param name="TIME" type="float"/></accessor></technique_common></source><source id="jnt_right_lip-Matrix-animation-output-transform"><float_array id="jnt_right_lip-Matrix-animation-output-transform-array" count="3856">

0.005105 0.999927 0.010949 -0.009615 0.422587 -0.012081 0.906242 0.618140 0.906308 0.000000 -0.422618 -0.180000 0.000000 0.000000 0.000000 1.000000
0.005105 0.999927 0.010949 -0.009615 0.422587 -0.012081 0.906242 0.618140 0.906308 0.000000 -0.422618 -0.180000 0.000000 0.000000 0.000000 1.000000
0.005105 0.999927 0.010949 -0.009615 0.422587 -0.012081 0.906242 0.618140 0.906308 0.000000 -0.422618 -0.180000 0.000000 0.000000 0.000000 1.000000
0.005105 0.999927 0.010949 -0.009615 0.422587 -0.012081 0.906242 0.618140 0.906308 0.000000 -0.422618 -0.180000 0.000000 0.000000 0.000000 1.000000
0.005105 0.999927 0.010949 -0.009615 0.422587 -0.012081 0.906242 0.618140 0.906308 0.000000 -0.422618 -0.180000 0.000000 0.000000 0.000000 1.000000
0.005105 0.999927 0.010949 -0.009615 0.422587 -0.012081 0.906242 0.618140 0.906308 0.000000 -0.422618 -0.180000 0.000000 0.000000 0.000000 1.000000
0.005105 0.999927 0.010949 -0.009615 0.422587 -0.012081 0.906242 0.618140 0.906308 0.000000 -0.422618 -0.180000 0.000000 0.000000 0.000000 1.000000
0.005105 0.999927 0.010949 -0.009615 0.422587 -0.012081 0.906242 0.618140 0.906308 0.000000 -0.422618 -0.180000 0.000000 0.000000 0.000000 1.000000
0.005105 0.999927 0.010949 -0.009615 0.422587 -0.012081 0.906242 0.618140 0.906308 0.000000 -0.422618 -0.180000 0.000000 0.000000 0.000000 1.000000
0.005105 0.999927 0.010949 -0.009615 0.422587 -0.012081 0.906242 0.618140 0.906308 0.000000 -0.422618 -0.180000 0.000000 0.000000 0.000000 1.000000
0.005105 0.999927 0.010949 -0.009615 0.422587 -0.012081 0.906242 0.618140 0.906308 0.000000 -0.422618 -0.180000 0.000000 0.000000 0.000000 1.000000
0.005105 0.999927 0.010949 -0.009615 0.422587 -0.012081 0.906242 0.618140 0.906308 0.000000 -0.422618 -0.180000 0.000000 0.000000 0.000000 1.000000
0.005105 0.999927 0.010949 -0.009615 0.422587 -0.012081 0.906242 0.618140 0.906308 0.000000 -0.422618 -0.180000 0.000000 0.000000 0.000000 1.000000
0.005105 0.999927 0.010949 -0.009615 0.422587 -0.012081 0.906242 0.618140 0.906308 0.000000 -0.422618 -0.180000 0.000000 0.000000 0.000000 1.000000
0.005105 0.999927 0.010949 -0.009615 0.422587 -0.012081 0.906242 0.618140 0.906308 0.000000 -0.422618 -0.180000 0.000000 0.000000 0.000000 1.000000
0.005105 0.999927 0.010949 -0.009615 0.422587 -0.012081 0.906242 0.618140 0.906308 0.000000 -0.422618 -0.180000 0.000000 0.000000 0.000000 1.000000
0.005105 0.999927 0.010949 -0.009615 0.422587 -0.012081 0.906242 0.618140 0.906308 0.000000 -0.422618 -0.180000 0.000000 0.000000 0.000000 1.000000
0.005105 0.999927 0.010949 -0.009615 0.422587 -0.012081 0.906242 0.618140 0.906308 0.000000 -0.422618 -0.180000 0.000000 0.000000 0.000000 1.000000
0.005105 0.999927 0.010949 -0.009615 0.422587 -0.012081 0.906242 0.618140 0.906308 0.000000 -0.422618 -0.180000 0.000000 0.000000 0.000000 1.000000
0.005105 0.999927 0.010949 -0.009615 0.422587 -0.012081 0.906242 0.618140 0.906308 0.000000 -0.422618 -0.180000 0.000000 0.000000 0.000000 1.000000
0.005105 0.999927 0.010949 -0.009615 0.422587 -0.012081 0.906242 0.618140 0.906308 0.000000 -0.422618 -0.180000 0.000000 0.000000 0.000000 1.000000
0.005105 0.999927 0.010949 -0.009615 0.422587 -0.012081 0.906242 0.618140 0.906308 0.000000 -0.422618 -0.180000 0.000000 0.000000 0.000000 1.000000
0.005105 0.999927 0.010949 -0.009615 0.422587 -0.012081 0.906242 0.618140 0.906308 0.000000 -0.422618 -0.180000 0.000000 0.000000 0.000000 1.000000
0.005105 0.999927 0.010949 -0.009615 0.422587 -0.012081 0.906242 0.618140 0.906308 0.000000 -0.422618 -0.180000 0.000000 0.000000 0.000000 1.000000
0.005105 0.999927 0.010949 -0.009615 0.422587 -0.012081 0.906242 0.618140 0.906308 0.000000 -0.422618 -0.180000 0.000000 0.000000 0.000000 1.000000
0.005105 0.999927 0.010949 -0.009615 0.422587 -0.012081 0.906242 0.618140 0.906308 0.000000 -0.422618 -0.180000 0.000000 0.000000 0.000000 1.000000
0.005105 0.999927 0.010949 -0.009615 0.422587 -0.012081 0.906242 0.618140 0.906308 0.000000 -0.422618 -0.180000 0.000000 0.000000 0.000000 1.000000
0.005105 0.999927 0.010949 -0.009615 0.422587 -0.012081 0.906242 0.618140 0.906308 0.000000 -0.422618 -0.180000 0.000000 0.000000 0.000000 1.000000
0.005105 0.999927 0.010949 -0.009615 0.422587 -0.012081 0.906242 0.618140 0.906308 0.000000 -0.422618 -0.180000 0.000000 0.000000 0.000000 1.000000
0.005105 0.999927 0.010949 -0.009615 0.422587 -0.012081 0.906242 0.618140 0.906308 0.000000 -0.422618 -0.180000 0.000000 0.000000 0.000000 1.000000
0.005105 0.999927 0.010949 -0.009615 0.422587 -0.012081 0.906242 0.618140 0.906308 0.000000 -0.422618 -0.180000 0.000000 0.000000 0.000000 1.000000
0.005105 0.999927 0.010949 -0.009615 0.422587 -0.012081 0.906242 0.618140 0.906308 0.000000 -0.422618 -0.180000 0.000000 0.000000 0.000000 1.000000
0.005105 0.999927 0.010949 -0.009615 0.422587 -0.012081 0.906242 0.618140 0.906308 0.000000 -0.422618 -0.180000 0.000000 0.000000 0.000000 1.000000
0.005105 0.999927 0.010949 -0.009615 0.422587 -0.012081 0.906242 0.618140 0.906308 0.000000 -0.422618 -0.180000 0.000000 0.000000 0.000000 1.000000
0.005105 0.999927 0.010949 -0.009615 0.422587 -0.012081 0.906242 0.618140 0.906308 0.000000 -0.422618 -0.180000 0.000000 0.000000 0.000000 1.000000
0.005105 0.999927 0.010949 -0.009615 0.422587 -0.012081 0.906242 0.618140 0.906308 0.000000 -0.422618 -0.180000 0.000000 0.000000 0.000000 1.000000
0.005105 0.999927 0.010949 -0.009615 0.422587 -0.012081 0.906242 0.618140 0.906308 0.000000 -0.422618 -0.180000 0.000000 0.000000 0.000000 1.000000
0.005105 0.999927 0.010949 -0.009615 0.422587 -0.012081 0.906242 0.618140 0.906308 0.000000 -0.422618 -0.180000 0.000000 0.000000 0.000000 1.000000
0.005105 0.999927 0.010949 -0.009615 0.422587 -0.012081 0.906242 0.618140 0.906308 0.000000 -0.422618 -0.180000 0.000000 0.000000 0.000000 1.000000
0.005105 0.999927 0.010949 -0.009615 0.422587 -0.012081 0.906242 0.618140 0.906308 0.000000 -0.422618 -0.180000 0.000000 0.000000 0.000000 1.000000
0.005105 0.999927 0.010949 -0.009615 0.422587 -0.012081 0.906242 0.618140 0.906308 0.000000 -0.422618 -0.180000 0.000000 0.000000 0.000000 1.000000
0.005105 0.999927 0.010949 -0.009615 0.422587 -0.012081 0.906242 0.618140 0.906308 0.000000 -0.422618 -0.180000 0.000000 0.000000 0.000000 1.000000
0.005105 0.999927 0.010949 -0.009615 0.422587 -0.012081 0.906242 0.618140 0.906308 0.000000 -0.422618 -0.180000 0.000000 0.000000 0.000000 1.000000
0.005105 0.999927 0.010949 -0.009615 0.422587 -0.012081 0.906242 0.618140 0.906308 0.000000 -0.422618 -0.180000 0.000000 0.000000 0.000000 1.000000
0.005105 0.999927 0.010949 -0.009615 0.422587 -0.012081 0.906242 0.618140 0.906308 0.000000 -0.422618 -0.180000 0.000000 0.000000 0.000000 1.000000
0.005105 0.999927 0.010949 -0.009615 0.422587 -0.012081 0.906242 0.618140 0.906308 0.000000 -0.422618 -0.180000 0.000000 0.000000 0.000000 1.000000
0.005105 0.999927 0.010949 -0.009615 0.422587 -0.012081 0.906242 0.618140 0.906308 0.000000 -0.422618 -0.180000 0.000000 0.000000 0.000000 1.000000
0.005105 0.999927 0.010949 -0.009615 0.422587 -0.012081 0.906242 0.618140 0.906308 0.000000 -0.422618 -0.180000 0.000000 0.000000 0.000000 1.000000
0.005105 0.999927 0.010949 -0.009615 0.422587 -0.012081 0.906242 0.618140 0.906308 0.000000 -0.422618 -0.180000 0.000000 0.000000 0.000000 1.000000
0.005105 0.999927 0.010949 -0.009615 0.422587 -0.012081 0.906242 0.618140 0.906308 0.000000 -0.422618 -0.180000 0.000000 0.000000 0.000000 1.000000
0.005105 0.999927 0.010949 -0.009615 0.422587 -0.012081 0.906242 0.618140 0.906308 0.000000 -0.422618 -0.180000 0.000000 0.000000 0.000000 1.000000
0.005105 0.999927 0.010949 -0.009615 0.422587 -0.012081 0.906242 0.618140 0.906308 0.000000 -0.422618 -0.180000 0.000000 0.000000 0.000000 1.000000
0.005105 0.999927 0.010949 -0.009615 0.422587 -0.012081 0.906242 0.618140 0.906308 0.000000 -0.422618 -0.180000 0.000000 0.000000 0.000000 1.000000
0.005105 0.999927 0.010949 -0.009615 0.422587 -0.012081 0.906242 0.618140 0.906308 0.000000 -0.422618 -0.180000 0.000000 0.000000 0.000000 1.000000
0.005105 0.999927 0.010949 -0.009615 0.422587 -0.012081 0.906242 0.618140 0.906308 0.000000 -0.422618 -0.180000 0.000000 0.000000 0.000000 1.000000
0.005105 0.999927 0.010949 -0.009615 0.422587 -0.012081 0.906242 0.618140 0.906308 0.000000 -0.422618 -0.180000 0.000000 0.000000 0.000000 1.000000
0.005105 0.999927 0.010949 -0.009615 0.422587 -0.012081 0.906242 0.618140 0.906308 0.000000 -0.422618 -0.180000 0.000000 0.000000 0.000000 1.000000
0.005105 0.999927 0.010949 -0.009615 0.422587 -0.012081 0.906242 0.618140 0.906308 0.000000 -0.422618 -0.180000 0.000000 0.000000 0.000000 1.000000
0.005105 0.999927 0.010949 -0.009615 0.422587 -0.012081 0.906242 0.618140 0.906308 0.000000 -0.422618 -0.180000 0.000000 0.000000 0.000000 1.000000
0.005060 0.999928 0.010860 -0.009667 0.422579 -0.011981 0.906247 0.618144 0.906312 0.000004 -0.422609 -0.179995 0.000000 0.000000 0.000000 1.000000
0.004930 0.999932 0.010605 -0.009816 0.422556 -0.011695 0.906262 0.618154 0.906324 0.000014 -0.422584 -0.179980 0.000000 0.000000 0.000000 1.000000
0.004724 0.999937 0.010204 -0.010050 0.422518 -0.011244 0.906285 0.618171 0.906342 0.000030 -0.422545 -0.179957 0.000000 0.000000 0.000000 1.000000
0.004452 0.999943 0.009674 -0.010361 0.422469 -0.010649 0.906315 0.618192 0.906366 0.000052 -0.422492 -0.179926 0.000000 0.000000 0.000000 1.000000
0.004124 0.999951 0.009033 -0.010735 0.422409 -0.009929 0.906351 0.618217 0.906396 0.000078 -0.422429 -0.179889 0.000000 0.000000 0.000000 1.000000
0.003749 0.999959 0.008300 -0.011164 0.422340 -0.009107 0.906392 0.618246 0.906430 0.000108 -0.422357 -0.179847 0.000000 0.000000 0.000000 1.000000
0.003336 0.999966 0.007494 -0.011635 0.422265 -0.008201 0.906436 0.618276 0.906466 0.000141 -0.422278 -0.179800 0.000000 0.000000 0.000000 1.000000
0.002894 0.999974 0.006633 -0.012139 0.422183 -0.007234 0.906482 0.618307 0.906506 0.000177 -0.422193 -0.179751 0.000000 0.000000 0.000000 1.000000
0.002434 0.999981 0.005734 -0.012664 0.422098 -0.006226 0.906529 0.618339 0.906547 0.000214 -0.422105 -0.179699 0.000000 0.000000 0.000000 1.000000
0.001964 0.999986 0.004818 -0.013200 0.422010 -0.005197 0.906576 0.618370 0.906589 0.000253 -0.422015 -0.179647 0.000000 0.000000 0.000000 1.000000
0.001494 0.999991 0.003902 -0.013736 0.421923 -0.004167 0.906622 0.618400 0.906631 0.000292 -0.421925 -0.179594 0.000000 0.000000 0.000000 1.000000
0.001033 0.999995 0.003003 -0.014262 0.421836 -0.003159 0.906667 0.618428 0.906671 0.000331 -0.421837 -0.179543 0.000000 0.000000 0.000000 1.000000
0.000591 0.999998 0.002142 -0.014765 0.421753 -0.002192 0.906708 0.618454 0.906711 0.000368 -0.421753 -0.179494 0.000000 0.000000 0.000000 1.000000
0.000177 0.999999 0.001336 -0.015237 0.421675 -0.001286 0.906746 0.618478 0.906747 0.000403 -0.421674 -0.179448 0.000000 0.000000 0.000000 1.000000
-0.000199 1.000000 0.000604 -0.015665 0.421603 -0.000464 0.906780 0.618499 0.906780 0.000435 -0.421603 -0.179406 0.000000 0.000000 0.000000 1.000000
-0.000528 1.000000 -0.000037 -0.016040 0.421540 0.000256 0.906810 0.618516 0.906810 0.000463 -0.421540 -0.179369 0.000000 0.000000 0.000000 1.000000
-0.000800 1.000000 -0.000567 -0.016350 0.421488 0.000851 0.906833 0.618530 0.906833 0.000487 -0.421489 -0.179339 0.000000 0.000000 0.000000 1.000000
-0.001006 0.999999 -0.000968 -0.016585 0.421449 0.001302 0.906851 0.618541 0.906852 0.000505 -0.421450 -0.179316 0.000000 0.000000 0.000000 1.000000
-0.001137 0.999999 -0.001223 -0.016734 0.421424 0.001588 0.906862 0.618547 0.906863 0.000516 -0.421425 -0.179302 0.000000 0.000000 0.000000 1.000000
-0.001183 0.999998 -0.001311 -0.016786 0.421415 0.001688 0.906866 0.618549 0.906867 0.000520 -0.421416 -0.179297 0.000000 0.000000 0.000000 1.000000
-0.001132 0.999999 -0.001213 -0.016728 0.421425 0.001578 0.906862 0.618547 0.906863 0.000515 -0.421426 -0.179303 0.000000 0.000000 0.000000 1.000000
-0.000988 0.999999 -0.000933 -0.016564 0.421452 0.001262 0.906850 0.618540 0.906850 0.000503 -0.421453 -0.179318 0.000000 0.000000 0.000000 1.000000
-0.000761 1.000000 -0.000491 -0.016306 0.421496 0.000766 0.906830 0.618528 0.906830 0.000483 -0.421496 -0.179344 0.000000 0.000000 0.000000 1.000000
-0.000463 1.000000 0.000090 -0.015966 0.421553 0.000114 0.906804 0.618513 0.906804 0.000458 -0.421553 -0.179377 0.000000 0.000000 0.000000 1.000000
-0.000104 1.000000 0.000788 -0.015557 0.421621 -0.000671 0.906772 0.618494 0.906772 0.000427 -0.421621 -0.179416 0.000000 0.000000 0.000000 1.000000
0.000304 0.999999 0.001584 -0.015092 0.421699 -0.001564 0.906735 0.618471 0.906736 0.000392 -0.421699 -0.179462 0.000000 0.000000 0.000000 1.000000
0.000751 0.999997 0.002454 -0.014583 0.421783 -0.002542 0.906693 0.618445 0.906696 0.000354 -0.421784 -0.179511 0.000000 0.000000 0.000000 1.000000
0.001225 0.999994 0.003378 -0.014042 0.421872 -0.003580 0.906648 0.618417 0.906654 0.000315 -0.421874 -0.179564 0.000000 0.000000 0.000000 1.000000
0.001716 0.999989 0.004334 -0.013483 0.421964 -0.004654 0.906601 0.618386 0.906611 0.000274 -0.421968 -0.179619 0.000000 0.000000 0.000000 1.000000
0.002212 0.999984 0.005302 -0.012917 0.422057 -0.005740 0.906551 0.618354 0.906567 0.000233 -0.422062 -0.179674 0.000000 0.000000 0.000000 1.000000
0.002702 0.999977 0.006258 -0.012358 0.422148 -0.006814 0.906501 0.618321 0.906523 0.000192 -0.422156 -0.179729 0.000000 0.000000 0.000000 1.000000
0.003176 0.999969 0.007182 -0.011818 0.422235 -0.007851 0.906452 0.618287 0.906481 0.000154 -0.422247 -0.179783 0.000000 0.000000 0.000000 1.000000
0.003622 0.999961 0.008053 -0.011308 0.422317 -0.008829 0.906405 0.618255 0.906441 0.000118 -0.422333 -0.179833 0.000000 0.000000 0.000000 1.000000
0.004030 0.999953 0.008848 -0.010843 0.422392 -0.009722 0.906361 0.618225 0.906404 0.000085 -0.422411 -0.179879 0.000000 0.000000 0.000000 1.000000
0.004388 0.999945 0.009547 -0.010434 0.422457 -0.010507 0.906322 0.618197 0.906372 0.000057 -0.422480 -0.179919 0.000000 0.000000 0.000000 1.000000
0.004685 0.999938 0.010128 -0.010095 0.422511 -0.011159 0.906289 0.618174 0.906346 0.000033 -0.422537 -0.179953 0.000000 0.000000 0.000000 1.000000
0.004911 0.999932 0.010570 -0.009837 0.422552 -0.011655 0.906264 0.618156 0.906325 0.000015 -0.422581 -0.179978 0.000000 0.000000 0.000000 1.000000
0.005055 0.999928 0.010850 -0.009672 0.422578 -0.011970 0.906247 0.618144 0.906312 0.000004 -0.422609 -0.179994 0.000000 0.000000 0.000000 1.000000
0.005105 0.999927 0.010949 -0.009615 0.422587 -0.012081 0.906242 0.618140 0.906308 0.000000 -0.422618 -0.180000 0.000000 0.000000 0.000000 1.000000
0.005105 0.999927 0.010949 -0.009615 0.422587 -0.012081 0.906242 0.618140 0.906308 0.000000 -0.422618 -0.180000 0.000000 0.000000 0.000000 1.000000
0.005105 0.999927 0.010949 -0.009615 0.422587 -0.012081 0.906242 0.618140 0.906308 0.000000 -0.422618 -0.180000 0.000000 0.000000 0.000000 1.000000
0.005105 0.999927 0.010949 -0.009615 0.422587 -0.012081 0.906242 0.618140 0.906308 0.000000 -0.422618 -0.180000 0.000000 0.000000 0.000000 1.000000
0.005105 0.999927 0.010949 -0.009615 0.422587 -0.012081 0.906242 0.618140 0.906308 0.000000 -0.422618 -0.180000 0.000000 0.000000 0.000000 1.000000
0.005105 0.999927 0.010949 -0.009615 0.422587 -0.012081 0.906242 0.618140 0.906308 0.000000 -0.422618 -0.180000 0.000000 0.000000 0.000000 1.000000
0.005105 0.999927 0.010949 -0.009615 0.422587 -0.012081 0.906242 0.618140 0.906308 0.000000 -0.422618 -0.180000 0.000000 0.000000 0.000000 1.000000
0.005105 0.999927 0.010949 -0.009615 0.422587 -0.012081 0.906242 0.618140 0.906308 0.000000 -0.422618 -0.180000 0.000000 0.000000 0.000000 1.000000
0.005105 0.999927 0.010949 -0.009615 0.422587 -0.012081 0.906242 0.618140 0.906308 0.000000 -0.422618 -0.180000 0.000000 0.000000 0.000000 1.000000
0.005105 0.999927 0.010949 -0.009615 0.422587 -0.012081 0.906242 0.618140 0.906308 0.000000 -0.422618 -0.180000 0.000000 0.000000 0.000000 1.000000
0.005105 0.999927 0.010949 -0.009615 0.422587 -0.012081 0.906242 0.618140 0.906308 0.000000 -0.422618 -0.180000 0.000000 0.000000 0.000000 1.000000
0.005105 0.999927 0.010949 -0.009615 0.422587 -0.012081 0.906242 0.618140 0.906308 0.000000 -0.422618 -0.180000 0.000000 0.000000 0.000000 1.000000
0.005105 0.999927 0.010949 -0.009615 0.422587 -0.012081 0.906242 0.618140 0.906308 0.000000 -0.422618 -0.180000 0.000000 0.000000 0.000000 1.000000
0.005105 0.999927 0.010949 -0.009615 0.422587 -0.012081 0.906242 0.618140 0.906308 0.000000 -0.422618 -0.180000 0.000000 0.000000 0.000000 1.000000
0.005105 0.999927 0.010949 -0.009615 0.422587 -0.012081 0.906242 0.618140 0.906308 0.000000 -0.422618 -0.180000 0.000000 0.000000 0.000000 1.000000
0.005105 0.999927 0.010949 -0.009615 0.422587 -0.012081 0.906242 0.618140 0.906308 0.000000 -0.422618 -0.180000 0.000000 0.000000 0.000000 1.000000
0.005105 0.999927 0.010949 -0.009615 0.422587 -0.012081 0.906242 0.618140 0.906308 0.000000 -0.422618 -0.180000 0.000000 0.000000 0.000000 1.000000
0.005105 0.999927 0.010949 -0.009615 0.422587 -0.012081 0.906242 0.618140 0.906308 0.000000 -0.422618 -0.180000 0.000000 0.000000 0.000000 1.000000
0.005105 0.999927 0.010949 -0.009615 0.422587 -0.012081 0.906242 0.618140 0.906308 0.000000 -0.422618 -0.180000 0.000000 0.000000 0.000000 1.000000
0.005105 0.999927 0.010949 -0.009615 0.422587 -0.012081 0.906242 0.618140 0.906308 0.000000 -0.422618 -0.180000 0.000000 0.000000 0.000000 1.000000
0.005105 0.999927 0.010949 -0.009615 0.422587 -0.012081 0.906242 0.618140 0.906308 0.000000 -0.422618 -0.180000 0.000000 0.000000 0.000000 1.000000
0.005105 0.999927 0.010949 -0.009615 0.422587 -0.012081 0.906242 0.618140 0.906308 0.000000 -0.422618 -0.180000 0.000000 0.000000 0.000000 1.000000
0.005105 0.999927 0.010949 -0.009615 0.422587 -0.012081 0.906242 0.618140 0.906308 0.000000 -0.422618 -0.180000 0.000000 0.000000 0.000000 1.000000
0.005105 0.999927 0.010949 -0.009615 0.422587 -0.012081 0.906242 0.618140 0.906308 0.000000 -0.422618 -0.180000 0.000000 0.000000 0.000000 1.000000
0.005105 0.999927 0.010949 -0.009615 0.422587 -0.012081 0.906242 0.618140 0.906308 0.000000 -0.422618 -0.180000 0.000000 0.000000 0.000000 1.000000
0.005105 0.999927 0.010949 -0.009615 0.422587 -0.012081 0.906242 0.618140 0.906308 0.000000 -0.422618 -0.180000 0.000000 0.000000 0.000000 1.000000
0.005105 0.999927 0.010949 -0.009615 0.422587 -0.012081 0.906242 0.618140 0.906308 0.000000 -0.422618 -0.180000 0.000000 0.000000 0.000000 1.000000
0.005105 0.999927 0.010949 -0.009615 0.422587 -0.012081 0.906242 0.618140 0.906308 0.000000 -0.422618 -0.180000 0.000000 0.000000 0.000000 1.000000
0.005105 0.999927 0.010949 -0.009615 0.422587 -0.012081 0.906242 0.618140 0.906308 0.000000 -0.422618 -0.180000 0.000000 0.000000 0.000000 1.000000
0.005105 0.999927 0.010949 -0.009615 0.422587 -0.012081 0.906242 0.618140 0.906308 0.000000 -0.422618 -0.180000 0.000000 0.000000 0.000000 1.000000
0.005105 0.999927 0.010949 -0.009615 0.422587 -0.012081 0.906242 0.618140 0.906308 0.000000 -0.422618 -0.180000 0.000000 0.000000 0.000000 1.000000
0.005105 0.999927 0.010949 -0.009615 0.422587 -0.012081 0.906242 0.618140 0.906308 0.000000 -0.422618 -0.180000 0.000000 0.000000 0.000000 1.000000
0.005105 0.999927 0.010949 -0.009615 0.422587 -0.012081 0.906242 0.618140 0.906308 0.000000 -0.422618 -0.180000 0.000000 0.000000 0.000000 1.000000
0.005105 0.999927 0.010949 -0.009615 0.422587 -0.012081 0.906242 0.618140 0.906308 0.000000 -0.422618 -0.180000 0.000000 0.000000 0.000000 1.000000
0.005105 0.999927 0.010949 -0.009615 0.422587 -0.012081 0.906242 0.618140 0.906308 0.000000 -0.422618 -0.180000 0.000000 0.000000 0.000000 1.000000
0.005105 0.999927 0.010949 -0.009615 0.422587 -0.012081 0.906242 0.618140 0.906308 0.000000 -0.422618 -0.180000 0.000000 0.000000 0.000000 1.000000
0.005105 0.999927 0.010949 -0.009615 0.422587 -0.012081 0.906242 0.618140 0.906308 0.000000 -0.422618 -0.180000 0.000000 0.000000 0.000000 1.000000
0.005105 0.999927 0.010949 -0.009615 0.422587 -0.012081 0.906242 0.618140 0.906308 0.000000 -0.422618 -0.180000 0.000000 0.000000 0.000000 1.000000
0.005105 0.999927 0.010949 -0.009615 0.422587 -0.012081 0.906242 0.618140 0.906308 0.000000 -0.422618 -0.180000 0.000000 0.000000 0.000000 1.000000
0.005105 0.999927 0.010949 -0.009615 0.422587 -0.012081 0.906242 0.618140 0.906308 0.000000 -0.422618 -0.180000 0.000000 0.000000 0.000000 1.000000
0.005105 0.999927 0.010949 -0.009615 0.422587 -0.012081 0.906242 0.618140 0.906308 0.000000 -0.422618 -0.180000 0.000000 0.000000 0.000000 1.000000
0.005105 0.999927 0.010949 -0.009615 0.422587 -0.012081 0.906242 0.618140 0.906308 0.000000 -0.422618 -0.180000 0.000000 0.000000 0.000000 1.000000
0.005105 0.999927 0.010949 -0.009615 0.422587 -0.012081 0.906242 0.618140 0.906308 0.000000 -0.422618 -0.180000 0.000000 0.000000 0.000000 1.000000
0.005105 0.999927 0.010949 -0.009615 0.422587 -0.012081 0.906242 0.618140 0.906308 0.000000 -0.422618 -0.180000 0.000000 0.000000 0.000000 1.000000
0.005105 0.999927 0.010949 -0.009615 0.422587 -0.012081 0.906242 0.618140 0.906308 0.000000 -0.422618 -0.180000 0.000000 0.000000 0.000000 1.000000
0.005105 0.999927 0.010949 -0.009615 0.422587 -0.012081 0.906242 0.618140 0.906308 0.000000 -0.422618 -0.180000 0.000000 0.000000 0.000000 1.000000
0.005105 0.999927 0.010949 -0.009615 0.422587 -0.012081 0.906242 0.618140 0.906308 0.000000 -0.422618 -0.180000 0.000000 0.000000 0.000000 1.000000
0.005105 0.999927 0.010949 -0.009615 0.422587 -0.012081 0.906242 0.618140 0.906308 0.000000 -0.422618 -0.180000 0.000000 0.000000 0.000000 1.000000
0.005105 0.999927 0.010949 -0.009615 0.422587 -0.012081 0.906242 0.618140 0.906308 0.000000 -0.422618 -0.180000 0.000000 0.000000 0.000000 1.000000
0.005105 0.999927 0.010949 -0.009615 0.422587 -0.012081 0.906242 0.618140 0.906308 0.000000 -0.422618 -0.180000 0.000000 0.000000 0.000000 1.000000
0.005105 0.999927 0.010949 -0.009615 0.422587 -0.012081 0.906242 0.618140 0.906308 0.000000 -0.422618 -0.180000 0.000000 0.000000 0.000000 1.000000
0.005105 0.999927 0.010949 -0.009615 0.422587 -0.012081 0.906242 0.618140 0.906308 0.000000 -0.422618 -0.180000 0.000000 0.000000 0.000000 1.000000
0.005105 0.999927 0.010949 -0.009615 0.422587 -0.012081 0.906242 0.618140 0.906308 0.000000 -0.422618 -0.180000 0.000000 0.000000 0.000000 1.000000
0.005105 0.999927 0.010949 -0.009615 0.422587 -0.012081 0.906242 0.618140 0.906308 0.000000 -0.422618 -0.180000 0.000000 0.000000 0.000000 1.000000
0.005105 0.999927 0.010949 -0.009615 0.422587 -0.012081 0.906242 0.618140 0.906308 0.000000 -0.422618 -0.180000 0.000000 0.000000 0.000000 1.000000
0.005105 0.999927 0.010949 -0.009615 0.422587 -0.012081 0.906242 0.618140 0.906308 0.000000 -0.422618 -0.180000 0.000000 0.000000 0.000000 1.000000
0.005105 0.999927 0.010949 -0.009615 0.422587 -0.012081 0.906242 0.618140 0.906308 0.000000 -0.422618 -0.180000 0.000000 0.000000 0.000000 1.000000
0.005105 0.999927 0.010949 -0.009615 0.422587 -0.012081 0.906242 0.618140 0.906308 0.000000 -0.422618 -0.180000 0.000000 0.000000 0.000000 1.000000
0.005105 0.999927 0.010949 -0.009615 0.422587 -0.012081 0.906242 0.618140 0.906308 0.000000 -0.422618 -0.180000 0.000000 0.000000 0.000000 1.000000
0.005105 0.999927 0.010949 -0.009615 0.422587 -0.012081 0.906242 0.618140 0.906308 0.000000 -0.422618 -0.180000 0.000000 0.000000 0.000000 1.000000
0.005105 0.999927 0.010949 -0.009615 0.422587 -0.012081 0.906242 0.618140 0.906308 0.000000 -0.422618 -0.180000 0.000000 0.000000 0.000000 1.000000
0.005105 0.999927 0.010949 -0.009615 0.422587 -0.012081 0.906242 0.618140 0.906308 0.000000 -0.422618 -0.180000 0.000000 0.000000 0.000000 1.000000
0.005105 0.999927 0.010949 -0.009615 0.422587 -0.012081 0.906242 0.618140 0.906308 0.000000 -0.422618 -0.180000 0.000000 0.000000 0.000000 1.000000
0.005105 0.999927 0.010949 -0.009615 0.422587 -0.012081 0.906242 0.618140 0.906308 0.000000 -0.422618 -0.180000 0.000000 0.000000 0.000000 1.000000
0.005105 0.999927 0.010949 -0.009615 0.422587 -0.012081 0.906242 0.618140 0.906308 0.000000 -0.422618 -0.180000 0.000000 0.000000 0.000000 1.000000
0.005105 0.999927 0.010949 -0.009615 0.422587 -0.012081 0.906242 0.618140 0.906308 0.000000 -0.422618 -0.180000 0.000000 0.000000 0.000000 1.000000
0.005105 0.999927 0.010949 -0.009615 0.422587 -0.012081 0.906242 0.618140 0.906308 0.000000 -0.422618 -0.180000 0.000000 0.000000 0.000000 1.000000
0.005105 0.999927 0.010949 -0.009615 0.422587 -0.012081 0.906242 0.618140 0.906308 0.000000 -0.422618 -0.180000 0.000000 0.000000 0.000000 1.000000
0.005105 0.999927 0.010949 -0.009615 0.422587 -0.012081 0.906242 0.618140 0.906308 0.000000 -0.422618 -0.180000 0.000000 0.000000 0.000000 1.000000
0.005105 0.999927 0.010949 -0.009615 0.422587 -0.012081 0.906242 0.618140 0.906308 0.000000 -0.422618 -0.180000 0.000000 0.000000 0.000000 1.000000
0.005105 0.999927 0.010949 -0.009615 0.422587 -0.012081 0.906242 0.618140 0.906308 0.000000 -0.422618 -0.180000 0.000000 0.000000 0.000000 1.000000
0.005105 0.999927 0.010949 -0.009615 0.422587 -0.012081 0.906242 0.618140 0.906308 0.000000 -0.422618 -0.180000 0.000000 0.000000 0.000000 1.000000
0.005105 0.999927 0.010949 -0.009615 0.422587 -0.012081 0.906242 0.618140 0.906308 0.000000 -0.422618 -0.180000 0.000000 0.000000 0.000000 1.000000
0.005105 0.999927 0.010949 -0.009615 0.422587 -0.012081 0.906242 0.618140 0.906308 0.000000 -0.422618 -0.180000 0.000000 0.000000 0.000000 1.000000
0.005105 0.999927 0.010949 -0.009615 0.422587 -0.012081 0.906242 0.618140 0.906308 0.000000 -0.422618 -0.180000 0.000000 0.000000 0.000000 1.000000
0.005105 0.999927 0.010949 -0.009615 0.422587 -0.012081 0.906242 0.618140 0.906308 0.000000 -0.422618 -0.180000 0.000000 0.000000 0.000000 1.000000
0.005105 0.999927 0.010949 -0.009615 0.422587 -0.012081 0.906242 0.618140 0.906308 0.000000 -0.422618 -0.180000 0.000000 0.000000 0.000000 1.000000
0.005105 0.999927 0.010949 -0.009615 0.422587 -0.012081 0.906242 0.618140 0.906308 0.000000 -0.422618 -0.180000 0.000000 0.000000 0.000000 1.000000
0.005105 0.999927 0.010949 -0.009615 0.422587 -0.012081 0.906242 0.618140 0.906308 0.000000 -0.422618 -0.180000 0.000000 0.000000 0.000000 1.000000
0.005105 0.999927 0.010949 -0.009615 0.422587 -0.012081 0.906242 0.618140 0.906308 0.000000 -0.422618 -0.180000 0.000000 0.000000 0.000000 1.000000
0.005105 0.999927 0.010949 -0.009615 0.422587 -0.012081 0.906242 0.618140 0.906308 0.000000 -0.422618 -0.180000 0.000000 0.000000 0.000000 1.000000
0.005105 0.999927 0.010949 -0.009615 0.422587 -0.012081 0.906242 0.618140 0.906308 0.000000 -0.422618 -0.180000 0.000000 0.000000 0.000000 1.000000
0.005105 0.999927 0.010949 -0.009615 0.422587 -0.012081 0.906242 0.618140 0.906308 0.000000 -0.422618 -0.180000 0.000000 0.000000 0.000000 1.000000
0.005105 0.999927 0.010949 -0.009615 0.422587 -0.012081 0.906242 0.618140 0.906308 0.000000 -0.422618 -0.180000 0.000000 0.000000 0.000000 1.000000
0.005105 0.999927 0.010949 -0.009615 0.422587 -0.012081 0.906242 0.618140 0.906308 0.000000 -0.422618 -0.180000 0.000000 0.000000 0.000000 1.000000
0.005105 0.999927 0.010949 -0.009615 0.422587 -0.012081 0.906242 0.618140 0.906308 0.000000 -0.422618 -0.180000 0.000000 0.000000 0.000000 1.000000
0.005105 0.999927 0.010949 -0.009615 0.422587 -0.012081 0.906242 0.618140 0.906308 0.000000 -0.422618 -0.180000 0.000000 0.000000 0.000000 1.000000
0.005105 0.999927 0.010949 -0.009615 0.422587 -0.012081 0.906242 0.618140 0.906308 0.000000 -0.422618 -0.180000 0.000000 0.000000 0.000000 1.000000
0.005105 0.999927 0.010949 -0.009615 0.422587 -0.012081 0.906242 0.618140 0.906308 0.000000 -0.422618 -0.180000 0.000000 0.000000 0.000000 1.000000
0.005105 0.999927 0.010949 -0.009615 0.422587 -0.012081 0.906242 0.618140 0.906308 0.000000 -0.422618 -0.180000 0.000000 0.000000 0.000000 1.000000
0.005105 0.999927 0.010949 -0.009615 0.422587 -0.012081 0.906242 0.618140 0.906308 0.000000 -0.422618 -0.180000 0.000000 0.000000 0.000000 1.000000
0.005105 0.999927 0.010949 -0.009615 0.422587 -0.012081 0.906242 0.618140 0.906308 0.000000 -0.422618 -0.180000 0.000000 0.000000 0.000000 1.000000
0.005105 0.999927 0.010949 -0.009615 0.422587 -0.012081 0.906242 0.618140 0.906308 0.000000 -0.422618 -0.180000 0.000000 0.000000 0.000000 1.000000
0.005105 0.999927 0.010949 -0.009615 0.422587 -0.012081 0.906242 0.618140 0.906308 0.000000 -0.422618 -0.180000 0.000000 0.000000 0.000000 1.000000
0.005105 0.999927 0.010949 -0.009615 0.422587 -0.012081 0.906242 0.618140 0.906308 0.000000 -0.422618 -0.180000 0.000000 0.000000 0.000000 1.000000
0.005105 0.999927 0.010949 -0.009615 0.422587 -0.012081 0.906242 0.618140 0.906308 0.000000 -0.422618 -0.180000 0.000000 0.000000 0.000000 1.000000
0.005105 0.999927 0.010949 -0.009615 0.422587 -0.012081 0.906242 0.618140 0.906308 0.000000 -0.422618 -0.180000 0.000000 0.000000 0.000000 1.000000
0.005105 0.999927 0.010949 -0.009615 0.422587 -0.012081 0.906242 0.618140 0.906308 0.000000 -0.422618 -0.180000 0.000000 0.000000 0.000000 1.000000
0.005105 0.999927 0.010949 -0.009615 0.422587 -0.012081 0.906242 0.618140 0.906308 0.000000 -0.422618 -0.180000 0.000000 0.000000 0.000000 1.000000
0.005105 0.999927 0.010949 -0.009615 0.422587 -0.012081 0.906242 0.618140 0.906308 0.000000 -0.422618 -0.180000 0.000000 0.000000 0.000000 1.000000
0.005105 0.999927 0.010949 -0.009615 0.422587 -0.012081 0.906242 0.618140 0.906308 0.000000 -0.422618 -0.180000 0.000000 0.000000 0.000000 1.000000
0.005105 0.999927 0.010949 -0.009615 0.422587 -0.012081 0.906242 0.618140 0.906308 0.000000 -0.422618 -0.180000 0.000000 0.000000 0.000000 1.000000
0.005105 0.999927 0.010949 -0.009615 0.422587 -0.012081 0.906242 0.618140 0.906308 0.000000 -0.422618 -0.180000 0.000000 0.000000 0.000000 1.000000
0.005105 0.999927 0.010949 -0.009615 0.422587 -0.012081 0.906242 0.618140 0.906308 0.000000 -0.422618 -0.180000 0.000000 0.000000 0.000000 1.000000
0.005105 0.999927 0.010949 -0.009615 0.422587 -0.012081 0.906242 0.618140 0.906308 0.000000 -0.422618 -0.180000 0.000000 0.000000 0.000000 1.000000
0.005105 0.999927 0.010949 -0.009615 0.422587 -0.012081 0.906242 0.618140 0.906308 0.000000 -0.422618 -0.180000 0.000000 0.000000 0.000000 1.000000
0.005105 0.999927 0.010949 -0.009615 0.422587 -0.012081 0.906242 0.618140 0.906308 0.000000 -0.422618 -0.180000 0.000000 0.000000 0.000000 1.000000
0.005105 0.999927 0.010949 -0.009615 0.422587 -0.012081 0.906242 0.618140 0.906308 0.000000 -0.422618 -0.180000 0.000000 0.000000 0.000000 1.000000
0.005105 0.999927 0.010949 -0.009615 0.422587 -0.012081 0.906242 0.618140 0.906308 0.000000 -0.422618 -0.180000 0.000000 0.000000 0.000000 1.000000
0.005105 0.999927 0.010949 -0.009615 0.422587 -0.012081 0.906242 0.618140 0.906308 0.000000 -0.422618 -0.180000 0.000000 0.000000 0.000000 1.000000
0.005105 0.999927 0.010949 -0.009615 0.422587 -0.012081 0.906242 0.618140 0.906308 0.000000 -0.422618 -0.180000 0.000000 0.000000 0.000000 1.000000
0.005105 0.999927 0.010949 -0.009615 0.422587 -0.012081 0.906242 0.618140 0.906308 0.000000 -0.422618 -0.180000 0.000000 0.000000 0.000000 1.000000
0.005105 0.999927 0.010949 -0.009615 0.422587 -0.012081 0.906242 0.618140 0.906308 0.000000 -0.422618 -0.180000 0.000000 0.000000 0.000000 1.000000
0.005105 0.999927 0.010949 -0.009615 0.422587 -0.012081 0.906242 0.618140 0.906308 0.000000 -0.422618 -0.180000 0.000000 0.000000 0.000000 1.000000
0.005105 0.999927 0.010949 -0.009615 0.422587 -0.012081 0.906242 0.618140 0.906308 0.000000 -0.422618 -0.180000 0.000000 0.000000 0.000000 1.000000
0.005105 0.999927 0.010949 -0.009615 0.422587 -0.012081 0.906242 0.618140 0.906308 0.000000 -0.422618 -0.180000 0.000000 0.000000 0.000000 1.000000
0.005105 0.999927 0.010949 -0.009615 0.422587 -0.012081 0.906242 0.618140 0.906308 0.000000 -0.422618 -0.180000 0.000000 0.000000 0.000000 1.000000
0.005105 0.999927 0.010949 -0.009615 0.422587 -0.012081 0.906242 0.618140 0.906308 0.000000 -0.422618 -0.180000 0.000000 0.000000 0.000000 1.000000
0.005105 0.999927 0.010949 -0.009615 0.422587 -0.012081 0.906242 0.618140 0.906308 0.000000 -0.422618 -0.180000 0.000000 0.000000 0.000000 1.000000
0.005105 0.999927 0.010949 -0.009615 0.422587 -0.012081 0.906242 0.618140 0.906308 0.000000 -0.422618 -0.180000 0.000000 0.000000 0.000000 1.000000
0.005105 0.999927 0.010949 -0.009615 0.422587 -0.012081 0.906242 0.618140 0.906308 0.000000 -0.422618 -0.180000 0.000000 0.000000 0.000000 1.000000
0.005105 0.999927 0.010949 -0.009615 0.422587 -0.012081 0.906242 0.618140 0.906308 0.000000 -0.422618 -0.180000 0.000000 0.000000 0.000000 1.000000
0.005105 0.999927 0.010949 -0.009615 0.422587 -0.012081 0.906242 0.618140 0.906308 0.000000 -0.422618 -0.180000 0.000000 0.000000 0.000000 1.000000
0.005105 0.999927 0.010949 -0.009615 0.422587 -0.012081 0.906242 0.618140 0.906308 0.000000 -0.422618 -0.180000 0.000000 0.000000 0.000000 1.000000
0.005105 0.999927 0.010949 -0.009615 0.422587 -0.012081 0.906242 0.618140 0.906308 0.000000 -0.422618 -0.180000 0.000000 0.000000 0.000000 1.000000
0.005105 0.999927 0.010949 -0.009615 0.422587 -0.012081 0.906242 0.618140 0.906308 0.000000 -0.422618 -0.180000 0.000000 0.000000 0.000000 1.000000
0.005105 0.999927 0.010949 -0.009615 0.422587 -0.012081 0.906242 0.618140 0.906308 0.000000 -0.422618 -0.180000 0.000000 0.000000 0.000000 1.000000
0.005105 0.999927 0.010949 -0.009615 0.422587 -0.012081 0.906242 0.618140 0.906308 0.000000 -0.422618 -0.180000 0.000000 0.000000 0.000000 1.000000
0.005105 0.999927 0.010949 -0.009615 0.422587 -0.012081 0.906242 0.618140 0.906308 0.000000 -0.422618 -0.180000 0.000000 0.000000 0.000000 1.000000
0.005105 0.999927 0.010949 -0.009615 0.422587 -0.012081 0.906242 0.618140 0.906308 0.000000 -0.422618 -0.180000 0.000000 0.000000 0.000000 1.000000
0.005105 0.999927 0.010949 -0.009615 0.422587 -0.012081 0.906242 0.618140 0.906308 0.000000 -0.422618 -0.180000 0.000000 0.000000 0.000000 1.000000
0.005105 0.999927 0.010949 -0.009615 0.422587 -0.012081 0.906242 0.618140 0.906308 0.000000 -0.422618 -0.180000 0.000000 0.000000 0.000000 1.000000
0.005105 0.999927 0.010949 -0.009615 0.422587 -0.012081 0.906242 0.618140 0.906308 0.000000 -0.422618 -0.180000 0.000000 0.000000 0.000000 1.000000
0.005105 0.999927 0.010949 -0.009615 0.422587 -0.012081 0.906242 0.618140 0.906308 0.000000 -0.422618 -0.180000 0.000000 0.000000 0.000000 1.000000
0.005105 0.999927 0.010949 -0.009615 0.422587 -0.012081 0.906242 0.618140 0.906308 0.000000 -0.422618 -0.180000 0.000000 0.000000 0.000000 1.000000
0.005105 0.999927 0.010949 -0.009615 0.422587 -0.012081 0.906242 0.618140 0.906308 0.000000 -0.422618 -0.180000 0.000000 0.000000 0.000000 1.000000
0.005105 0.999927 0.010949 -0.009615 0.422587 -0.012081 0.906242 0.618140 0.906308 0.000000 -0.422618 -0.180000 0.000000 0.000000 0.000000 1.000000
0.005105 0.999927 0.010949 -0.009615 0.422587 -0.012081 0.906242 0.618140 0.906308 0.000000 -0.422618 -0.180000 0.000000 0.000000 0.000000 1.000000
0.005105 0.999927 0.010949 -0.009615 0.422587 -0.012081 0.906242 0.618140 0.906308 0.000000 -0.422618 -0.180000 0.000000 0.000000 0.000000 1.000000
0.005105 0.999927 0.010949 -0.009615 0.422587 -0.012081 0.906242 0.618140 0.906308 0.000000 -0.422618 -0.180000 0.000000 0.000000 0.000000 1.000000
0.005105 0.999927 0.010949 -0.009615 0.422587 -0.012081 0.906242 0.618140 0.906308 0.000000 -0.422618 -0.180000 0.000000 0.000000 0.000000 1.000000
0.005105 0.999927 0.010949 -0.009615 0.422587 -0.012081 0.906242 0.618140 0.906308 0.000000 -0.422618 -0.180000 0.000000 0.000000 0.000000 1.000000
0.005105 0.999927 0.010949 -0.009615 0.422587 -0.012081 0.906242 0.618140 0.906308 0.000000 -0.422618 -0.180000 0.000000 0.000000 0.000000 1.000000
0.005105 0.999927 0.010949 -0.009615 0.422587 -0.012081 0.906242 0.618140 0.906308 0.000000 -0.422618 -0.180000 0.000000 0.000000 0.000000 1.000000</float_array><technique_common><accessor source="#jnt_right_lip-Matrix-animation-output-transform-array" count="241" stride="16"><param type="float4x4"/></accessor></technique_common></source><source id="jnt_right_lip-Interpolations"><Name_array id="jnt_right_lip-Interpolations-array" count="241">
 LINEAR LINEAR LINEAR LINEAR LINEAR LINEAR LINEAR LINEAR LINEAR LINEAR LINEAR
LINEAR LINEAR LINEAR LINEAR LINEAR LINEAR LINEAR LINEAR LINEAR LINEAR LINEAR LINEAR
LINEAR LINEAR LINEAR LINEAR LINEAR LINEAR LINEAR LINEAR LINEAR LINEAR LINEAR LINEAR
LINEAR LINEAR LINEAR LINEAR LINEAR LINEAR LINEAR LINEAR LINEAR LINEAR LINEAR LINEAR
LINEAR LINEAR LINEAR LINEAR LINEAR LINEAR LINEAR LINEAR LINEAR LINEAR LINEAR LINEAR
LINEAR LINEAR LINEAR LINEAR LINEAR LINEAR LINEAR LINEAR LINEAR LINEAR LINEAR LINEAR
LINEAR LINEAR LINEAR LINEAR LINEAR LINEAR LINEAR LINEAR LINEAR LINEAR LINEAR LINEAR
LINEAR LINEAR LINEAR LINEAR LINEAR LINEAR LINEAR LINEAR LINEAR LINEAR LINEAR LINEAR
LINEAR LINEAR LINEAR LINEAR LINEAR LINEAR LINEAR LINEAR LINEAR LINEAR LINEAR LINEAR
