<?xml version="1.0" encoding="utf-8"?>
<COLLADA xmlns="http://www.collada.org/2005/11/COLLADASchema" version="1.4.1">
  <asset><contributor><author></author><authoring_tool>FBX COLLADA exporter</authoring_tool><comments></comments></contributor><created>2020-03-03T19:24:53Z</created><keywords></keywords><modified>2020-03-03T19:24:53Z</modified><revision></revision><subject></subject><title></title><unit meter="0.010000" name="centimeter"></unit><up_axis>Y_UP</up_axis></asset>
  <library_animations>
    <animation id="jnt_right_lip-anim" name="jnt_right_lip"><animation><source id="jnt_right_lip-Matrix-animation-input"><float_array id="jnt_right_lip-Matrix-animation-input-array" count="21">

0.000000 0.033333 0.066667 0.100000 0.133333 0.166667 0.200000 0.233333 0.266667 0.300000 0.333333 0.366667 0.400000 0.433333 0.466667 0.500000
0.533333 0.566667 0.600000 0.633333 0.666667</float_array><technique_common><accessor source="#jnt_right_lip-Matrix-animation-input-array" count="21"><param name="TIME" type="float"/></accessor></technique_common></source><source id="jnt_right_lip-Matrix-animation-output-transform"><float_array id="jnt_right_lip-Matrix-animation-output-transform-array" count="336">

-0.430169 0.902546 -0.019128 0.005348 0.374113 0.197512 0.906106 0.616518 0.821580 0.382623 -0.422617 -0.185105 0.000000 0.000000 0.000000 1.000000
-0.427671 0.903826 -0.014009 0.008337 0.376495 0.192196 0.906263 0.616426 0.821796 0.382308 -0.422482 -0.185040 0.000000 0.000000 0.000000 1.000000
-0.421550 0.906803 -0.001855 0.015442 0.382093 0.179480 0.906528 0.616071 0.822375 0.381438 -0.422143 -0.184884 0.000000 0.000000 0.000000 1.000000
-0.413891 0.910240 0.012528 0.023866 0.388607 0.164224 0.906650 0.615401 0.823212 0.380123 -0.421697 -0.184699 0.000000 0.000000 0.000000 1.000000
-0.406904 0.913147 0.024334 0.030811 0.393833 0.151334 0.906639 0.614655 0.824211 0.378498 -0.421206 -0.184513 0.000000 0.000000 0.000000 1.000000
-0.402920 0.914783 0.028765 0.033496 0.395653 0.145754 0.906760 0.614364 0.825296 0.376733 -0.420664 -0.184305 0.000000 0.000000 0.000000 1.000000
-0.403645 0.914640 0.022467 0.029979 0.392582 0.150967 0.907242 0.614938 0.826408 0.375024 -0.420009 -0.184007 0.000000 0.000000 0.000000 1.000000
-0.407768 0.913044 0.008684 0.022113 0.386034 0.163770 0.907831 0.615956 0.827468 0.373536 -0.419246 -0.183607 0.000000 0.000000 0.000000 1.000000
-0.413151 0.910632 -0.007480 0.012837 0.378292 0.179090 0.908197 0.616840 0.828373 0.372393 -0.418476 -0.183165 0.000000 0.000000 0.000000 1.000000
-0.417770 0.908312 -0.020917 0.005107 0.371777 0.191912 0.908268 0.617325 0.829005 0.371671 -0.417865 -0.182796 0.000000 0.000000 0.000000 1.000000
-0.419726 0.907263 -0.026529 0.001876 0.369035 0.197284 0.908236 0.617461 0.829243 0.371420 -0.417617 -0.182643 0.000000 0.000000 0.000000 1.000000
-0.419468 0.907409 -0.025585 0.002415 0.369575 0.196451 0.908197 0.617421 0.829132 0.371504 -0.417761 -0.182726 0.000000 0.000000 0.000000 1.000000
-0.418767 0.907802 -0.023023 0.003878 0.371041 0.194190 0.908085 0.617309 0.828832 0.371734 -0.418152 -0.182950 0.000000 0.000000 0.000000 1.000000
-0.417729 0.908368 -0.019245 0.006035 0.373193 0.190855 0.907910 0.617130 0.828390 0.372078 -0.418723 -0.183278 0.000000 0.000000 0.000000 1.000000
-0.416462 0.909035 -0.014656 0.008656 0.375797 0.186800 0.907680 0.616889 0.827850 0.372506 -0.419408 -0.183669 0.000000 0.000000 0.000000 1.000000
-0.415074 0.909737 -0.009657 0.011509 0.378618 0.182379 0.907406 0.616600 0.827262 0.372984 -0.420144 -0.184086 0.000000 0.000000 0.000000 1.000000
-0.413676 0.910412 -0.004656 0.014363 0.381426 0.177953 0.907109 0.616281 0.826672 0.373474 -0.420869 -0.184496 0.000000 0.000000 0.000000 1.000000
-0.412384 0.911010 -0.000057 0.016987 0.383994 0.173878 0.906816 0.615963 0.826128 0.373934 -0.421527 -0.184864 0.000000 0.000000 0.000000 1.000000
-0.411314 0.911486 0.003732 0.019148 0.386100 0.170519 0.906559 0.615683 0.825680 0.374322 -0.422062 -0.185163 0.000000 0.000000 0.000000 1.000000
-0.410585 0.911800 0.006304 0.020614 0.387526 0.168237 0.906378 0.615483 0.825375 0.374588 -0.422422 -0.185362 0.000000 0.000000 0.000000 1.000000
-0.410316 0.911914 0.007252 0.021155 0.388050 0.167396 0.906309 0.615407 0.825262 0.374687 -0.422553 -0.185435 0.000000 0.000000 0.000000 1.000000</float_array><technique_common><accessor source="#jnt_right_lip-Matrix-animation-output-transform-array" count="21" stride="16"><param type="float4x4"/></accessor></technique_common></source><source id="jnt_right_lip-Interpolations"><Name_array id="jnt_right_lip-Interpolations-array" count="21">
 LINEAR LINEAR LINEAR LINEAR LINEAR LINEAR LINEAR LINEAR LINEAR LINEAR LINEAR
LINEAR LINEAR LINEAR LINEAR LINEAR LINEAR LINEAR LINEAR LINEAR LINEAR</Name_array><technique_common><accessor source="#jnt_right_lip-Interpolations-array" count="21"><param type="name"/></accessor></technique_common></source><sampler id="jnt_right_lip-Matrix-animation-transform"><input semantic="INPUT" source="#jnt_right_lip-Matrix-animation-input"/><input semantic="OUTPUT" source="#jnt_right_lip-Matrix-animation-output-transform"/><input semantic="INTERPOLATION" source="#jnt_right_lip-Interpolations"/></sampler><channel source="#jnt_right_lip-Matrix-animation-transform" target="jnt_right_lip/matrix"/></animation></animation>
    <animation id="jnt_upper_lip-anim" name="jnt_upper_lip"><animation><source id="jnt_upper_lip-Matrix-animation-input"><float_array id="jnt_upper_lip-Matrix-animation-input-array" count="21">

0.000000 0.033333 0.066667 0.100000 0.133333 0.166667 0.200000 0.233333 0.266667 0.300000 0.333333 0.366667 0.400000 0.433333 0.466667 0.500000
0.533333 0.566667 0.600000 0.633333 0.666667</float_array><technique_common><accessor source="#jnt_upper_lip-Matrix-animation-input-array" count="21"><param name="TIME" type="float"/></accessor></technique_common></source><source id="jnt_upper_lip-Matrix-animation-output-transform"><float_array id="jnt_upper_lip-Matrix-animation-output-transform-array" count="336">

0.968289 -0.000000 -0.249833 0.021618 -0.000000 1.000000 -0.000001 0.670989 0.249833 0.000001 0.968289 -0.008905 0.000000 0.000000 0.000000 1.000000
0.968289 -0.000000 -0.249833 0.021618 -0.000000 1.000000 -0.000001 0.670989 0.249833 0.000001 0.968289 -0.008905 0.000000 0.000000 0.000000 1.000000
0.968289 -0.000000 -0.249833 0.021618 -0.000000 1.000000 -0.000001 0.670989 0.249833 0.000001 0.968289 -0.008905 0.000000 0.000000 0.000000 1.000000
0.968289 -0.000000 -0.249833 0.021618 -0.000000 1.000000 -0.000001 0.670989 0.249833 0.000001 0.968289 -0.008905 0.000000 0.000000 0.000000 1.000000
0.968289 -0.000000 -0.249833 0.021618 -0.000000 1.000000 -0.000001 0.670989 0.249833 0.000001 0.968289 -0.008905 0.000000 0.000000 0.000000 1.000000
0.968289 -0.000000 -0.249833 0.021618 -0.000000 1.000000 -0.000001 0.670989 0.249833 0.000001 0.968289 -0.008905 0.000000 0.000000 0.000000 1.000000
0.968289 -0.000000 -0.249833 0.021618 -0.000000 1.000000 -0.000001 0.670989 0.249833 0.000001 0.968289 -0.008905 0.000000 0.000000 0.000000 1.000000
0.968289 -0.000000 -0.249833 0.021618 -0.000000 1.000000 -0.000001 0.670989 0.249833 0.000001 0.968289 -0.008905 0.000000 0.000000 0.000000 1.000000
0.968289 -0.000000 -0.249833 0.021618 -0.000000 1.000000 -0.000001 0.670989 0.249833 0.000001 0.968289 -0.008905 0.000000 0.000000 0.000000 1.000000
0.968289 -0.000000 -0.249833 0.021618 -0.000000 1.000000 -0.000001 0.670989 0.249833 0.000001 0.968289 -0.008905 0.000000 0.000000 0.000000 1.000000
0.968289 -0.000000 -0.249833 0.021618 -0.000000 1.000000 -0.000001 0.670989 0.249833 0.000001 0.968289 -0.008905 0.000000 0.000000 0.000000 1.000000
0.968289 -0.000000 -0.249833 0.021618 -0.000000 1.000000 -0.000001 0.670989 0.249833 0.000001 0.968289 -0.008905 0.000000 0.000000 0.000000 1.000000
0.968289 -0.000000 -0.249833 0.021618 -0.000000 1.000000 -0.000001 0.670989 0.249833 0.000001 0.968289 -0.008905 0.000000 0.000000 0.000000 1.000000
0.968289 -0.000000 -0.249833 0.021618 -0.000000 1.000000 -0.000001 0.670989 0.249833 0.000001 0.968289 -0.008905 0.000000 0.000000 0.000000 1.000000
0.968289 -0.000000 -0.249833 0.021618 -0.000000 1.000000 -0.000001 0.670989 0.249833 0.000001 0.968289 -0.008905 0.000000 0.000000 0.000000 1.000000
0.968289 -0.000000 -0.249833 0.021618 -0.000000 1.000000 -0.000001 0.670989 0.249833 0.000001 0.968289 -0.008905 0.000000 0.000000 0.000000 1.000000
0.968289 -0.000000 -0.249833 0.021618 -0.000000 1.000000 -0.000001 0.670989 0.249833 0.000001 0.968289 -0.008905 0.000000 0.000000 0.000000 1.000000
0.968289 -0.000000 -0.249833 0.021618 -0.000000 1.000000 -0.000001 0.670989 0.249833 0.000001 0.968289 -0.008905 0.000000 0.000000 0.000000 1.000000
0.968289 -0.000000 -0.249833 0.021618 -0.000000 1.000000 -0.000001 0.670989 0.249833 0.000001 0.968289 -0.008905 0.000000 0.000000 0.000000 1.000000
0.968289 -0.000000 -0.249833 0.021618 -0.000000 1.000000 -0.000001 0.670989 0.249833 0.000001 0.968289 -0.008905 0.000000 0.000000 0.000000 1.000000
0.968289 -0.000000 -0.249833 0.021618 -0.000000 1.000000 -0.000001 0.670989 0.249833 0.000001 0.968289 -0.008905 0.000000 0.000000 0.000000 1.000000</float_array><technique_common><accessor source="#jnt_upper_lip-Matrix-animation-output-transform-array" count="21" stride="16"><param type="float4x4"/></accessor></technique_common></source><source id="jnt_upper_lip-Interpolations"><Name_array id="jnt_upper_lip-Interpolations-array" count="21">
 LINEAR LINEAR LINEAR LINEAR LINEAR LINEAR LINEAR LINEAR LINEAR LINEAR LINEAR
LINEAR LINEAR LINEAR LINEAR LINEAR LINEAR LINEAR LINEAR LINEAR LINEAR</Name_array><technique_common><accessor source="#jnt_upper_lip-Interpolations-array" count="21"><param type="name"/></accessor></technique_common></source><sampler id="jnt_upper_lip-Matrix-animation-transform"><input semantic="INPUT" source="#jnt_upper_lip-Matrix-animation-input"/><input semantic="OUTPUT" source="#jnt_upper_lip-Matrix-animation-output-transform"/><input semantic="INTERPOLATION" source="#jnt_upper_lip-Interpolations"/></sampler><channel source="#jnt_upper_lip-Matrix-animation-transform" target="jnt_upper_lip/matrix"/></animation></animation>
    <animation id="jnt_left_lip-anim" name="jnt_left_lip"><animation><source id="jnt_left_lip-Matrix-animation-input"><float_array id="jnt_left_lip-Matrix-animation-input-array" count="21">

0.000000 0.033333 0.066667 0.100000 0.133333 0.166667 0.200000 0.233333 0.266667 0.300000 0.333333 0.366667 0.400000 0.433333 0.466667 0.500000
0.533333 0.566667 0.600000 0.633333 0.666667</float_array><technique_common><accessor source="#jnt_left_lip-Matrix-animation-input-array" count="21"><param name="TIME" type="float"/></accessor></technique_common></source><source id="jnt_left_lip-Matrix-animation-output-transform"><float_array id="jnt_left_lip-Matrix-animation-output-transform-array" count="336">

0.009110 0.999777 -0.019038 -0.030613 -0.431552 0.021105 0.901841 0.596525 0.902042 0.000000 0.431648 0.177945 0.000000 0.000000 0.000000 1.000000
0.006938 0.999883 -0.013620 -0.027602 -0.431727 0.015281 0.901875 0.596590 0.901978 -0.000377 0.431783 0.178020 0.000000 0.000000 0.000000 1.000000
0.001872 0.999998 -0.000644 -0.020395 -0.432118 0.001390 0.901816 0.596599 0.901815 -0.001410 0.432120 0.178205 0.000000 0.000000 0.000000 1.000000
-0.003907 0.999880 0.014975 -0.011733 -0.432553 -0.015191 0.901481 0.596332 0.901600 -0.002955 0.432561 0.178436 0.000000 0.000000 0.000000 1.000000
-0.008224 0.999565 0.028313 -0.004372 -0.432991 -0.029081 0.900929 0.595856 0.901361 -0.004850 0.433042 0.178675 0.000000 0.000000 0.000000 1.000000
-0.008914 0.999367 0.034450 -0.001062 -0.433534 -0.034908 0.900461 0.595515 0.901093 -0.006908 0.433570 0.178938 0.000000 0.000000 0.000000 1.000000
-0.004505 0.999543 0.029897 -0.003742 -0.434276 -0.028886 0.900317 0.595595 0.900769 -0.008927 0.434207 0.179283 0.000000 0.000000 0.000000 1.000000
0.003340 0.999837 0.017735 -0.010674 -0.435068 -0.014516 0.900281 0.595831 0.900391 -0.010723 0.434949 0.179717 0.000000 0.000000 0.000000 1.000000
0.012079 0.999923 0.002914 -0.019072 -0.435700 0.002640 0.900088 0.595884 0.900011 -0.012142 0.435699 0.180178 0.000000 0.000000 0.000000 1.000000
0.019177 0.999770 -0.009612 -0.026146 -0.436068 0.017015 0.899753 0.595714 0.899709 -0.013063 0.436294 0.180554 0.000000 0.000000 0.000000 1.000000
0.022105 0.999645 -0.014887 -0.029118 -0.436182 0.023042 0.899563 0.595583 0.899587 -0.013391 0.436536 0.180710 0.000000 0.000000 0.000000 1.000000
0.021563 0.999669 -0.014060 -0.028648 -0.436063 0.022059 0.899646 0.595628 0.899658 -0.013268 0.436395 0.180627 0.000000 0.000000 0.000000 1.000000
0.020093 0.999728 -0.011813 -0.027371 -0.435740 0.019391 0.899864 0.595742 0.899848 -0.012933 0.436012 0.180404 0.000000 0.000000 0.000000 1.000000
0.017924 0.999803 -0.008503 -0.025489 -0.435260 0.015459 0.900172 0.595898 0.900126 -0.012434 0.435451 0.180078 0.000000 0.000000 0.000000 1.000000
0.015287 0.999873 -0.004483 -0.023201 -0.434670 0.010683 0.900527 0.596066 0.900460 -0.011818 0.434778 0.179687 0.000000 0.000000 0.000000 1.000000
0.012414 0.999923 -0.000107 -0.020708 -0.434020 0.005485 0.900887 0.596222 0.900818 -0.011137 0.434054 0.179268 0.000000 0.000000 0.000000 1.000000
0.009536 0.999945 0.004268 -0.018213 -0.433361 0.000286 0.901220 0.596349 0.901170 -0.010444 0.433340 0.178856 0.000000 0.000000 0.000000 1.000000
0.006888 0.999942 0.008288 -0.015920 -0.432748 -0.004491 0.901504 0.596442 0.901489 -0.009796 0.432692 0.178484 0.000000 0.000000 0.000000 1.000000
0.004705 0.999922 0.011599 -0.014029 -0.432238 -0.008426 0.901720 0.596500 0.901747 -0.009256 0.432165 0.178182 0.000000 0.000000 0.000000 1.000000
0.003222 0.999899 0.013845 -0.012746 -0.431889 -0.011096 0.901858 0.596531 0.901921 -0.008886 0.431810 0.177979 0.000000 0.000000 0.000000 1.000000
0.002676 0.999889 0.014673 -0.012274 -0.431760 -0.012080 0.901908 0.596540 0.901985 -0.008749 0.431680 0.177905 0.000000 0.000000 0.000000 1.000000</float_array><technique_common><accessor source="#jnt_left_lip-Matrix-animation-output-transform-array" count="21" stride="16"><param type="float4x4"/></accessor></technique_common></source><source id="jnt_left_lip-Interpolations"><Name_array id="jnt_left_lip-Interpolations-array" count="21">
 LINEAR LINEAR LINEAR LINEAR LINEAR LINEAR LINEAR LINEAR LINEAR LINEAR LINEAR
LINEAR LINEAR LINEAR LINEAR LINEAR LINEAR LINEAR LINEAR LINEAR LINEAR</Name_array><technique_common><accessor source="#jnt_left_lip-Interpolations-array" count="21"><param type="name"/></accessor></technique_common></source><sampler id="jnt_left_lip-Matrix-animation-transform"><input semantic="INPUT" source="#jnt_left_lip-Matrix-animation-input"/><input semantic="OUTPUT" source="#jnt_left_lip-Matrix-animation-output-transform"/><input semantic="INTERPOLATION" source="#jnt_left_lip-Interpolations"/></sampler><channel source="#jnt_left_lip-Matrix-animation-transform" target="jnt_left_lip/matrix"/></animation></animation>
    <animation id="jnt_jaw-anim" name="jnt_jaw"><animation><source id="jnt_jaw-Matrix-animation-input"><float_array id="jnt_jaw-Matrix-animation-input-array" count="21">

0.000000 0.033333 0.066667 0.100000 0.133333 0.166667 0.200000 0.233333 0.266667 0.300000 0.333333 0.366667 0.400000 0.433333 0.466667 0.500000
0.533333 0.566667 0.600000 0.633333 0.666667</float_array><technique_common><accessor source="#jnt_jaw-Matrix-animation-input-array" count="21"><param name="TIME" type="float"/></accessor></technique_common></source><source id="jnt_jaw-Matrix-animation-output-transform"><float_array id="jnt_jaw-Matrix-animation-output-transform-array" count="336">

0.999109 -0.042201 0.000000 -0.022940 0.042201 0.999109 -0.000000 0.090803 -0.000000 0.000000 1.000000 0.000000 0.000000 0.000000 0.000000 1.000000
0.999533 -0.030557 0.000760 -0.022940 0.030558 0.999533 -0.000280 0.090803 -0.000751 0.000303 1.000000 0.000000 0.000000 0.000000 0.000000 1.000000
0.999992 -0.002777 0.002823 -0.022940 0.002780 0.999996 -0.001041 0.090803 -0.002820 0.001048 0.999995 0.000000 0.000000 0.000000 0.000000 1.000000
0.999521 0.030387 0.005863 -0.022940 -0.030375 0.999536 -0.002161 0.090803 -0.005926 0.001982 0.999980 0.000000 0.000000 0.000000 0.000000 1.000000
0.998262 0.058161 0.009554 -0.022940 -0.058129 0.998303 -0.003522 0.090803 -0.009743 0.002960 0.999948 0.000000 0.000000 0.000000 0.000000 1.000000
0.997467 0.069818 0.013571 -0.022940 -0.069756 0.997552 -0.005003 0.090803 -0.013887 0.004043 0.999895 0.000000 0.000000 0.000000 0.000000 1.000000
0.998172 0.057825 0.017588 -0.022940 -0.057719 0.998312 -0.006483 0.090803 -0.017933 0.005456 0.999824 0.000000 0.000000 0.000000 0.000000 1.000000
0.999349 0.029148 0.021278 -0.022940 -0.028987 0.999549 -0.007844 0.090803 -0.021497 0.007222 0.999743 0.000000 0.000000 0.000000 0.000000 1.000000
0.999691 -0.005116 0.024317 -0.022940 0.005335 0.999946 -0.008965 0.090803 -0.024270 0.009091 0.999664 0.000000 0.000000 0.000000 0.000000 1.000000
0.999080 -0.033821 0.026379 -0.022940 0.034088 0.999372 -0.009725 0.090803 -0.026033 0.010615 0.999605 0.000000 0.000000 0.000000 0.000000 1.000000
0.998580 -0.045852 0.027139 -0.022940 0.046138 0.998885 -0.010005 0.090803 -0.026650 0.011243 0.999582 0.000000 0.000000 0.000000 0.000000 1.000000
0.998675 -0.043896 0.026869 -0.022940 0.044171 0.998977 -0.009737 0.090803 -0.026414 0.010911 0.999592 0.000000 0.000000 0.000000 0.000000 1.000000
0.998913 -0.038586 0.026136 -0.022940 0.038833 0.999205 -0.009008 0.090803 -0.025767 0.010014 0.999618 0.000000 0.000000 0.000000 0.000000 1.000000
0.999213 -0.030755 0.025055 -0.022940 0.030963 0.999489 -0.007935 0.090803 -0.024798 0.008705 0.999655 0.000000 0.000000 0.000000 0.000000 1.000000
0.999492 -0.021241 0.023743 -0.022940 0.021404 0.999749 -0.006632 0.090803 -0.023597 0.007137 0.999696 0.000000 0.000000 0.000000 0.000000 1.000000
0.999692 -0.010880 0.022316 -0.022940 0.010999 0.999926 -0.005214 0.090803 -0.022257 0.005458 0.999737 0.000000 0.000000 0.000000 0.000000 1.000000
0.999782 -0.000513 0.020888 -0.022940 0.000593 0.999993 -0.003796 0.090803 -0.020886 0.003807 0.999775 0.000000 0.000000 0.000000 0.000000 1.000000
0.999768 0.009017 0.019576 -0.022940 -0.008970 0.999957 -0.002492 0.090803 -0.019597 0.002316 0.999805 0.000000 0.000000 0.000000 0.000000 1.000000
0.999687 0.016868 0.018495 -0.022940 -0.016845 0.999857 -0.001419 0.090803 -0.018516 0.001107 0.999828 0.000000 0.000000 0.000000 0.000000 1.000000
0.999596 0.022196 0.017762 -0.022940 -0.022187 0.999754 -0.000691 0.090803 -0.017773 0.000297 0.999842 0.000000 0.000000 0.000000 0.000000 1.000000
0.999555 0.024159 0.017491 -0.022940 -0.024156 0.999708 -0.000423 0.090803 -0.017496 -0.000000 0.999847 0.000000 0.000000 0.000000 0.000000 1.000000</float_array><technique_common><accessor source="#jnt_jaw-Matrix-animation-output-transform-array" count="21" stride="16"><param type="float4x4"/></accessor></technique_common></source><source id="jnt_jaw-Interpolations"><Name_array id="jnt_jaw-Interpolations-array" count="21">
 LINEAR LINEAR LINEAR LINEAR LINEAR LINEAR LINEAR LINEAR LINEAR LINEAR LINEAR
LINEAR LINEAR LINEAR LINEAR LINEAR LINEAR LINEAR LINEAR LINEAR LINEAR</Name_array><technique_common><accessor source="#jnt_jaw-Interpolations-array" count="21"><param type="name"/></accessor></technique_common></source><sampler id="jnt_jaw-Matrix-animation-transform"><input semantic="INPUT" source="#jnt_jaw-Matrix-animation-input"/><input semantic="OUTPUT" source="#jnt_jaw-Matrix-animation-output-transform"/><input semantic="INTERPOLATION" source="#jnt_jaw-Interpolations"/></sampler><channel source="#jnt_jaw-Matrix-animation-transform" target="jnt_jaw/matrix"/></animation></animation>
    <animation id="jnt_lowerlip-anim" name="jnt_lowerlip"><animation><source id="jnt_lowerlip-Matrix-animation-input"><float_array id="jnt_lowerlip-Matrix-animation-input-array" count="21">

0.000000 0.033333 0.066667 0.100000 0.133333 0.166667 0.200000 0.233333 0.266667 0.300000 0.333333 0.366667 0.400000 0.433333 0.466667 0.500000
0.533333 0.566667 0.600000 0.633333 0.666667</float_array><technique_common><accessor source="#jnt_lowerlip-Matrix-animation-input-array" count="21"><param name="TIME" type="float"/></accessor></technique_common></source><source id="jnt_lowerlip-Matrix-animation-output-transform"><float_array id="jnt_lowerlip-Matrix-animation-output-transform-array" count="336">

0.999852 -0.013321 -0.010863 -0.078633 0.013103 0.999717 -0.019870 0.552875 0.011124 0.019725 0.999744 0.011638 0.000000 0.000000 0.000000 1.000000
0.999852 -0.013321 -0.010863 -0.078633 0.013103 0.999717 -0.019870 0.552875 0.011124 0.019725 0.999744 0.011638 0.000000 0.000000 0.000000 1.000000
0.999852 -0.013321 -0.010863 -0.078633 0.013103 0.999717 -0.019870 0.552875 0.011124 0.019725 0.999744 0.011638 0.000000 0.000000 0.000000 1.000000
0.999852 -0.013321 -0.010863 -0.078633 0.013103 0.999717 -0.019870 0.552875 0.011124 0.019725 0.999744 0.011638 0.000000 0.000000 0.000000 1.000000
0.999852 -0.013321 -0.010863 -0.078633 0.013103 0.999717 -0.019870 0.552875 0.011124 0.019725 0.999744 0.011638 0.000000 0.000000 0.000000 1.000000
0.999852 -0.013321 -0.010863 -0.078633 0.013103 0.999717 -0.019870 0.552875 0.011124 0.019725 0.999744 0.011638 0.000000 0.000000 0.000000 1.000000
0.999852 -0.013321 -0.010863 -0.078633 0.013103 0.999717 -0.019870 0.552875 0.011124 0.019725 0.999744 0.011638 0.000000 0.000000 0.000000 1.000000
0.999852 -0.013321 -0.010863 -0.078633 0.013103 0.999717 -0.019870 0.552875 0.011124 0.019725 0.999744 0.011638 0.000000 0.000000 0.000000 1.000000
0.999852 -0.013321 -0.010863 -0.078633 0.013103 0.999717 -0.019870 0.552875 0.011124 0.019725 0.999744 0.011638 0.000000 0.000000 0.000000 1.000000
0.999852 -0.013321 -0.010863 -0.078633 0.013103 0.999717 -0.019870 0.552875 0.011124 0.019725 0.999744 0.011638 0.000000 0.000000 0.000000 1.000000
0.999852 -0.013321 -0.010863 -0.078633 0.013103 0.999717 -0.019870 0.552875 0.011124 0.019725 0.999744 0.011638 0.000000 0.000000 0.000000 1.000000
0.999852 -0.013321 -0.010863 -0.078633 0.013103 0.999717 -0.019870 0.552875 0.011124 0.019725 0.999744 0.011638 0.000000 0.000000 0.000000 1.000000
0.999852 -0.013321 -0.010863 -0.078633 0.013103 0.999717 -0.019870 0.552875 0.011124 0.019725 0.999744 0.011638 0.000000 0.000000 0.000000 1.000000
0.999852 -0.013321 -0.010863 -0.078633 0.013103 0.999717 -0.019870 0.552875 0.011124 0.019725 0.999744 0.011638 0.000000 0.000000 0.000000 1.000000
0.999852 -0.013321 -0.010863 -0.078633 0.013103 0.999717 -0.019870 0.552875 0.011124 0.019725 0.999744 0.011638 0.000000 0.000000 0.000000 1.000000
0.999852 -0.013321 -0.010863 -0.078633 0.013103 0.999717 -0.019870 0.552875 0.011124 0.019725 0.999744 0.011638 0.000000 0.000000 0.000000 1.000000
0.999852 -0.013321 -0.010863 -0.078633 0.013103 0.999717 -0.019870 0.552875 0.011124 0.019725 0.999744 0.011638 0.000000 0.000000 0.000000 1.000000
0.999852 -0.013321 -0.010863 -0.078633 0.013103 0.999717 -0.019870 0.552875 0.011124 0.019725 0.999744 0.011638 0.000000 0.000000 0.000000 1.000000
0.999852 -0.013321 -0.010863 -0.078633 0.013103 0.999717 -0.019870 0.552875 0.011124 0.019725 0.999744 0.011638 0.000000 0.000000 0.000000 1.000000
0.999852 -0.013321 -0.010863 -0.078633 0.013103 0.999717 -0.019870 0.552875 0.011124 0.019725 0.999744 0.011638 0.000000 0.000000 0.000000 1.000000
0.999852 -0.013321 -0.010863 -0.078633 0.013103 0.999717 -0.019870 0.552875 0.011124 0.019725 0.999744 0.011638 0.000000 0.000000 0.000000 1.000000</float_array><technique_common><accessor source="#jnt_lowerlip-Matrix-animation-output-transform-array" count="21" stride="16"><param type="float4x4"/></accessor></technique_common></source><source id="jnt_lowerlip-Interpolations"><Name_array id="jnt_lowerlip-Interpolations-array" count="21">
 LINEAR LINEAR LINEAR LINEAR LINEAR LINEAR LINEAR LINEAR LINEAR LINEAR LINEAR
LINEAR LINEAR LINEAR LINEAR LINEAR LINEAR LINEAR LINEAR LINEAR LINEAR</Name_array><technique_common><accessor source="#jnt_lowerlip-Interpolations-array" count="21"><param type="name"/></accessor></technique_common></source><sampler id="jnt_lowerlip-Matrix-animation-transform"><input semantic="INPUT" source="#jnt_lowerlip-Matrix-animation-input"/><input semantic="OUTPUT" source="#jnt_lowerlip-Matrix-animation-output-transform"/><input semantic="INTERPOLATION" source="#jnt_lowerlip-Interpolations"/></sampler><channel source="#jnt_lowerlip-Matrix-animation-transform" target="jnt_lowerlip/matrix"/></animation></animation>
    <animation id="jnt_tounge-anim" name="jnt_tounge"><animation><source id="jnt_tounge-Matrix-animation-input"><float_array id="jnt_tounge-Matrix-animation-input-array" count="21">

0.000000 0.033333 0.066667 0.100000 0.133333 0.166667 0.200000 0.233333 0.266667 0.300000 0.333333 0.366667 0.400000 0.433333 0.466667 0.500000
0.533333 0.566667 0.600000 0.633333 0.666667</float_array><technique_common><accessor source="#jnt_tounge-Matrix-animation-input-array" count="21"><param name="TIME" type="float"/></accessor></technique_common></source><source id="jnt_tounge-Matrix-animation-output-transform"><float_array id="jnt_tounge-Matrix-animation-output-transform-array" count="336">

0.999109 0.042201 0.000000 -0.024812 -0.042201 0.999109 0.000000 0.255865 -0.000000 -0.000000 1.000000 0.000000 0.000000 0.000000 0.000000 1.000000
0.999533 0.030558 -0.000751 -0.027791 -0.030557 0.999533 0.000303 0.255558 0.000760 -0.000280 1.000000 -0.000098 0.000000 0.000000 0.000000 1.000000
0.999992 0.002780 -0.002820 -0.034880 -0.002777 0.999996 0.001048 0.254687 0.002823 -0.001041 0.999995 -0.000365 0.000000 0.000000 0.000000 1.000000
0.999521 -0.030375 -0.005926 -0.043304 0.030387 0.999536 0.001982 0.253390 0.005863 -0.002161 0.999980 -0.000759 0.000000 0.000000 0.000000 1.000000
0.998262 -0.058129 -0.009743 -0.050325 0.058161 0.998303 0.002960 0.252088 0.009554 -0.003522 0.999948 -0.001236 0.000000 0.000000 0.000000 1.000000
0.997467 -0.069756 -0.013887 -0.053257 0.069818 0.997552 0.004043 0.251482 0.013571 -0.005003 0.999895 -0.001756 0.000000 0.000000 0.000000 1.000000
0.998172 -0.057719 -0.017933 -0.050217 0.057825 0.998312 0.005456 0.252102 0.017588 -0.006483 0.999824 -0.002276 0.000000 0.000000 0.000000 1.000000
0.999349 -0.028987 -0.021497 -0.042944 0.029148 0.999549 0.007222 0.253438 0.021278 -0.007844 0.999743 -0.002754 0.000000 0.000000 0.000000 1.000000
0.999691 0.005335 -0.024270 -0.034218 -0.005116 0.999946 0.009091 0.254758 0.024317 -0.008965 0.999664 -0.003148 0.000000 0.000000 0.000000 1.000000
0.999080 0.034088 -0.026033 -0.026877 -0.033821 0.999372 0.010615 0.255633 0.026379 -0.009725 0.999605 -0.003414 0.000000 0.000000 0.000000 1.000000
0.998580 0.046138 -0.026650 -0.023791 -0.045852 0.998885 0.011243 0.255938 0.027139 -0.010005 0.999582 -0.003513 0.000000 0.000000 0.000000 1.000000
0.998675 0.044171 -0.026414 -0.024295 -0.043896 0.998977 0.010911 0.255891 0.026869 -0.009737 0.999592 -0.003435 0.000000 0.000000 0.000000 1.000000
0.998913 0.038833 -0.025767 -0.025663 -0.038586 0.999205 0.010014 0.255761 0.026136 -0.009008 0.999618 -0.003223 0.000000 0.000000 0.000000 1.000000
0.999213 0.030963 -0.024798 -0.027677 -0.030755 0.999489 0.008705 0.255554 0.025055 -0.007935 0.999655 -0.002912 0.000000 0.000000 0.000000 1.000000
0.999492 0.021404 -0.023597 -0.030120 -0.021241 0.999749 0.007137 0.255282 0.023743 -0.006632 0.999696 -0.002533 0.000000 0.000000 0.000000 1.000000
0.999692 0.010999 -0.022257 -0.032776 -0.010880 0.999926 0.005458 0.254958 0.022316 -0.005214 0.999737 -0.002121 0.000000 0.000000 0.000000 1.000000
0.999782 0.000593 -0.020886 -0.035429 -0.000513 0.999993 0.003807 0.254606 0.020888 -0.003796 0.999775 -0.001710 0.000000 0.000000 0.000000 1.000000
0.999768 -0.008970 -0.019597 -0.037863 0.009017 0.999957 0.002316 0.254258 0.019576 -0.002492 0.999805 -0.001331 0.000000 0.000000 0.000000 1.000000
0.999687 -0.016845 -0.018516 -0.039865 0.016868 0.999857 0.001107 0.253953 0.018495 -0.001419 0.999828 -0.001019 0.000000 0.000000 0.000000 1.000000
0.999596 -0.022187 -0.017773 -0.041222 0.022196 0.999754 0.000297 0.253737 0.017762 -0.000691 0.999842 -0.000808 0.000000 0.000000 0.000000 1.000000
0.999555 -0.024156 -0.017496 -0.041722 0.024159 0.999708 -0.000000 0.253656 0.017491 -0.000423 0.999847 -0.000730 0.000000 0.000000 0.000000 1.000000</float_array><technique_common><accessor source="#jnt_tounge-Matrix-animation-output-transform-array" count="21" stride="16"><param type="float4x4"/></accessor></technique_common></source><source id="jnt_tounge-Interpolations"><Name_array id="jnt_tounge-Interpolations-array" count="21">
 LINEAR LINEAR LINEAR LINEAR LINEAR LINEAR LINEAR LINEAR LINEAR LINEAR LINEAR
LINEAR LINEAR LINEAR LINEAR LINEAR LINEAR LINEAR LINEAR LINEAR LINEAR</Name_array><technique_common><accessor source="#jnt_tounge-Interpolations-array" count="21"><param type="name"/></accessor></technique_common></source><sampler id="jnt_tounge-Matrix-animation-transform"><input semantic="INPUT" source="#jnt_tounge-Matrix-animation-input"/><input semantic="OUTPUT" source="#jnt_tounge-Matrix-animation-output-transform"/><input semantic="INTERPOLATION" source="#jnt_tounge-Interpolations"/></sampler><channel source="#jnt_tounge-Matrix-animation-transform" target="jnt_tounge/matrix"/></animation></animation>
    <animation id="jnt_left_eyebow1-anim" name="jnt_left_eyebow1"><animation><source id="jnt_left_eyebow1-Matrix-animation-input"><float_array id="jnt_left_eyebow1-Matrix-animation-input-array" count="21">

0.000000 0.033333 0.066667 0.100000 0.133333 0.166667 0.200000 0.233333 0.266667 0.300000 0.333333 0.366667 0.400000 0.433333 0.466667 0.500000
0.533333 0.566667 0.600000 0.633333 0.666667</float_array><technique_common><accessor source="#jnt_left_eyebow1-Matrix-animation-input-array" count="21"><param name="TIME" type="float"/></accessor></technique_common></source><source id="jnt_left_eyebow1-Matrix-animation-output-transform"><float_array id="jnt_left_eyebow1-Matrix-animation-output-transform-array" count="336">

0.000000 1.000000 -0.000000 0.542668 -0.000000 0.000000 1.000000 0.623155 1.000000 -0.000000 0.000000 0.062174 0.000000 0.000000 0.000000 1.000000
0.000000 1.000000 -0.000000 0.542668 -0.000000 0.000000 1.000000 0.623155 1.000000 -0.000000 0.000000 0.062174 0.000000 0.000000 0.000000 1.000000
0.000000 1.000000 -0.000000 0.542668 -0.000000 0.000000 1.000000 0.623155 1.000000 -0.000000 0.000000 0.062174 0.000000 0.000000 0.000000 1.000000
0.000000 1.000000 -0.000000 0.542668 -0.000000 0.000000 1.000000 0.623155 1.000000 -0.000000 0.000000 0.062174 0.000000 0.000000 0.000000 1.000000
0.000000 1.000000 -0.000000 0.542668 -0.000000 0.000000 1.000000 0.623155 1.000000 -0.000000 0.000000 0.062174 0.000000 0.000000 0.000000 1.000000
0.000000 1.000000 -0.000000 0.542668 -0.000000 0.000000 1.000000 0.623155 1.000000 -0.000000 0.000000 0.062174 0.000000 0.000000 0.000000 1.000000
0.000000 1.000000 -0.000000 0.542668 -0.000000 0.000000 1.000000 0.623155 1.000000 -0.000000 0.000000 0.062174 0.000000 0.000000 0.000000 1.000000
0.000000 1.000000 -0.000000 0.542668 -0.000000 0.000000 1.000000 0.623155 1.000000 -0.000000 0.000000 0.062174 0.000000 0.000000 0.000000 1.000000
0.000000 1.000000 -0.000000 0.542668 -0.000000 0.000000 1.000000 0.623155 1.000000 -0.000000 0.000000 0.062174 0.000000 0.000000 0.000000 1.000000
0.000000 1.000000 -0.000000 0.542668 -0.000000 0.000000 1.000000 0.623155 1.000000 -0.000000 0.000000 0.062174 0.000000 0.000000 0.000000 1.000000
0.000000 1.000000 -0.000000 0.542668 -0.000000 0.000000 1.000000 0.623155 1.000000 -0.000000 0.000000 0.062174 0.000000 0.000000 0.000000 1.000000
0.000000 1.000000 -0.000000 0.542668 -0.000000 0.000000 1.000000 0.623155 1.000000 -0.000000 0.000000 0.062174 0.000000 0.000000 0.000000 1.000000
0.000000 1.000000 -0.000000 0.542668 -0.000000 0.000000 1.000000 0.623155 1.000000 -0.000000 0.000000 0.062174 0.000000 0.000000 0.000000 1.000000
0.000000 1.000000 -0.000000 0.542668 -0.000000 0.000000 1.000000 0.623155 1.000000 -0.000000 0.000000 0.062174 0.000000 0.000000 0.000000 1.000000
0.000000 1.000000 -0.000000 0.542668 -0.000000 0.000000 1.000000 0.623155 1.000000 -0.000000 0.000000 0.062174 0.000000 0.000000 0.000000 1.000000
0.000000 1.000000 -0.000000 0.542668 -0.000000 0.000000 1.000000 0.623155 1.000000 -0.000000 0.000000 0.062174 0.000000 0.000000 0.000000 1.000000
0.000000 1.000000 -0.000000 0.542668 -0.000000 0.000000 1.000000 0.623155 1.000000 -0.000000 0.000000 0.062174 0.000000 0.000000 0.000000 1.000000
0.000000 1.000000 -0.000000 0.542668 -0.000000 0.000000 1.000000 0.623155 1.000000 -0.000000 0.000000 0.062174 0.000000 0.000000 0.000000 1.000000
0.000000 1.000000 -0.000000 0.542668 -0.000000 0.000000 1.000000 0.623155 1.000000 -0.000000 0.000000 0.062174 0.000000 0.000000 0.000000 1.000000
0.000000 1.000000 -0.000000 0.542668 -0.000000 0.000000 1.000000 0.623155 1.000000 -0.000000 0.000000 0.062174 0.000000 0.000000 0.000000 1.000000
0.000000 1.000000 -0.000000 0.542668 -0.000000 0.000000 1.000000 0.623155 1.000000 -0.000000 0.000000 0.062174 0.000000 0.000000 0.000000 1.000000</float_array><technique_common><accessor source="#jnt_left_eyebow1-Matrix-animation-output-transform-array" count="21" stride="16"><param type="float4x4"/></accessor></technique_common></source><source id="jnt_left_eyebow1-Interpolations"><Name_array id="jnt_left_eyebow1-Interpolations-array" count="21">
 LINEAR LINEAR LINEAR LINEAR LINEAR LINEAR LINEAR LINEAR LINEAR LINEAR LINEAR
LINEAR LINEAR LINEAR LINEAR LINEAR LINEAR LINEAR LINEAR LINEAR LINEAR</Name_array><technique_common><accessor source="#jnt_left_eyebow1-Interpolations-array" count="21"><param type="name"/></accessor></technique_common></source><sampler id="jnt_left_eyebow1-Matrix-animation-transform"><input semantic="INPUT" source="#jnt_left_eyebow1-Matrix-animation-input"/><input semantic="OUTPUT" source="#jnt_left_eyebow1-Matrix-animation-output-transform"/><input semantic="INTERPOLATION" source="#jnt_left_eyebow1-Interpolations"/></sampler><channel source="#jnt_left_eyebow1-Matrix-animation-transform" target="jnt_left_eyebow1/matrix"/></animation></animation>
    <animation id="jnt_left_eyebow2-anim" name="jnt_left_eyebow2"><animation><source id="jnt_left_eyebow2-Matrix-animation-input"><float_array id="jnt_left_eyebow2-Matrix-animation-input-array" count="21">

0.000000 0.033333 0.066667 0.100000 0.133333 0.166667 0.200000 0.233333 0.266667 0.300000 0.333333 0.366667 0.400000 0.433333 0.466667 0.500000
0.533333 0.566667 0.600000 0.633333 0.666667</float_array><technique_common><accessor source="#jnt_left_eyebow2-Matrix-animation-input-array" count="21"><param name="TIME" type="float"/></accessor></technique_common></source><source id="jnt_left_eyebow2-Matrix-animation-output-transform"><float_array id="jnt_left_eyebow2-Matrix-animation-output-transform-array" count="336">

0.000000 1.000000 0.000000 0.624581 -0.557687 -0.000000 0.830051 0.532746 0.830051 -0.000000 0.557687 0.290242 0.000000 0.000000 0.000000 1.000000
0.000000 1.000000 0.000000 0.624581 -0.557687 -0.000000 0.830051 0.532746 0.830051 -0.000000 0.557687 0.290242 0.000000 0.000000 0.000000 1.000000
0.000000 1.000000 -0.000000 0.624581 -0.557687 0.000000 0.830051 0.532746 0.830051 0.000000 0.557687 0.290242 0.000000 0.000000 0.000000 1.000000
0.000000 1.000000 -0.000000 0.624581 -0.557687 0.000000 0.830051 0.532746 0.830051 0.000000 0.557687 0.290242 0.000000 0.000000 0.000000 1.000000
0.000000 1.000000 -0.000000 0.624581 -0.557687 0.000000 0.830051 0.532746 0.830051 0.000000 0.557687 0.290242 0.000000 0.000000 0.000000 1.000000
0.000000 1.000000 0.000000 0.624581 -0.557687 0.000000 0.830051 0.532746 0.830051 -0.000000 0.557687 0.290242 0.000000 0.000000 0.000000 1.000000
0.000000 1.000000 0.000000 0.624581 -0.557687 -0.000000 0.830051 0.532746 0.830051 -0.000000 0.557687 0.290242 0.000000 0.000000 0.000000 1.000000
0.000000 1.000000 0.000000 0.624581 -0.557687 -0.000000 0.830051 0.532746 0.830051 -0.000000 0.557687 0.290242 0.000000 0.000000 0.000000 1.000000
0.000000 1.000000 -0.000000 0.624581 -0.557687 0.000000 0.830051 0.532746 0.830051 0.000000 0.557687 0.290242 0.000000 0.000000 0.000000 1.000000
0.000000 1.000000 -0.000000 0.624581 -0.557687 0.000000 0.830051 0.532746 0.830051 0.000000 0.557687 0.290242 0.000000 0.000000 0.000000 1.000000
0.000000 1.000000 -0.000000 0.624581 -0.557687 0.000000 0.830051 0.532746 0.830051 0.000000 0.557687 0.290242 0.000000 0.000000 0.000000 1.000000
0.000000 1.000000 0.000000 0.624581 -0.557687 -0.000000 0.830051 0.532746 0.830051 -0.000000 0.557687 0.290242 0.000000 0.000000 0.000000 1.000000
0.000000 1.000000 0.000000 0.624581 -0.557687 -0.000000 0.830051 0.532746 0.830051 -0.000000 0.557687 0.290242 0.000000 0.000000 0.000000 1.000000
0.000000 1.000000 -0.000000 0.624581 -0.557687 0.000000 0.830051 0.532746 0.830051 0.000000 0.557687 0.290242 0.000000 0.000000 0.000000 1.000000
0.000000 1.000000 -0.000000 0.624581 -0.557687 0.000000 0.830051 0.532746 0.830051 0.000000 0.557687 0.290242 0.000000 0.000000 0.000000 1.000000
0.000000 1.000000 -0.000000 0.624581 -0.557687 0.000000 0.830051 0.532746 0.830051 0.000000 0.557687 0.290242 0.000000 0.000000 0.000000 1.000000
0.000000 1.000000 -0.000000 0.624581 -0.557687 0.000000 0.830051 0.532746 0.830051 0.000000 0.557687 0.290242 0.000000 0.000000 0.000000 1.000000
0.000000 1.000000 -0.000000 0.624581 -0.557687 0.000000 0.830051 0.532746 0.830051 -0.000000 0.557687 0.290242 0.000000 0.000000 0.000000 1.000000
0.000000 1.000000 -0.000000 0.624581 -0.557687 0.000000 0.830051 0.532746 0.830051 0.000000 0.557687 0.290242 0.000000 0.000000 0.000000 1.000000
0.000000 1.000000 -0.000000 0.624581 -0.557687 0.000000 0.830051 0.532746 0.830051 0.000000 0.557687 0.290242 0.000000 0.000000 0.000000 1.000000
0.000000 1.000000 -0.000000 0.624581 -0.557687 0.000000 0.830051 0.532746 0.830051 0.000000 0.557687 0.290242 0.000000 0.000000 0.000000 1.000000</float_array><technique_common><accessor source="#jnt_left_eyebow2-Matrix-animation-output-transform-array" count="21" stride="16"><param type="float4x4"/></accessor></technique_common></source><source id="jnt_left_eyebow2-Interpolations"><Name_array id="jnt_left_eyebow2-Interpolations-array" count="21">
 LINEAR LINEAR LINEAR LINEAR LINEAR LINEAR LINEAR LINEAR LINEAR LINEAR LINEAR
LINEAR LINEAR LINEAR LINEAR LINEAR LINEAR LINEAR LINEAR LINEAR LINEAR</Name_array><technique_common><accessor source="#jnt_left_eyebow2-Interpolations-array" count="21"><param type="name"/></accessor></technique_common></source><sampler id="jnt_left_eyebow2-Matrix-animation-transform"><input semantic="INPUT" source="#jnt_left_eyebow2-Matrix-animation-input"/><input semantic="OUTPUT" source="#jnt_left_eyebow2-Matrix-animation-output-transform"/><input semantic="INTERPOLATION" source="#jnt_left_eyebow2-Interpolations"/></sampler><channel source="#jnt_left_eyebow2-Matrix-animation-transform" target="jnt_left_eyebow2/matrix"/></animation></animation>
    <animation id="jnt_left_eyebow3-anim" name="jnt_left_eyebow3"><animation><source id="jnt_left_eyebow3-Matrix-animation-input"><float_array id="jnt_left_eyebow3-Matrix-animation-input-array" count="21">

0.000000 0.033333 0.066667 0.100000 0.133333 0.166667 0.200000 0.233333 0.266667 0.300000 0.333333 0.366667 0.400000 0.433333 0.466667 0.500000
0.533333 0.566667 0.600000 0.633333 0.666667</float_array><technique_common><accessor source="#jnt_left_eyebow3-Matrix-animation-input-array" count="21"><param name="TIME" type="float"/></accessor></technique_common></source><source id="jnt_left_eyebow3-Matrix-animation-output-transform"><float_array id="jnt_left_eyebow3-Matrix-animation-output-transform-array" count="336">

0.000000 1.000000 -0.000000 0.587129 -0.791789 0.000000 0.610795 0.412864 0.610795 0.000000 0.791789 0.414657 0.000000 0.000000 0.000000 1.000000
