<?xml version="1.0" encoding="utf-8"?>
<COLLADA xmlns="http://www.collada.org/2005/11/COLLADASchema" version="1.4.1">
  <asset><contributor><author></author><authoring_tool>FBX COLLADA exporter</authoring_tool><comments></comments></contributor><created>2020-03-03T19:10:47Z</created><keywords></keywords><modified>2020-03-03T19:10:47Z</modified><revision></revision><subject></subject><title></title><unit meter="0.010000" name="centimeter"></unit><up_axis>Y_UP</up_axis></asset>
  <library_animations>
    <animation id="jnt_right_lip-anim" name="jnt_right_lip"><animation><source id="jnt_right_lip-Matrix-animation-input"><float_array id="jnt_right_lip-Matrix-animation-input-array" count="21">

0.000000 0.033333 0.066667 0.100000 0.133333 0.166667 0.200000 0.233333 0.266667 0.300000 0.333333 0.366667 0.400000 0.433333 0.466667 0.500000
0.533333 0.566667 0.600000 0.633333 0.666667</float_array><technique_common><accessor source="#jnt_right_lip-Matrix-animation-input-array" count="21"><param name="TIME" type="float"/></accessor></technique_common></source><source id="jnt_right_lip-Matrix-animation-output-transform"><float_array id="jnt_right_lip-Matrix-animation-output-transform-array" count="336">

-0.417519 0.908602 0.010949 0.022774 0.388180 0.167456 0.906242 0.615368 0.821580 0.382623 -0.422617 -0.185105 0.000000 0.000000 0.000000 1.000000
-0.414646 0.909917 0.010949 0.022539 0.388707 0.166228 0.906242 0.615389 0.822785 0.380025 -0.422617 -0.185068 0.000000 0.000000 0.000000 1.000000
-0.406400 0.913630 0.010949 0.021867 0.390195 0.162706 0.906242 0.615446 0.826188 0.372569 -0.422617 -0.184962 0.000000 0.000000 0.000000 1.000000
-0.393318 0.919337 0.010949 0.020807 0.392477 0.157120 0.906242 0.615537 0.831422 0.360738 -0.422617 -0.184794 0.000000 0.000000 0.000000 1.000000
-0.375919 0.926588 0.010948 0.019406 0.395369 0.149694 0.906242 0.615657 0.838074 0.345002 -0.422617 -0.184574 0.000000 0.000000 0.000000 1.000000
-0.354722 0.934908 0.010949 0.017713 0.398676 0.140652 0.906242 0.615802 0.845713 0.325829 -0.422617 -0.184307 0.000000 0.000000 0.000000 1.000000
-0.330258 0.943827 0.010948 0.015778 0.402203 0.130224 0.906242 0.615967 0.853910 0.303697 -0.422618 -0.184002 0.000000 0.000000 0.000000 1.000000
-0.303079 0.952903 0.010949 0.013649 0.405769 0.118646 0.906242 0.616149 0.862261 0.279105 -0.422618 -0.183666 0.000000 0.000000 0.000000 1.000000
-0.273765 0.961734 0.010948 0.011373 0.409211 0.106168 0.906242 0.616344 0.870402 0.252578 -0.422618 -0.183308 0.000000 0.000000 0.000000 1.000000
-0.242927 0.969983 0.010949 0.009001 0.412392 0.093052 0.906242 0.616547 0.878020 0.224666 -0.422618 -0.182934 0.000000 0.000000 0.000000 1.000000
-0.211202 0.977381 0.010949 0.006580 0.415204 0.079570 0.906242 0.616754 0.884873 0.195946 -0.422618 -0.182552 0.000000 0.000000 0.000000 1.000000
-0.179253 0.983742 0.010949 0.004159 0.417576 0.066003 0.906242 0.616961 0.890786 0.167018 -0.422618 -0.182171 0.000000 0.000000 0.000000 1.000000
-0.147760 0.988963 0.010949 0.001786 0.419470 0.052640 0.906242 0.617165 0.895663 0.138499 -0.422618 -0.181797 0.000000 0.000000 0.000000 1.000000
-0.117415 0.993023 0.010949 -0.000489 0.420885 0.039774 0.906242 0.617359 0.899483 0.111015 -0.422618 -0.181438 0.000000 0.000000 0.000000 1.000000
-0.088914 0.995979 0.010949 -0.002619 0.421852 0.027698 0.906242 0.617541 0.902295 0.085196 -0.422618 -0.181103 0.000000 0.000000 0.000000 1.000000
-0.062950 0.997957 0.010949 -0.004554 0.422430 0.016704 0.906242 0.617707 0.904207 0.061673 -0.422618 -0.180798 0.000000 0.000000 0.000000 1.000000
-0.040209 0.999131 0.010949 -0.006246 0.422701 0.007080 0.906242 0.617852 0.905377 0.041067 -0.422618 -0.180531 0.000000 0.000000 0.000000 1.000000
-0.021369 0.999712 0.010949 -0.007647 0.422759 -0.000889 0.906242 0.617972 0.905990 0.023994 -0.422618 -0.180310 0.000000 0.000000 0.000000 1.000000
-0.007097 0.999915 0.010949 -0.008708 0.422703 -0.006923 0.906242 0.618063 0.906240 0.011060 -0.422618 -0.180143 0.000000 0.000000 0.000000 1.000000
0.001946 0.999938 0.010949 -0.009380 0.422623 -0.010745 0.906242 0.618120 0.906303 0.002864 -0.422618 -0.180037 0.000000 0.000000 0.000000 1.000000
0.005105 0.999927 0.010949 -0.009615 0.422587 -0.012081 0.906242 0.618140 0.906308 0.000000 -0.422618 -0.180000 0.000000 0.000000 0.000000 1.000000</float_array><technique_common><accessor source="#jnt_right_lip-Matrix-animation-output-transform-array" count="21" stride="16"><param type="float4x4"/></accessor></technique_common></source><source id="jnt_right_lip-Interpolations"><Name_array id="jnt_right_lip-Interpolations-array" count="21">
 LINEAR LINEAR LINEAR LINEAR LINEAR LINEAR LINEAR LINEAR LINEAR LINEAR LINEAR
LINEAR LINEAR LINEAR LINEAR LINEAR LINEAR LINEAR LINEAR LINEAR LINEAR</Name_array><technique_common><accessor source="#jnt_right_lip-Interpolations-array" count="21"><param type="name"/></accessor></technique_common></source><sampler id="jnt_right_lip-Matrix-animation-transform"><input semantic="INPUT" source="#jnt_right_lip-Matrix-animation-input"/><input semantic="OUTPUT" source="#jnt_right_lip-Matrix-animation-output-transform"/><input semantic="INTERPOLATION" source="#jnt_right_lip-Interpolations"/></sampler><channel source="#jnt_right_lip-Matrix-animation-transform" target="jnt_right_lip/matrix"/></animation></animation>
    <animation id="jnt_upper_lip-anim" name="jnt_upper_lip"><animation><source id="jnt_upper_lip-Matrix-animation-input"><float_array id="jnt_upper_lip-Matrix-animation-input-array" count="21">

0.000000 0.033333 0.066667 0.100000 0.133333 0.166667 0.200000 0.233333 0.266667 0.300000 0.333333 0.366667 0.400000 0.433333 0.466667 0.500000
0.533333 0.566667 0.600000 0.633333 0.666667</float_array><technique_common><accessor source="#jnt_upper_lip-Matrix-animation-input-array" count="21"><param name="TIME" type="float"/></accessor></technique_common></source><source id="jnt_upper_lip-Matrix-animation-output-transform"><float_array id="jnt_upper_lip-Matrix-animation-output-transform-array" count="336">

0.968289 -0.000000 -0.249833 0.021618 -0.000000 1.000000 -0.000001 0.670989 0.249833 0.000001 0.968289 -0.008905 0.000000 0.000000 0.000000 1.000000
0.968817 -0.000000 -0.247777 0.021154 -0.000000 1.000000 -0.000001 0.670989 0.247777 0.000001 0.968817 -0.008774 0.000000 0.000000 0.000000 1.000000
0.970304 -0.000000 -0.241887 0.019827 -0.000000 1.000000 -0.000001 0.670989 0.241887 0.000001 0.970304 -0.008399 0.000000 0.000000 0.000000 1.000000
0.972579 -0.000000 -0.232573 0.017733 -0.000000 1.000000 -0.000001 0.670989 0.232573 0.000001 0.972579 -0.007808 0.000000 0.000000 0.000000 1.000000
0.975446 -0.000000 -0.220241 0.014967 -0.000000 1.000000 -0.000001 0.670989 0.220241 0.000001 0.975446 -0.007026 0.000000 0.000000 0.000000 1.000000
0.978700 -0.000000 -0.205295 0.011626 -0.000000 1.000000 -0.000001 0.670989 0.205295 0.000001 0.978700 -0.006083 0.000000 0.000000 0.000000 1.000000
0.982141 -0.000000 -0.188144 0.007805 -0.000000 1.000000 -0.000001 0.670989 0.188144 0.000001 0.982141 -0.005004 0.000000 0.000000 0.000000 1.000000
0.985581 -0.000000 -0.169206 0.003601 -0.000000 1.000000 -0.000000 0.670989 0.169206 0.000000 0.985581 -0.003816 0.000000 0.000000 0.000000 1.000000
0.988852 -0.000000 -0.148902 -0.000891 -0.000000 1.000000 -0.000000 0.670989 0.148902 0.000000 0.988852 -0.002547 0.000000 0.000000 0.000000 1.000000
0.991817 -0.000000 -0.127664 -0.005575 -0.000000 1.000000 -0.000000 0.670989 0.127664 0.000000 0.991817 -0.001224 0.000000 0.000000 0.000000 1.000000
0.994373 -0.000000 -0.105931 -0.010355 -0.000000 1.000000 -0.000000 0.670989 0.105931 0.000000 0.994373 0.000126 0.000000 0.000000 0.000000 1.000000
0.996453 -0.000000 -0.084147 -0.015135 -0.000000 1.000000 -0.000000 0.670989 0.084147 0.000000 0.996453 0.001476 0.000000 0.000000 0.000000 1.000000
0.998029 -0.000000 -0.062761 -0.019819 -0.000000 1.000000 -0.000000 0.670989 0.062761 0.000000 0.998029 0.002799 0.000000 0.000000 0.000000 1.000000
0.999108 -0.000000 -0.042224 -0.024311 -0.000000 1.000000 -0.000000 0.670988 0.042224 0.000000 0.999108 0.004068 0.000000 0.000000 0.000000 1.000000
0.999736 -0.000000 -0.022986 -0.028516 -0.000000 1.000000 -0.000000 0.670988 0.022986 0.000000 0.999736 0.005255 0.000000 0.000000 0.000000 1.000000
0.999985 -0.000000 -0.005496 -0.032336 -0.000000 1.000000 -0.000000 0.670988 0.005496 0.000000 0.999985 0.006334 0.000000 0.000000 0.000000 1.000000
0.999952 -0.000000 0.009801 -0.035678 -0.000000 1.000000 0.000000 0.670988 -0.009801 -0.000000 0.999952 0.007278 0.000000 0.000000 0.000000 1.000000
0.999748 -0.000000 0.022461 -0.038443 -0.000000 1.000000 0.000000 0.670988 -0.022461 -0.000000 0.999748 0.008059 0.000000 0.000000 0.000000 1.000000
0.999486 -0.000000 0.032045 -0.040538 -0.000000 1.000000 0.000000 0.670988 -0.032045 -0.000000 0.999486 0.008651 0.000000 0.000000 0.000000 1.000000
0.999273 -0.000000 0.038116 -0.041864 -0.000000 1.000000 0.000000 0.670988 -0.038116 -0.000000 0.999273 0.009025 0.000000 0.000000 0.000000 1.000000
0.999190 -0.000000 0.040236 -0.042328 -0.000000 1.000000 0.000000 0.670988 -0.040236 -0.000000 0.999190 0.009156 0.000000 0.000000 0.000000 1.000000</float_array><technique_common><accessor source="#jnt_upper_lip-Matrix-animation-output-transform-array" count="21" stride="16"><param type="float4x4"/></accessor></technique_common></source><source id="jnt_upper_lip-Interpolations"><Name_array id="jnt_upper_lip-Interpolations-array" count="21">
 LINEAR LINEAR LINEAR LINEAR LINEAR LINEAR LINEAR LINEAR LINEAR LINEAR LINEAR
LINEAR LINEAR LINEAR LINEAR LINEAR LINEAR LINEAR LINEAR LINEAR LINEAR</Name_array><technique_common><accessor source="#jnt_upper_lip-Interpolations-array" count="21"><param type="name"/></accessor></technique_common></source><sampler id="jnt_upper_lip-Matrix-animation-transform"><input semantic="INPUT" source="#jnt_upper_lip-Matrix-animation-input"/><input semantic="OUTPUT" source="#jnt_upper_lip-Matrix-animation-output-transform"/><input semantic="INTERPOLATION" source="#jnt_upper_lip-Interpolations"/></sampler><channel source="#jnt_upper_lip-Matrix-animation-transform" target="jnt_upper_lip/matrix"/></animation></animation>
    <animation id="jnt_left_lip-anim" name="jnt_left_lip"><animation><source id="jnt_left_lip-Matrix-animation-input"><float_array id="jnt_left_lip-Matrix-animation-input-array" count="21">

0.000000 0.033333 0.066667 0.100000 0.133333 0.166667 0.200000 0.233333 0.266667 0.300000 0.333333 0.366667 0.400000 0.433333 0.466667 0.500000
0.533333 0.566667 0.600000 0.633333 0.666667</float_array><technique_common><accessor source="#jnt_left_lip-Matrix-animation-input-array" count="21"><param name="TIME" type="float"/></accessor></technique_common></source><source id="jnt_left_lip-Matrix-animation-output-transform"><float_array id="jnt_left_lip-Matrix-animation-output-transform-array" count="336">

-0.005215 0.999927 0.010897 -0.013831 -0.431617 -0.012081 0.901976 0.596578 0.902042 -0.000000 0.431648 0.177945 0.000000 0.000000 0.000000 1.000000
-0.005215 0.999927 0.010897 -0.013809 -0.431617 -0.012081 0.901976 0.596609 0.902042 -0.000000 0.431648 0.177960 0.000000 0.000000 0.000000 1.000000
-0.005215 0.999927 0.010897 -0.013745 -0.431617 -0.012081 0.901976 0.596697 0.902042 -0.000000 0.431648 0.178002 0.000000 0.000000 0.000000 1.000000
-0.005215 0.999927 0.010897 -0.013645 -0.431617 -0.012081 0.901976 0.596836 0.902042 -0.000000 0.431648 0.178070 0.000000 0.000000 0.000000 1.000000
-0.005215 0.999927 0.010897 -0.013513 -0.431617 -0.012081 0.901976 0.597021 0.902042 -0.000000 0.431648 0.178158 0.000000 0.000000 0.000000 1.000000
-0.005215 0.999927 0.010897 -0.013354 -0.431617 -0.012081 0.901976 0.597243 0.902042 -0.000000 0.431648 0.178266 0.000000 0.000000 0.000000 1.000000
-0.005215 0.999927 0.010897 -0.013171 -0.431617 -0.012081 0.901976 0.597498 0.902042 -0.000000 0.431648 0.178389 0.000000 0.000000 0.000000 1.000000
-0.005215 0.999927 0.010897 -0.012970 -0.431617 -0.012081 0.901976 0.597778 0.902042 -0.000000 0.431648 0.178524 0.000000 0.000000 0.000000 1.000000
-0.005215 0.999927 0.010897 -0.012756 -0.431617 -0.012081 0.901976 0.598077 0.902042 -0.000000 0.431648 0.178668 0.000000 0.000000 0.000000 1.000000
-0.005215 0.999927 0.010897 -0.012532 -0.431617 -0.012081 0.901976 0.598389 0.902042 -0.000000 0.431648 0.178819 0.000000 0.000000 0.000000 1.000000
-0.005215 0.999927 0.010897 -0.012304 -0.431617 -0.012081 0.901976 0.598707 0.902042 -0.000000 0.431648 0.178972 0.000000 0.000000 0.000000 1.000000
-0.005215 0.999927 0.010897 -0.012076 -0.431617 -0.012081 0.901976 0.599025 0.902042 -0.000000 0.431648 0.179126 0.000000 0.000000 0.000000 1.000000
-0.005215 0.999927 0.010897 -0.011852 -0.431617 -0.012081 0.901976 0.599337 0.902042 -0.000000 0.431648 0.179277 0.000000 0.000000 0.000000 1.000000
-0.005215 0.999927 0.010897 -0.011637 -0.431617 -0.012081 0.901976 0.599636 0.902042 -0.000000 0.431648 0.179421 0.000000 0.000000 0.000000 1.000000
-0.005215 0.999927 0.010897 -0.011437 -0.431617 -0.012081 0.901976 0.599916 0.902042 -0.000000 0.431648 0.179556 0.000000 0.000000 0.000000 1.000000
-0.005215 0.999927 0.010897 -0.011254 -0.431617 -0.012081 0.901976 0.600171 0.902042 -0.000000 0.431648 0.179679 0.000000 0.000000 0.000000 1.000000
-0.005215 0.999927 0.010897 -0.011094 -0.431617 -0.012081 0.901976 0.600393 0.902042 -0.000000 0.431648 0.179786 0.000000 0.000000 0.000000 1.000000
-0.005215 0.999927 0.010897 -0.010962 -0.431617 -0.012081 0.901976 0.600578 0.902042 -0.000000 0.431648 0.179875 0.000000 0.000000 0.000000 1.000000
-0.005215 0.999927 0.010897 -0.010862 -0.431617 -0.012081 0.901976 0.600717 0.902042 -0.000000 0.431648 0.179942 0.000000 0.000000 0.000000 1.000000
-0.005215 0.999927 0.010897 -0.010799 -0.431617 -0.012081 0.901976 0.600805 0.902042 -0.000000 0.431648 0.179985 0.000000 0.000000 0.000000 1.000000
-0.005215 0.999927 0.010897 -0.010777 -0.431617 -0.012081 0.901976 0.600836 0.902042 -0.000000 0.431648 0.180000 0.000000 0.000000 0.000000 1.000000</float_array><technique_common><accessor source="#jnt_left_lip-Matrix-animation-output-transform-array" count="21" stride="16"><param type="float4x4"/></accessor></technique_common></source><source id="jnt_left_lip-Interpolations"><Name_array id="jnt_left_lip-Interpolations-array" count="21">
 LINEAR LINEAR LINEAR LINEAR LINEAR LINEAR LINEAR LINEAR LINEAR LINEAR LINEAR
LINEAR LINEAR LINEAR LINEAR LINEAR LINEAR LINEAR LINEAR LINEAR LINEAR</Name_array><technique_common><accessor source="#jnt_left_lip-Interpolations-array" count="21"><param type="name"/></accessor></technique_common></source><sampler id="jnt_left_lip-Matrix-animation-transform"><input semantic="INPUT" source="#jnt_left_lip-Matrix-animation-input"/><input semantic="OUTPUT" source="#jnt_left_lip-Matrix-animation-output-transform"/><input semantic="INTERPOLATION" source="#jnt_left_lip-Interpolations"/></sampler><channel source="#jnt_left_lip-Matrix-animation-transform" target="jnt_left_lip/matrix"/></animation></animation>
    <animation id="jnt_jaw-anim" name="jnt_jaw"><animation><source id="jnt_jaw-Matrix-animation-input"><float_array id="jnt_jaw-Matrix-animation-input-array" count="21">

0.000000 0.033333 0.066667 0.100000 0.133333 0.166667 0.200000 0.233333 0.266667 0.300000 0.333333 0.366667 0.400000 0.433333 0.466667 0.500000
0.533333 0.566667 0.600000 0.633333 0.666667</float_array><technique_common><accessor source="#jnt_jaw-Matrix-animation-input-array" count="21"><param name="TIME" type="float"/></accessor></technique_common></source><source id="jnt_jaw-Matrix-animation-output-transform"><float_array id="jnt_jaw-Matrix-animation-output-transform-array" count="336">

0.999708 0.024159 -0.000000 -0.022940 -0.024159 0.999708 0.000000 0.090803 0.000000 -0.000000 1.000000 0.000000 0.000000 0.000000 0.000000 1.000000
0.999708 0.024159 -0.000000 -0.022940 -0.024159 0.999708 0.000000 0.090803 0.000000 -0.000000 1.000000 0.000000 0.000000 0.000000 0.000000 1.000000
0.999708 0.024159 0.000000 -0.022940 -0.024159 0.999708 0.000000 0.090803 -0.000000 -0.000000 1.000000 0.000000 0.000000 0.000000 0.000000 1.000000
0.999708 0.024159 0.000000 -0.022940 -0.024159 0.999708 0.000000 0.090803 0.000000 -0.000000 1.000000 0.000000 0.000000 0.000000 0.000000 1.000000
0.999708 0.024159 -0.000000 -0.022940 -0.024159 0.999708 0.000000 0.090803 0.000000 -0.000000 1.000000 0.000000 0.000000 0.000000 0.000000 1.000000
0.999708 0.024159 0.000000 -0.022940 -0.024159 0.999708 0.000000 0.090803 0.000000 -0.000000 1.000000 0.000000 0.000000 0.000000 0.000000 1.000000
0.999708 0.024159 0.000000 -0.022940 -0.024159 0.999708 0.000000 0.090803 -0.000000 -0.000000 1.000000 -0.000000 0.000000 0.000000 0.000000 1.000000
0.999708 0.024159 -0.000000 -0.022940 -0.024159 0.999708 0.000000 0.090803 0.000000 -0.000000 1.000000 0.000000 0.000000 0.000000 0.000000 1.000000
0.999708 0.024159 0.000000 -0.022940 -0.024159 0.999708 0.000000 0.090803 -0.000000 -0.000000 1.000000 0.000000 0.000000 0.000000 0.000000 1.000000
0.999708 0.024159 0.000000 -0.022940 -0.024159 0.999708 0.000000 0.090803 0.000000 -0.000000 1.000000 0.000000 0.000000 0.000000 0.000000 1.000000
0.999708 0.024159 0.000000 -0.022940 -0.024159 0.999708 0.000000 0.090803 0.000000 -0.000000 1.000000 0.000000 0.000000 0.000000 0.000000 1.000000
0.999708 0.024159 -0.000000 -0.022940 -0.024159 0.999708 0.000000 0.090803 0.000000 -0.000000 1.000000 0.000000 0.000000 0.000000 0.000000 1.000000
0.999708 0.024159 -0.000000 -0.022940 -0.024159 0.999708 0.000000 0.090803 0.000000 -0.000000 1.000000 0.000000 0.000000 0.000000 0.000000 1.000000
0.999708 0.024159 -0.000000 -0.022940 -0.024159 0.999708 0.000000 0.090803 0.000000 -0.000000 1.000000 0.000000 0.000000 0.000000 0.000000 1.000000
0.999708 0.024159 -0.000000 -0.022940 -0.024159 0.999708 0.000000 0.090803 0.000000 -0.000000 1.000000 -0.000000 0.000000 0.000000 0.000000 1.000000
0.999708 0.024159 -0.000000 -0.022940 -0.024159 0.999708 0.000000 0.090803 0.000000 -0.000000 1.000000 0.000000 0.000000 0.000000 0.000000 1.000000
0.999708 0.024159 -0.000000 -0.022940 -0.024159 0.999708 0.000000 0.090803 0.000000 -0.000000 1.000000 0.000000 0.000000 0.000000 0.000000 1.000000
0.999708 0.024159 0.000000 -0.022940 -0.024159 0.999708 0.000000 0.090803 -0.000000 -0.000000 1.000000 0.000000 0.000000 0.000000 0.000000 1.000000
0.999708 0.024159 -0.000000 -0.022940 -0.024159 0.999708 0.000000 0.090803 0.000000 -0.000000 1.000000 0.000000 0.000000 0.000000 0.000000 1.000000
0.999708 0.024159 -0.000000 -0.022940 -0.024159 0.999708 0.000000 0.090803 0.000000 -0.000000 1.000000 0.000000 0.000000 0.000000 0.000000 1.000000
0.999708 0.024159 -0.000000 -0.022940 -0.024159 0.999708 0.000000 0.090803 0.000000 -0.000000 1.000000 0.000000 0.000000 0.000000 0.000000 1.000000</float_array><technique_common><accessor source="#jnt_jaw-Matrix-animation-output-transform-array" count="21" stride="16"><param type="float4x4"/></accessor></technique_common></source><source id="jnt_jaw-Interpolations"><Name_array id="jnt_jaw-Interpolations-array" count="21">
 LINEAR LINEAR LINEAR LINEAR LINEAR LINEAR LINEAR LINEAR LINEAR LINEAR LINEAR
LINEAR LINEAR LINEAR LINEAR LINEAR LINEAR LINEAR LINEAR LINEAR LINEAR</Name_array><technique_common><accessor source="#jnt_jaw-Interpolations-array" count="21"><param type="name"/></accessor></technique_common></source><sampler id="jnt_jaw-Matrix-animation-transform"><input semantic="INPUT" source="#jnt_jaw-Matrix-animation-input"/><input semantic="OUTPUT" source="#jnt_jaw-Matrix-animation-output-transform"/><input semantic="INTERPOLATION" source="#jnt_jaw-Interpolations"/></sampler><channel source="#jnt_jaw-Matrix-animation-transform" target="jnt_jaw/matrix"/></animation></animation>
    <animation id="jnt_lowerlip-anim" name="jnt_lowerlip"><animation><source id="jnt_lowerlip-Matrix-animation-input"><float_array id="jnt_lowerlip-Matrix-animation-input-array" count="21">

0.000000 0.033333 0.066667 0.100000 0.133333 0.166667 0.200000 0.233333 0.266667 0.300000 0.333333 0.366667 0.400000 0.433333 0.466667 0.500000
0.533333 0.566667 0.600000 0.633333 0.666667</float_array><technique_common><accessor source="#jnt_lowerlip-Matrix-animation-input-array" count="21"><param name="TIME" type="float"/></accessor></technique_common></source><source id="jnt_lowerlip-Matrix-animation-output-transform"><float_array id="jnt_lowerlip-Matrix-animation-output-transform-array" count="336">

0.999852 -0.013321 -0.010863 -0.078633 0.013103 0.999717 -0.019870 0.552875 0.011124 0.019725 0.999744 0.011638 0.000000 0.000000 0.000000 1.000000
0.999852 -0.013321 -0.010863 -0.078531 0.013103 0.999717 -0.019870 0.552876 0.011124 0.019725 0.999744 0.011639 0.000000 0.000000 0.000000 1.000000
0.999852 -0.013321 -0.010863 -0.078240 0.013103 0.999717 -0.019870 0.552880 0.011124 0.019725 0.999744 0.011642 0.000000 0.000000 0.000000 1.000000
0.999852 -0.013321 -0.010863 -0.077780 0.013103 0.999717 -0.019870 0.552886 0.011124 0.019725 0.999744 0.011648 0.000000 0.000000 0.000000 1.000000
0.999852 -0.013321 -0.010863 -0.077173 0.013103 0.999717 -0.019870 0.552894 0.011124 0.019725 0.999744 0.011654 0.000000 0.000000 0.000000 1.000000
0.999852 -0.013321 -0.010863 -0.076440 0.013103 0.999717 -0.019870 0.552904 0.011124 0.019725 0.999744 0.011662 0.000000 0.000000 0.000000 1.000000
0.999852 -0.013321 -0.010863 -0.075601 0.013103 0.999717 -0.019870 0.552915 0.011124 0.019725 0.999744 0.011672 0.000000 0.000000 0.000000 1.000000
0.999852 -0.013321 -0.010863 -0.074678 0.013103 0.999717 -0.019870 0.552927 0.011124 0.019725 0.999744 0.011682 0.000000 0.000000 0.000000 1.000000
0.999852 -0.013321 -0.010863 -0.073692 0.013103 0.999717 -0.019870 0.552940 0.011124 0.019725 0.999744 0.011693 0.000000 0.000000 0.000000 1.000000
0.999852 -0.013321 -0.010863 -0.072664 0.013103 0.999717 -0.019870 0.552953 0.011124 0.019725 0.999744 0.011704 0.000000 0.000000 0.000000 1.000000
0.999852 -0.013321 -0.010863 -0.071615 0.013103 0.999717 -0.019870 0.552967 0.011124 0.019725 0.999744 0.011716 0.000000 0.000000 0.000000 1.000000
0.999852 -0.013321 -0.010863 -0.070566 0.013103 0.999717 -0.019870 0.552981 0.011124 0.019725 0.999744 0.011728 0.000000 0.000000 0.000000 1.000000
0.999852 -0.013321 -0.010863 -0.069538 0.013103 0.999717 -0.019870 0.552994 0.011124 0.019725 0.999744 0.011739 0.000000 0.000000 0.000000 1.000000
0.999852 -0.013321 -0.010863 -0.068552 0.013103 0.999717 -0.019870 0.553007 0.011124 0.019725 0.999744 0.011750 0.000000 0.000000 0.000000 1.000000
0.999852 -0.013321 -0.010863 -0.067629 0.013103 0.999717 -0.019870 0.553019 0.011124 0.019725 0.999744 0.011760 0.000000 0.000000 0.000000 1.000000
0.999852 -0.013321 -0.010863 -0.066791 0.013103 0.999717 -0.019870 0.553030 0.011124 0.019725 0.999744 0.011770 0.000000 0.000000 0.000000 1.000000
0.999852 -0.013321 -0.010863 -0.066057 0.013103 0.999717 -0.019870 0.553040 0.011124 0.019725 0.999744 0.011778 0.000000 0.000000 0.000000 1.000000
0.999852 -0.013321 -0.010863 -0.065450 0.013103 0.999717 -0.019870 0.553048 0.011124 0.019725 0.999744 0.011785 0.000000 0.000000 0.000000 1.000000
0.999852 -0.013321 -0.010863 -0.064991 0.013103 0.999717 -0.019870 0.553054 0.011124 0.019725 0.999744 0.011790 0.000000 0.000000 0.000000 1.000000
0.999852 -0.013321 -0.010863 -0.064700 0.013103 0.999717 -0.019870 0.553057 0.011124 0.019725 0.999744 0.011793 0.000000 0.000000 0.000000 1.000000
0.999852 -0.013321 -0.010863 -0.064598 0.013103 0.999717 -0.019870 0.553059 0.011124 0.019725 0.999744 0.011794 0.000000 0.000000 0.000000 1.000000</float_array><technique_common><accessor source="#jnt_lowerlip-Matrix-animation-output-transform-array" count="21" stride="16"><param type="float4x4"/></accessor></technique_common></source><source id="jnt_lowerlip-Interpolations"><Name_array id="jnt_lowerlip-Interpolations-array" count="21">
 LINEAR LINEAR LINEAR LINEAR LINEAR LINEAR LINEAR LINEAR LINEAR LINEAR LINEAR
LINEAR LINEAR LINEAR LINEAR LINEAR LINEAR LINEAR LINEAR LINEAR LINEAR</Name_array><technique_common><accessor source="#jnt_lowerlip-Interpolations-array" count="21"><param type="name"/></accessor></technique_common></source><sampler id="jnt_lowerlip-Matrix-animation-transform"><input semantic="INPUT" source="#jnt_lowerlip-Matrix-animation-input"/><input semantic="OUTPUT" source="#jnt_lowerlip-Matrix-animation-output-transform"/><input semantic="INTERPOLATION" source="#jnt_lowerlip-Interpolations"/></sampler><channel source="#jnt_lowerlip-Matrix-animation-transform" target="jnt_lowerlip/matrix"/></animation></animation>
    <animation id="jnt_tounge-anim" name="jnt_tounge"><animation><source id="jnt_tounge-Matrix-animation-input"><float_array id="jnt_tounge-Matrix-animation-input-array" count="21">

0.000000 0.033333 0.066667 0.100000 0.133333 0.166667 0.200000 0.233333 0.266667 0.300000 0.333333 0.366667 0.400000 0.433333 0.466667 0.500000
0.533333 0.566667 0.600000 0.633333 0.666667</float_array><technique_common><accessor source="#jnt_tounge-Matrix-animation-input-array" count="21"><param name="TIME" type="float"/></accessor></technique_common></source><source id="jnt_tounge-Matrix-animation-output-transform"><float_array id="jnt_tounge-Matrix-animation-output-transform-array" count="336">

0.999708 -0.024159 -0.000000 -0.041728 0.024159 0.999708 -0.000000 0.253656 0.000000 0.000000 1.000000 0.000000 0.000000 0.000000 0.000000 1.000000
0.999708 -0.024159 -0.000000 -0.041728 0.024159 0.999708 -0.000000 0.253656 0.000000 0.000000 1.000000 0.000000 0.000000 0.000000 0.000000 1.000000
0.999708 -0.024159 0.000000 -0.041728 0.024159 0.999708 -0.000000 0.253656 -0.000000 0.000000 1.000000 0.000000 0.000000 0.000000 0.000000 1.000000
0.999708 -0.024159 0.000000 -0.041728 0.024159 0.999708 -0.000000 0.253656 -0.000000 0.000000 1.000000 0.000000 0.000000 0.000000 0.000000 1.000000
0.999708 -0.024159 -0.000000 -0.041728 0.024159 0.999708 -0.000000 0.253656 0.000000 0.000000 1.000000 0.000000 0.000000 0.000000 0.000000 1.000000
0.999708 -0.024159 0.000000 -0.041728 0.024159 0.999708 -0.000000 0.253656 -0.000000 0.000000 1.000000 0.000000 0.000000 0.000000 0.000000 1.000000
0.999708 -0.024159 0.000000 -0.041728 0.024159 0.999708 -0.000000 0.253656 -0.000000 0.000000 1.000000 0.000000 0.000000 0.000000 0.000000 1.000000
0.999708 -0.024159 -0.000000 -0.041728 0.024159 0.999708 -0.000000 0.253656 0.000000 -0.000000 1.000000 0.000000 0.000000 0.000000 0.000000 1.000000
0.999708 -0.024159 0.000000 -0.041728 0.024159 0.999708 0.000000 0.253656 -0.000000 0.000000 1.000000 0.000000 0.000000 0.000000 0.000000 1.000000
0.999708 -0.024159 0.000000 -0.041728 0.024159 0.999708 -0.000000 0.253656 -0.000000 0.000000 1.000000 0.000000 0.000000 0.000000 0.000000 1.000000
0.999708 -0.024159 0.000000 -0.041728 0.024159 0.999708 -0.000000 0.253656 -0.000000 0.000000 1.000000 0.000000 0.000000 0.000000 0.000000 1.000000
0.999708 -0.024159 -0.000000 -0.041728 0.024159 0.999708 -0.000000 0.253656 0.000000 0.000000 1.000000 0.000000 0.000000 0.000000 0.000000 1.000000
0.999708 -0.024159 -0.000000 -0.041728 0.024159 0.999708 -0.000000 0.253656 0.000000 0.000000 1.000000 0.000000 0.000000 0.000000 0.000000 1.000000
0.999708 -0.024159 -0.000000 -0.041728 0.024159 0.999708 0.000000 0.253656 0.000000 -0.000000 1.000000 0.000000 0.000000 0.000000 0.000000 1.000000
0.999708 -0.024159 -0.000000 -0.041728 0.024159 0.999708 -0.000000 0.253656 0.000000 0.000000 1.000000 0.000000 0.000000 0.000000 0.000000 1.000000
0.999708 -0.024159 -0.000000 -0.041728 0.024159 0.999708 -0.000000 0.253656 0.000000 0.000000 1.000000 0.000000 0.000000 0.000000 0.000000 1.000000
0.999708 -0.024159 -0.000000 -0.041728 0.024159 0.999708 -0.000000 0.253656 0.000000 0.000000 1.000000 0.000000 0.000000 0.000000 0.000000 1.000000
0.999708 -0.024159 0.000000 -0.041728 0.024159 0.999708 -0.000000 0.253656 -0.000000 0.000000 1.000000 0.000000 0.000000 0.000000 0.000000 1.000000
0.999708 -0.024159 -0.000000 -0.041728 0.024159 0.999708 -0.000000 0.253656 0.000000 0.000000 1.000000 0.000000 0.000000 0.000000 0.000000 1.000000
0.999708 -0.024159 -0.000000 -0.041728 0.024159 0.999708 -0.000000 0.253656 0.000000 0.000000 1.000000 0.000000 0.000000 0.000000 0.000000 1.000000
0.999708 -0.024159 -0.000000 -0.041728 0.024159 0.999708 -0.000000 0.253656 0.000000 0.000000 1.000000 0.000000 0.000000 0.000000 0.000000 1.000000</float_array><technique_common><accessor source="#jnt_tounge-Matrix-animation-output-transform-array" count="21" stride="16"><param type="float4x4"/></accessor></technique_common></source><source id="jnt_tounge-Interpolations"><Name_array id="jnt_tounge-Interpolations-array" count="21">
 LINEAR LINEAR LINEAR LINEAR LINEAR LINEAR LINEAR LINEAR LINEAR LINEAR LINEAR
LINEAR LINEAR LINEAR LINEAR LINEAR LINEAR LINEAR LINEAR LINEAR LINEAR</Name_array><technique_common><accessor source="#jnt_tounge-Interpolations-array" count="21"><param type="name"/></accessor></technique_common></source><sampler id="jnt_tounge-Matrix-animation-transform"><input semantic="INPUT" source="#jnt_tounge-Matrix-animation-input"/><input semantic="OUTPUT" source="#jnt_tounge-Matrix-animation-output-transform"/><input semantic="INTERPOLATION" source="#jnt_tounge-Interpolations"/></sampler><channel source="#jnt_tounge-Matrix-animation-transform" target="jnt_tounge/matrix"/></animation></animation>
    <animation id="jnt_left_eyebow1-anim" name="jnt_left_eyebow1"><animation><source id="jnt_left_eyebow1-Matrix-animation-input"><float_array id="jnt_left_eyebow1-Matrix-animation-input-array" count="21">

0.000000 0.033333 0.066667 0.100000 0.133333 0.166667 0.200000 0.233333 0.266667 0.300000 0.333333 0.366667 0.400000 0.433333 0.466667 0.500000
0.533333 0.566667 0.600000 0.633333 0.666667</float_array><technique_common><accessor source="#jnt_left_eyebow1-Matrix-animation-input-array" count="21"><param name="TIME" type="float"/></accessor></technique_common></source><source id="jnt_left_eyebow1-Matrix-animation-output-transform"><float_array id="jnt_left_eyebow1-Matrix-animation-output-transform-array" count="336">

0.000000 1.000000 -0.000000 0.542668 -0.000000 0.000000 1.000000 0.623155 1.000000 -0.000000 0.000000 0.062174 0.000000 0.000000 0.000000 1.000000
0.000000 1.000000 -0.000000 0.542943 -0.000000 0.000000 1.000000 0.623131 1.000000 -0.000000 0.000000 0.062479 0.000000 0.000000 0.000000 1.000000
0.000000 1.000000 -0.000000 0.543731 -0.000000 0.000000 1.000000 0.623062 1.000000 -0.000000 0.000000 0.063354 0.000000 0.000000 0.000000 1.000000
0.000000 1.000000 -0.000000 0.544975 -0.000000 0.000000 1.000000 0.622953 1.000000 -0.000000 0.000000 0.064735 0.000000 0.000000 0.000000 1.000000
0.000000 1.000000 -0.000000 0.546617 -0.000000 0.000000 1.000000 0.622809 1.000000 -0.000000 0.000000 0.066558 0.000000 0.000000 0.000000 1.000000
0.000000 1.000000 -0.000000 0.548601 -0.000000 0.000000 1.000000 0.622636 1.000000 -0.000000 0.000000 0.068760 0.000000 0.000000 0.000000 1.000000
0.000000 1.000000 -0.000000 0.550870 -0.000000 0.000000 1.000000 0.622437 1.000000 -0.000000 0.000000 0.071279 0.000000 0.000000 0.000000 1.000000
0.000000 1.000000 -0.000000 0.553367 -0.000000 0.000000 1.000000 0.622218 1.000000 -0.000000 0.000000 0.074051 0.000000 0.000000 0.000000 1.000000
0.000000 1.000000 -0.000000 0.556035 -0.000000 0.000000 1.000000 0.621985 1.000000 -0.000000 0.000000 0.077012 0.000000 0.000000 0.000000 1.000000
0.000000 1.000000 -0.000000 0.558817 -0.000000 0.000000 1.000000 0.621741 1.000000 -0.000000 0.000000 0.080100 0.000000 0.000000 0.000000 1.000000
0.000000 1.000000 -0.000000 0.561656 -0.000000 0.000000 1.000000 0.621492 1.000000 -0.000000 0.000000 0.083251 0.000000 0.000000 0.000000 1.000000
0.000000 1.000000 -0.000000 0.564494 -0.000000 0.000000 1.000000 0.621244 1.000000 -0.000000 0.000000 0.086402 0.000000 0.000000 0.000000 1.000000
0.000000 1.000000 -0.000000 0.567276 -0.000000 0.000000 1.000000 0.621000 1.000000 -0.000000 0.000000 0.089490 0.000000 0.000000 0.000000 1.000000
0.000000 1.000000 -0.000000 0.569944 -0.000000 0.000000 1.000000 0.620767 1.000000 -0.000000 0.000000 0.092451 0.000000 0.000000 0.000000 1.000000
0.000000 1.000000 -0.000000 0.572441 -0.000000 0.000000 1.000000 0.620548 1.000000 -0.000000 0.000000 0.095223 0.000000 0.000000 0.000000 1.000000
0.000000 1.000000 -0.000000 0.574710 -0.000000 0.000000 1.000000 0.620349 1.000000 -0.000000 0.000000 0.097742 0.000000 0.000000 0.000000 1.000000
0.000000 1.000000 -0.000000 0.576694 -0.000000 0.000000 1.000000 0.620175 1.000000 -0.000000 0.000000 0.099945 0.000000 0.000000 0.000000 1.000000
0.000000 1.000000 -0.000000 0.578336 -0.000000 0.000000 1.000000 0.620032 1.000000 -0.000000 0.000000 0.101768 0.000000 0.000000 0.000000 1.000000
0.000000 1.000000 -0.000000 0.579580 -0.000000 0.000000 1.000000 0.619923 1.000000 -0.000000 0.000000 0.103148 0.000000 0.000000 0.000000 1.000000
0.000000 1.000000 -0.000000 0.580368 -0.000000 0.000000 1.000000 0.619854 1.000000 -0.000000 0.000000 0.104023 0.000000 0.000000 0.000000 1.000000
0.000000 1.000000 -0.000000 0.580643 -0.000000 0.000000 1.000000 0.619829 1.000000 -0.000000 0.000000 0.104329 0.000000 0.000000 0.000000 1.000000</float_array><technique_common><accessor source="#jnt_left_eyebow1-Matrix-animation-output-transform-array" count="21" stride="16"><param type="float4x4"/></accessor></technique_common></source><source id="jnt_left_eyebow1-Interpolations"><Name_array id="jnt_left_eyebow1-Interpolations-array" count="21">
 LINEAR LINEAR LINEAR LINEAR LINEAR LINEAR LINEAR LINEAR LINEAR LINEAR LINEAR
LINEAR LINEAR LINEAR LINEAR LINEAR LINEAR LINEAR LINEAR LINEAR LINEAR</Name_array><technique_common><accessor source="#jnt_left_eyebow1-Interpolations-array" count="21"><param type="name"/></accessor></technique_common></source><sampler id="jnt_left_eyebow1-Matrix-animation-transform"><input semantic="INPUT" source="#jnt_left_eyebow1-Matrix-animation-input"/><input semantic="OUTPUT" source="#jnt_left_eyebow1-Matrix-animation-output-transform"/><input semantic="INTERPOLATION" source="#jnt_left_eyebow1-Interpolations"/></sampler><channel source="#jnt_left_eyebow1-Matrix-animation-transform" target="jnt_left_eyebow1/matrix"/></animation></animation>
    <animation id="jnt_left_eyebow2-anim" name="jnt_left_eyebow2"><animation><source id="jnt_left_eyebow2-Matrix-animation-input"><float_array id="jnt_left_eyebow2-Matrix-animation-input-array" count="21">

0.000000 0.033333 0.066667 0.100000 0.133333 0.166667 0.200000 0.233333 0.266667 0.300000 0.333333 0.366667 0.400000 0.433333 0.466667 0.500000
0.533333 0.566667 0.600000 0.633333 0.666667</float_array><technique_common><accessor source="#jnt_left_eyebow2-Matrix-animation-input-array" count="21"><param name="TIME" type="float"/></accessor></technique_common></source><source id="jnt_left_eyebow2-Matrix-animation-output-transform"><float_array id="jnt_left_eyebow2-Matrix-animation-output-transform-array" count="336">

0.000000 1.000000 -0.000000 0.624581 -0.557687 0.000000 0.830051 0.532746 0.830051 0.000000 0.557687 0.290242 0.000000 0.000000 0.000000 1.000000
0.000000 1.000000 -0.000000 0.624581 -0.557687 0.000000 0.830051 0.532746 0.830051 0.000000 0.557687 0.290242 0.000000 0.000000 0.000000 1.000000
0.000000 1.000000 -0.000000 0.624581 -0.557687 0.000000 0.830051 0.532746 0.830051 -0.000000 0.557687 0.290242 0.000000 0.000000 0.000000 1.000000
0.000000 1.000000 -0.000000 0.624581 -0.557687 0.000000 0.830051 0.532746 0.830051 -0.000000 0.557687 0.290242 0.000000 0.000000 0.000000 1.000000
0.000000 1.000000 -0.000000 0.624581 -0.557687 0.000000 0.830051 0.532746 0.830051 0.000000 0.557687 0.290242 0.000000 0.000000 0.000000 1.000000
0.000000 1.000000 -0.000000 0.624581 -0.557687 0.000000 0.830051 0.532746 0.830051 0.000000 0.557687 0.290242 0.000000 0.000000 0.000000 1.000000
0.000000 1.000000 -0.000000 0.624581 -0.557687 0.000000 0.830051 0.532746 0.830051 0.000000 0.557687 0.290242 0.000000 0.000000 0.000000 1.000000
0.000000 1.000000 -0.000000 0.624581 -0.557687 0.000000 0.830051 0.532746 0.830051 -0.000000 0.557687 0.290242 0.000000 0.000000 0.000000 1.000000
0.000000 1.000000 -0.000000 0.624581 -0.557687 0.000000 0.830051 0.532746 0.830051 0.000000 0.557687 0.290242 0.000000 0.000000 0.000000 1.000000
0.000000 1.000000 -0.000000 0.624581 -0.557687 0.000000 0.830051 0.532746 0.830051 -0.000000 0.557687 0.290242 0.000000 0.000000 0.000000 1.000000
0.000000 1.000000 0.000000 0.624581 -0.557687 -0.000000 0.830051 0.532746 0.830051 -0.000000 0.557687 0.290242 0.000000 0.000000 0.000000 1.000000
0.000000 1.000000 -0.000000 0.624581 -0.557687 0.000000 0.830051 0.532746 0.830051 -0.000000 0.557687 0.290242 0.000000 0.000000 0.000000 1.000000
0.000000 1.000000 0.000000 0.624581 -0.557687 -0.000000 0.830051 0.532746 0.830051 -0.000000 0.557687 0.290242 0.000000 0.000000 0.000000 1.000000
0.000000 1.000000 -0.000000 0.624581 -0.557687 0.000000 0.830051 0.532746 0.830051 -0.000000 0.557687 0.290242 0.000000 0.000000 0.000000 1.000000
0.000000 1.000000 0.000000 0.624581 -0.557687 -0.000000 0.830051 0.532746 0.830051 -0.000000 0.557687 0.290242 0.000000 0.000000 0.000000 1.000000
0.000000 1.000000 -0.000000 0.624581 -0.557687 0.000000 0.830051 0.532746 0.830051 -0.000000 0.557687 0.290242 0.000000 0.000000 0.000000 1.000000
0.000000 1.000000 0.000000 0.624581 -0.557687 -0.000000 0.830051 0.532746 0.830051 -0.000000 0.557687 0.290242 0.000000 0.000000 0.000000 1.000000
0.000000 1.000000 -0.000000 0.624581 -0.557687 0.000000 0.830051 0.532746 0.830051 0.000000 0.557687 0.290242 0.000000 0.000000 0.000000 1.000000
0.000000 1.000000 0.000000 0.624581 -0.557687 -0.000000 0.830051 0.532746 0.830051 -0.000000 0.557687 0.290242 0.000000 0.000000 0.000000 1.000000
0.000000 1.000000 -0.000000 0.624581 -0.557687 0.000000 0.830051 0.532746 0.830051 0.000000 0.557687 0.290242 0.000000 0.000000 0.000000 1.000000
0.000000 1.000000 0.000000 0.624581 -0.557687 -0.000000 0.830051 0.532746 0.830051 -0.000000 0.557687 0.290242 0.000000 0.000000 0.000000 1.000000</float_array><technique_common><accessor source="#jnt_left_eyebow2-Matrix-animation-output-transform-array" count="21" stride="16"><param type="float4x4"/></accessor></technique_common></source><source id="jnt_left_eyebow2-Interpolations"><Name_array id="jnt_left_eyebow2-Interpolations-array" count="21">
 LINEAR LINEAR LINEAR LINEAR LINEAR LINEAR LINEAR LINEAR LINEAR LINEAR LINEAR
LINEAR LINEAR LINEAR LINEAR LINEAR LINEAR LINEAR LINEAR LINEAR LINEAR</Name_array><technique_common><accessor source="#jnt_left_eyebow2-Interpolations-array" count="21"><param type="name"/></accessor></technique_common></source><sampler id="jnt_left_eyebow2-Matrix-animation-transform"><input semantic="INPUT" source="#jnt_left_eyebow2-Matrix-animation-input"/><input semantic="OUTPUT" source="#jnt_left_eyebow2-Matrix-animation-output-transform"/><input semantic="INTERPOLATION" source="#jnt_left_eyebow2-Interpolations"/></sampler><channel source="#jnt_left_eyebow2-Matrix-animation-transform" target="jnt_left_eyebow2/matrix"/></animation></animation>
    <animation id="jnt_left_eyebow3-anim" name="jnt_left_eyebow3"><animation><source id="jnt_left_eyebow3-Matrix-animation-input"><float_array id="jnt_left_eyebow3-Matrix-animation-input-array" count="21">

0.000000 0.033333 0.066667 0.100000 0.133333 0.166667 0.200000 0.233333 0.266667 0.300000 0.333333 0.366667 0.400000 0.433333 0.466667 0.500000
0.533333 0.566667 0.600000 0.633333 0.666667</float_array><technique_common><accessor source="#jnt_left_eyebow3-Matrix-animation-input-array" count="21"><param name="TIME" type="float"/></accessor></technique_common></source><source id="jnt_left_eyebow3-Matrix-animation-output-transform"><float_array id="jnt_left_eyebow3-Matrix-animation-output-transform-array" count="336">

0.000000 1.000000 -0.000000 0.587129 -0.791789 0.000000 0.610795 0.412864 0.610795 -0.000000 0.791789 0.414657 0.000000 0.000000 0.000000 1.000000
