<?xml version="1.0" encoding="utf-8"?>
<COLLADA xmlns="http://www.collada.org/2005/11/COLLADASchema" version="1.4.1">
  <asset><contributor><author></author><authoring_tool>FBX COLLADA exporter</authoring_tool><comments></comments></contributor><created>2020-05-01T12:53:15Z</created><keywords></keywords><modified>2020-05-01T12:53:15Z</modified><revision></revision><subject></subject><title></title><unit meter="0.010000" name="centimeter"></unit><up_axis>Y_UP</up_axis></asset>
  <library_animations>
    <animation id="jnt_right_lip-anim" name="jnt_right_lip"><animation><source id="jnt_right_lip-Matrix-animation-input"><float_array id="jnt_right_lip-Matrix-animation-input-array" count="121">

0.000000 0.033333 0.066667 0.100000 0.133333 0.166667 0.200000 0.233333 0.266667 0.300000 0.333333 0.366667 0.400000 0.433333 0.466667 0.500000
0.533333 0.566667 0.600000 0.633333 0.666667 0.700000 0.733333 0.766667 0.800000 0.833333 0.866667 0.900000 0.933333 0.966667 1.000000 1.033333
1.066667 1.100000 1.133333 1.166667 1.200000 1.233333 1.266667 1.300000 1.333333 1.366667 1.400000 1.433333 1.466667 1.500000 1.533333 1.566667
1.600000 1.633333 1.666667 1.700000 1.733333 1.766667 1.800000 1.833333 1.866667 1.900000 1.933333 1.966667 2.000000 2.033333 2.066667 2.100000
2.133333 2.166667 2.200000 2.233333 2.266667 2.300000 2.333333 2.366667 2.400000 2.433333 2.466667 2.500000 2.533333 2.566667 2.600000 2.633333
2.666667 2.700000 2.733333 2.766667 2.800000 2.833333 2.866667 2.900000 2.933333 2.966667 3.000000 3.033333 3.066667 3.100000 3.133333 3.166667
3.200000 3.233333 3.266667 3.300000 3.333333 3.366667 3.400000 3.433333 3.466667 3.500000 3.533333 3.566667 3.600000 3.633333 3.666667 3.700000
3.733333 3.766667 3.800000 3.833333 3.866667 3.900000 3.933333 3.966667 4.000000</float_array><technique_common><accessor source="#jnt_right_lip-Matrix-animation-input-array" count="121"><param name="TIME" type="float"/></accessor></technique_common></source><source id="jnt_right_lip-Matrix-animation-output-transform"><float_array id="jnt_right_lip-Matrix-animation-output-transform-array" count="1936">

-0.029480 0.997564 -0.063221 -0.066548 0.421589 0.069756 0.904100 0.615252 0.906308 0.000000 -0.422618 -0.180000 0.000000 0.000000 0.000000 1.000000
-0.029452 0.997569 -0.063161 -0.066514 0.421591 0.069690 0.904104 0.615257 0.906308 0.000000 -0.422618 -0.180000 0.000000 0.000000 0.000000 1.000000
-0.029371 0.997582 -0.062986 -0.066413 0.421596 0.069497 0.904116 0.615273 0.906308 0.000000 -0.422618 -0.180000 0.000000 0.000000 0.000000 1.000000
-0.029238 0.997604 -0.062701 -0.066249 0.421606 0.069183 0.904136 0.615298 0.906308 -0.000000 -0.422618 -0.180000 0.000000 0.000000 0.000000 1.000000
-0.029057 0.997634 -0.062312 -0.066025 0.421618 0.068754 0.904163 0.615332 0.906308 0.000000 -0.422618 -0.180000 0.000000 0.000000 0.000000 1.000000
-0.028830 0.997670 -0.061827 -0.065746 0.421634 0.068218 0.904196 0.615374 0.906308 0.000000 -0.422618 -0.180000 0.000000 0.000000 0.000000 1.000000
-0.028561 0.997714 -0.061250 -0.065413 0.421652 0.067582 0.904236 0.615424 0.906308 0.000000 -0.422618 -0.180000 0.000000 0.000000 0.000000 1.000000
-0.028252 0.997763 -0.060587 -0.065032 0.421673 0.066851 0.904280 0.615481 0.906308 -0.000000 -0.422618 -0.180000 0.000000 0.000000 0.000000 1.000000
-0.027906 0.997817 -0.059846 -0.064605 0.421696 0.066032 0.904330 0.615544 0.906308 -0.000000 -0.422618 -0.180000 0.000000 0.000000 0.000000 1.000000
-0.027527 0.997877 -0.059031 -0.064135 0.421721 0.065133 0.904383 0.615612 0.906308 -0.000000 -0.422618 -0.180000 0.000000 0.000000 0.000000 1.000000
-0.027115 0.997940 -0.058149 -0.063627 0.421748 0.064160 0.904440 0.615685 0.906308 0.000000 -0.422618 -0.180000 0.000000 0.000000 0.000000 1.000000
-0.026675 0.998006 -0.057206 -0.063083 0.421776 0.063120 0.904501 0.615762 0.906308 0.000000 -0.422618 -0.180000 0.000000 0.000000 0.000000 1.000000
-0.026210 0.998075 -0.056208 -0.062508 0.421805 0.062018 0.904563 0.615843 0.906308 0.000000 -0.422618 -0.180000 0.000000 0.000000 0.000000 1.000000
-0.025722 0.998146 -0.055160 -0.061904 0.421835 0.060863 0.904628 0.615925 0.906308 0.000000 -0.422618 -0.180000 0.000000 0.000000 0.000000 1.000000
-0.025213 0.998219 -0.054070 -0.061275 0.421865 0.059660 0.904693 0.616010 0.906308 -0.000000 -0.422618 -0.180000 0.000000 0.000000 0.000000 1.000000
-0.024688 0.998292 -0.052943 -0.060624 0.421897 0.058416 0.904760 0.616096 0.906308 0.000000 -0.422618 -0.180000 0.000000 0.000000 0.000000 1.000000
-0.024148 0.998366 -0.051785 -0.059956 0.421928 0.057139 0.904827 0.616183 0.906308 0.000000 -0.422618 -0.180000 0.000000 0.000000 0.000000 1.000000
-0.023597 0.998440 -0.050603 -0.059273 0.421959 0.055834 0.904894 0.616269 0.906308 0.000000 -0.422618 -0.180000 0.000000 0.000000 0.000000 1.000000
-0.023036 0.998513 -0.049402 -0.058579 0.421990 0.054509 0.904960 0.616356 0.906308 0.000000 -0.422618 -0.180000 0.000000 0.000000 0.000000 1.000000
-0.022470 0.998586 -0.048188 -0.057878 0.422020 0.053169 0.905026 0.616441 0.906308 0.000000 -0.422618 -0.180000 0.000000 0.000000 0.000000 1.000000
-0.021901 0.998656 -0.046967 -0.057172 0.422050 0.051823 0.905090 0.616525 0.906308 -0.000000 -0.422618 -0.180000 0.000000 0.000000 0.000000 1.000000
-0.021332 0.998725 -0.045746 -0.056466 0.422080 0.050475 0.905153 0.616607 0.906308 0.000000 -0.422618 -0.180000 0.000000 0.000000 0.000000 1.000000
-0.020765 0.998792 -0.044531 -0.055763 0.422108 0.049134 0.905213 0.616686 0.906308 -0.000000 -0.422618 -0.180000 0.000000 0.000000 0.000000 1.000000
-0.020204 0.998857 -0.043327 -0.055067 0.422135 0.047806 0.905272 0.616764 0.906308 -0.000000 -0.422618 -0.180000 0.000000 0.000000 0.000000 1.000000
-0.019651 0.998918 -0.042141 -0.054381 0.422161 0.046497 0.905328 0.616838 0.906308 0.000000 -0.422618 -0.180000 0.000000 0.000000 0.000000 1.000000
-0.019108 0.998977 -0.040978 -0.053708 0.422186 0.045215 0.905381 0.616909 0.906308 -0.000000 -0.422618 -0.180000 0.000000 0.000000 0.000000 1.000000
-0.018580 0.999033 -0.039846 -0.053052 0.422210 0.043965 0.905431 0.616976 0.906308 -0.000000 -0.422618 -0.180000 0.000000 0.000000 0.000000 1.000000
-0.018069 0.999086 -0.038749 -0.052417 0.422232 0.042755 0.905479 0.617040 0.906308 0.000000 -0.422618 -0.180000 0.000000 0.000000 0.000000 1.000000
-0.017577 0.999135 -0.037695 -0.051807 0.422253 0.041591 0.905524 0.617099 0.906308 0.000000 -0.422618 -0.180000 0.000000 0.000000 0.000000 1.000000
-0.017108 0.999180 -0.036688 -0.051224 0.422272 0.040481 0.905565 0.617155 0.906308 -0.000000 -0.422618 -0.180000 0.000000 0.000000 0.000000 1.000000
-0.016664 0.999222 -0.035736 -0.050672 0.422290 0.039430 0.905603 0.617207 0.906308 0.000000 -0.422618 -0.180000 0.000000 0.000000 0.000000 1.000000
-0.016248 0.999261 -0.034844 -0.050155 0.422306 0.038446 0.905638 0.617254 0.906308 0.000000 -0.422618 -0.180000 0.000000 0.000000 0.000000 1.000000
-0.015863 0.999295 -0.034018 -0.049676 0.422320 0.037534 0.905669 0.617297 0.906308 0.000000 -0.422618 -0.180000 0.000000 0.000000 0.000000 1.000000
-0.015511 0.999326 -0.033264 -0.049239 0.422334 0.036703 0.905697 0.617335 0.906308 0.000000 -0.422618 -0.180000 0.000000 0.000000 0.000000 1.000000
-0.015197 0.999353 -0.032589 -0.048848 0.422345 0.035959 0.905722 0.617369 0.906308 0.000000 -0.422618 -0.180000 0.000000 0.000000 0.000000 1.000000
-0.014904 0.999378 -0.031961 -0.048484 0.422355 0.035265 0.905744 0.617400 0.906308 0.000000 -0.422618 -0.180000 0.000000 0.000000 0.000000 1.000000
-0.014615 0.999402 -0.031343 -0.048125 0.422365 0.034583 0.905766 0.617430 0.906308 0.000000 -0.422618 -0.180000 0.000000 0.000000 0.000000 1.000000
-0.014332 0.999425 -0.030736 -0.047773 0.422375 0.033913 0.905786 0.617458 0.906308 0.000000 -0.422618 -0.180000 0.000000 0.000000 0.000000 1.000000
-0.014055 0.999447 -0.030140 -0.047428 0.422384 0.033256 0.905806 0.617486 0.906308 -0.000000 -0.422618 -0.180000 0.000000 0.000000 0.000000 1.000000
-0.013782 0.999468 -0.029557 -0.047089 0.422393 0.032612 0.905826 0.617513 0.906308 0.000000 -0.422618 -0.180000 0.000000 0.000000 0.000000 1.000000
-0.013516 0.999488 -0.028986 -0.046758 0.422402 0.031982 0.905844 0.617539 0.906308 0.000000 -0.422618 -0.180000 0.000000 0.000000 0.000000 1.000000
-0.013256 0.999508 -0.028428 -0.046434 0.422410 0.031366 0.905862 0.617564 0.906308 0.000000 -0.422618 -0.180000 0.000000 0.000000 0.000000 1.000000
-0.013002 0.999527 -0.027883 -0.046119 0.422418 0.030766 0.905879 0.617588 0.906308 0.000000 -0.422618 -0.180000 0.000000 0.000000 0.000000 1.000000
-0.012755 0.999544 -0.027353 -0.045811 0.422426 0.030180 0.905895 0.617611 0.906308 0.000000 -0.422618 -0.180000 0.000000 0.000000 0.000000 1.000000
-0.012514 0.999561 -0.026837 -0.045512 0.422433 0.029611 0.905910 0.617632 0.906308 -0.000000 -0.422618 -0.180000 0.000000 0.000000 0.000000 1.000000
-0.012281 0.999578 -0.026336 -0.045221 0.422440 0.029059 0.905925 0.617653 0.906308 0.000000 -0.422618 -0.180000 0.000000 0.000000 0.000000 1.000000
-0.012055 0.999593 -0.025851 -0.044939 0.422446 0.028524 0.905939 0.617673 0.906308 0.000000 -0.422618 -0.180000 0.000000 0.000000 0.000000 1.000000
-0.011836 0.999608 -0.025382 -0.044667 0.422452 0.028006 0.905952 0.617692 0.906308 0.000000 -0.422618 -0.180000 0.000000 0.000000 0.000000 1.000000
-0.011625 0.999622 -0.024930 -0.044405 0.422458 0.027507 0.905965 0.617710 0.906308 -0.000000 -0.422618 -0.180000 0.000000 0.000000 0.000000 1.000000
-0.011422 0.999635 -0.024495 -0.044152 0.422464 0.027027 0.905977 0.617728 0.906308 0.000000 -0.422618 -0.180000 0.000000 0.000000 0.000000 1.000000
-0.011227 0.999647 -0.024077 -0.043909 0.422469 0.026566 0.905988 0.617744 0.906308 0.000000 -0.422618 -0.180000 0.000000 0.000000 0.000000 1.000000
-0.011041 0.999659 -0.023678 -0.043677 0.422474 0.026125 0.905998 0.617759 0.906308 -0.000000 -0.422618 -0.180000 0.000000 0.000000 0.000000 1.000000
-0.010863 0.999670 -0.023297 -0.043456 0.422479 0.025705 0.906008 0.617774 0.906308 -0.000000 -0.422618 -0.180000 0.000000 0.000000 0.000000 1.000000
-0.010695 0.999680 -0.022935 -0.043246 0.422483 0.025306 0.906018 0.617787 0.906308 -0.000000 -0.422618 -0.180000 0.000000 0.000000 0.000000 1.000000
-0.010535 0.999689 -0.022593 -0.043048 0.422487 0.024928 0.906026 0.617800 0.906308 0.000000 -0.422618 -0.180000 0.000000 0.000000 0.000000 1.000000
-0.010385 0.999698 -0.022271 -0.042861 0.422491 0.024573 0.906034 0.617811 0.906308 -0.000000 -0.422618 -0.180000 0.000000 0.000000 0.000000 1.000000
-0.010245 0.999706 -0.021970 -0.042686 0.422494 0.024241 0.906041 0.617822 0.906308 0.000000 -0.422618 -0.180000 0.000000 0.000000 0.000000 1.000000
-0.010114 0.999714 -0.021690 -0.042523 0.422497 0.023932 0.906048 0.617832 0.906308 0.000000 -0.422618 -0.180000 0.000000 0.000000 0.000000 1.000000
-0.009994 0.999720 -0.021431 -0.042373 0.422500 0.023647 0.906054 0.617841 0.906308 0.000000 -0.422618 -0.180000 0.000000 0.000000 0.000000 1.000000
-0.009883 0.999727 -0.021195 -0.042236 0.422503 0.023386 0.906060 0.617850 0.906308 0.000000 -0.422618 -0.180000 0.000000 0.000000 0.000000 1.000000
-0.009784 0.999732 -0.020982 -0.042112 0.422505 0.023151 0.906065 0.617857 0.906308 -0.000000 -0.422618 -0.180000 0.000000 0.000000 0.000000 1.000000
-0.009695 0.999737 -0.020791 -0.042001 0.422507 0.022941 0.906069 0.617864 0.906308 0.000000 -0.422618 -0.180000 0.000000 0.000000 0.000000 1.000000
-0.009618 0.999741 -0.020625 -0.041905 0.422509 0.022757 0.906073 0.617869 0.906308 0.000000 -0.422618 -0.180000 0.000000 0.000000 0.000000 1.000000
-0.009551 0.999745 -0.020482 -0.041822 0.422510 0.022600 0.906076 0.617874 0.906308 -0.000000 -0.422618 -0.180000 0.000000 0.000000 0.000000 1.000000
-0.009496 0.999748 -0.020365 -0.041754 0.422512 0.022470 0.906079 0.617878 0.906308 -0.000000 -0.422618 -0.180000 0.000000 0.000000 0.000000 1.000000
-0.009453 0.999750 -0.020273 -0.041700 0.422513 0.022368 0.906081 0.617881 0.906308 0.000000 -0.422618 -0.180000 0.000000 0.000000 0.000000 1.000000
-0.009422 0.999751 -0.020206 -0.041661 0.422513 0.022295 0.906083 0.617884 0.906308 -0.000000 -0.422618 -0.180000 0.000000 0.000000 0.000000 1.000000
-0.009403 0.999752 -0.020166 -0.041638 0.422514 0.022250 0.906083 0.617885 0.906308 -0.000000 -0.422618 -0.180000 0.000000 0.000000 0.000000 1.000000
-0.009397 0.999753 -0.020152 -0.041630 0.422514 0.022235 0.906084 0.617885 0.906308 -0.000000 -0.422618 -0.180000 0.000000 0.000000 0.000000 1.000000
-0.009419 0.999752 -0.020199 -0.041658 0.422513 0.022287 0.906083 0.617884 0.906308 0.000000 -0.422618 -0.180000 0.000000 0.000000 0.000000 1.000000
-0.009484 0.999748 -0.020339 -0.041738 0.422512 0.022441 0.906080 0.617879 0.906308 0.000000 -0.422618 -0.180000 0.000000 0.000000 0.000000 1.000000
-0.009590 0.999743 -0.020566 -0.041871 0.422509 0.022692 0.906074 0.617871 0.906308 -0.000000 -0.422618 -0.180000 0.000000 0.000000 0.000000 1.000000
-0.009736 0.999735 -0.020878 -0.042052 0.422506 0.023036 0.906067 0.617861 0.906308 0.000000 -0.422618 -0.180000 0.000000 0.000000 0.000000 1.000000
-0.009919 0.999725 -0.021271 -0.042280 0.422502 0.023470 0.906058 0.617847 0.906308 -0.000000 -0.422618 -0.180000 0.000000 0.000000 0.000000 1.000000
-0.010138 0.999712 -0.021741 -0.042553 0.422497 0.023989 0.906047 0.617830 0.906308 0.000000 -0.422618 -0.180000 0.000000 0.000000 0.000000 1.000000
-0.010392 0.999698 -0.022285 -0.042869 0.422490 0.024589 0.906034 0.617811 0.906308 0.000000 -0.422618 -0.180000 0.000000 0.000000 0.000000 1.000000
-0.010678 0.999681 -0.022899 -0.043225 0.422483 0.025266 0.906018 0.617788 0.906308 0.000000 -0.422618 -0.180000 0.000000 0.000000 0.000000 1.000000
-0.010995 0.999662 -0.023579 -0.043620 0.422475 0.026017 0.906001 0.617763 0.906308 0.000000 -0.422618 -0.180000 0.000000 0.000000 0.000000 1.000000
-0.011341 0.999640 -0.024321 -0.044051 0.422466 0.026836 0.905981 0.617734 0.906308 -0.000000 -0.422618 -0.180000 0.000000 0.000000 0.000000 1.000000
-0.011715 0.999616 -0.025123 -0.044516 0.422456 0.027720 0.905960 0.617703 0.906308 -0.000000 -0.422618 -0.180000 0.000000 0.000000 0.000000 1.000000
-0.012114 0.999589 -0.025979 -0.045014 0.422445 0.028665 0.905935 0.617668 0.906308 -0.000000 -0.422618 -0.180000 0.000000 0.000000 0.000000 1.000000
-0.012538 0.999560 -0.026887 -0.045541 0.422432 0.029667 0.905909 0.617630 0.906308 0.000000 -0.422618 -0.180000 0.000000 0.000000 0.000000 1.000000
-0.012983 0.999528 -0.027843 -0.046095 0.422419 0.030721 0.905880 0.617589 0.906308 0.000000 -0.422618 -0.180000 0.000000 0.000000 0.000000 1.000000
-0.013450 0.999493 -0.028843 -0.046675 0.422404 0.031824 0.905849 0.617545 0.906308 -0.000000 -0.422618 -0.180000 0.000000 0.000000 0.000000 1.000000
-0.013935 0.999456 -0.029883 -0.047279 0.422388 0.032972 0.905815 0.617498 0.906308 -0.000000 -0.422618 -0.180000 0.000000 0.000000 0.000000 1.000000
-0.014437 0.999416 -0.030960 -0.047903 0.422372 0.034161 0.905779 0.617448 0.906308 0.000000 -0.422618 -0.180000 0.000000 0.000000 0.000000 1.000000
-0.014954 0.999374 -0.032070 -0.048547 0.422354 0.035385 0.905740 0.617394 0.906308 -0.000000 -0.422618 -0.180000 0.000000 0.000000 0.000000 1.000000
-0.015486 0.999328 -0.033209 -0.049208 0.422334 0.036642 0.905699 0.617338 0.906308 0.000000 -0.422618 -0.180000 0.000000 0.000000 0.000000 1.000000
-0.016029 0.999280 -0.034374 -0.049883 0.422314 0.037928 0.905656 0.617279 0.906308 0.000000 -0.422618 -0.180000 0.000000 0.000000 0.000000 1.000000
-0.016583 0.999230 -0.035562 -0.050571 0.422293 0.039238 0.905610 0.617216 0.906308 -0.000000 -0.422618 -0.180000 0.000000 0.000000 0.000000 1.000000
-0.017145 0.999177 -0.036767 -0.051269 0.422270 0.040568 0.905562 0.617151 0.906308 0.000000 -0.422618 -0.180000 0.000000 0.000000 0.000000 1.000000
-0.017714 0.999121 -0.037987 -0.051976 0.422247 0.041914 0.905511 0.617083 0.906308 -0.000000 -0.422618 -0.180000 0.000000 0.000000 0.000000 1.000000
-0.018288 0.999063 -0.039218 -0.052689 0.422222 0.043272 0.905459 0.617013 0.906308 0.000000 -0.422618 -0.180000 0.000000 0.000000 0.000000 1.000000
-0.018865 0.999003 -0.040456 -0.053406 0.422197 0.044639 0.905404 0.616940 0.906308 -0.000000 -0.422618 -0.180000 0.000000 0.000000 0.000000 1.000000
-0.019444 0.998941 -0.041698 -0.054125 0.422171 0.046009 0.905348 0.616865 0.906308 -0.000000 -0.422618 -0.180000 0.000000 0.000000 0.000000 1.000000
-0.020023 0.998877 -0.042940 -0.054843 0.422144 0.047379 0.905290 0.616788 0.906308 0.000000 -0.422618 -0.180000 0.000000 0.000000 0.000000 1.000000
-0.020601 0.998811 -0.044178 -0.055559 0.422116 0.048745 0.905230 0.616709 0.906308 0.000000 -0.422618 -0.180000 0.000000 0.000000 0.000000 1.000000
-0.021175 0.998744 -0.045409 -0.056271 0.422087 0.050103 0.905170 0.616629 0.906308 0.000000 -0.422618 -0.180000 0.000000 0.000000 0.000000 1.000000
-0.021743 0.998676 -0.046628 -0.056976 0.422059 0.051449 0.905108 0.616548 0.906308 0.000000 -0.422618 -0.180000 0.000000 0.000000 0.000000 1.000000
-0.022305 0.998606 -0.047833 -0.057673 0.422029 0.052778 0.905045 0.616465 0.906308 -0.000000 -0.422618 -0.180000 0.000000 0.000000 0.000000 1.000000
-0.022858 0.998536 -0.049019 -0.058358 0.422000 0.054087 0.904981 0.616383 0.906308 -0.000000 -0.422618 -0.180000 0.000000 0.000000 0.000000 1.000000
-0.023401 0.998466 -0.050184 -0.059031 0.421970 0.055371 0.904917 0.616300 0.906308 0.000000 -0.422618 -0.180000 0.000000 0.000000 0.000000 1.000000
-0.023932 0.998395 -0.051322 -0.059688 0.421940 0.056628 0.904854 0.616217 0.906308 0.000000 -0.422618 -0.180000 0.000000 0.000000 0.000000 1.000000
-0.024449 0.998325 -0.052431 -0.060328 0.421910 0.057851 0.904790 0.616135 0.906308 0.000000 -0.422618 -0.180000 0.000000 0.000000 0.000000 1.000000
-0.024951 0.998256 -0.053507 -0.060949 0.421881 0.059038 0.904727 0.616053 0.906308 0.000000 -0.422618 -0.180000 0.000000 0.000000 0.000000 1.000000
-0.025435 0.998187 -0.054546 -0.061549 0.421852 0.060184 0.904665 0.615973 0.906308 0.000000 -0.422618 -0.180000 0.000000 0.000000 0.000000 1.000000
-0.025901 0.998120 -0.055544 -0.062125 0.421824 0.061286 0.904604 0.615895 0.906308 0.000000 -0.422618 -0.180000 0.000000 0.000000 0.000000 1.000000
-0.026346 0.998055 -0.056498 -0.062675 0.421796 0.062339 0.904545 0.615819 0.906308 -0.000000 -0.422618 -0.180000 0.000000 0.000000 0.000000 1.000000
-0.026768 0.997992 -0.057405 -0.063198 0.421770 0.063339 0.904488 0.615746 0.906308 0.000000 -0.422618 -0.180000 0.000000 0.000000 0.000000 1.000000
-0.027167 0.997932 -0.058260 -0.063691 0.421744 0.064283 0.904433 0.615676 0.906308 0.000000 -0.422618 -0.180000 0.000000 0.000000 0.000000 1.000000
-0.027540 0.997874 -0.059060 -0.064152 0.421720 0.065165 0.904381 0.615610 0.906308 0.000000 -0.422618 -0.180000 0.000000 0.000000 0.000000 1.000000
-0.027886 0.997821 -0.059801 -0.064579 0.421697 0.065983 0.904333 0.615548 0.906308 -0.000000 -0.422618 -0.180000 0.000000 0.000000 0.000000 1.000000
-0.028202 0.997771 -0.060480 -0.064970 0.421676 0.066732 0.904288 0.615490 0.906308 0.000000 -0.422618 -0.180000 0.000000 0.000000 0.000000 1.000000
-0.028488 0.997726 -0.061092 -0.065323 0.421657 0.067408 0.904246 0.615438 0.906308 -0.000000 -0.422618 -0.180000 0.000000 0.000000 0.000000 1.000000
-0.028741 0.997685 -0.061635 -0.065635 0.421640 0.068007 0.904210 0.615391 0.906308 -0.000000 -0.422618 -0.180000 0.000000 0.000000 0.000000 1.000000
-0.028960 0.997649 -0.062104 -0.065905 0.421625 0.068524 0.904177 0.615350 0.906308 -0.000000 -0.422618 -0.180000 0.000000 0.000000 0.000000 1.000000
-0.029143 0.997620 -0.062496 -0.066131 0.421612 0.068957 0.904150 0.615316 0.906308 0.000000 -0.422618 -0.180000 0.000000 0.000000 0.000000 1.000000
-0.029288 0.997596 -0.062808 -0.066311 0.421602 0.069301 0.904129 0.615288 0.906308 0.000000 -0.422618 -0.180000 0.000000 0.000000 0.000000 1.000000
-0.029394 0.997578 -0.063035 -0.066441 0.421595 0.069551 0.904113 0.615268 0.906308 0.000000 -0.422618 -0.180000 0.000000 0.000000 0.000000 1.000000
-0.029458 0.997568 -0.063174 -0.066521 0.421590 0.069705 0.904103 0.615256 0.906308 -0.000000 -0.422618 -0.180000 0.000000 0.000000 0.000000 1.000000
-0.029480 0.997564 -0.063221 -0.066548 0.421589 0.069756 0.904100 0.615252 0.906308 0.000000 -0.422618 -0.180000 0.000000 0.000000 0.000000 1.000000</float_array><technique_common><accessor source="#jnt_right_lip-Matrix-animation-output-transform-array" count="121" stride="16"><param type="float4x4"/></accessor></technique_common></source><source id="jnt_right_lip-Interpolations"><Name_array id="jnt_right_lip-Interpolations-array" count="121">
 LINEAR LINEAR LINEAR LINEAR LINEAR LINEAR LINEAR LINEAR LINEAR LINEAR LINEAR
LINEAR LINEAR LINEAR LINEAR LINEAR LINEAR LINEAR LINEAR LINEAR LINEAR LINEAR LINEAR
LINEAR LINEAR LINEAR LINEAR LINEAR LINEAR LINEAR LINEAR LINEAR LINEAR LINEAR LINEAR
LINEAR LINEAR LINEAR LINEAR LINEAR LINEAR LINEAR LINEAR LINEAR LINEAR LINEAR LINEAR
LINEAR LINEAR LINEAR LINEAR LINEAR LINEAR LINEAR LINEAR LINEAR LINEAR LINEAR LINEAR
LINEAR LINEAR LINEAR LINEAR LINEAR LINEAR LINEAR LINEAR LINEAR LINEAR LINEAR LINEAR
LINEAR LINEAR LINEAR LINEAR LINEAR LINEAR LINEAR LINEAR LINEAR LINEAR LINEAR LINEAR
LINEAR LINEAR LINEAR LINEAR LINEAR LINEAR LINEAR LINEAR LINEAR LINEAR LINEAR LINEAR
LINEAR LINEAR LINEAR LINEAR LINEAR LINEAR LINEAR LINEAR LINEAR LINEAR LINEAR LINEAR
LINEAR LINEAR LINEAR LINEAR LINEAR LINEAR LINEAR LINEAR LINEAR LINEAR LINEAR LINEAR
LINEAR LINEAR</Name_array><technique_common><accessor source="#jnt_right_lip-Interpolations-array" count="121"><param type="name"/></accessor></technique_common></source><sampler id="jnt_right_lip-Matrix-animation-transform"><input semantic="INPUT" source="#jnt_right_lip-Matrix-animation-input"/><input semantic="OUTPUT" source="#jnt_right_lip-Matrix-animation-output-transform"/><input semantic="INTERPOLATION" source="#jnt_right_lip-Interpolations"/></sampler><channel source="#jnt_right_lip-Matrix-animation-transform" target="jnt_right_lip/matrix"/></animation></animation>
    <animation id="jnt_upper_lip-anim" name="jnt_upper_lip"><animation><source id="jnt_upper_lip-Matrix-animation-input"><float_array id="jnt_upper_lip-Matrix-animation-input-array" count="121">

0.000000 0.033333 0.066667 0.100000 0.133333 0.166667 0.200000 0.233333 0.266667 0.300000 0.333333 0.366667 0.400000 0.433333 0.466667 0.500000
0.533333 0.566667 0.600000 0.633333 0.666667 0.700000 0.733333 0.766667 0.800000 0.833333 0.866667 0.900000 0.933333 0.966667 1.000000 1.033333
1.066667 1.100000 1.133333 1.166667 1.200000 1.233333 1.266667 1.300000 1.333333 1.366667 1.400000 1.433333 1.466667 1.500000 1.533333 1.566667
1.600000 1.633333 1.666667 1.700000 1.733333 1.766667 1.800000 1.833333 1.866667 1.900000 1.933333 1.966667 2.000000 2.033333 2.066667 2.100000
2.133333 2.166667 2.200000 2.233333 2.266667 2.300000 2.333333 2.366667 2.400000 2.433333 2.466667 2.500000 2.533333 2.566667 2.600000 2.633333
2.666667 2.700000 2.733333 2.766667 2.800000 2.833333 2.866667 2.900000 2.933333 2.966667 3.000000 3.033333 3.066667 3.100000 3.133333 3.166667
3.200000 3.233333 3.266667 3.300000 3.333333 3.366667 3.400000 3.433333 3.466667 3.500000 3.533333 3.566667 3.600000 3.633333 3.666667 3.700000
3.733333 3.766667 3.800000 3.833333 3.866667 3.900000 3.933333 3.966667 4.000000</float_array><technique_common><accessor source="#jnt_upper_lip-Matrix-animation-input-array" count="121"><param name="TIME" type="float"/></accessor></technique_common></source><source id="jnt_upper_lip-Matrix-animation-output-transform"><float_array id="jnt_upper_lip-Matrix-animation-output-transform-array" count="1936">

1.000000 -0.000000 0.000000 -0.028711 -0.000000 1.000000 0.000000 0.670988 -0.000000 -0.000000 1.000000 0.000000 0.000000 0.000000 0.000000 1.000000
1.000000 -0.000000 0.000000 -0.028711 -0.000000 1.000000 0.000000 0.670988 -0.000000 -0.000000 1.000000 0.000000 0.000000 0.000000 0.000000 1.000000
1.000000 -0.000000 0.000000 -0.028711 -0.000000 1.000000 0.000000 0.670988 -0.000000 -0.000000 1.000000 0.000000 0.000000 0.000000 0.000000 1.000000
1.000000 -0.000000 0.000000 -0.028711 -0.000000 1.000000 0.000000 0.670988 -0.000000 -0.000000 1.000000 0.000000 0.000000 0.000000 0.000000 1.000000
1.000000 -0.000000 0.000000 -0.028711 -0.000000 1.000000 0.000000 0.670988 -0.000000 -0.000000 1.000000 0.000000 0.000000 0.000000 0.000000 1.000000
1.000000 -0.000000 0.000000 -0.028711 -0.000000 1.000000 0.000000 0.670988 -0.000000 -0.000000 1.000000 0.000000 0.000000 0.000000 0.000000 1.000000
1.000000 -0.000000 0.000000 -0.028711 -0.000000 1.000000 0.000000 0.670988 -0.000000 -0.000000 1.000000 0.000000 0.000000 0.000000 0.000000 1.000000
1.000000 -0.000000 0.000000 -0.028711 -0.000000 1.000000 0.000000 0.670988 -0.000000 -0.000000 1.000000 0.000000 0.000000 0.000000 0.000000 1.000000
1.000000 -0.000000 0.000000 -0.028711 -0.000000 1.000000 0.000000 0.670988 -0.000000 -0.000000 1.000000 0.000000 0.000000 0.000000 0.000000 1.000000
1.000000 -0.000000 0.000000 -0.028711 -0.000000 1.000000 0.000000 0.670988 -0.000000 -0.000000 1.000000 0.000000 0.000000 0.000000 0.000000 1.000000
1.000000 -0.000000 0.000000 -0.028711 -0.000000 1.000000 0.000000 0.670988 -0.000000 -0.000000 1.000000 0.000000 0.000000 0.000000 0.000000 1.000000
1.000000 -0.000000 0.000000 -0.028711 -0.000000 1.000000 0.000000 0.670988 -0.000000 -0.000000 1.000000 0.000000 0.000000 0.000000 0.000000 1.000000
1.000000 -0.000000 0.000000 -0.028711 -0.000000 1.000000 0.000000 0.670988 -0.000000 -0.000000 1.000000 0.000000 0.000000 0.000000 0.000000 1.000000
1.000000 -0.000000 0.000000 -0.028711 -0.000000 1.000000 0.000000 0.670988 -0.000000 -0.000000 1.000000 0.000000 0.000000 0.000000 0.000000 1.000000
1.000000 -0.000000 0.000000 -0.028711 -0.000000 1.000000 0.000000 0.670988 -0.000000 -0.000000 1.000000 0.000000 0.000000 0.000000 0.000000 1.000000
1.000000 -0.000000 0.000000 -0.028711 -0.000000 1.000000 0.000000 0.670988 -0.000000 -0.000000 1.000000 0.000000 0.000000 0.000000 0.000000 1.000000
1.000000 -0.000000 0.000000 -0.028711 -0.000000 1.000000 0.000000 0.670988 -0.000000 -0.000000 1.000000 0.000000 0.000000 0.000000 0.000000 1.000000
1.000000 -0.000000 0.000000 -0.028711 -0.000000 1.000000 0.000000 0.670988 -0.000000 -0.000000 1.000000 0.000000 0.000000 0.000000 0.000000 1.000000
1.000000 -0.000000 0.000000 -0.028711 -0.000000 1.000000 0.000000 0.670988 -0.000000 -0.000000 1.000000 0.000000 0.000000 0.000000 0.000000 1.000000
1.000000 -0.000000 0.000000 -0.028711 -0.000000 1.000000 0.000000 0.670988 -0.000000 -0.000000 1.000000 0.000000 0.000000 0.000000 0.000000 1.000000
1.000000 -0.000000 0.000000 -0.028711 -0.000000 1.000000 0.000000 0.670988 -0.000000 -0.000000 1.000000 0.000000 0.000000 0.000000 0.000000 1.000000
1.000000 -0.000000 0.000000 -0.028711 -0.000000 1.000000 0.000000 0.670988 -0.000000 -0.000000 1.000000 0.000000 0.000000 0.000000 0.000000 1.000000
1.000000 -0.000000 0.000000 -0.028711 -0.000000 1.000000 0.000000 0.670988 -0.000000 -0.000000 1.000000 0.000000 0.000000 0.000000 0.000000 1.000000
1.000000 -0.000000 0.000000 -0.028711 -0.000000 1.000000 0.000000 0.670988 -0.000000 -0.000000 1.000000 0.000000 0.000000 0.000000 0.000000 1.000000
1.000000 -0.000000 0.000000 -0.028711 -0.000000 1.000000 0.000000 0.670988 -0.000000 -0.000000 1.000000 0.000000 0.000000 0.000000 0.000000 1.000000
1.000000 -0.000000 0.000000 -0.028711 -0.000000 1.000000 0.000000 0.670988 -0.000000 -0.000000 1.000000 0.000000 0.000000 0.000000 0.000000 1.000000
1.000000 -0.000000 0.000000 -0.028711 -0.000000 1.000000 0.000000 0.670988 -0.000000 -0.000000 1.000000 0.000000 0.000000 0.000000 0.000000 1.000000
1.000000 -0.000000 0.000000 -0.028711 -0.000000 1.000000 0.000000 0.670988 -0.000000 -0.000000 1.000000 0.000000 0.000000 0.000000 0.000000 1.000000
1.000000 -0.000000 0.000000 -0.028711 -0.000000 1.000000 0.000000 0.670988 -0.000000 -0.000000 1.000000 0.000000 0.000000 0.000000 0.000000 1.000000
1.000000 -0.000000 0.000000 -0.028711 -0.000000 1.000000 0.000000 0.670988 -0.000000 -0.000000 1.000000 0.000000 0.000000 0.000000 0.000000 1.000000
1.000000 -0.000000 0.000000 -0.028711 -0.000000 1.000000 0.000000 0.670988 -0.000000 -0.000000 1.000000 0.000000 0.000000 0.000000 0.000000 1.000000
1.000000 -0.000000 0.000000 -0.028711 -0.000000 1.000000 0.000000 0.670988 -0.000000 -0.000000 1.000000 0.000000 0.000000 0.000000 0.000000 1.000000
1.000000 -0.000000 0.000000 -0.028711 -0.000000 1.000000 0.000000 0.670988 -0.000000 -0.000000 1.000000 0.000000 0.000000 0.000000 0.000000 1.000000
1.000000 -0.000000 0.000000 -0.028711 -0.000000 1.000000 0.000000 0.670988 -0.000000 -0.000000 1.000000 0.000000 0.000000 0.000000 0.000000 1.000000
1.000000 -0.000000 0.000000 -0.028711 -0.000000 1.000000 0.000000 0.670988 -0.000000 -0.000000 1.000000 0.000000 0.000000 0.000000 0.000000 1.000000
1.000000 -0.000000 0.000000 -0.028711 -0.000000 1.000000 0.000000 0.670988 -0.000000 -0.000000 1.000000 0.000000 0.000000 0.000000 0.000000 1.000000
1.000000 -0.000000 0.000000 -0.028711 -0.000000 1.000000 0.000000 0.670988 -0.000000 -0.000000 1.000000 0.000000 0.000000 0.000000 0.000000 1.000000
1.000000 -0.000000 0.000000 -0.028711 -0.000000 1.000000 0.000000 0.670988 -0.000000 -0.000000 1.000000 0.000000 0.000000 0.000000 0.000000 1.000000
1.000000 -0.000000 0.000000 -0.028711 -0.000000 1.000000 0.000000 0.670988 -0.000000 -0.000000 1.000000 0.000000 0.000000 0.000000 0.000000 1.000000
1.000000 -0.000000 0.000000 -0.028711 -0.000000 1.000000 0.000000 0.670988 -0.000000 -0.000000 1.000000 0.000000 0.000000 0.000000 0.000000 1.000000
1.000000 -0.000000 0.000000 -0.028711 -0.000000 1.000000 0.000000 0.670988 -0.000000 -0.000000 1.000000 0.000000 0.000000 0.000000 0.000000 1.000000
1.000000 -0.000000 0.000000 -0.028711 -0.000000 1.000000 0.000000 0.670988 -0.000000 -0.000000 1.000000 0.000000 0.000000 0.000000 0.000000 1.000000
1.000000 -0.000000 0.000000 -0.028711 -0.000000 1.000000 0.000000 0.670988 -0.000000 -0.000000 1.000000 0.000000 0.000000 0.000000 0.000000 1.000000
1.000000 -0.000000 0.000000 -0.028711 -0.000000 1.000000 0.000000 0.670988 -0.000000 -0.000000 1.000000 0.000000 0.000000 0.000000 0.000000 1.000000
1.000000 -0.000000 0.000000 -0.028711 -0.000000 1.000000 0.000000 0.670988 -0.000000 -0.000000 1.000000 0.000000 0.000000 0.000000 0.000000 1.000000
1.000000 -0.000000 0.000000 -0.028711 -0.000000 1.000000 0.000000 0.670988 -0.000000 -0.000000 1.000000 0.000000 0.000000 0.000000 0.000000 1.000000
1.000000 -0.000000 0.000000 -0.028711 -0.000000 1.000000 0.000000 0.670988 -0.000000 -0.000000 1.000000 0.000000 0.000000 0.000000 0.000000 1.000000
1.000000 -0.000000 0.000000 -0.028711 -0.000000 1.000000 0.000000 0.670988 -0.000000 -0.000000 1.000000 0.000000 0.000000 0.000000 0.000000 1.000000
1.000000 -0.000000 0.000000 -0.028711 -0.000000 1.000000 0.000000 0.670988 -0.000000 -0.000000 1.000000 0.000000 0.000000 0.000000 0.000000 1.000000
1.000000 -0.000000 0.000000 -0.028711 -0.000000 1.000000 0.000000 0.670988 -0.000000 -0.000000 1.000000 0.000000 0.000000 0.000000 0.000000 1.000000
1.000000 -0.000000 0.000000 -0.028711 -0.000000 1.000000 0.000000 0.670988 -0.000000 -0.000000 1.000000 0.000000 0.000000 0.000000 0.000000 1.000000
1.000000 -0.000000 0.000000 -0.028711 -0.000000 1.000000 0.000000 0.670988 -0.000000 -0.000000 1.000000 0.000000 0.000000 0.000000 0.000000 1.000000
1.000000 -0.000000 0.000000 -0.028711 -0.000000 1.000000 0.000000 0.670988 -0.000000 -0.000000 1.000000 0.000000 0.000000 0.000000 0.000000 1.000000
1.000000 -0.000000 0.000000 -0.028711 -0.000000 1.000000 0.000000 0.670988 -0.000000 -0.000000 1.000000 0.000000 0.000000 0.000000 0.000000 1.000000
1.000000 -0.000000 0.000000 -0.028711 -0.000000 1.000000 0.000000 0.670988 -0.000000 -0.000000 1.000000 0.000000 0.000000 0.000000 0.000000 1.000000
1.000000 -0.000000 0.000000 -0.028711 -0.000000 1.000000 0.000000 0.670988 -0.000000 -0.000000 1.000000 0.000000 0.000000 0.000000 0.000000 1.000000
1.000000 -0.000000 0.000000 -0.028711 -0.000000 1.000000 0.000000 0.670988 -0.000000 -0.000000 1.000000 0.000000 0.000000 0.000000 0.000000 1.000000
1.000000 -0.000000 0.000000 -0.028711 -0.000000 1.000000 0.000000 0.670988 -0.000000 -0.000000 1.000000 0.000000 0.000000 0.000000 0.000000 1.000000
1.000000 -0.000000 0.000000 -0.028711 -0.000000 1.000000 0.000000 0.670988 -0.000000 -0.000000 1.000000 0.000000 0.000000 0.000000 0.000000 1.000000
1.000000 -0.000000 0.000000 -0.028711 -0.000000 1.000000 0.000000 0.670988 -0.000000 -0.000000 1.000000 0.000000 0.000000 0.000000 0.000000 1.000000
1.000000 -0.000000 0.000000 -0.028711 -0.000000 1.000000 0.000000 0.670988 -0.000000 -0.000000 1.000000 0.000000 0.000000 0.000000 0.000000 1.000000
1.000000 -0.000000 0.000000 -0.028711 -0.000000 1.000000 0.000000 0.670988 -0.000000 -0.000000 1.000000 0.000000 0.000000 0.000000 0.000000 1.000000
1.000000 -0.000000 0.000000 -0.028711 -0.000000 1.000000 0.000000 0.670988 -0.000000 -0.000000 1.000000 0.000000 0.000000 0.000000 0.000000 1.000000
1.000000 -0.000000 0.000000 -0.028711 -0.000000 1.000000 0.000000 0.670988 -0.000000 -0.000000 1.000000 0.000000 0.000000 0.000000 0.000000 1.000000
1.000000 -0.000000 0.000000 -0.028711 -0.000000 1.000000 0.000000 0.670988 -0.000000 -0.000000 1.000000 0.000000 0.000000 0.000000 0.000000 1.000000
1.000000 -0.000000 0.000000 -0.028711 -0.000000 1.000000 0.000000 0.670988 -0.000000 -0.000000 1.000000 0.000000 0.000000 0.000000 0.000000 1.000000
1.000000 -0.000000 0.000000 -0.028711 -0.000000 1.000000 0.000000 0.670988 -0.000000 -0.000000 1.000000 0.000000 0.000000 0.000000 0.000000 1.000000
1.000000 -0.000000 0.000000 -0.028711 -0.000000 1.000000 0.000000 0.670988 -0.000000 -0.000000 1.000000 0.000000 0.000000 0.000000 0.000000 1.000000
1.000000 -0.000000 0.000000 -0.028711 -0.000000 1.000000 0.000000 0.670988 -0.000000 -0.000000 1.000000 0.000000 0.000000 0.000000 0.000000 1.000000
1.000000 -0.000000 0.000000 -0.028711 -0.000000 1.000000 0.000000 0.670988 -0.000000 -0.000000 1.000000 0.000000 0.000000 0.000000 0.000000 1.000000
1.000000 -0.000000 0.000000 -0.028711 -0.000000 1.000000 0.000000 0.670988 -0.000000 -0.000000 1.000000 0.000000 0.000000 0.000000 0.000000 1.000000
1.000000 -0.000000 0.000000 -0.028711 -0.000000 1.000000 0.000000 0.670988 -0.000000 -0.000000 1.000000 0.000000 0.000000 0.000000 0.000000 1.000000
1.000000 -0.000000 0.000000 -0.028711 -0.000000 1.000000 0.000000 0.670988 -0.000000 -0.000000 1.000000 0.000000 0.000000 0.000000 0.000000 1.000000
1.000000 -0.000000 0.000000 -0.028711 -0.000000 1.000000 0.000000 0.670988 -0.000000 -0.000000 1.000000 0.000000 0.000000 0.000000 0.000000 1.000000
1.000000 -0.000000 0.000000 -0.028711 -0.000000 1.000000 0.000000 0.670988 -0.000000 -0.000000 1.000000 0.000000 0.000000 0.000000 0.000000 1.000000
1.000000 -0.000000 0.000000 -0.028711 -0.000000 1.000000 0.000000 0.670988 -0.000000 -0.000000 1.000000 0.000000 0.000000 0.000000 0.000000 1.000000
1.000000 -0.000000 0.000000 -0.028711 -0.000000 1.000000 0.000000 0.670988 -0.000000 -0.000000 1.000000 0.000000 0.000000 0.000000 0.000000 1.000000
1.000000 -0.000000 0.000000 -0.028711 -0.000000 1.000000 0.000000 0.670988 -0.000000 -0.000000 1.000000 0.000000 0.000000 0.000000 0.000000 1.000000
1.000000 -0.000000 0.000000 -0.028711 -0.000000 1.000000 0.000000 0.670988 -0.000000 -0.000000 1.000000 0.000000 0.000000 0.000000 0.000000 1.000000
1.000000 -0.000000 0.000000 -0.028711 -0.000000 1.000000 0.000000 0.670988 -0.000000 -0.000000 1.000000 0.000000 0.000000 0.000000 0.000000 1.000000
1.000000 -0.000000 0.000000 -0.028711 -0.000000 1.000000 0.000000 0.670988 -0.000000 -0.000000 1.000000 0.000000 0.000000 0.000000 0.000000 1.000000
1.000000 -0.000000 0.000000 -0.028711 -0.000000 1.000000 0.000000 0.670988 -0.000000 -0.000000 1.000000 0.000000 0.000000 0.000000 0.000000 1.000000
1.000000 -0.000000 0.000000 -0.028711 -0.000000 1.000000 0.000000 0.670988 -0.000000 -0.000000 1.000000 0.000000 0.000000 0.000000 0.000000 1.000000
1.000000 -0.000000 0.000000 -0.028711 -0.000000 1.000000 0.000000 0.670988 -0.000000 -0.000000 1.000000 0.000000 0.000000 0.000000 0.000000 1.000000
1.000000 -0.000000 0.000000 -0.028711 -0.000000 1.000000 0.000000 0.670988 -0.000000 -0.000000 1.000000 0.000000 0.000000 0.000000 0.000000 1.000000
1.000000 -0.000000 0.000000 -0.028711 -0.000000 1.000000 0.000000 0.670988 -0.000000 -0.000000 1.000000 0.000000 0.000000 0.000000 0.000000 1.000000
1.000000 -0.000000 0.000000 -0.028711 -0.000000 1.000000 0.000000 0.670988 -0.000000 -0.000000 1.000000 0.000000 0.000000 0.000000 0.000000 1.000000
1.000000 -0.000000 0.000000 -0.028711 -0.000000 1.000000 0.000000 0.670988 -0.000000 -0.000000 1.000000 0.000000 0.000000 0.000000 0.000000 1.000000
1.000000 -0.000000 0.000000 -0.028711 -0.000000 1.000000 0.000000 0.670988 -0.000000 -0.000000 1.000000 0.000000 0.000000 0.000000 0.000000 1.000000
1.000000 -0.000000 0.000000 -0.028711 -0.000000 1.000000 0.000000 0.670988 -0.000000 -0.000000 1.000000 0.000000 0.000000 0.000000 0.000000 1.000000
1.000000 -0.000000 0.000000 -0.028711 -0.000000 1.000000 0.000000 0.670988 -0.000000 -0.000000 1.000000 0.000000 0.000000 0.000000 0.000000 1.000000
1.000000 -0.000000 0.000000 -0.028711 -0.000000 1.000000 0.000000 0.670988 -0.000000 -0.000000 1.000000 0.000000 0.000000 0.000000 0.000000 1.000000
1.000000 -0.000000 0.000000 -0.028711 -0.000000 1.000000 0.000000 0.670988 -0.000000 -0.000000 1.000000 0.000000 0.000000 0.000000 0.000000 1.000000
1.000000 -0.000000 0.000000 -0.028711 -0.000000 1.000000 0.000000 0.670988 -0.000000 -0.000000 1.000000 0.000000 0.000000 0.000000 0.000000 1.000000
1.000000 -0.000000 0.000000 -0.028711 -0.000000 1.000000 0.000000 0.670988 -0.000000 -0.000000 1.000000 0.000000 0.000000 0.000000 0.000000 1.000000
1.000000 -0.000000 0.000000 -0.028711 -0.000000 1.000000 0.000000 0.670988 -0.000000 -0.000000 1.000000 0.000000 0.000000 0.000000 0.000000 1.000000
1.000000 -0.000000 0.000000 -0.028711 -0.000000 1.000000 0.000000 0.670988 -0.000000 -0.000000 1.000000 0.000000 0.000000 0.000000 0.000000 1.000000
1.000000 -0.000000 0.000000 -0.028711 -0.000000 1.000000 0.000000 0.670988 -0.000000 -0.000000 1.000000 0.000000 0.000000 0.000000 0.000000 1.000000
1.000000 -0.000000 0.000000 -0.028711 -0.000000 1.000000 0.000000 0.670988 -0.000000 -0.000000 1.000000 0.000000 0.000000 0.000000 0.000000 1.000000
1.000000 -0.000000 0.000000 -0.028711 -0.000000 1.000000 0.000000 0.670988 -0.000000 -0.000000 1.000000 0.000000 0.000000 0.000000 0.000000 1.000000
1.000000 -0.000000 0.000000 -0.028711 -0.000000 1.000000 0.000000 0.670988 -0.000000 -0.000000 1.000000 0.000000 0.000000 0.000000 0.000000 1.000000
1.000000 -0.000000 0.000000 -0.028711 -0.000000 1.000000 0.000000 0.670988 -0.000000 -0.000000 1.000000 0.000000 0.000000 0.000000 0.000000 1.000000
1.000000 -0.000000 0.000000 -0.028711 -0.000000 1.000000 0.000000 0.670988 -0.000000 -0.000000 1.000000 0.000000 0.000000 0.000000 0.000000 1.000000
1.000000 -0.000000 0.000000 -0.028711 -0.000000 1.000000 0.000000 0.670988 -0.000000 -0.000000 1.000000 0.000000 0.000000 0.000000 0.000000 1.000000
1.000000 -0.000000 0.000000 -0.028711 -0.000000 1.000000 0.000000 0.670988 -0.000000 -0.000000 1.000000 0.000000 0.000000 0.000000 0.000000 1.000000
1.000000 -0.000000 0.000000 -0.028711 -0.000000 1.000000 0.000000 0.670988 -0.000000 -0.000000 1.000000 0.000000 0.000000 0.000000 0.000000 1.000000
1.000000 -0.000000 0.000000 -0.028711 -0.000000 1.000000 0.000000 0.670988 -0.000000 -0.000000 1.000000 0.000000 0.000000 0.000000 0.000000 1.000000
1.000000 -0.000000 0.000000 -0.028711 -0.000000 1.000000 0.000000 0.670988 -0.000000 -0.000000 1.000000 0.000000 0.000000 0.000000 0.000000 1.000000
1.000000 -0.000000 0.000000 -0.028711 -0.000000 1.000000 0.000000 0.670988 -0.000000 -0.000000 1.000000 0.000000 0.000000 0.000000 0.000000 1.000000
1.000000 -0.000000 0.000000 -0.028711 -0.000000 1.000000 0.000000 0.670988 -0.000000 -0.000000 1.000000 0.000000 0.000000 0.000000 0.000000 1.000000
