<?xml version="1.0" encoding="utf-8"?>
<COLLADA xmlns="http://www.collada.org/2005/11/COLLADASchema" version="1.4.1">
  <asset><contributor><author></author><authoring_tool>FBX COLLADA exporter</authoring_tool><comments></comments></contributor><created>2020-03-03T18:32:00Z</created><keywords></keywords><modified>2020-03-03T18:32:00Z</modified><revision></revision><subject></subject><title></title><unit meter="0.010000" name="centimeter"></unit><up_axis>Y_UP</up_axis></asset>
  <library_animations>
    <animation id="jnt_right_lip-anim" name="jnt_right_lip"><animation><source id="jnt_right_lip-Matrix-animation-input"><float_array id="jnt_right_lip-Matrix-animation-input-array" count="19">

0.000000 0.033333 0.066667 0.100000 0.133333 0.166667 0.200000 0.233333 0.266667 0.300000 0.333333 0.366667 0.400000 0.433333 0.466667 0.500000
0.533333 0.566667 0.600000</float_array><technique_common><accessor source="#jnt_right_lip-Matrix-animation-input-array" count="19"><param name="TIME" type="float"/></accessor></technique_common></source><source id="jnt_right_lip-Matrix-animation-output-transform"><float_array id="jnt_right_lip-Matrix-animation-output-transform-array" count="304">

0.214952 0.976392 -0.021336 0.052308 0.464600 -0.083016 0.881621 0.648315 0.859036 -0.199419 -0.471476 -0.218442 0.000000 0.000000 0.000000 1.000000
0.212274 0.996551 -0.020760 0.042933 0.466620 -0.084328 0.880586 0.642771 0.858607 -0.200550 -0.473432 -0.220532 0.000000 0.000000 0.000000 1.000000
0.205655 1.049679 -0.018986 0.020876 0.471048 -0.087933 0.878291 0.629543 0.857799 -0.203371 -0.477749 -0.225409 0.000000 0.000000 0.000000 1.000000
0.197192 1.124757 -0.015979 -0.004824 0.475449 -0.093362 0.875973 0.613825 0.857359 -0.206920 -0.482096 -0.230997 0.000000 0.000000 0.000000 1.000000
0.188902 1.210700 -0.011847 -0.025360 0.477403 -0.100225 0.874917 0.601050 0.858139 -0.210754 -0.484129 -0.235039 0.000000 0.000000 0.000000 1.000000
0.179164 1.297196 -0.002734 -0.029825 0.461393 -0.107553 0.883438 0.600635 0.868917 -0.210362 -0.468540 -0.227697 0.000000 0.000000 0.000000 1.000000
0.168498 1.373196 0.008341 -0.021909 0.431360 -0.113326 0.898505 0.609484 0.886305 -0.205907 -0.438883 -0.210565 0.000000 0.000000 0.000000 1.000000
0.163336 1.426401 0.013355 -0.014635 0.415002 -0.117096 0.906209 0.615621 0.895039 -0.206010 -0.422619 -0.200264 0.000000 0.000000 0.000000 1.000000
0.164597 1.445859 0.012653 -0.009163 0.416169 -0.118849 0.905666 0.618375 0.894266 -0.210812 -0.423803 -0.199768 0.000000 0.000000 0.000000 1.000000
0.168040 1.215382 0.010701 -0.002028 0.419364 -0.100250 0.904170 0.621865 0.892130 -0.181803 -0.427039 -0.200085 0.000000 0.000000 0.000000 1.000000
0.173149 0.984865 0.007713 0.005586 0.424132 -0.081630 0.901914 0.625525 0.888894 -0.152894 -0.431847 -0.201279 0.000000 0.000000 0.000000 1.000000
0.179401 0.983768 0.003900 0.012378 0.430013 -0.081983 0.899093 0.628722 0.884819 -0.159621 -0.437741 -0.203386 0.000000 0.000000 0.000000 1.000000
0.186287 0.982495 -0.000502 0.019986 0.436553 -0.082315 0.895905 0.632348 0.880181 -0.167115 -0.444245 -0.205872 0.000000 0.000000 0.000000 1.000000
0.193313 0.981123 -0.005224 0.027829 0.443298 -0.082592 0.892561 0.636135 0.875281 -0.174859 -0.450896 -0.208609 0.000000 0.000000 0.000000 1.000000
0.200010 0.979743 -0.009950 0.035360 0.449802 -0.082794 0.889282 0.639821 0.870445 -0.182341 -0.457250 -0.211418 0.000000 0.000000 0.000000 1.000000
0.205936 0.978461 -0.014323 0.042058 0.455622 -0.082921 0.886303 0.643144 0.866025 -0.189048 -0.462885 -0.214075 0.000000 0.000000 0.000000 1.000000
0.210672 0.977392 -0.017951 0.047433 0.460319 -0.082986 0.883866 0.645841 0.862394 -0.194470 -0.467395 -0.216319 0.000000 0.000000 0.000000 1.000000
0.213812 0.976661 -0.020425 0.051008 0.463457 -0.083011 0.882223 0.647653 0.859937 -0.198096 -0.470389 -0.217868 0.000000 0.000000 0.000000 1.000000
0.214952 0.976392 -0.021336 0.052308 0.464600 -0.083016 0.881621 0.648315 0.859036 -0.199419 -0.471476 -0.218442 0.000000 0.000000 0.000000 1.000000</float_array><technique_common><accessor source="#jnt_right_lip-Matrix-animation-output-transform-array" count="19" stride="16"><param type="float4x4"/></accessor></technique_common></source><source id="jnt_right_lip-Interpolations"><Name_array id="jnt_right_lip-Interpolations-array" count="19">
 LINEAR LINEAR LINEAR LINEAR LINEAR LINEAR LINEAR LINEAR LINEAR LINEAR LINEAR
LINEAR LINEAR LINEAR LINEAR LINEAR LINEAR LINEAR LINEAR</Name_array><technique_common><accessor source="#jnt_right_lip-Interpolations-array" count="19"><param type="name"/></accessor></technique_common></source><sampler id="jnt_right_lip-Matrix-animation-transform"><input semantic="INPUT" source="#jnt_right_lip-Matrix-animation-input"/><input semantic="OUTPUT" source="#jnt_right_lip-Matrix-animation-output-transform"/><input semantic="INTERPOLATION" source="#jnt_right_lip-Interpolations"/></sampler><channel source="#jnt_right_lip-Matrix-animation-transform" target="jnt_right_lip/matrix"/></animation></animation>
    <animation id="jnt_upper_lip-anim" name="jnt_upper_lip"><animation><source id="jnt_upper_lip-Matrix-animation-input"><float_array id="jnt_upper_lip-Matrix-animation-input-array" count="19">

0.000000 0.033333 0.066667 0.100000 0.133333 0.166667 0.200000 0.233333 0.266667 0.300000 0.333333 0.366667 0.400000 0.433333 0.466667 0.500000
0.533333 0.566667 0.600000</float_array><technique_common><accessor source="#jnt_upper_lip-Matrix-animation-input-array" count="19"><param name="TIME" type="float"/></accessor></technique_common></source><source id="jnt_upper_lip-Matrix-animation-output-transform"><float_array id="jnt_upper_lip-Matrix-animation-output-transform-array" count="304">

0.968289 -0.000000 -0.365267 0.061326 -0.000000 1.000000 -0.000001 0.670989 0.249833 0.000001 1.415684 -0.043158 0.000000 0.000000 0.000000 1.000000
0.968289 -0.000000 -0.365267 0.066083 -0.000000 1.000000 -0.000001 0.669676 0.249833 0.000001 1.415684 -0.058175 0.000000 0.000000 0.000000 1.000000
0.968289 -0.000000 -0.365267 0.076548 -0.000000 1.000000 -0.000001 0.666788 0.249833 0.000001 1.415684 -0.091215 0.000000 0.000000 0.000000 1.000000
0.968289 -0.000000 -0.365267 0.087013 -0.000000 1.000000 -0.000001 0.663900 0.249833 0.000001 1.415684 -0.124254 0.000000 0.000000 0.000000 1.000000
0.968289 -0.000000 -0.365267 0.091771 -0.000000 1.000000 -0.000001 0.662587 0.249833 0.000001 1.415684 -0.139272 0.000000 0.000000 0.000000 1.000000
0.968289 -0.000000 -0.365267 0.071279 -0.000000 1.000000 -0.000001 0.664730 0.249833 0.000001 1.415684 -0.131081 0.000000 0.000000 0.000000 1.000000
0.968289 -0.000000 -0.365267 0.026198 -0.000000 1.000000 -0.000001 0.669442 0.249833 0.000001 1.415684 -0.111608 0.000000 0.000000 0.000000 1.000000
0.968289 -0.000000 -0.365267 -0.018884 -0.000000 1.000000 -0.000001 0.674155 0.249833 0.000001 1.415684 -0.088500 0.000000 0.000000 0.000000 1.000000
0.968289 -0.000000 -0.365267 -0.039375 -0.000000 1.000000 -0.000001 0.676297 0.249833 0.000001 1.415684 -0.069407 0.000000 0.000000 0.000000 1.000000
0.968289 -0.000000 -0.365267 -0.007182 -0.000000 1.000000 -0.000001 0.674536 0.249833 0.000001 1.415684 -0.057159 0.000000 0.000000 0.000000 1.000000
0.968289 -0.000000 -0.365267 0.025012 -0.000000 1.000000 -0.000001 0.672436 0.249833 0.000001 1.415684 -0.052051 0.000000 0.000000 0.000000 1.000000
0.967486 -0.000468 -0.369789 0.024983 0.003695 0.999918 0.017959 0.671791 0.252899 -0.012819 1.414395 -0.051824 0.000000 0.000000 0.000000 1.000000
0.965371 -0.001309 -0.381414 0.024908 0.013422 0.998912 0.065290 0.671217 0.260534 -0.046612 1.409908 -0.051653 0.000000 0.000000 0.000000 1.000000
0.962417 -0.001550 -0.397051 0.024802 0.027094 0.995543 0.132076 0.670717 0.270221 -0.094299 1.400888 -0.051530 0.000000 0.000000 0.000000 1.000000
0.959131 -0.000500 -0.413704 0.024680 0.042544 0.988885 0.208288 0.670298 0.279746 -0.148679 1.386739 -0.051448 0.000000 0.000000 0.000000 1.000000
0.956011 0.001906 -0.428852 0.024559 0.057631 0.979268 0.283925 0.669963 0.287612 -0.202559 1.368595 -0.051398 0.000000 0.000000 0.000000 1.000000
0.953471 0.005054 -0.440722 0.024452 0.070393 0.968491 0.349276 0.669718 0.293151 -0.248999 1.349574 -0.051373 0.000000 0.000000 0.000000 1.000000
0.951796 0.007841 -0.448307 0.024377 0.079147 0.959542 0.395065 0.669568 0.296343 -0.281457 1.334363 -0.051363 0.000000 0.000000 0.000000 1.000000
0.951191 0.009015 -0.451001 0.024349 0.082400 0.955863 0.412328 0.669516 0.297400 -0.293674 1.328219 -0.051362 0.000000 0.000000 0.000000 1.000000</float_array><technique_common><accessor source="#jnt_upper_lip-Matrix-animation-output-transform-array" count="19" stride="16"><param type="float4x4"/></accessor></technique_common></source><source id="jnt_upper_lip-Interpolations"><Name_array id="jnt_upper_lip-Interpolations-array" count="19">
 LINEAR LINEAR LINEAR LINEAR LINEAR LINEAR LINEAR LINEAR LINEAR LINEAR LINEAR
LINEAR LINEAR LINEAR LINEAR LINEAR LINEAR LINEAR LINEAR</Name_array><technique_common><accessor source="#jnt_upper_lip-Interpolations-array" count="19"><param type="name"/></accessor></technique_common></source><sampler id="jnt_upper_lip-Matrix-animation-transform"><input semantic="INPUT" source="#jnt_upper_lip-Matrix-animation-input"/><input semantic="OUTPUT" source="#jnt_upper_lip-Matrix-animation-output-transform"/><input semantic="INTERPOLATION" source="#jnt_upper_lip-Interpolations"/></sampler><channel source="#jnt_upper_lip-Matrix-animation-transform" target="jnt_upper_lip/matrix"/></animation></animation>
    <animation id="jnt_left_lip-anim" name="jnt_left_lip"><animation><source id="jnt_left_lip-Matrix-animation-input"><float_array id="jnt_left_lip-Matrix-animation-input-array" count="19">

0.000000 0.033333 0.066667 0.100000 0.133333 0.166667 0.200000 0.233333 0.266667 0.300000 0.333333 0.366667 0.400000 0.433333 0.466667 0.500000
0.533333 0.566667 0.600000</float_array><technique_common><accessor source="#jnt_left_lip-Matrix-animation-input-array" count="19"><param name="TIME" type="float"/></accessor></technique_common></source><source id="jnt_left_lip-Matrix-animation-output-transform"><float_array id="jnt_left_lip-Matrix-animation-output-transform-array" count="304">

0.053817 0.998042 0.031859 -0.006917 -0.381297 -0.008948 0.924409 0.604850 0.922885 -0.061896 0.380070 0.148407 0.000000 0.000000 0.000000 1.000000
0.051633 1.042094 0.030110 -0.006590 -0.379266 -0.008655 0.925251 0.605762 0.923846 -0.061795 0.378160 0.146613 0.000000 0.000000 0.000000 1.000000
0.045967 1.158237 0.026011 -0.005710 -0.374786 -0.007999 0.927086 0.607856 0.925971 -0.060734 0.373946 0.142536 0.000000 0.000000 0.000000 1.000000
0.038157 1.322445 0.021246 -0.004450 -0.370295 -0.007429 0.928897 0.610202 0.928130 -0.057331 0.369728 0.138155 0.000000 0.000000 0.000000 1.000000
0.029597 1.510648 0.017342 -0.003122 -0.368262 -0.007901 0.929707 0.611935 0.929251 -0.051245 0.367890 0.135498 0.000000 0.000000 0.000000 1.000000
0.016260 1.698940 0.015472 -0.001753 -0.384858 -0.013636 0.922941 0.610538 0.922833 -0.035622 0.384630 0.144542 0.000000 0.000000 0.000000 1.000000
0.000831 1.863033 0.014145 -0.009334 -0.415355 -0.023331 0.909573 0.604967 0.909659 -0.012355 0.415303 0.162597 0.000000 0.000000 0.000000 1.000000
-0.006361 1.978901 0.013292 -0.024416 -0.431602 -0.029164 0.901944 0.600307 0.902042 -0.000000 0.431648 0.172367 0.000000 0.000000 0.000000 1.000000
-0.005008 2.022857 0.013833 -0.032349 -0.430442 -0.029620 0.902500 0.599609 0.902605 -0.002903 0.430468 0.171947 0.000000 0.000000 0.000000 1.000000
-0.001284 1.511360 0.015288 -0.030115 -0.427258 -0.021722 0.904016 0.603392 0.904129 -0.008118 0.427226 0.163356 0.000000 0.000000 0.000000 1.000000
0.004313 0.999839 0.017391 -0.026749 -0.422493 -0.013941 0.906259 0.607361 0.906356 -0.011257 0.422365 0.153809 0.000000 0.000000 0.000000 1.000000
0.011290 0.999739 0.019872 -0.023793 -0.416590 -0.013364 0.908996 0.607896 0.909024 -0.018541 0.416330 0.151196 0.000000 0.000000 0.000000 1.000000
0.019136 0.999564 0.022483 -0.020539 -0.409993 -0.012665 0.912001 0.607894 0.911888 -0.026670 0.409572 0.149478 0.000000 0.000000 0.000000 1.000000
0.027327 0.999314 0.025010 -0.017220 -0.403151 -0.011877 0.915056 0.607510 0.914725 -0.035089 0.402550 0.148476 0.000000 0.000000 0.000000 1.000000
0.035316 0.999004 0.027285 -0.014050 -0.396519 -0.011054 0.917960 0.606894 0.917347 -0.043238 0.395734 0.148020 0.000000 0.000000 0.000000 1.000000
0.042539 0.998668 0.029185 -0.011235 -0.390555 -0.010265 0.920522 0.606187 0.919596 -0.050556 0.389598 0.147946 0.000000 0.000000 0.000000 1.000000
0.048419 0.998358 0.030623 -0.008974 -0.385720 -0.009591 0.922566 0.605527 0.921344 -0.056481 0.384623 0.148093 0.000000 0.000000 0.000000 1.000000
0.052372 0.998130 0.031535 -0.007467 -0.382480 -0.009122 0.923919 0.605040 0.922478 -0.060449 0.381287 0.148300 0.000000 0.000000 0.000000 1.000000
0.053817 0.998042 0.031859 -0.006917 -0.381297 -0.008948 0.924409 0.604850 0.922885 -0.061896 0.380070 0.148407 0.000000 0.000000 0.000000 1.000000</float_array><technique_common><accessor source="#jnt_left_lip-Matrix-animation-output-transform-array" count="19" stride="16"><param type="float4x4"/></accessor></technique_common></source><source id="jnt_left_lip-Interpolations"><Name_array id="jnt_left_lip-Interpolations-array" count="19">
 LINEAR LINEAR LINEAR LINEAR LINEAR LINEAR LINEAR LINEAR LINEAR LINEAR LINEAR
LINEAR LINEAR LINEAR LINEAR LINEAR LINEAR LINEAR LINEAR</Name_array><technique_common><accessor source="#jnt_left_lip-Interpolations-array" count="19"><param type="name"/></accessor></technique_common></source><sampler id="jnt_left_lip-Matrix-animation-transform"><input semantic="INPUT" source="#jnt_left_lip-Matrix-animation-input"/><input semantic="OUTPUT" source="#jnt_left_lip-Matrix-animation-output-transform"/><input semantic="INTERPOLATION" source="#jnt_left_lip-Interpolations"/></sampler><channel source="#jnt_left_lip-Matrix-animation-transform" target="jnt_left_lip/matrix"/></animation></animation>
    <animation id="jnt_jaw-anim" name="jnt_jaw"><animation><source id="jnt_jaw-Matrix-animation-input"><float_array id="jnt_jaw-Matrix-animation-input-array" count="19">

0.000000 0.033333 0.066667 0.100000 0.133333 0.166667 0.200000 0.233333 0.266667 0.300000 0.333333 0.366667 0.400000 0.433333 0.466667 0.500000
0.533333 0.566667 0.600000</float_array><technique_common><accessor source="#jnt_jaw-Matrix-animation-input-array" count="19"><param name="TIME" type="float"/></accessor></technique_common></source><source id="jnt_jaw-Matrix-animation-output-transform"><float_array id="jnt_jaw-Matrix-animation-output-transform-array" count="304">

0.992184 0.007538 0.124559 -0.022940 -0.021273 0.993780 0.109313 0.090803 -0.122961 -0.111108 0.986172 0.000000 0.000000 0.000000 0.000000 1.000000
0.992861 0.006294 0.119113 -0.022940 -0.019943 0.993309 0.113753 0.090803 -0.117600 -0.115317 0.986343 0.000000 0.000000 0.000000 0.000000 1.000000
0.994426 0.003944 0.105359 -0.022940 -0.017021 0.992197 0.123513 0.090803 -0.104050 -0.124618 0.986734 0.000000 0.000000 0.000000 0.000000 1.000000
0.996190 0.002456 0.087179 -0.022940 -0.014105 0.990981 0.133261 0.090803 -0.086066 -0.133983 0.987239 0.000000 0.000000 0.000000 0.000000 1.000000
0.997649 0.003360 0.068442 -0.022940 -0.012781 0.990393 0.137688 0.090803 -0.067322 -0.138239 0.988108 0.000000 0.000000 0.000000 0.000000 1.000000
0.998993 0.012768 0.043010 -0.022940 -0.017109 0.994623 0.102138 0.090803 -0.041474 -0.102771 0.993840 0.000000 0.000000 0.000000 0.000000 1.000000
0.999598 0.024673 0.013931 -0.022940 -0.025158 0.999042 0.035803 0.090803 -0.013035 -0.036139 0.999262 0.000000 0.000000 0.000000 0.000000 1.000000
0.999566 0.029468 -0.000000 -0.022940 -0.029468 0.999566 0.000000 0.090803 0.000000 -0.000000 1.000000 0.000000 0.000000 0.000000 0.000000 1.000000
0.999567 0.029273 0.002926 -0.022940 -0.029280 0.999568 0.002551 0.090803 -0.002850 -0.002636 0.999992 0.000000 0.000000 0.000000 0.000000 1.000000
0.999529 0.028659 0.010949 -0.022940 -0.028764 0.999541 0.009546 0.090803 -0.010671 -0.009856 0.999894 0.000000 0.000000 0.000000 0.000000 1.000000
0.999358 0.027530 0.022932 -0.022940 -0.027990 0.999408 0.019996 0.090803 -0.022367 -0.020625 0.999537 0.000000 0.000000 0.000000 0.000000 1.000000
0.998955 0.025783 0.037729 -0.022940 -0.027030 0.999093 0.032911 0.090803 -0.036846 -0.033897 0.998746 0.000000 0.000000 0.000000 0.000000 1.000000
0.998257 0.023380 0.054190 -0.022940 -0.025954 0.998543 0.047301 0.090803 -0.053005 -0.048625 0.997410 0.000000 0.000000 0.000000 0.000000 1.000000
0.997256 0.020391 0.071165 -0.022940 -0.024838 0.997756 0.062173 0.090803 -0.069737 -0.063770 0.995525 0.000000 0.000000 0.000000 0.000000 1.000000
0.996018 0.017018 0.087512 -0.022940 -0.023756 0.996783 0.076540 0.090803 -0.085928 -0.078314 0.993219 0.000000 0.000000 0.000000 0.000000 1.000000
0.994680 0.013589 0.102111 -0.022940 -0.022783 0.995734 0.089415 0.090803 -0.100461 -0.091266 0.990746 0.000000 0.000000 0.000000 0.000000 1.000000
0.993440 0.010539 0.113868 -0.022940 -0.021994 0.994762 0.099819 0.090803 -0.112219 -0.101669 0.988469 0.000000 0.000000 0.000000 0.000000 1.000000
0.992531 0.008360 0.121707 -0.022940 -0.021466 0.994051 0.106777 0.090803 -0.120090 -0.108592 0.986806 0.000000 0.000000 0.000000 0.000000 1.000000
0.992184 0.007538 0.124559 -0.022940 -0.021273 0.993780 0.109313 0.090803 -0.122961 -0.111108 0.986172 0.000000 0.000000 0.000000 0.000000 1.000000</float_array><technique_common><accessor source="#jnt_jaw-Matrix-animation-output-transform-array" count="19" stride="16"><param type="float4x4"/></accessor></technique_common></source><source id="jnt_jaw-Interpolations"><Name_array id="jnt_jaw-Interpolations-array" count="19">
 LINEAR LINEAR LINEAR LINEAR LINEAR LINEAR LINEAR LINEAR LINEAR LINEAR LINEAR
LINEAR LINEAR LINEAR LINEAR LINEAR LINEAR LINEAR LINEAR</Name_array><technique_common><accessor source="#jnt_jaw-Interpolations-array" count="19"><param type="name"/></accessor></technique_common></source><sampler id="jnt_jaw-Matrix-animation-transform"><input semantic="INPUT" source="#jnt_jaw-Matrix-animation-input"/><input semantic="OUTPUT" source="#jnt_jaw-Matrix-animation-output-transform"/><input semantic="INTERPOLATION" source="#jnt_jaw-Interpolations"/></sampler><channel source="#jnt_jaw-Matrix-animation-transform" target="jnt_jaw/matrix"/></animation></animation>
    <animation id="jnt_lowerlip-anim" name="jnt_lowerlip"><animation><source id="jnt_lowerlip-Matrix-animation-input"><float_array id="jnt_lowerlip-Matrix-animation-input-array" count="19">

0.000000 0.033333 0.066667 0.100000 0.133333 0.166667 0.200000 0.233333 0.266667 0.300000 0.333333 0.366667 0.400000 0.433333 0.466667 0.500000
0.533333 0.566667 0.600000</float_array><technique_common><accessor source="#jnt_lowerlip-Matrix-animation-input-array" count="19"><param name="TIME" type="float"/></accessor></technique_common></source><source id="jnt_lowerlip-Matrix-animation-output-transform"><float_array id="jnt_lowerlip-Matrix-animation-output-transform-array" count="304">

0.999852 -0.013321 -0.010863 -0.078633 0.013103 0.999717 -0.019870 0.552875 0.011124 0.019725 0.999744 0.011638 0.000000 0.000000 0.000000 1.000000
0.999829 -0.013320 -0.012844 -0.081050 0.013063 0.999717 -0.019895 0.552843 0.013105 0.019724 0.999720 0.011611 0.000000 0.000000 0.000000 1.000000
0.999748 -0.013319 -0.018067 -0.086815 0.012958 0.999717 -0.019961 0.552768 0.018327 0.019722 0.999638 0.011547 0.000000 0.000000 0.000000 1.000000
0.999587 -0.013318 -0.025450 -0.093695 0.012809 0.999717 -0.020055 0.552677 0.025710 0.019720 0.999475 0.011470 0.000000 0.000000 0.000000 1.000000
0.999336 -0.013317 -0.033912 -0.099459 0.012638 0.999717 -0.020162 0.552602 0.034171 0.019720 0.999221 0.011406 0.000000 0.000000 0.000000 1.000000
0.999013 -0.013318 -0.042371 -0.101877 0.012468 0.999717 -0.020269 0.552570 0.042629 0.019721 0.998896 0.011379 0.000000 0.000000 0.000000 1.000000
0.998673 -0.013319 -0.049748 -0.097606 0.012319 0.999717 -0.020362 0.552626 0.050005 0.019722 0.998554 0.011427 0.000000 0.000000 0.000000 1.000000
0.998399 -0.013320 -0.054964 -0.089674 0.012213 0.999717 -0.020428 0.552730 0.055221 0.019724 0.998279 0.011515 0.000000 0.000000 0.000000 1.000000
0.998289 -0.013321 -0.056942 -0.085403 0.012173 0.999717 -0.020453 0.552786 0.057199 0.019725 0.998168 0.011563 0.000000 0.000000 0.000000 1.000000
0.999336 -0.013317 -0.033912 -0.087965 0.012638 0.999717 -0.020162 0.552739 0.034171 0.019720 0.999221 0.011550 0.000000 0.000000 0.000000 1.000000
0.999852 -0.013321 -0.010863 -0.094355 0.013103 0.999717 -0.019870 0.552669 0.011124 0.019725 0.999744 0.011463 0.000000 0.000000 0.000000 1.000000
0.999852 -0.013321 -0.010863 -0.103122 0.013103 0.999717 -0.019870 0.552616 0.011124 0.019725 0.999744 0.010176 0.000000 0.000000 0.000000 1.000000
0.999852 -0.013321 -0.010863 -0.113531 0.013103 0.999717 -0.019870 0.552558 0.011124 0.019725 0.999744 0.007032 0.000000 0.000000 0.000000 1.000000
0.999852 -0.013321 -0.010863 -0.124717 0.013103 0.999717 -0.019870 0.552498 0.011124 0.019725 0.999744 0.002656 0.000000 0.000000 0.000000 1.000000
0.999852 -0.013321 -0.010863 -0.135814 0.013103 0.999717 -0.019870 0.552439 0.011124 0.019725 0.999744 -0.002327 0.000000 0.000000 0.000000 1.000000
0.999852 -0.013321 -0.010863 -0.145953 0.013103 0.999717 -0.019870 0.552387 0.011124 0.019725 0.999744 -0.007291 0.000000 0.000000 0.000000 1.000000
0.999852 -0.013321 -0.010863 -0.154268 0.013103 0.999717 -0.019870 0.552345 0.011124 0.019725 0.999744 -0.011611 0.000000 0.000000 0.000000 1.000000
0.999852 -0.013321 -0.010863 -0.159893 0.013103 0.999717 -0.019870 0.552316 0.011124 0.019725 0.999744 -0.014662 0.000000 0.000000 0.000000 1.000000
0.999852 -0.013321 -0.010863 -0.161960 0.013103 0.999717 -0.019870 0.552306 0.011124 0.019725 0.999744 -0.015818 0.000000 0.000000 0.000000 1.000000</float_array><technique_common><accessor source="#jnt_lowerlip-Matrix-animation-output-transform-array" count="19" stride="16"><param type="float4x4"/></accessor></technique_common></source><source id="jnt_lowerlip-Interpolations"><Name_array id="jnt_lowerlip-Interpolations-array" count="19">
 LINEAR LINEAR LINEAR LINEAR LINEAR LINEAR LINEAR LINEAR LINEAR LINEAR LINEAR
LINEAR LINEAR LINEAR LINEAR LINEAR LINEAR LINEAR LINEAR</Name_array><technique_common><accessor source="#jnt_lowerlip-Interpolations-array" count="19"><param type="name"/></accessor></technique_common></source><sampler id="jnt_lowerlip-Matrix-animation-transform"><input semantic="INPUT" source="#jnt_lowerlip-Matrix-animation-input"/><input semantic="OUTPUT" source="#jnt_lowerlip-Matrix-animation-output-transform"/><input semantic="INTERPOLATION" source="#jnt_lowerlip-Interpolations"/></sampler><channel source="#jnt_lowerlip-Matrix-animation-transform" target="jnt_lowerlip/matrix"/></animation></animation>
    <animation id="jnt_tounge-anim" name="jnt_tounge"><animation><source id="jnt_tounge-Matrix-animation-input"><float_array id="jnt_tounge-Matrix-animation-input-array" count="19">

0.000000 0.033333 0.066667 0.100000 0.133333 0.166667 0.200000 0.233333 0.266667 0.300000 0.333333 0.366667 0.400000 0.433333 0.466667 0.500000
0.533333 0.566667 0.600000</float_array><technique_common><accessor source="#jnt_tounge-Matrix-animation-input-array" count="19"><param name="TIME" type="float"/></accessor></technique_common></source><source id="jnt_tounge-Matrix-animation-output-transform"><float_array id="jnt_tounge-Matrix-animation-output-transform-array" count="304">

0.992184 -0.021273 -0.122961 -0.040725 0.007538 0.993780 -0.111108 0.252738 0.124559 0.109313 0.986172 0.023397 0.000000 0.000000 0.000000 1.000000
0.992861 -0.019943 -0.117600 -0.040411 0.006294 0.993309 -0.115317 0.252662 0.119113 0.113753 0.986343 0.024722 0.000000 0.000000 0.000000 1.000000
0.994426 -0.017021 -0.104050 -0.039723 0.003944 0.992197 -0.124618 0.252463 0.105359 0.123513 0.986734 0.027696 0.000000 0.000000 0.000000 1.000000
0.996190 -0.014105 -0.086066 -0.039043 0.002456 0.990981 -0.133983 0.252206 0.087179 0.133261 0.987239 0.030825 0.000000 0.000000 0.000000 1.000000
0.997649 -0.012781 -0.067322 -0.038758 0.003360 0.990393 -0.138239 0.252024 0.068442 0.137688 0.988108 0.032618 0.000000 0.000000 0.000000 1.000000
0.998993 -0.017109 -0.041474 -0.039908 0.012768 0.994623 -0.102771 0.252766 0.043010 0.102138 0.993840 0.024473 0.000000 0.000000 0.000000 1.000000
0.999598 -0.025158 -0.013035 -0.041978 0.024673 0.999042 -0.036139 0.253468 0.013931 0.035803 0.999262 0.008619 0.000000 0.000000 0.000000 1.000000
0.999566 -0.029468 -0.000000 -0.043075 0.029468 0.999566 -0.000000 0.253430 0.000000 0.000000 1.000000 0.000000 0.000000 0.000000 0.000000 1.000000
0.999567 -0.029280 -0.002850 -0.043027 0.029273 0.999568 -0.002636 0.253438 0.002926 0.002551 0.999992 0.000545 0.000000 0.000000 0.000000 1.000000
0.999529 -0.028764 -0.010671 -0.042894 0.028659 0.999541 -0.009856 0.253453 0.010949 0.009546 0.999894 0.002041 0.000000 0.000000 0.000000 1.000000
0.999358 -0.027990 -0.022367 -0.042691 0.027530 0.999408 -0.020625 0.253459 0.022932 0.019996 0.999537 0.004275 0.000000 0.000000 0.000000 1.000000
0.998955 -0.027030 -0.036846 -0.042432 0.025783 0.999093 -0.033897 0.253441 0.037729 0.032911 0.998746 0.007036 0.000000 0.000000 0.000000 1.000000
0.998257 -0.025954 -0.053005 -0.042133 0.023380 0.998543 -0.048625 0.253387 0.054190 0.047301 0.997410 0.010114 0.000000 0.000000 0.000000 1.000000
0.997256 -0.024838 -0.069737 -0.041814 0.020391 0.997756 -0.063770 0.253293 0.071165 0.062173 0.995525 0.013296 0.000000 0.000000 0.000000 1.000000
0.996018 -0.023756 -0.085928 -0.041494 0.017018 0.996783 -0.078314 0.253165 0.087512 0.076540 0.993219 0.016372 0.000000 0.000000 0.000000 1.000000
0.994680 -0.022783 -0.100461 -0.041199 0.013589 0.995734 -0.091266 0.253020 0.102111 0.089415 0.990746 0.019130 0.000000 0.000000 0.000000 1.000000
0.993440 -0.021994 -0.112219 -0.040954 0.010539 0.994762 -0.101669 0.252881 0.113868 0.099819 0.988469 0.021361 0.000000 0.000000 0.000000 1.000000
0.992531 -0.021466 -0.120090 -0.040787 0.008360 0.994051 -0.108592 0.252778 0.121707 0.106777 0.986806 0.022853 0.000000 0.000000 0.000000 1.000000
0.992184 -0.021273 -0.122961 -0.040725 0.007538 0.993780 -0.111108 0.252738 0.124559 0.109313 0.986172 0.023397 0.000000 0.000000 0.000000 1.000000</float_array><technique_common><accessor source="#jnt_tounge-Matrix-animation-output-transform-array" count="19" stride="16"><param type="float4x4"/></accessor></technique_common></source><source id="jnt_tounge-Interpolations"><Name_array id="jnt_tounge-Interpolations-array" count="19">
 LINEAR LINEAR LINEAR LINEAR LINEAR LINEAR LINEAR LINEAR LINEAR LINEAR LINEAR
LINEAR LINEAR LINEAR LINEAR LINEAR LINEAR LINEAR LINEAR</Name_array><technique_common><accessor source="#jnt_tounge-Interpolations-array" count="19"><param type="name"/></accessor></technique_common></source><sampler id="jnt_tounge-Matrix-animation-transform"><input semantic="INPUT" source="#jnt_tounge-Matrix-animation-input"/><input semantic="OUTPUT" source="#jnt_tounge-Matrix-animation-output-transform"/><input semantic="INTERPOLATION" source="#jnt_tounge-Interpolations"/></sampler><channel source="#jnt_tounge-Matrix-animation-transform" target="jnt_tounge/matrix"/></animation></animation>
    <animation id="jnt_left_eyebow1-anim" name="jnt_left_eyebow1"><animation><source id="jnt_left_eyebow1-Matrix-animation-input"><float_array id="jnt_left_eyebow1-Matrix-animation-input-array" count="19">

0.000000 0.033333 0.066667 0.100000 0.133333 0.166667 0.200000 0.233333 0.266667 0.300000 0.333333 0.366667 0.400000 0.433333 0.466667 0.500000
0.533333 0.566667 0.600000</float_array><technique_common><accessor source="#jnt_left_eyebow1-Matrix-animation-input-array" count="19"><param name="TIME" type="float"/></accessor></technique_common></source><source id="jnt_left_eyebow1-Matrix-animation-output-transform"><float_array id="jnt_left_eyebow1-Matrix-animation-output-transform-array" count="304">

0.000000 1.000000 -0.000000 0.466038 -0.000000 0.000000 1.000000 0.623155 1.000000 -0.000000 0.000000 0.062174 0.000000 0.000000 0.000000 1.000000
0.000000 1.000000 -0.000000 0.466038 -0.000000 0.000000 1.000000 0.623155 1.000000 -0.000000 0.000000 0.062174 0.000000 0.000000 0.000000 1.000000
0.000000 1.000000 -0.000000 0.466038 -0.000000 0.000000 1.000000 0.623155 1.000000 -0.000000 0.000000 0.062174 0.000000 0.000000 0.000000 1.000000
0.000000 1.000000 -0.000000 0.466038 -0.000000 0.000000 1.000000 0.623155 1.000000 -0.000000 0.000000 0.062174 0.000000 0.000000 0.000000 1.000000
0.000000 1.000000 -0.000000 0.466038 -0.000000 0.000000 1.000000 0.623155 1.000000 -0.000000 0.000000 0.062174 0.000000 0.000000 0.000000 1.000000
0.000000 1.000000 -0.000000 0.466038 -0.000000 0.000000 1.000000 0.623155 1.000000 -0.000000 0.000000 0.062174 0.000000 0.000000 0.000000 1.000000
0.000000 1.000000 -0.000000 0.466038 -0.000000 0.000000 1.000000 0.623155 1.000000 -0.000000 0.000000 0.062174 0.000000 0.000000 0.000000 1.000000
0.000000 1.000000 -0.000000 0.466038 -0.000000 0.000000 1.000000 0.623155 1.000000 -0.000000 0.000000 0.062174 0.000000 0.000000 0.000000 1.000000
0.000000 1.000000 -0.000000 0.466038 -0.000000 0.000000 1.000000 0.623155 1.000000 -0.000000 0.000000 0.062174 0.000000 0.000000 0.000000 1.000000
0.000000 1.000000 -0.000000 0.466038 -0.000000 0.000000 1.000000 0.623155 1.000000 -0.000000 0.000000 0.062174 0.000000 0.000000 0.000000 1.000000
0.000000 1.000000 -0.000000 0.466038 -0.000000 0.000000 1.000000 0.623155 1.000000 -0.000000 0.000000 0.062174 0.000000 0.000000 0.000000 1.000000
0.000000 1.000000 -0.000000 0.466038 -0.000000 0.000000 1.000000 0.623155 1.000000 -0.000000 0.000000 0.062174 0.000000 0.000000 0.000000 1.000000
0.000000 1.000000 -0.000000 0.466038 -0.000000 0.000000 1.000000 0.623155 1.000000 -0.000000 0.000000 0.062174 0.000000 0.000000 0.000000 1.000000
0.000000 1.000000 -0.000000 0.466038 -0.000000 0.000000 1.000000 0.623155 1.000000 -0.000000 0.000000 0.062174 0.000000 0.000000 0.000000 1.000000
0.000000 1.000000 -0.000000 0.466038 -0.000000 0.000000 1.000000 0.623155 1.000000 -0.000000 0.000000 0.062174 0.000000 0.000000 0.000000 1.000000
0.000000 1.000000 -0.000000 0.466038 -0.000000 0.000000 1.000000 0.623155 1.000000 -0.000000 0.000000 0.062174 0.000000 0.000000 0.000000 1.000000
0.000000 1.000000 -0.000000 0.466038 -0.000000 0.000000 1.000000 0.623155 1.000000 -0.000000 0.000000 0.062174 0.000000 0.000000 0.000000 1.000000
0.000000 1.000000 -0.000000 0.466038 -0.000000 0.000000 1.000000 0.623155 1.000000 -0.000000 0.000000 0.062174 0.000000 0.000000 0.000000 1.000000
0.000000 1.000000 -0.000000 0.466038 -0.000000 0.000000 1.000000 0.623155 1.000000 -0.000000 0.000000 0.062174 0.000000 0.000000 0.000000 1.000000</float_array><technique_common><accessor source="#jnt_left_eyebow1-Matrix-animation-output-transform-array" count="19" stride="16"><param type="float4x4"/></accessor></technique_common></source><source id="jnt_left_eyebow1-Interpolations"><Name_array id="jnt_left_eyebow1-Interpolations-array" count="19">
 LINEAR LINEAR LINEAR LINEAR LINEAR LINEAR LINEAR LINEAR LINEAR LINEAR LINEAR
LINEAR LINEAR LINEAR LINEAR LINEAR LINEAR LINEAR LINEAR</Name_array><technique_common><accessor source="#jnt_left_eyebow1-Interpolations-array" count="19"><param type="name"/></accessor></technique_common></source><sampler id="jnt_left_eyebow1-Matrix-animation-transform"><input semantic="INPUT" source="#jnt_left_eyebow1-Matrix-animation-input"/><input semantic="OUTPUT" source="#jnt_left_eyebow1-Matrix-animation-output-transform"/><input semantic="INTERPOLATION" source="#jnt_left_eyebow1-Interpolations"/></sampler><channel source="#jnt_left_eyebow1-Matrix-animation-transform" target="jnt_left_eyebow1/matrix"/></animation></animation>
    <animation id="jnt_left_eyebow2-anim" name="jnt_left_eyebow2"><animation><source id="jnt_left_eyebow2-Matrix-animation-input"><float_array id="jnt_left_eyebow2-Matrix-animation-input-array" count="19">

0.000000 0.033333 0.066667 0.100000 0.133333 0.166667 0.200000 0.233333 0.266667 0.300000 0.333333 0.366667 0.400000 0.433333 0.466667 0.500000
0.533333 0.566667 0.600000</float_array><technique_common><accessor source="#jnt_left_eyebow2-Matrix-animation-input-array" count="19"><param name="TIME" type="float"/></accessor></technique_common></source><source id="jnt_left_eyebow2-Matrix-animation-output-transform"><float_array id="jnt_left_eyebow2-Matrix-animation-output-transform-array" count="304">

0.000000 1.000000 0.000000 0.547951 -0.557687 -0.000000 0.830051 0.532746 0.830051 -0.000000 0.557687 0.290242 0.000000 0.000000 0.000000 1.000000
0.000000 1.000000 -0.000000 0.547951 -0.557687 0.000000 0.830051 0.532746 0.830051 0.000000 0.557687 0.290242 0.000000 0.000000 0.000000 1.000000
0.000000 1.000000 0.000000 0.547951 -0.557687 -0.000000 0.830051 0.532746 0.830051 -0.000000 0.557687 0.290242 0.000000 0.000000 0.000000 1.000000
0.000000 1.000000 -0.000000 0.547951 -0.557687 0.000000 0.830051 0.532746 0.830051 -0.000000 0.557687 0.290242 0.000000 0.000000 0.000000 1.000000
0.000000 1.000000 -0.000000 0.547951 -0.557687 0.000000 0.830051 0.532746 0.830051 -0.000000 0.557687 0.290242 0.000000 0.000000 0.000000 1.000000
0.000000 1.000000 -0.000000 0.547951 -0.557687 0.000000 0.830051 0.532746 0.830051 0.000000 0.557687 0.290242 0.000000 0.000000 0.000000 1.000000
0.000000 1.000000 -0.000000 0.547951 -0.557687 0.000000 0.830051 0.532746 0.830051 0.000000 0.557687 0.290242 0.000000 0.000000 0.000000 1.000000
0.000000 1.000000 0.000000 0.547951 -0.557687 -0.000000 0.830051 0.532746 0.830051 -0.000000 0.557687 0.290242 0.000000 0.000000 0.000000 1.000000
0.000000 1.000000 -0.000000 0.547951 -0.557687 0.000000 0.830051 0.532746 0.830051 0.000000 0.557687 0.290242 0.000000 0.000000 0.000000 1.000000
0.000000 1.000000 -0.000000 0.547951 -0.557687 0.000000 0.830051 0.532746 0.830051 0.000000 0.557687 0.290242 0.000000 0.000000 0.000000 1.000000
0.000000 1.000000 -0.000000 0.547951 -0.557687 0.000000 0.830051 0.532746 0.830051 0.000000 0.557687 0.290242 0.000000 0.000000 0.000000 1.000000
0.000000 1.000000 0.000000 0.547951 -0.557687 -0.000000 0.830051 0.532746 0.830051 -0.000000 0.557687 0.290242 0.000000 0.000000 0.000000 1.000000
0.000000 1.000000 -0.000000 0.547951 -0.557687 0.000000 0.830051 0.532746 0.830051 -0.000000 0.557687 0.290242 0.000000 0.000000 0.000000 1.000000
0.000000 1.000000 -0.000000 0.547951 -0.557687 0.000000 0.830051 0.532746 0.830051 0.000000 0.557687 0.290242 0.000000 0.000000 0.000000 1.000000
0.000000 1.000000 0.000000 0.547951 -0.557687 -0.000000 0.830051 0.532746 0.830051 -0.000000 0.557687 0.290242 0.000000 0.000000 0.000000 1.000000
0.000000 1.000000 -0.000000 0.547951 -0.557687 0.000000 0.830051 0.532746 0.830051 0.000000 0.557687 0.290242 0.000000 0.000000 0.000000 1.000000
0.000000 1.000000 0.000000 0.547951 -0.557687 0.000000 0.830051 0.532746 0.830051 -0.000000 0.557687 0.290242 0.000000 0.000000 0.000000 1.000000
0.000000 1.000000 -0.000000 0.547951 -0.557687 0.000000 0.830051 0.532746 0.830051 -0.000000 0.557687 0.290242 0.000000 0.000000 0.000000 1.000000
0.000000 1.000000 -0.000000 0.547951 -0.557687 0.000000 0.830051 0.532746 0.830051 -0.000000 0.557687 0.290242 0.000000 0.000000 0.000000 1.000000</float_array><technique_common><accessor source="#jnt_left_eyebow2-Matrix-animation-output-transform-array" count="19" stride="16"><param type="float4x4"/></accessor></technique_common></source><source id="jnt_left_eyebow2-Interpolations"><Name_array id="jnt_left_eyebow2-Interpolations-array" count="19">
 LINEAR LINEAR LINEAR LINEAR LINEAR LINEAR LINEAR LINEAR LINEAR LINEAR LINEAR
LINEAR LINEAR LINEAR LINEAR LINEAR LINEAR LINEAR LINEAR</Name_array><technique_common><accessor source="#jnt_left_eyebow2-Interpolations-array" count="19"><param type="name"/></accessor></technique_common></source><sampler id="jnt_left_eyebow2-Matrix-animation-transform"><input semantic="INPUT" source="#jnt_left_eyebow2-Matrix-animation-input"/><input semantic="OUTPUT" source="#jnt_left_eyebow2-Matrix-animation-output-transform"/><input semantic="INTERPOLATION" source="#jnt_left_eyebow2-Interpolations"/></sampler><channel source="#jnt_left_eyebow2-Matrix-animation-transform" target="jnt_left_eyebow2/matrix"/></animation></animation>
    <animation id="jnt_left_eyebow3-anim" name="jnt_left_eyebow3"><animation><source id="jnt_left_eyebow3-Matrix-animation-input"><float_array id="jnt_left_eyebow3-Matrix-animation-input-array" count="19">

0.000000 0.033333 0.066667 0.100000 0.133333 0.166667 0.200000 0.233333 0.266667 0.300000 0.333333 0.366667 0.400000 0.433333 0.466667 0.500000
0.533333 0.566667 0.600000</float_array><technique_common><accessor source="#jnt_left_eyebow3-Matrix-animation-input-array" count="19"><param name="TIME" type="float"/></accessor></technique_common></source><source id="jnt_left_eyebow3-Matrix-animation-output-transform"><float_array id="jnt_left_eyebow3-Matrix-animation-output-transform-array" count="304">

0.000000 1.000000 0.000000 0.587129 -0.791789 0.000000 0.610795 0.412864 0.610795 -0.000000 0.791789 0.414657 0.000000 0.000000 0.000000 1.000000
0.000000 1.000000 0.000000 0.587129 -0.791789 0.000000 0.610795 0.412864 0.610795 -0.000000 0.791789 0.414657 0.000000 0.000000 0.000000 1.000000
0.000000 1.000000 0.000000 0.587129 -0.791789 0.000000 0.610795 0.412864 0.610795 -0.000000 0.791789 0.414657 0.000000 0.000000 0.000000 1.000000
0.000000 1.000000 0.000000 0.587129 -0.791789 0.000000 0.610795 0.412864 0.610795 -0.000000 0.791789 0.414657 0.000000 0.000000 0.000000 1.000000
0.000000 1.000000 0.000000 0.587129 -0.791789 0.000000 0.610795 0.412864 0.610795 -0.000000 0.791789 0.414657 0.000000 0.000000 0.000000 1.000000
0.000000 1.000000 -0.000000 0.587129 -0.791789 0.000000 0.610795 0.412864 0.610795 -0.000000 0.791789 0.414657 0.000000 0.000000 0.000000 1.000000
0.000000 1.000000 -0.000000 0.587129 -0.791789 0.000000 0.610795 0.412864 0.610795 -0.000000 0.791789 0.414657 0.000000 0.000000 0.000000 1.000000
0.000000 1.000000 0.000000 0.587129 -0.791789 0.000000 0.610795 0.412864 0.610795 -0.000000 0.791789 0.414657 0.000000 0.000000 0.000000 1.000000
0.000000 1.000000 -0.000000 0.587129 -0.791789 0.000000 0.610795 0.412864 0.610795 0.000000 0.791789 0.414657 0.000000 0.000000 0.000000 1.000000
0.000000 1.000000 0.000000 0.587129 -0.791789 -0.000000 0.610795 0.412864 0.610795 -0.000000 0.791789 0.414657 0.000000 0.000000 0.000000 1.000000
0.000000 1.000000 0.000000 0.587129 -0.791789 0.000000 0.610795 0.412864 0.610795 -0.000000 0.791789 0.414657 0.000000 0.000000 0.000000 1.000000
0.000000 1.000000 0.000000 0.587129 -0.791789 0.000000 0.610795 0.412864 0.610795 -0.000000 0.791789 0.414657 0.000000 0.000000 0.000000 1.000000
0.000000 1.000000 0.000000 0.587129 -0.791789 0.000000 0.610795 0.412864 0.610795 -0.000000 0.791789 0.414657 0.000000 0.000000 0.000000 1.000000
0.000000 1.000000 0.000000 0.587129 -0.791789 0.000000 0.610795 0.412864 0.610795 -0.000000 0.791789 0.414657 0.000000 0.000000 0.000000 1.000000
0.000000 1.000000 0.000000 0.587129 -0.791789 0.000000 0.610795 0.412864 0.610795 -0.000000 0.791789 0.414657 0.000000 0.000000 0.000000 1.000000
0.000000 1.000000 0.000000 0.587129 -0.791789 -0.000000 0.610795 0.412864 0.610795 -0.000000 0.791789 0.414657 0.000000 0.000000 0.000000 1.000000
0.000000 1.000000 -0.000000 0.587129 -0.791789 0.000000 0.610795 0.412864 0.610795 -0.000000 0.791789 0.414657 0.000000 0.000000 0.000000 1.000000
0.000000 1.000000 0.000000 0.587129 -0.791789 0.000000 0.610795 0.412864 0.610795 -0.000000 0.791789 0.414657 0.000000 0.000000 0.000000 1.000000
