<?xml version="1.0" encoding="utf-8"?>
<COLLADA xmlns="http://www.collada.org/2005/11/COLLADASchema" version="1.4.1">
  <asset><contributor><author></author><authoring_tool>FBX COLLADA exporter</authoring_tool><comments></comments></contributor><created>2020-03-03T18:31:49Z</created><keywords></keywords><modified>2020-03-03T18:31:49Z</modified><revision></revision><subject></subject><title></title><unit meter="0.010000" name="centimeter"></unit><up_axis>Y_UP</up_axis></asset>
  <library_animations>
    <animation id="jnt_right_lip-anim" name="jnt_right_lip"><animation><source id="jnt_right_lip-Matrix-animation-input"><float_array id="jnt_right_lip-Matrix-animation-input-array" count="16">

0.000000 0.033333 0.066667 0.100000 0.133333 0.166667 0.200000 0.233333 0.266667 0.300000 0.333333 0.366667 0.400000 0.433333 0.466667 0.500000</float_array><technique_common><accessor source="#jnt_right_lip-Matrix-animation-input-array" count="16"><param name="TIME" type="float"/></accessor></technique_common></source><source id="jnt_right_lip-Matrix-animation-output-transform"><float_array id="jnt_right_lip-Matrix-animation-output-transform-array" count="256">

0.214952 0.976392 -0.021336 0.052308 0.464600 -0.083016 0.881621 0.648315 0.859036 -0.199419 -0.471476 -0.218442 0.000000 0.000000 0.000000 1.000000
0.198170 0.979881 -0.023722 0.049591 0.466172 -0.072934 0.881683 0.647297 0.862214 -0.185782 -0.471246 -0.218227 0.000000 0.000000 0.000000 1.000000
0.152465 0.987863 -0.029677 0.042562 0.469253 -0.045931 0.881869 0.644457 0.869803 -0.148380 -0.470560 -0.217596 0.000000 0.000000 0.000000 1.000000
0.084802 0.995696 -0.037393 0.032912 0.470860 -0.006973 0.882180 0.640109 0.878122 -0.092418 -0.469425 -0.216567 0.000000 0.000000 0.000000 1.000000
0.002567 0.998981 -0.045062 0.022309 0.468447 0.038611 0.882647 0.634630 0.883488 -0.023375 -0.467871 -0.215190 0.000000 0.000000 0.000000 1.000000
-0.086317 0.994968 -0.050881 0.012363 0.460930 0.085160 0.883341 0.628507 0.883229 0.052795 -0.465961 -0.213560 0.000000 0.000000 0.000000 1.000000
-0.173702 0.983368 -0.053053 0.004614 0.449183 0.127055 0.884360 0.622326 0.876392 0.129785 -0.463782 -0.211805 0.000000 0.000000 0.000000 1.000000
-0.253658 0.965966 -0.050661 -0.000028 0.434756 0.160637 0.886106 0.616922 0.864086 0.202742 -0.460706 -0.209564 0.000000 0.000000 0.000000 1.000000
-0.320644 0.946143 -0.044729 -0.001734 0.419808 0.184285 0.888707 0.612995 0.849087 0.266181 -0.456289 -0.206605 0.000000 0.000000 0.000000 1.000000
-0.367854 0.929172 -0.036380 -0.000605 0.407534 0.196259 0.891851 0.610939 0.835823 0.313245 -0.450864 -0.203167 0.000000 0.000000 0.000000 1.000000
-0.389001 0.920850 -0.026712 0.003310 0.400569 0.195184 0.895236 0.611132 0.829592 0.337548 -0.444791 -0.199423 0.000000 0.000000 0.000000 1.000000
-0.395066 0.918500 -0.016769 0.008583 0.396922 0.187130 0.898574 0.612509 0.828478 0.348340 -0.438501 -0.195529 0.000000 0.000000 0.000000 1.000000
-0.400834 0.916120 -0.007524 0.013452 0.393534 0.179590 0.901598 0.613693 0.827323 0.358430 -0.432510 -0.191772 0.000000 0.000000 0.000000 1.000000
-0.405701 0.914006 0.000124 0.017452 0.390707 0.173301 0.904055 0.614608 0.826290 0.366824 -0.427417 -0.188544 0.000000 0.000000 0.000000 1.000000
-0.409062 0.912491 0.005327 0.020157 0.388768 0.168994 0.905705 0.615197 0.825547 0.372560 -0.423876 -0.186283 0.000000 0.000000 0.000000 1.000000
-0.410316 0.911914 0.007252 0.021155 0.388050 0.167396 0.906309 0.615407 0.825262 0.374687 -0.422553 -0.185435 0.000000 0.000000 0.000000 1.000000</float_array><technique_common><accessor source="#jnt_right_lip-Matrix-animation-output-transform-array" count="16" stride="16"><param type="float4x4"/></accessor></technique_common></source><source id="jnt_right_lip-Interpolations"><Name_array id="jnt_right_lip-Interpolations-array" count="16">
 LINEAR LINEAR LINEAR LINEAR LINEAR LINEAR LINEAR LINEAR LINEAR LINEAR LINEAR
LINEAR LINEAR LINEAR LINEAR LINEAR</Name_array><technique_common><accessor source="#jnt_right_lip-Interpolations-array" count="16"><param type="name"/></accessor></technique_common></source><sampler id="jnt_right_lip-Matrix-animation-transform"><input semantic="INPUT" source="#jnt_right_lip-Matrix-animation-input"/><input semantic="OUTPUT" source="#jnt_right_lip-Matrix-animation-output-transform"/><input semantic="INTERPOLATION" source="#jnt_right_lip-Interpolations"/></sampler><channel source="#jnt_right_lip-Matrix-animation-transform" target="jnt_right_lip/matrix"/></animation></animation>
    <animation id="jnt_upper_lip-anim" name="jnt_upper_lip"><animation><source id="jnt_upper_lip-Matrix-animation-input"><float_array id="jnt_upper_lip-Matrix-animation-input-array" count="16">

0.000000 0.033333 0.066667 0.100000 0.133333 0.166667 0.200000 0.233333 0.266667 0.300000 0.333333 0.366667 0.400000 0.433333 0.466667 0.500000</float_array><technique_common><accessor source="#jnt_upper_lip-Matrix-animation-input-array" count="16"><param name="TIME" type="float"/></accessor></technique_common></source><source id="jnt_upper_lip-Matrix-animation-output-transform"><float_array id="jnt_upper_lip-Matrix-animation-output-transform-array" count="256">

0.968289 -0.000000 -0.365267 0.061326 -0.000000 1.000000 -0.000001 0.670989 0.249833 0.000001 1.415684 -0.043158 0.000000 0.000000 0.000000 1.000000
0.968289 -0.000000 -0.362035 0.060214 -0.000000 1.000000 -0.000001 0.670989 0.249833 0.000001 1.403157 -0.042198 0.000000 0.000000 0.000000 1.000000
0.968289 -0.000000 -0.353262 0.057196 -0.000000 1.000000 -0.000001 0.670989 0.249833 0.000001 1.369155 -0.039595 0.000000 0.000000 0.000000 1.000000
0.968289 -0.000000 -0.340333 0.052749 -0.000000 1.000000 -0.000001 0.670989 0.249833 0.000001 1.319046 -0.035759 0.000000 0.000000 0.000000 1.000000
0.968289 -0.000000 -0.324634 0.047348 -0.000000 1.000000 -0.000001 0.670989 0.249833 0.000001 1.258201 -0.031101 0.000000 0.000000 0.000000 1.000000
0.968289 -0.000000 -0.307550 0.041472 -0.000000 1.000000 -0.000001 0.670989 0.249833 0.000001 1.191986 -0.026031 0.000000 0.000000 0.000000 1.000000
0.968289 -0.000000 -0.290466 0.035595 -0.000000 1.000000 -0.000001 0.670989 0.249833 0.000001 1.125772 -0.020962 0.000000 0.000000 0.000000 1.000000
0.968289 -0.000000 -0.274767 0.030195 -0.000000 1.000000 -0.000001 0.670989 0.249833 0.000001 1.064926 -0.016303 0.000000 0.000000 0.000000 1.000000
0.968289 -0.000000 -0.261838 0.025747 -0.000000 1.000000 -0.000001 0.670989 0.249833 0.000001 1.014818 -0.012467 0.000000 0.000000 0.000000 1.000000
0.968289 -0.000000 -0.253065 0.022730 -0.000000 1.000000 -0.000001 0.670989 0.249833 0.000001 0.980816 -0.009864 0.000000 0.000000 0.000000 1.000000
0.968289 -0.000000 -0.249833 0.021618 -0.000000 1.000000 -0.000001 0.670989 0.249833 0.000001 0.968289 -0.008905 0.000000 0.000000 0.000000 1.000000
0.968289 -0.000000 -0.249833 0.021618 -0.000000 1.000000 -0.000001 0.670989 0.249833 0.000001 0.968289 -0.008905 0.000000 0.000000 0.000000 1.000000
0.968289 -0.000000 -0.249833 0.021618 -0.000000 1.000000 -0.000001 0.670989 0.249833 0.000001 0.968289 -0.008905 0.000000 0.000000 0.000000 1.000000
0.968289 -0.000000 -0.249833 0.021618 -0.000000 1.000000 -0.000001 0.670989 0.249833 0.000001 0.968289 -0.008905 0.000000 0.000000 0.000000 1.000000
0.968289 -0.000000 -0.249833 0.021618 -0.000000 1.000000 -0.000001 0.670989 0.249833 0.000001 0.968289 -0.008905 0.000000 0.000000 0.000000 1.000000
0.968289 -0.000000 -0.249833 0.021618 -0.000000 1.000000 -0.000001 0.670989 0.249833 0.000001 0.968289 -0.008905 0.000000 0.000000 0.000000 1.000000</float_array><technique_common><accessor source="#jnt_upper_lip-Matrix-animation-output-transform-array" count="16" stride="16"><param type="float4x4"/></accessor></technique_common></source><source id="jnt_upper_lip-Interpolations"><Name_array id="jnt_upper_lip-Interpolations-array" count="16">
 LINEAR LINEAR LINEAR LINEAR LINEAR LINEAR LINEAR LINEAR LINEAR LINEAR LINEAR
LINEAR LINEAR LINEAR LINEAR LINEAR</Name_array><technique_common><accessor source="#jnt_upper_lip-Interpolations-array" count="16"><param type="name"/></accessor></technique_common></source><sampler id="jnt_upper_lip-Matrix-animation-transform"><input semantic="INPUT" source="#jnt_upper_lip-Matrix-animation-input"/><input semantic="OUTPUT" source="#jnt_upper_lip-Matrix-animation-output-transform"/><input semantic="INTERPOLATION" source="#jnt_upper_lip-Interpolations"/></sampler><channel source="#jnt_upper_lip-Matrix-animation-transform" target="jnt_upper_lip/matrix"/></animation></animation>
    <animation id="jnt_left_lip-anim" name="jnt_left_lip"><animation><source id="jnt_left_lip-Matrix-animation-input"><float_array id="jnt_left_lip-Matrix-animation-input-array" count="16">

0.000000 0.033333 0.066667 0.100000 0.133333 0.166667 0.200000 0.233333 0.266667 0.300000 0.333333 0.366667 0.400000 0.433333 0.466667 0.500000</float_array><technique_common><accessor source="#jnt_left_lip-Matrix-animation-input-array" count="16"><param name="TIME" type="float"/></accessor></technique_common></source><source id="jnt_left_lip-Matrix-animation-output-transform"><float_array id="jnt_left_lip-Matrix-animation-output-transform-array" count="256">

0.053817 0.998042 0.031859 -0.006917 -0.381297 -0.008948 0.924409 0.604850 0.922885 -0.061896 0.380070 0.148407 0.000000 0.000000 0.000000 1.000000
0.055328 0.998019 0.029939 -0.008041 -0.381394 -0.006587 0.924389 0.604878 0.922755 -0.062563 0.380274 0.148555 0.000000 0.000000 0.000000 1.000000
0.059100 0.997935 0.025151 -0.010843 -0.381730 -0.000688 0.924274 0.604909 0.922383 -0.064225 0.380901 0.148993 0.000000 0.000000 0.000000 1.000000
0.063991 0.997771 0.018951 -0.014463 -0.382373 0.006974 0.923982 0.604867 0.921790 -0.066373 0.381967 0.149712 0.000000 0.000000 0.000000 1.000000
0.068859 0.997544 0.012795 -0.018046 -0.383402 0.014621 0.923466 0.604713 0.921011 -0.068494 0.383467 0.150684 0.000000 0.000000 0.000000 1.000000
0.072560 0.997331 0.008134 -0.020739 -0.384906 0.020478 0.922729 0.604455 0.920099 -0.070084 0.385364 0.151855 0.000000 0.000000 0.000000 1.000000
0.073960 0.997241 0.006418 -0.021699 -0.386983 0.022768 0.921806 0.604138 0.919116 -0.070660 0.387600 0.153153 0.000000 0.000000 0.000000 1.000000
0.071346 0.997427 0.007004 -0.021137 -0.390405 0.021463 0.920393 0.603668 0.917874 -0.068401 0.390932 0.155010 0.000000 0.000000 0.000000 1.000000
0.064582 0.997879 0.008119 -0.019991 -0.395507 0.018126 0.918284 0.602949 0.916190 -0.062516 0.395838 0.157732 0.000000 0.000000 0.000000 1.000000
0.054915 0.998446 0.009507 -0.018508 -0.401737 0.013377 0.915657 0.602017 0.914107 -0.054103 0.401847 0.161074 0.000000 0.000000 0.000000 1.000000
0.043578 0.998990 0.010941 -0.016916 -0.408548 0.007825 0.912703 0.600921 0.911696 -0.044243 0.408476 0.164780 0.000000 0.000000 0.000000 1.000000
0.031776 0.999420 0.012243 -0.015404 -0.415386 0.002064 0.909643 0.599735 0.909090 -0.033991 0.415211 0.168566 0.000000 0.000000 0.000000 1.000000
0.020676 0.999698 0.013300 -0.014110 -0.421693 -0.003341 0.906732 0.598565 0.906503 -0.024356 0.421497 0.172118 0.000000 0.000000 0.000000 1.000000
0.011400 0.999836 0.014060 -0.013123 -0.426905 -0.007849 0.904262 0.597541 0.904225 -0.016311 0.426746 0.175096 0.000000 0.000000 0.000000 1.000000
0.005039 0.999882 0.014517 -0.012496 -0.430451 -0.010934 0.902548 0.596814 0.902600 -0.010797 0.430345 0.177144 0.000000 0.000000 0.000000 1.000000
0.002676 0.999889 0.014673 -0.012274 -0.431760 -0.012080 0.901908 0.596540 0.901985 -0.008749 0.431680 0.177905 0.000000 0.000000 0.000000 1.000000</float_array><technique_common><accessor source="#jnt_left_lip-Matrix-animation-output-transform-array" count="16" stride="16"><param type="float4x4"/></accessor></technique_common></source><source id="jnt_left_lip-Interpolations"><Name_array id="jnt_left_lip-Interpolations-array" count="16">
 LINEAR LINEAR LINEAR LINEAR LINEAR LINEAR LINEAR LINEAR LINEAR LINEAR LINEAR
LINEAR LINEAR LINEAR LINEAR LINEAR</Name_array><technique_common><accessor source="#jnt_left_lip-Interpolations-array" count="16"><param type="name"/></accessor></technique_common></source><sampler id="jnt_left_lip-Matrix-animation-transform"><input semantic="INPUT" source="#jnt_left_lip-Matrix-animation-input"/><input semantic="OUTPUT" source="#jnt_left_lip-Matrix-animation-output-transform"/><input semantic="INTERPOLATION" source="#jnt_left_lip-Interpolations"/></sampler><channel source="#jnt_left_lip-Matrix-animation-transform" target="jnt_left_lip/matrix"/></animation></animation>
    <animation id="jnt_jaw-anim" name="jnt_jaw"><animation><source id="jnt_jaw-Matrix-animation-input"><float_array id="jnt_jaw-Matrix-animation-input-array" count="16">

0.000000 0.033333 0.066667 0.100000 0.133333 0.166667 0.200000 0.233333 0.266667 0.300000 0.333333 0.366667 0.400000 0.433333 0.466667 0.500000</float_array><technique_common><accessor source="#jnt_jaw-Matrix-animation-input-array" count="16"><param name="TIME" type="float"/></accessor></technique_common></source><source id="jnt_jaw-Matrix-animation-output-transform"><float_array id="jnt_jaw-Matrix-animation-output-transform-array" count="256">

0.992184 0.007538 0.124559 -0.022940 -0.021273 0.993780 0.109313 0.090803 -0.122961 -0.111108 0.986172 0.000000 0.000000 0.000000 0.000000 1.000000
0.992091 0.002764 0.125490 -0.022940 -0.016590 0.993874 0.109265 0.090803 -0.124419 -0.110483 0.986060 0.000000 0.000000 0.000000 0.000000 1.000000
0.991755 -0.009137 0.127819 -0.022940 -0.004881 0.994037 0.108930 0.090803 -0.128052 -0.108656 0.985797 0.000000 0.000000 0.000000 0.000000 1.000000
0.991098 -0.024531 0.130852 -0.022940 0.010343 0.994095 0.108022 0.090803 -0.132729 -0.105707 0.985499 0.000000 0.000000 0.000000 0.000000 1.000000
0.990196 -0.039784 0.133897 -0.022940 0.025570 0.994010 0.106252 0.090803 -0.137322 -0.101786 0.985283 0.000000 0.000000 0.000000 0.000000 1.000000
0.989345 -0.051282 0.136262 -0.022940 0.037289 0.993948 0.103332 0.090803 -0.140736 -0.097150 0.985269 0.000000 0.000000 0.000000 0.000000 1.000000
0.988984 -0.055434 0.137252 -0.022940 0.041991 0.994203 0.098976 0.090803 -0.141943 -0.092122 0.985579 0.000000 0.000000 0.000000 0.000000 1.000000
0.989726 -0.051799 0.133261 -0.022940 0.039757 0.995012 0.091490 0.090803 -0.137335 -0.085252 0.986849 0.000000 0.000000 0.000000 0.000000 1.000000
0.991530 -0.043416 0.122409 -0.022940 0.033720 0.996208 0.080200 0.090803 -0.125427 -0.075393 0.989234 0.000000 0.000000 0.000000 0.000000 1.000000
0.993790 -0.031944 0.106592 -0.022940 0.024946 0.997485 0.066348 0.090803 -0.108443 -0.063277 0.992087 0.000000 0.000000 0.000000 0.000000 1.000000
0.995963 -0.018973 0.087734 -0.022940 0.014515 0.998584 0.051182 0.090803 -0.088581 -0.049702 0.994828 0.000000 0.000000 0.000000 0.000000 1.000000
0.997681 -0.005950 0.067803 -0.022940 0.003516 0.999347 0.035955 0.090803 -0.067973 -0.035633 0.997051 0.000000 0.000000 0.000000 0.000000 1.000000
0.998791 0.005873 0.048800 -0.022940 -0.006950 0.999736 0.021923 0.090803 -0.048658 -0.022236 0.998568 0.000000 0.000000 0.000000 0.000000 1.000000
0.999345 0.015435 0.032739 -0.022940 -0.015781 0.999822 0.010345 0.090803 -0.032574 -0.010855 0.999410 0.000000 0.000000 0.000000 0.000000 1.000000
0.999528 0.021822 0.021636 -0.022940 -0.021880 0.999758 0.002478 0.090803 -0.021577 -0.002951 0.999763 0.000000 0.000000 0.000000 0.000000 1.000000
0.999555 0.024159 0.017491 -0.022940 -0.024156 0.999708 -0.000423 0.090803 -0.017496 -0.000000 0.999847 0.000000 0.000000 0.000000 0.000000 1.000000</float_array><technique_common><accessor source="#jnt_jaw-Matrix-animation-output-transform-array" count="16" stride="16"><param type="float4x4"/></accessor></technique_common></source><source id="jnt_jaw-Interpolations"><Name_array id="jnt_jaw-Interpolations-array" count="16">
 LINEAR LINEAR LINEAR LINEAR LINEAR LINEAR LINEAR LINEAR LINEAR LINEAR LINEAR
LINEAR LINEAR LINEAR LINEAR LINEAR</Name_array><technique_common><accessor source="#jnt_jaw-Interpolations-array" count="16"><param type="name"/></accessor></technique_common></source><sampler id="jnt_jaw-Matrix-animation-transform"><input semantic="INPUT" source="#jnt_jaw-Matrix-animation-input"/><input semantic="OUTPUT" source="#jnt_jaw-Matrix-animation-output-transform"/><input semantic="INTERPOLATION" source="#jnt_jaw-Interpolations"/></sampler><channel source="#jnt_jaw-Matrix-animation-transform" target="jnt_jaw/matrix"/></animation></animation>
    <animation id="jnt_lowerlip-anim" name="jnt_lowerlip"><animation><source id="jnt_lowerlip-Matrix-animation-input"><float_array id="jnt_lowerlip-Matrix-animation-input-array" count="16">

0.000000 0.033333 0.066667 0.100000 0.133333 0.166667 0.200000 0.233333 0.266667 0.300000 0.333333 0.366667 0.400000 0.433333 0.466667 0.500000</float_array><technique_common><accessor source="#jnt_lowerlip-Matrix-animation-input-array" count="16"><param name="TIME" type="float"/></accessor></technique_common></source><source id="jnt_lowerlip-Matrix-animation-output-transform"><float_array id="jnt_lowerlip-Matrix-animation-output-transform-array" count="256">

0.999852 -0.013321 -0.010863 -0.078633 0.013103 0.999717 -0.019870 0.552875 0.011124 0.019725 0.999744 0.011638 0.000000 0.000000 0.000000 1.000000
0.999852 -0.013321 -0.010863 -0.078633 0.013103 0.999717 -0.019870 0.552875 0.011124 0.019725 0.999744 0.011638 0.000000 0.000000 0.000000 1.000000
0.999852 -0.013321 -0.010863 -0.078633 0.013103 0.999717 -0.019870 0.552875 0.011124 0.019725 0.999744 0.011638 0.000000 0.000000 0.000000 1.000000
0.999852 -0.013321 -0.010863 -0.078633 0.013103 0.999717 -0.019870 0.552875 0.011124 0.019725 0.999744 0.011638 0.000000 0.000000 0.000000 1.000000
0.999852 -0.013321 -0.010863 -0.078633 0.013103 0.999717 -0.019870 0.552875 0.011124 0.019725 0.999744 0.011638 0.000000 0.000000 0.000000 1.000000
0.999852 -0.013321 -0.010863 -0.078633 0.013103 0.999717 -0.019870 0.552875 0.011124 0.019725 0.999744 0.011638 0.000000 0.000000 0.000000 1.000000
0.999852 -0.013321 -0.010863 -0.078633 0.013103 0.999717 -0.019870 0.552875 0.011124 0.019725 0.999744 0.011638 0.000000 0.000000 0.000000 1.000000
0.999852 -0.013321 -0.010863 -0.078633 0.013103 0.999717 -0.019870 0.552875 0.011124 0.019725 0.999744 0.011638 0.000000 0.000000 0.000000 1.000000
0.999852 -0.013321 -0.010863 -0.078633 0.013103 0.999717 -0.019870 0.552875 0.011124 0.019725 0.999744 0.011638 0.000000 0.000000 0.000000 1.000000
0.999852 -0.013321 -0.010863 -0.078633 0.013103 0.999717 -0.019870 0.552875 0.011124 0.019725 0.999744 0.011638 0.000000 0.000000 0.000000 1.000000
0.999852 -0.013321 -0.010863 -0.078633 0.013103 0.999717 -0.019870 0.552875 0.011124 0.019725 0.999744 0.011638 0.000000 0.000000 0.000000 1.000000
0.999852 -0.013321 -0.010863 -0.078633 0.013103 0.999717 -0.019870 0.552875 0.011124 0.019725 0.999744 0.011638 0.000000 0.000000 0.000000 1.000000
0.999852 -0.013321 -0.010863 -0.078633 0.013103 0.999717 -0.019870 0.552875 0.011124 0.019725 0.999744 0.011638 0.000000 0.000000 0.000000 1.000000
0.999852 -0.013321 -0.010863 -0.078633 0.013103 0.999717 -0.019870 0.552875 0.011124 0.019725 0.999744 0.011638 0.000000 0.000000 0.000000 1.000000
0.999852 -0.013321 -0.010863 -0.078633 0.013103 0.999717 -0.019870 0.552875 0.011124 0.019725 0.999744 0.011638 0.000000 0.000000 0.000000 1.000000
0.999852 -0.013321 -0.010863 -0.078633 0.013103 0.999717 -0.019870 0.552875 0.011124 0.019725 0.999744 0.011638 0.000000 0.000000 0.000000 1.000000</float_array><technique_common><accessor source="#jnt_lowerlip-Matrix-animation-output-transform-array" count="16" stride="16"><param type="float4x4"/></accessor></technique_common></source><source id="jnt_lowerlip-Interpolations"><Name_array id="jnt_lowerlip-Interpolations-array" count="16">
 LINEAR LINEAR LINEAR LINEAR LINEAR LINEAR LINEAR LINEAR LINEAR LINEAR LINEAR
LINEAR LINEAR LINEAR LINEAR LINEAR</Name_array><technique_common><accessor source="#jnt_lowerlip-Interpolations-array" count="16"><param type="name"/></accessor></technique_common></source><sampler id="jnt_lowerlip-Matrix-animation-transform"><input semantic="INPUT" source="#jnt_lowerlip-Matrix-animation-input"/><input semantic="OUTPUT" source="#jnt_lowerlip-Matrix-animation-output-transform"/><input semantic="INTERPOLATION" source="#jnt_lowerlip-Interpolations"/></sampler><channel source="#jnt_lowerlip-Matrix-animation-transform" target="jnt_lowerlip/matrix"/></animation></animation>
    <animation id="jnt_tounge-anim" name="jnt_tounge"><animation><source id="jnt_tounge-Matrix-animation-input"><float_array id="jnt_tounge-Matrix-animation-input-array" count="16">

0.000000 0.033333 0.066667 0.100000 0.133333 0.166667 0.200000 0.233333 0.266667 0.300000 0.333333 0.366667 0.400000 0.433333 0.466667 0.500000</float_array><technique_common><accessor source="#jnt_tounge-Matrix-animation-input-array" count="16"><param name="TIME" type="float"/></accessor></technique_common></source><source id="jnt_tounge-Matrix-animation-output-transform"><float_array id="jnt_tounge-Matrix-animation-output-transform-array" count="256">

0.992184 -0.021273 -0.122961 -0.040725 0.007538 0.993780 -0.111108 0.252738 0.124559 0.109313 0.986172 0.023397 0.000000 0.000000 0.000000 1.000000
0.992091 -0.016590 -0.124419 -0.039530 0.002764 0.993874 -0.110483 0.252932 0.125490 0.109265 0.986060 0.023352 0.000000 0.000000 0.000000 1.000000
0.991755 -0.004881 -0.128052 -0.036537 -0.009137 0.994037 -0.108656 0.253397 0.127819 0.108930 0.985797 0.023184 0.000000 0.000000 0.000000 1.000000
0.991098 0.010343 -0.132729 -0.032638 -0.024531 0.994095 -0.105707 0.253959 0.130852 0.108022 0.985499 0.022845 0.000000 0.000000 0.000000 1.000000
0.990196 0.025570 -0.137322 -0.028729 -0.039784 0.994010 -0.101786 0.254481 0.133897 0.106252 0.985283 0.022286 0.000000 0.000000 0.000000 1.000000
0.989345 0.037289 -0.140736 -0.025715 -0.051282 0.993948 -0.097150 0.254874 0.136262 0.103332 0.985269 0.021458 0.000000 0.000000 0.000000 1.000000
0.988984 0.041991 -0.141943 -0.024505 -0.055434 0.994203 -0.092122 0.255087 0.137252 0.098976 0.985579 0.020314 0.000000 0.000000 0.000000 1.000000
0.989726 0.039757 -0.137335 -0.025100 -0.051799 0.995012 -0.085252 0.255163 0.133261 0.091490 0.986849 0.018550 0.000000 0.000000 0.000000 1.000000
0.991530 0.033720 -0.125427 -0.026702 -0.043416 0.996208 -0.075393 0.255169 0.122409 0.080200 0.989234 0.016062 0.000000 0.000000 0.000000 1.000000
0.993790 0.024946 -0.108443 -0.029016 -0.031944 0.997485 -0.063277 0.255086 0.106592 0.066348 0.992087 0.013098 0.000000 0.000000 0.000000 1.000000
0.995963 0.014515 -0.088581 -0.031749 -0.018973 0.998584 -0.049702 0.254904 0.087734 0.051182 0.994828 0.009908 0.000000 0.000000 0.000000 1.000000
0.997681 0.003516 -0.067973 -0.034610 -0.005950 0.999347 -0.035633 0.254635 0.067803 0.035955 0.997051 0.006741 0.000000 0.000000 0.000000 1.000000
0.998791 -0.006950 -0.048658 -0.037314 0.005873 0.999736 -0.022236 0.254313 0.048800 0.021923 0.998568 0.003845 0.000000 0.000000 0.000000 1.000000
0.999345 -0.015781 -0.032574 -0.039582 0.015435 0.999822 -0.010855 0.253995 0.032739 0.010345 0.999410 0.001469 0.000000 0.000000 0.000000 1.000000
0.999528 -0.021880 -0.021577 -0.041141 0.021822 0.999758 -0.002951 0.253751 0.021636 0.002478 0.999763 -0.000139 0.000000 0.000000 0.000000 1.000000
0.999555 -0.024156 -0.017496 -0.041722 0.024159 0.999708 -0.000000 0.253656 0.017491 -0.000423 0.999847 -0.000730 0.000000 0.000000 0.000000 1.000000</float_array><technique_common><accessor source="#jnt_tounge-Matrix-animation-output-transform-array" count="16" stride="16"><param type="float4x4"/></accessor></technique_common></source><source id="jnt_tounge-Interpolations"><Name_array id="jnt_tounge-Interpolations-array" count="16">
 LINEAR LINEAR LINEAR LINEAR LINEAR LINEAR LINEAR LINEAR LINEAR LINEAR LINEAR
LINEAR LINEAR LINEAR LINEAR LINEAR</Name_array><technique_common><accessor source="#jnt_tounge-Interpolations-array" count="16"><param type="name"/></accessor></technique_common></source><sampler id="jnt_tounge-Matrix-animation-transform"><input semantic="INPUT" source="#jnt_tounge-Matrix-animation-input"/><input semantic="OUTPUT" source="#jnt_tounge-Matrix-animation-output-transform"/><input semantic="INTERPOLATION" source="#jnt_tounge-Interpolations"/></sampler><channel source="#jnt_tounge-Matrix-animation-transform" target="jnt_tounge/matrix"/></animation></animation>
    <animation id="jnt_left_eyebow1-anim" name="jnt_left_eyebow1"><animation><source id="jnt_left_eyebow1-Matrix-animation-input"><float_array id="jnt_left_eyebow1-Matrix-animation-input-array" count="16">

0.000000 0.033333 0.066667 0.100000 0.133333 0.166667 0.200000 0.233333 0.266667 0.300000 0.333333 0.366667 0.400000 0.433333 0.466667 0.500000</float_array><technique_common><accessor source="#jnt_left_eyebow1-Matrix-animation-input-array" count="16"><param name="TIME" type="float"/></accessor></technique_common></source><source id="jnt_left_eyebow1-Matrix-animation-output-transform"><float_array id="jnt_left_eyebow1-Matrix-animation-output-transform-array" count="256">

0.000000 1.000000 -0.000000 0.466038 -0.000000 0.000000 1.000000 0.623155 1.000000 -0.000000 0.000000 0.062174 0.000000 0.000000 0.000000 1.000000
0.000000 1.000000 -0.000000 0.467014 -0.000000 0.000000 1.000000 0.623155 1.000000 -0.000000 0.000000 0.062174 0.000000 0.000000 0.000000 1.000000
0.000000 1.000000 -0.000000 0.469761 -0.000000 0.000000 1.000000 0.623155 1.000000 -0.000000 0.000000 0.062174 0.000000 0.000000 0.000000 1.000000
0.000000 1.000000 -0.000000 0.474007 -0.000000 0.000000 1.000000 0.623155 1.000000 -0.000000 0.000000 0.062174 0.000000 0.000000 0.000000 1.000000
0.000000 1.000000 -0.000000 0.479479 -0.000000 0.000000 1.000000 0.623155 1.000000 -0.000000 0.000000 0.062174 0.000000 0.000000 0.000000 1.000000
0.000000 1.000000 -0.000000 0.485905 -0.000000 0.000000 1.000000 0.623155 1.000000 -0.000000 0.000000 0.062174 0.000000 0.000000 0.000000 1.000000
0.000000 1.000000 -0.000000 0.493012 -0.000000 0.000000 1.000000 0.623155 1.000000 -0.000000 0.000000 0.062174 0.000000 0.000000 0.000000 1.000000
0.000000 1.000000 -0.000000 0.500527 -0.000000 0.000000 1.000000 0.623155 1.000000 -0.000000 0.000000 0.062174 0.000000 0.000000 0.000000 1.000000
0.000000 1.000000 -0.000000 0.508179 -0.000000 0.000000 1.000000 0.623155 1.000000 -0.000000 0.000000 0.062174 0.000000 0.000000 0.000000 1.000000
0.000000 1.000000 -0.000000 0.515694 -0.000000 0.000000 1.000000 0.623155 1.000000 -0.000000 0.000000 0.062174 0.000000 0.000000 0.000000 1.000000
0.000000 1.000000 -0.000000 0.522801 -0.000000 0.000000 1.000000 0.623155 1.000000 -0.000000 0.000000 0.062174 0.000000 0.000000 0.000000 1.000000
0.000000 1.000000 -0.000000 0.529226 -0.000000 0.000000 1.000000 0.623155 1.000000 -0.000000 0.000000 0.062174 0.000000 0.000000 0.000000 1.000000
0.000000 1.000000 -0.000000 0.534698 -0.000000 0.000000 1.000000 0.623155 1.000000 -0.000000 0.000000 0.062174 0.000000 0.000000 0.000000 1.000000
0.000000 1.000000 -0.000000 0.538944 -0.000000 0.000000 1.000000 0.623155 1.000000 -0.000000 0.000000 0.062174 0.000000 0.000000 0.000000 1.000000
0.000000 1.000000 -0.000000 0.541691 -0.000000 0.000000 1.000000 0.623155 1.000000 -0.000000 0.000000 0.062174 0.000000 0.000000 0.000000 1.000000
0.000000 1.000000 -0.000000 0.542668 -0.000000 0.000000 1.000000 0.623155 1.000000 -0.000000 0.000000 0.062174 0.000000 0.000000 0.000000 1.000000</float_array><technique_common><accessor source="#jnt_left_eyebow1-Matrix-animation-output-transform-array" count="16" stride="16"><param type="float4x4"/></accessor></technique_common></source><source id="jnt_left_eyebow1-Interpolations"><Name_array id="jnt_left_eyebow1-Interpolations-array" count="16">
 LINEAR LINEAR LINEAR LINEAR LINEAR LINEAR LINEAR LINEAR LINEAR LINEAR LINEAR
LINEAR LINEAR LINEAR LINEAR LINEAR</Name_array><technique_common><accessor source="#jnt_left_eyebow1-Interpolations-array" count="16"><param type="name"/></accessor></technique_common></source><sampler id="jnt_left_eyebow1-Matrix-animation-transform"><input semantic="INPUT" source="#jnt_left_eyebow1-Matrix-animation-input"/><input semantic="OUTPUT" source="#jnt_left_eyebow1-Matrix-animation-output-transform"/><input semantic="INTERPOLATION" source="#jnt_left_eyebow1-Interpolations"/></sampler><channel source="#jnt_left_eyebow1-Matrix-animation-transform" target="jnt_left_eyebow1/matrix"/></animation></animation>
    <animation id="jnt_left_eyebow2-anim" name="jnt_left_eyebow2"><animation><source id="jnt_left_eyebow2-Matrix-animation-input"><float_array id="jnt_left_eyebow2-Matrix-animation-input-array" count="16">

0.000000 0.033333 0.066667 0.100000 0.133333 0.166667 0.200000 0.233333 0.266667 0.300000 0.333333 0.366667 0.400000 0.433333 0.466667 0.500000</float_array><technique_common><accessor source="#jnt_left_eyebow2-Matrix-animation-input-array" count="16"><param name="TIME" type="float"/></accessor></technique_common></source><source id="jnt_left_eyebow2-Matrix-animation-output-transform"><float_array id="jnt_left_eyebow2-Matrix-animation-output-transform-array" count="256">

0.000000 1.000000 0.000000 0.547951 -0.557687 -0.000000 0.830051 0.532746 0.830051 -0.000000 0.557687 0.290242 0.000000 0.000000 0.000000 1.000000
0.000000 1.000000 0.000000 0.548927 -0.557687 -0.000000 0.830051 0.532746 0.830051 -0.000000 0.557687 0.290242 0.000000 0.000000 0.000000 1.000000
0.000000 1.000000 -0.000000 0.551674 -0.557687 0.000000 0.830051 0.532746 0.830051 -0.000000 0.557687 0.290242 0.000000 0.000000 0.000000 1.000000
0.000000 1.000000 0.000000 0.555920 -0.557687 -0.000000 0.830051 0.532746 0.830051 -0.000000 0.557687 0.290242 0.000000 0.000000 0.000000 1.000000
0.000000 1.000000 -0.000000 0.561392 -0.557687 0.000000 0.830051 0.532746 0.830051 0.000000 0.557687 0.290242 0.000000 0.000000 0.000000 1.000000
0.000000 1.000000 -0.000000 0.567818 -0.557687 0.000000 0.830051 0.532746 0.830051 0.000000 0.557687 0.290242 0.000000 0.000000 0.000000 1.000000
0.000000 1.000000 -0.000000 0.574924 -0.557687 0.000000 0.830051 0.532746 0.830051 0.000000 0.557687 0.290242 0.000000 0.000000 0.000000 1.000000
0.000000 1.000000 0.000000 0.582440 -0.557687 -0.000000 0.830051 0.532746 0.830051 -0.000000 0.557687 0.290242 0.000000 0.000000 0.000000 1.000000
0.000000 1.000000 0.000000 0.590091 -0.557687 0.000000 0.830051 0.532746 0.830051 -0.000000 0.557687 0.290242 0.000000 0.000000 0.000000 1.000000
0.000000 1.000000 -0.000000 0.597607 -0.557687 0.000000 0.830051 0.532746 0.830051 0.000000 0.557687 0.290242 0.000000 0.000000 0.000000 1.000000
0.000000 1.000000 0.000000 0.604713 -0.557687 -0.000000 0.830051 0.532746 0.830051 -0.000000 0.557687 0.290242 0.000000 0.000000 0.000000 1.000000
0.000000 1.000000 0.000000 0.611139 -0.557687 -0.000000 0.830051 0.532746 0.830051 -0.000000 0.557687 0.290242 0.000000 0.000000 0.000000 1.000000
0.000000 1.000000 0.000000 0.616611 -0.557687 0.000000 0.830051 0.532746 0.830051 -0.000000 0.557687 0.290242 0.000000 0.000000 0.000000 1.000000
0.000000 1.000000 0.000000 0.620857 -0.557687 -0.000000 0.830051 0.532746 0.830051 -0.000000 0.557687 0.290242 0.000000 0.000000 0.000000 1.000000
0.000000 1.000000 -0.000000 0.623604 -0.557687 0.000000 0.830051 0.532746 0.830051 0.000000 0.557687 0.290242 0.000000 0.000000 0.000000 1.000000
0.000000 1.000000 0.000000 0.624581 -0.557687 -0.000000 0.830051 0.532746 0.830051 -0.000000 0.557687 0.290242 0.000000 0.000000 0.000000 1.000000</float_array><technique_common><accessor source="#jnt_left_eyebow2-Matrix-animation-output-transform-array" count="16" stride="16"><param type="float4x4"/></accessor></technique_common></source><source id="jnt_left_eyebow2-Interpolations"><Name_array id="jnt_left_eyebow2-Interpolations-array" count="16">
 LINEAR LINEAR LINEAR LINEAR LINEAR LINEAR LINEAR LINEAR LINEAR LINEAR LINEAR
LINEAR LINEAR LINEAR LINEAR LINEAR</Name_array><technique_common><accessor source="#jnt_left_eyebow2-Interpolations-array" count="16"><param type="name"/></accessor></technique_common></source><sampler id="jnt_left_eyebow2-Matrix-animation-transform"><input semantic="INPUT" source="#jnt_left_eyebow2-Matrix-animation-input"/><input semantic="OUTPUT" source="#jnt_left_eyebow2-Matrix-animation-output-transform"/><input semantic="INTERPOLATION" source="#jnt_left_eyebow2-Interpolations"/></sampler><channel source="#jnt_left_eyebow2-Matrix-animation-transform" target="jnt_left_eyebow2/matrix"/></animation></animation>
    <animation id="jnt_left_eyebow3-anim" name="jnt_left_eyebow3"><animation><source id="jnt_left_eyebow3-Matrix-animation-input"><float_array id="jnt_left_eyebow3-Matrix-animation-input-array" count="16">

0.000000 0.033333 0.066667 0.100000 0.133333 0.166667 0.200000 0.233333 0.266667 0.300000 0.333333 0.366667 0.400000 0.433333 0.466667 0.500000</float_array><technique_common><accessor source="#jnt_left_eyebow3-Matrix-animation-input-array" count="16"><param name="TIME" type="float"/></accessor></technique_common></source><source id="jnt_left_eyebow3-Matrix-animation-output-transform"><float_array id="jnt_left_eyebow3-Matrix-animation-output-transform-array" count="256">

0.000000 1.000000 0.000000 0.587129 -0.791789 0.000000 0.610795 0.412864 0.610795 -0.000000 0.791789 0.414657 0.000000 0.000000 0.000000 1.000000
0.000000 1.000000 0.000000 0.587129 -0.791789 0.000000 0.610795 0.412864 0.610795 -0.000000 0.791789 0.414657 0.000000 0.000000 0.000000 1.000000
0.000000 1.000000 0.000000 0.587129 -0.791789 0.000000 0.610795 0.412864 0.610795 -0.000000 0.791789 0.414657 0.000000 0.000000 0.000000 1.000000
0.000000 1.000000 0.000000 0.587129 -0.791789 0.000000 0.610795 0.412864 0.610795 -0.000000 0.791789 0.414657 0.000000 0.000000 0.000000 1.000000
0.000000 1.000000 -0.000000 0.587129 -0.791789 0.000000 0.610795 0.412864 0.610795 -0.000000 0.791789 0.414657 0.000000 0.000000 0.000000 1.000000
0.000000 1.000000 0.000000 0.587129 -0.791789 0.000000 0.610795 0.412864 0.610795 -0.000000 0.791789 0.414657 0.000000 0.000000 0.000000 1.000000
0.000000 1.000000 -0.000000 0.587129 -0.791789 0.000000 0.610795 0.412864 0.610795 0.000000 0.791789 0.414657 0.000000 0.000000 0.000000 1.000000
0.000000 1.000000 -0.000000 0.587129 -0.791789 0.000000 0.610795 0.412864 0.610795 -0.000000 0.791789 0.414657 0.000000 0.000000 0.000000 1.000000
0.000000 1.000000 0.000000 0.587129 -0.791789 -0.000000 0.610795 0.412864 0.610795 -0.000000 0.791789 0.414657 0.000000 0.000000 0.000000 1.000000
0.000000 1.000000 0.000000 0.587129 -0.791789 0.000000 0.610795 0.412864 0.610795 -0.000000 0.791789 0.414657 0.000000 0.000000 0.000000 1.000000
0.000000 1.000000 -0.000000 0.587129 -0.791789 0.000000 0.610795 0.412864 0.610795 0.000000 0.791789 0.414657 0.000000 0.000000 0.000000 1.000000
0.000000 1.000000 0.000000 0.587129 -0.791789 0.000000 0.610795 0.412864 0.610795 -0.000000 0.791789 0.414657 0.000000 0.000000 0.000000 1.000000
0.000000 1.000000 0.000000 0.587129 -0.791789 0.000000 0.610795 0.412864 0.610795 -0.000000 0.791789 0.414657 0.000000 0.000000 0.000000 1.000000
0.000000 1.000000 -0.000000 0.587129 -0.791789 0.000000 0.610795 0.412864 0.610795 -0.000000 0.791789 0.414657 0.000000 0.000000 0.000000 1.000000
0.000000 1.000000 0.000000 0.587129 -0.791789 0.000000 0.610795 0.412864 0.610795 -0.000000 0.791789 0.414657 0.000000 0.000000 0.000000 1.000000
0.000000 1.000000 0.000000 0.587129 -0.791789 0.000000 0.610795 0.412864 0.610795 -0.000000 0.791789 0.414657 0.000000 0.000000 0.000000 1.000000</float_array><technique_common><accessor source="#jnt_left_eyebow3-Matrix-animation-output-transform-array" count="16" stride="16"><param type="float4x4"/></accessor></technique_common></source><source id="jnt_left_eyebow3-Interpolations"><Name_array id="jnt_left_eyebow3-Interpolations-array" count="16">
 LINEAR LINEAR LINEAR LINEAR LINEAR LINEAR LINEAR LINEAR LINEAR LINEAR LINEAR
LINEAR LINEAR LINEAR LINEAR LINEAR</Name_array><technique_common><accessor source="#jnt_left_eyebow3-Interpolations-array" count="16"><param type="name"/></accessor></technique_common></source><sampler id="jnt_left_eyebow3-Matrix-animation-transform"><input semantic="INPUT" source="#jnt_left_eyebow3-Matrix-animation-input"/><input semantic="OUTPUT" source="#jnt_left_eyebow3-Matrix-animation-output-transform"/><input semantic="INTERPOLATION" source="#jnt_left_eyebow3-Interpolations"/></sampler><channel source="#jnt_left_eyebow3-Matrix-animation-transform" target="jnt_left_eyebow3/matrix"/></animation></animation>
    <animation id="jnt_right_eyebow1-anim" name="jnt_right_eyebow1"><animation><source id="jnt_right_eyebow1-Matrix-animation-input"><float_array id="jnt_right_eyebow1-Matrix-animation-input-array" count="16">

0.000000 0.033333 0.066667 0.100000 0.133333 0.166667 0.200000 0.233333 0.266667 0.300000 0.333333 0.366667 0.400000 0.433333 0.466667 0.500000</float_array><technique_common><accessor source="#jnt_right_eyebow1-Matrix-animation-input-array" count="16"><param name="TIME" type="float"/></accessor></technique_common></source><source id="jnt_right_eyebow1-Matrix-animation-output-transform"><float_array id="jnt_right_eyebow1-Matrix-animation-output-transform-array" count="256">

0.000000 -1.000000 -0.000000 0.553670 0.000000 -0.000000 -1.000000 0.622585 1.000000 0.000000 0.000000 -0.106703 0.000000 0.000000 0.000000 1.000000
0.000000 -1.000000 -0.000000 0.553670 0.000000 -0.000000 -1.000000 0.622585 1.000000 0.000000 0.000000 -0.106703 0.000000 0.000000 0.000000 1.000000
0.000000 -1.000000 -0.000000 0.553670 0.000000 -0.000000 -1.000000 0.622585 1.000000 0.000000 0.000000 -0.106703 0.000000 0.000000 0.000000 1.000000
0.000000 -1.000000 -0.000000 0.553670 0.000000 -0.000000 -1.000000 0.622585 1.000000 0.000000 0.000000 -0.106703 0.000000 0.000000 0.000000 1.000000
0.000000 -1.000000 -0.000000 0.553670 0.000000 -0.000000 -1.000000 0.622585 1.000000 0.000000 0.000000 -0.106703 0.000000 0.000000 0.000000 1.000000
0.000000 -1.000000 -0.000000 0.553670 0.000000 -0.000000 -1.000000 0.622585 1.000000 0.000000 0.000000 -0.106703 0.000000 0.000000 0.000000 1.000000
0.000000 -1.000000 -0.000000 0.553670 0.000000 -0.000000 -1.000000 0.622585 1.000000 0.000000 0.000000 -0.106703 0.000000 0.000000 0.000000 1.000000
0.000000 -1.000000 -0.000000 0.553670 0.000000 -0.000000 -1.000000 0.622585 1.000000 0.000000 0.000000 -0.106703 0.000000 0.000000 0.000000 1.000000
0.000000 -1.000000 -0.000000 0.553670 0.000000 -0.000000 -1.000000 0.622585 1.000000 0.000000 0.000000 -0.106703 0.000000 0.000000 0.000000 1.000000
0.000000 -1.000000 -0.000000 0.553670 0.000000 -0.000000 -1.000000 0.622585 1.000000 0.000000 0.000000 -0.106703 0.000000 0.000000 0.000000 1.000000
0.000000 -1.000000 -0.000000 0.553670 0.000000 -0.000000 -1.000000 0.622585 1.000000 0.000000 0.000000 -0.106703 0.000000 0.000000 0.000000 1.000000
0.000000 -1.000000 -0.000000 0.553670 0.000000 -0.000000 -1.000000 0.622585 1.000000 0.000000 0.000000 -0.106703 0.000000 0.000000 0.000000 1.000000
0.000000 -1.000000 -0.000000 0.553670 0.000000 -0.000000 -1.000000 0.622585 1.000000 0.000000 0.000000 -0.106703 0.000000 0.000000 0.000000 1.000000
0.000000 -1.000000 -0.000000 0.553670 0.000000 -0.000000 -1.000000 0.622585 1.000000 0.000000 0.000000 -0.106703 0.000000 0.000000 0.000000 1.000000
0.000000 -1.000000 -0.000000 0.553670 0.000000 -0.000000 -1.000000 0.622585 1.000000 0.000000 0.000000 -0.106703 0.000000 0.000000 0.000000 1.000000
0.000000 -1.000000 -0.000000 0.553670 0.000000 -0.000000 -1.000000 0.622585 1.000000 0.000000 0.000000 -0.106703 0.000000 0.000000 0.000000 1.000000</float_array><technique_common><accessor source="#jnt_right_eyebow1-Matrix-animation-output-transform-array" count="16" stride="16"><param type="float4x4"/></accessor></technique_common></source><source id="jnt_right_eyebow1-Interpolations"><Name_array id="jnt_right_eyebow1-Interpolations-array" count="16">
 LINEAR LINEAR LINEAR LINEAR LINEAR LINEAR LINEAR LINEAR LINEAR LINEAR LINEAR
