<?xml version="1.0" encoding="utf-8"?>
<COLLADA xmlns="http://www.collada.org/2005/11/COLLADASchema" version="1.4.1">
  <asset><contributor><author></author><authoring_tool>FBX COLLADA exporter</authoring_tool><comments></comments></contributor><created>2020-03-03T19:41:43Z</created><keywords></keywords><modified>2020-03-03T19:41:43Z</modified><revision></revision><subject></subject><title></title><unit meter="0.010000" name="centimeter"></unit><up_axis>Y_UP</up_axis></asset>
  <library_animations>
    <animation id="jnt_right_lip-anim" name="jnt_right_lip"><animation><source id="jnt_right_lip-Matrix-animation-input"><float_array id="jnt_right_lip-Matrix-animation-input-array" count="331">

0.000000 0.033333 0.066667 0.100000 0.133333 0.166667 0.200000 0.233333 0.266667 0.300000 0.333333 0.366667 0.400000 0.433333 0.466667 0.500000
0.533333 0.566667 0.600000 0.633333 0.666667 0.700000 0.733333 0.766667 0.800000 0.833333 0.866667 0.900000 0.933333 0.966667 1.000000 1.033333
1.066667 1.100000 1.133333 1.166667 1.200000 1.233333 1.266667 1.300000 1.333333 1.366667 1.400000 1.433333 1.466667 1.500000 1.533333 1.566667
1.600000 1.633333 1.666667 1.700000 1.733333 1.766667 1.800000 1.833333 1.866667 1.900000 1.933333 1.966667 2.000000 2.033333 2.066667 2.100000
2.133333 2.166667 2.200000 2.233333 2.266667 2.300000 2.333333 2.366667 2.400000 2.433333 2.466667 2.500000 2.533333 2.566667 2.600000 2.633333
2.666667 2.700000 2.733333 2.766667 2.800000 2.833333 2.866667 2.900000 2.933333 2.966667 3.000000 3.033333 3.066667 3.100000 3.133333 3.166667
3.200000 3.233333 3.266667 3.300000 3.333333 3.366667 3.400000 3.433333 3.466667 3.500000 3.533333 3.566667 3.600000 3.633333 3.666667 3.700000
3.733333 3.766667 3.800000 3.833333 3.866667 3.900000 3.933333 3.966667 4.000000 4.033333 4.066667 4.100000 4.133333 4.166667 4.200000 4.233333
4.266667 4.300000 4.333333 4.366667 4.400000 4.433333 4.466667 4.500000 4.533333 4.566667 4.600000 4.633333 4.666667 4.700000 4.733333 4.766667
4.800000 4.833333 4.866667 4.900000 4.933333 4.966667 5.000000 5.033333 5.066667 5.100000 5.133333 5.166667 5.200000 5.233333 5.266667 5.300000
5.333333 5.366667 5.400000 5.433333 5.466667 5.500000 5.533333 5.566667 5.600000 5.633333 5.666667 5.700000 5.733333 5.766667 5.800000 5.833333
5.866667 5.900000 5.933333 5.966667 6.000000 6.033333 6.066667 6.100000 6.133333 6.166667 6.200000 6.233333 6.266667 6.300000 6.333333 6.366667
6.400000 6.433333 6.466667 6.500000 6.533333 6.566667 6.600000 6.633333 6.666667 6.700000 6.733333 6.766667 6.800000 6.833333 6.866667 6.900000
6.933333 6.966667 7.000000 7.033333 7.066667 7.100000 7.133333 7.166667 7.200000 7.233333 7.266667 7.300000 7.333333 7.366667 7.400000 7.433333
7.466667 7.500000 7.533333 7.566667 7.600000 7.633333 7.666667 7.700000 7.733333 7.766667 7.800000 7.833333 7.866667 7.900000 7.933333 7.966667
8.000000 8.033333 8.066667 8.100000 8.133333 8.166667 8.200000 8.233333 8.266667 8.300000 8.333333 8.366667 8.400000 8.433333 8.466667 8.500000
8.533333 8.566667 8.600000 8.633333 8.666667 8.700000 8.733333 8.766667 8.800000 8.833333 8.866667 8.900000 8.933333 8.966667 9.000000 9.033333
9.066667 9.100000 9.133333 9.166667 9.200000 9.233333 9.266667 9.300000 9.333333 9.366667 9.400000 9.433333 9.466667 9.500000 9.533333 9.566667
9.600000 9.633333 9.666667 9.700000 9.733333 9.766667 9.800000 9.833333 9.866667 9.900000 9.933333 9.966667 10.000000 10.033333 10.066667 10.100000
10.133333 10.166667 10.200000 10.233333 10.266667 10.300000 10.333333 10.366667 10.400000 10.433333 10.466667 10.500000 10.533333 10.566667 10.600000 10.633333
10.666667 10.700000 10.733333 10.766667 10.800000 10.833333 10.866667 10.900000 10.933333 10.966667 11.000000</float_array><technique_common><accessor source="#jnt_right_lip-Matrix-animation-input-array" count="331"><param name="TIME" type="float"/></accessor></technique_common></source><source id="jnt_right_lip-Matrix-animation-output-transform"><float_array id="jnt_right_lip-Matrix-animation-output-transform-array" count="5296">

0.005105 0.999927 0.010949 -0.009615 0.422587 -0.012081 0.906242 0.618140 0.906308 0.000000 -0.422618 -0.180000 0.000000 0.000000 0.000000 1.000000
0.005105 0.999927 0.010948 -0.009615 0.422587 -0.012080 0.906242 0.618140 0.906308 -0.000000 -0.422618 -0.180000 0.000000 0.000000 0.000000 1.000000
0.005105 0.999927 0.010947 -0.009616 0.422587 -0.012079 0.906242 0.618140 0.906308 0.000000 -0.422618 -0.180000 0.000000 0.000000 0.000000 1.000000
0.005104 0.999927 0.010945 -0.009617 0.422587 -0.012077 0.906242 0.618140 0.906308 0.000000 -0.422618 -0.180000 0.000000 0.000000 0.000000 1.000000
0.005102 0.999927 0.010942 -0.009619 0.422587 -0.012073 0.906242 0.618140 0.906308 -0.000000 -0.422618 -0.180000 0.000000 0.000000 0.000000 1.000000
0.005101 0.999927 0.010939 -0.009621 0.422587 -0.012069 0.906242 0.618140 0.906308 0.000000 -0.422618 -0.180000 0.000000 0.000000 0.000000 1.000000
0.005099 0.999927 0.010934 -0.009623 0.422588 -0.012064 0.906242 0.618140 0.906308 -0.000000 -0.422618 -0.180000 0.000000 0.000000 0.000000 1.000000
0.005096 0.999927 0.010929 -0.009626 0.422588 -0.012059 0.906242 0.618141 0.906308 0.000000 -0.422618 -0.180000 0.000000 0.000000 0.000000 1.000000
0.005093 0.999927 0.010923 -0.009630 0.422588 -0.012052 0.906242 0.618141 0.906308 -0.000000 -0.422618 -0.180000 0.000000 0.000000 0.000000 1.000000
0.005090 0.999927 0.010916 -0.009634 0.422588 -0.012044 0.906242 0.618141 0.906308 0.000000 -0.422618 -0.180000 0.000000 0.000000 0.000000 1.000000
0.005087 0.999928 0.010908 -0.009639 0.422588 -0.012036 0.906242 0.618141 0.906308 0.000000 -0.422618 -0.180000 0.000000 0.000000 0.000000 1.000000
0.005083 0.999928 0.010900 -0.009643 0.422588 -0.012026 0.906242 0.618141 0.906308 -0.000000 -0.422618 -0.180000 0.000000 0.000000 0.000000 1.000000
0.005078 0.999928 0.010890 -0.009649 0.422588 -0.012016 0.906242 0.618141 0.906308 0.000000 -0.422618 -0.180000 0.000000 0.000000 0.000000 1.000000
0.005074 0.999928 0.010880 -0.009655 0.422588 -0.012005 0.906242 0.618142 0.906308 0.000000 -0.422618 -0.180000 0.000000 0.000000 0.000000 1.000000
0.005068 0.999928 0.010869 -0.009661 0.422588 -0.011993 0.906243 0.618142 0.906308 -0.000000 -0.422618 -0.180000 0.000000 0.000000 0.000000 1.000000
0.005063 0.999928 0.010858 -0.009668 0.422588 -0.011980 0.906243 0.618142 0.906308 0.000000 -0.422618 -0.180000 0.000000 0.000000 0.000000 1.000000
0.005057 0.999928 0.010845 -0.009675 0.422588 -0.011966 0.906243 0.618142 0.906308 -0.000000 -0.422618 -0.180000 0.000000 0.000000 0.000000 1.000000
0.005051 0.999929 0.010832 -0.009683 0.422588 -0.011951 0.906243 0.618143 0.906308 -0.000000 -0.422618 -0.180000 0.000000 0.000000 0.000000 1.000000
0.005044 0.999929 0.010817 -0.009691 0.422588 -0.011936 0.906243 0.618143 0.906308 0.000000 -0.422618 -0.180000 0.000000 0.000000 0.000000 1.000000
0.005037 0.999929 0.010802 -0.009700 0.422588 -0.011919 0.906243 0.618143 0.906308 -0.000000 -0.422618 -0.180000 0.000000 0.000000 0.000000 1.000000
0.005030 0.999929 0.010787 -0.009709 0.422588 -0.011902 0.906244 0.618144 0.906308 0.000000 -0.422618 -0.180000 0.000000 0.000000 0.000000 1.000000
0.005022 0.999929 0.010770 -0.009719 0.422588 -0.011883 0.906244 0.618144 0.906308 -0.000000 -0.422618 -0.180000 0.000000 0.000000 0.000000 1.000000
0.005014 0.999930 0.010753 -0.009729 0.422589 -0.011864 0.906244 0.618144 0.906308 0.000000 -0.422618 -0.180000 0.000000 0.000000 0.000000 1.000000
0.005006 0.999930 0.010734 -0.009740 0.422589 -0.011844 0.906244 0.618145 0.906308 0.000000 -0.422618 -0.180000 0.000000 0.000000 0.000000 1.000000
0.004997 0.999930 0.010715 -0.009751 0.422589 -0.011823 0.906244 0.618145 0.906308 0.000000 -0.422618 -0.180000 0.000000 0.000000 0.000000 1.000000
0.004987 0.999930 0.010696 -0.009762 0.422589 -0.011801 0.906245 0.618146 0.906308 0.000000 -0.422618 -0.180000 0.000000 0.000000 0.000000 1.000000
0.004978 0.999931 0.010675 -0.009774 0.422589 -0.011778 0.906245 0.618146 0.906308 0.000000 -0.422618 -0.180000 0.000000 0.000000 0.000000 1.000000
0.004968 0.999931 0.010654 -0.009787 0.422589 -0.011755 0.906245 0.618147 0.906308 -0.000000 -0.422618 -0.180000 0.000000 0.000000 0.000000 1.000000
0.004957 0.999931 0.010631 -0.009800 0.422589 -0.011730 0.906245 0.618147 0.906308 -0.000000 -0.422618 -0.180000 0.000000 0.000000 0.000000 1.000000
0.004947 0.999931 0.010608 -0.009813 0.422589 -0.011705 0.906246 0.618147 0.906308 0.000000 -0.422618 -0.180000 0.000000 0.000000 0.000000 1.000000
0.004936 0.999932 0.010584 -0.009827 0.422589 -0.011679 0.906246 0.618148 0.906308 -0.000000 -0.422618 -0.180000 0.000000 0.000000 0.000000 1.000000
0.004924 0.999932 0.010560 -0.009841 0.422590 -0.011651 0.906246 0.618149 0.906308 0.000000 -0.422618 -0.180000 0.000000 0.000000 0.000000 1.000000
0.004912 0.999932 0.010534 -0.009856 0.422590 -0.011623 0.906247 0.618149 0.906308 0.000000 -0.422618 -0.180000 0.000000 0.000000 0.000000 1.000000
0.004900 0.999933 0.010508 -0.009871 0.422590 -0.011594 0.906247 0.618150 0.906308 0.000000 -0.422618 -0.180000 0.000000 0.000000 0.000000 1.000000
0.004887 0.999933 0.010481 -0.009887 0.422590 -0.011565 0.906247 0.618150 0.906308 0.000000 -0.422618 -0.180000 0.000000 0.000000 0.000000 1.000000
0.004874 0.999933 0.010453 -0.009903 0.422590 -0.011534 0.906248 0.618151 0.906308 -0.000000 -0.422618 -0.180000 0.000000 0.000000 0.000000 1.000000
0.004861 0.999934 0.010425 -0.009920 0.422590 -0.011502 0.906248 0.618151 0.906308 -0.000000 -0.422618 -0.180000 0.000000 0.000000 0.000000 1.000000
0.004847 0.999934 0.010395 -0.009937 0.422590 -0.011470 0.906248 0.618152 0.906308 -0.000000 -0.422618 -0.180000 0.000000 0.000000 0.000000 1.000000
0.004833 0.999935 0.010365 -0.009955 0.422591 -0.011436 0.906249 0.618153 0.906308 -0.000000 -0.422618 -0.180000 0.000000 0.000000 0.000000 1.000000
0.004819 0.999935 0.010334 -0.009973 0.422591 -0.011402 0.906249 0.618153 0.906308 0.000000 -0.422618 -0.180000 0.000000 0.000000 0.000000 1.000000
0.004804 0.999935 0.010302 -0.009991 0.422591 -0.011367 0.906249 0.618154 0.906308 -0.000000 -0.422618 -0.180000 0.000000 0.000000 0.000000 1.000000
0.004789 0.999936 0.010269 -0.010010 0.422591 -0.011331 0.906250 0.618155 0.906308 0.000000 -0.422618 -0.180000 0.000000 0.000000 0.000000 1.000000
0.004773 0.999936 0.010236 -0.010030 0.422591 -0.011294 0.906250 0.618155 0.906308 -0.000000 -0.422618 -0.180000 0.000000 0.000000 0.000000 1.000000
0.004757 0.999937 0.010202 -0.010050 0.422591 -0.011256 0.906250 0.618156 0.906308 -0.000000 -0.422618 -0.180000 0.000000 0.000000 0.000000 1.000000
0.004741 0.999937 0.010167 -0.010070 0.422592 -0.011218 0.906251 0.618157 0.906308 -0.000000 -0.422618 -0.180000 0.000000 0.000000 0.000000 1.000000
0.004724 0.999938 0.010131 -0.010091 0.422592 -0.011178 0.906251 0.618158 0.906308 0.000000 -0.422618 -0.180000 0.000000 0.000000 0.000000 1.000000
0.004707 0.999938 0.010094 -0.010112 0.422592 -0.011138 0.906252 0.618158 0.906308 -0.000000 -0.422618 -0.180000 0.000000 0.000000 0.000000 1.000000
0.004689 0.999938 0.010057 -0.010134 0.422592 -0.011096 0.906252 0.618159 0.906308 0.000000 -0.422618 -0.180000 0.000000 0.000000 0.000000 1.000000
0.004672 0.999939 0.010018 -0.010156 0.422592 -0.011054 0.906252 0.618160 0.906308 0.000000 -0.422618 -0.180000 0.000000 0.000000 0.000000 1.000000
0.004653 0.999939 0.009979 -0.010179 0.422593 -0.011011 0.906253 0.618161 0.906308 -0.000000 -0.422618 -0.180000 0.000000 0.000000 0.000000 1.000000
0.004635 0.999940 0.009940 -0.010202 0.422593 -0.010967 0.906253 0.618161 0.906308 -0.000000 -0.422618 -0.180000 0.000000 0.000000 0.000000 1.000000
0.004616 0.999940 0.009899 -0.010226 0.422593 -0.010922 0.906254 0.618162 0.906308 -0.000000 -0.422618 -0.180000 0.000000 0.000000 0.000000 1.000000
0.004597 0.999941 0.009857 -0.010250 0.422593 -0.010877 0.906254 0.618163 0.906308 -0.000000 -0.422618 -0.180000 0.000000 0.000000 0.000000 1.000000
0.004577 0.999941 0.009815 -0.010275 0.422593 -0.010830 0.906255 0.618164 0.906308 0.000000 -0.422618 -0.180000 0.000000 0.000000 0.000000 1.000000
0.004557 0.999942 0.009772 -0.010300 0.422594 -0.010783 0.906255 0.618165 0.906308 -0.000000 -0.422618 -0.180000 0.000000 0.000000 0.000000 1.000000
0.004536 0.999942 0.009728 -0.010325 0.422594 -0.010734 0.906256 0.618166 0.906308 -0.000000 -0.422618 -0.180000 0.000000 0.000000 0.000000 1.000000
0.004516 0.999943 0.009684 -0.010351 0.422594 -0.010685 0.906256 0.618167 0.906308 -0.000000 -0.422618 -0.180000 0.000000 0.000000 0.000000 1.000000
0.004494 0.999943 0.009638 -0.010378 0.422594 -0.010635 0.906257 0.618168 0.906308 -0.000000 -0.422618 -0.180000 0.000000 0.000000 0.000000 1.000000
0.004473 0.999944 0.009592 -0.010405 0.422595 -0.010584 0.906257 0.618168 0.906308 -0.000000 -0.422618 -0.180000 0.000000 0.000000 0.000000 1.000000
0.004451 0.999945 0.009545 -0.010432 0.422595 -0.010532 0.906258 0.618169 0.906308 -0.000000 -0.422618 -0.180000 0.000000 0.000000 0.000000 1.000000
0.004429 0.999945 0.009497 -0.010460 0.422595 -0.010479 0.906258 0.618170 0.906308 -0.000000 -0.422618 -0.180000 0.000000 0.000000 0.000000 1.000000
0.004406 0.999946 0.009449 -0.010488 0.422595 -0.010426 0.906259 0.618171 0.906308 -0.000000 -0.422618 -0.180000 0.000000 0.000000 0.000000 1.000000
0.004383 0.999946 0.009400 -0.010517 0.422596 -0.010371 0.906259 0.618172 0.906308 -0.000000 -0.422618 -0.180000 0.000000 0.000000 0.000000 1.000000
0.004360 0.999947 0.009349 -0.010546 0.422596 -0.010316 0.906260 0.618173 0.906308 0.000000 -0.422618 -0.180000 0.000000 0.000000 0.000000 1.000000
0.004336 0.999947 0.009298 -0.010576 0.422596 -0.010260 0.906260 0.618174 0.906308 -0.000000 -0.422618 -0.180000 0.000000 0.000000 0.000000 1.000000
0.004312 0.999948 0.009247 -0.010606 0.422596 -0.010203 0.906261 0.618175 0.906308 0.000000 -0.422618 -0.180000 0.000000 0.000000 0.000000 1.000000
0.004287 0.999949 0.009194 -0.010636 0.422597 -0.010145 0.906261 0.618176 0.906308 -0.000000 -0.422618 -0.180000 0.000000 0.000000 0.000000 1.000000
0.004262 0.999949 0.009141 -0.010667 0.422597 -0.010086 0.906262 0.618177 0.906308 -0.000000 -0.422618 -0.180000 0.000000 0.000000 0.000000 1.000000
0.004237 0.999950 0.009087 -0.010699 0.422597 -0.010026 0.906262 0.618178 0.906308 0.000000 -0.422618 -0.180000 0.000000 0.000000 0.000000 1.000000
0.004212 0.999950 0.009032 -0.010731 0.422597 -0.009965 0.906263 0.618179 0.906308 0.000000 -0.422618 -0.180000 0.000000 0.000000 0.000000 1.000000
0.004186 0.999951 0.008976 -0.010763 0.422598 -0.009904 0.906263 0.618181 0.906308 0.000000 -0.422618 -0.180000 0.000000 0.000000 0.000000 1.000000
0.004159 0.999952 0.008920 -0.010796 0.422598 -0.009842 0.906264 0.618182 0.906308 0.000000 -0.422618 -0.180000 0.000000 0.000000 0.000000 1.000000
0.004133 0.999952 0.008862 -0.010829 0.422598 -0.009778 0.906264 0.618183 0.906308 0.000000 -0.422618 -0.180000 0.000000 0.000000 0.000000 1.000000
0.004105 0.999953 0.008804 -0.010863 0.422598 -0.009714 0.906265 0.618184 0.906308 -0.000000 -0.422618 -0.180000 0.000000 0.000000 0.000000 1.000000
0.004078 0.999953 0.008745 -0.010898 0.422599 -0.009649 0.906266 0.618185 0.906308 -0.000000 -0.422618 -0.180000 0.000000 0.000000 0.000000 1.000000
0.004050 0.999954 0.008686 -0.010932 0.422599 -0.009584 0.906266 0.618186 0.906308 0.000000 -0.422618 -0.180000 0.000000 0.000000 0.000000 1.000000
0.004022 0.999955 0.008625 -0.010967 0.422599 -0.009517 0.906267 0.618187 0.906308 -0.000000 -0.422618 -0.180000 0.000000 0.000000 0.000000 1.000000
0.003993 0.999955 0.008564 -0.011003 0.422599 -0.009449 0.906267 0.618188 0.906308 -0.000000 -0.422618 -0.180000 0.000000 0.000000 0.000000 1.000000
0.003965 0.999956 0.008502 -0.011039 0.422600 -0.009381 0.906268 0.618190 0.906308 0.000000 -0.422618 -0.180000 0.000000 0.000000 0.000000 1.000000
0.003935 0.999957 0.008439 -0.011076 0.422600 -0.009312 0.906268 0.618191 0.906308 0.000000 -0.422618 -0.180000 0.000000 0.000000 0.000000 1.000000
0.003906 0.999957 0.008376 -0.011113 0.422600 -0.009242 0.906269 0.618192 0.906308 -0.000000 -0.422618 -0.180000 0.000000 0.000000 0.000000 1.000000
0.003876 0.999958 0.008311 -0.011150 0.422600 -0.009170 0.906270 0.618193 0.906308 -0.000000 -0.422618 -0.180000 0.000000 0.000000 0.000000 1.000000
0.003845 0.999959 0.008246 -0.011188 0.422601 -0.009099 0.906270 0.618194 0.906308 0.000000 -0.422618 -0.180000 0.000000 0.000000 0.000000 1.000000
0.003814 0.999959 0.008180 -0.011226 0.422601 -0.009026 0.906271 0.618195 0.906308 -0.000000 -0.422618 -0.180000 0.000000 0.000000 0.000000 1.000000
0.003783 0.999960 0.008113 -0.011265 0.422601 -0.008952 0.906271 0.618197 0.906308 -0.000000 -0.422618 -0.180000 0.000000 0.000000 0.000000 1.000000
0.003752 0.999961 0.008046 -0.011305 0.422602 -0.008878 0.906272 0.618198 0.906308 -0.000000 -0.422618 -0.180000 0.000000 0.000000 0.000000 1.000000
0.003720 0.999961 0.007978 -0.011344 0.422602 -0.008802 0.906273 0.618199 0.906308 -0.000000 -0.422618 -0.180000 0.000000 0.000000 0.000000 1.000000
0.003688 0.999962 0.007909 -0.011385 0.422602 -0.008726 0.906273 0.618200 0.906308 0.000000 -0.422618 -0.180000 0.000000 0.000000 0.000000 1.000000
0.003655 0.999963 0.007839 -0.011425 0.422602 -0.008649 0.906274 0.618202 0.906308 -0.000000 -0.422618 -0.180000 0.000000 0.000000 0.000000 1.000000
0.003622 0.999963 0.007768 -0.011466 0.422603 -0.008571 0.906274 0.618203 0.906308 -0.000000 -0.422618 -0.180000 0.000000 0.000000 0.000000 1.000000
0.003589 0.999964 0.007697 -0.011508 0.422603 -0.008492 0.906275 0.618204 0.906308 0.000000 -0.422618 -0.180000 0.000000 0.000000 0.000000 1.000000
0.003555 0.999965 0.007624 -0.011550 0.422603 -0.008413 0.906276 0.618205 0.906308 -0.000000 -0.422618 -0.180000 0.000000 0.000000 0.000000 1.000000
0.003521 0.999965 0.007551 -0.011592 0.422604 -0.008332 0.906276 0.618207 0.906308 0.000000 -0.422618 -0.180000 0.000000 0.000000 0.000000 1.000000
0.003487 0.999966 0.007478 -0.011635 0.422604 -0.008251 0.906277 0.618208 0.906308 0.000000 -0.422618 -0.180000 0.000000 0.000000 0.000000 1.000000
0.003452 0.999967 0.007403 -0.011679 0.422604 -0.008168 0.906278 0.618209 0.906308 0.000000 -0.422618 -0.180000 0.000000 0.000000 0.000000 1.000000
0.003417 0.999967 0.007328 -0.011723 0.422604 -0.008085 0.906278 0.618210 0.906308 0.000000 -0.422618 -0.180000 0.000000 0.000000 0.000000 1.000000
0.003381 0.999968 0.007252 -0.011767 0.422605 -0.008001 0.906279 0.618212 0.906308 0.000000 -0.422618 -0.180000 0.000000 0.000000 0.000000 1.000000
0.003346 0.999969 0.007175 -0.011812 0.422605 -0.007916 0.906279 0.618213 0.906308 -0.000000 -0.422618 -0.180000 0.000000 0.000000 0.000000 1.000000
0.003309 0.999969 0.007097 -0.011857 0.422605 -0.007831 0.906280 0.618214 0.906308 -0.000000 -0.422618 -0.180000 0.000000 0.000000 0.000000 1.000000
0.003273 0.999970 0.007019 -0.011903 0.422606 -0.007744 0.906281 0.618216 0.906308 0.000000 -0.422618 -0.180000 0.000000 0.000000 0.000000 1.000000
0.003236 0.999971 0.006939 -0.011949 0.422606 -0.007657 0.906281 0.618217 0.906308 -0.000000 -0.422618 -0.180000 0.000000 0.000000 0.000000 1.000000
0.003199 0.999971 0.006859 -0.011995 0.422606 -0.007568 0.906282 0.618218 0.906308 -0.000000 -0.422618 -0.180000 0.000000 0.000000 0.000000 1.000000
0.003161 0.999972 0.006778 -0.012042 0.422606 -0.007479 0.906282 0.618220 0.906308 -0.000000 -0.422618 -0.180000 0.000000 0.000000 0.000000 1.000000
0.003123 0.999973 0.006697 -0.012090 0.422607 -0.007389 0.906283 0.618221 0.906308 0.000000 -0.422618 -0.180000 0.000000 0.000000 0.000000 1.000000
0.003084 0.999973 0.006615 -0.012138 0.422607 -0.007298 0.906284 0.618222 0.906308 0.000000 -0.422618 -0.180000 0.000000 0.000000 0.000000 1.000000
0.003046 0.999974 0.006531 -0.012186 0.422607 -0.007207 0.906284 0.618224 0.906308 -0.000000 -0.422618 -0.180000 0.000000 0.000000 0.000000 1.000000
0.003006 0.999975 0.006447 -0.012235 0.422608 -0.007114 0.906285 0.618225 0.906308 0.000000 -0.422618 -0.180000 0.000000 0.000000 0.000000 1.000000
0.002967 0.999975 0.006363 -0.012284 0.422608 -0.007020 0.906285 0.618226 0.906308 0.000000 -0.422618 -0.180000 0.000000 0.000000 0.000000 1.000000
0.002927 0.999976 0.006277 -0.012334 0.422608 -0.006926 0.906286 0.618228 0.906308 0.000000 -0.422618 -0.180000 0.000000 0.000000 0.000000 1.000000
0.002887 0.999977 0.006191 -0.012384 0.422608 -0.006831 0.906287 0.618229 0.906308 0.000000 -0.422618 -0.180000 0.000000 0.000000 0.000000 1.000000
0.002846 0.999977 0.006104 -0.012435 0.422609 -0.006735 0.906287 0.618230 0.906308 -0.000000 -0.422618 -0.180000 0.000000 0.000000 0.000000 1.000000
0.002805 0.999978 0.006016 -0.012486 0.422609 -0.006638 0.906288 0.618232 0.906308 -0.000000 -0.422618 -0.180000 0.000000 0.000000 0.000000 1.000000
0.002764 0.999979 0.005928 -0.012538 0.422609 -0.006540 0.906288 0.618233 0.906308 -0.000000 -0.422618 -0.180000 0.000000 0.000000 0.000000 1.000000
0.002722 0.999979 0.005838 -0.012590 0.422609 -0.006442 0.906289 0.618234 0.906308 -0.000000 -0.422618 -0.180000 0.000000 0.000000 0.000000 1.000000
0.002680 0.999980 0.005748 -0.012642 0.422610 -0.006342 0.906290 0.618236 0.906308 -0.000000 -0.422618 -0.180000 0.000000 0.000000 0.000000 1.000000
0.002638 0.999981 0.005657 -0.012695 0.422610 -0.006242 0.906290 0.618237 0.906308 0.000000 -0.422618 -0.180000 0.000000 0.000000 0.000000 1.000000
0.002595 0.999981 0.005565 -0.012749 0.422610 -0.006141 0.906291 0.618239 0.906308 0.000000 -0.422618 -0.180000 0.000000 0.000000 0.000000 1.000000
0.002552 0.999982 0.005473 -0.012802 0.422611 -0.006039 0.906291 0.618240 0.906308 0.000000 -0.422618 -0.180000 0.000000 0.000000 0.000000 1.000000
0.002509 0.999982 0.005380 -0.012857 0.422611 -0.005936 0.906292 0.618241 0.906308 0.000000 -0.422618 -0.180000 0.000000 0.000000 0.000000 1.000000
0.002465 0.999983 0.005286 -0.012911 0.422611 -0.005832 0.906292 0.618243 0.906308 0.000000 -0.422618 -0.180000 0.000000 0.000000 0.000000 1.000000
0.002421 0.999984 0.005191 -0.012967 0.422611 -0.005727 0.906293 0.618244 0.906308 0.000000 -0.422618 -0.180000 0.000000 0.000000 0.000000 1.000000
0.002376 0.999984 0.005095 -0.013022 0.422612 -0.005622 0.906293 0.618245 0.906308 -0.000000 -0.422618 -0.180000 0.000000 0.000000 0.000000 1.000000
0.002331 0.999985 0.004999 -0.013078 0.422612 -0.005516 0.906294 0.618247 0.906308 -0.000000 -0.422618 -0.180000 0.000000 0.000000 0.000000 1.000000
0.002286 0.999985 0.004902 -0.013135 0.422612 -0.005409 0.906295 0.618248 0.906308 -0.000000 -0.422618 -0.180000 0.000000 0.000000 0.000000 1.000000
0.002240 0.999986 0.004804 -0.013192 0.422612 -0.005301 0.906295 0.618249 0.906308 0.000000 -0.422618 -0.180000 0.000000 0.000000 0.000000 1.000000
0.002194 0.999987 0.004705 -0.013249 0.422613 -0.005192 0.906296 0.618251 0.906308 -0.000000 -0.422618 -0.180000 0.000000 0.000000 0.000000 1.000000
0.002148 0.999987 0.004606 -0.013307 0.422613 -0.005082 0.906296 0.618252 0.906308 0.000000 -0.422618 -0.180000 0.000000 0.000000 0.000000 1.000000
0.002101 0.999988 0.004506 -0.013365 0.422613 -0.004972 0.906297 0.618254 0.906308 -0.000000 -0.422618 -0.180000 0.000000 0.000000 0.000000 1.000000
0.002054 0.999988 0.004405 -0.013424 0.422613 -0.004860 0.906297 0.618255 0.906308 0.000000 -0.422618 -0.180000 0.000000 0.000000 0.000000 1.000000
0.002007 0.999989 0.004303 -0.013483 0.422613 -0.004748 0.906298 0.618256 0.906308 -0.000000 -0.422618 -0.180000 0.000000 0.000000 0.000000 1.000000
0.001959 0.999989 0.004201 -0.013543 0.422614 -0.004635 0.906298 0.618258 0.906308 -0.000000 -0.422618 -0.180000 0.000000 0.000000 0.000000 1.000000
0.001911 0.999990 0.004097 -0.013603 0.422614 -0.004521 0.906299 0.618259 0.906308 0.000000 -0.422618 -0.180000 0.000000 0.000000 0.000000 1.000000
0.001862 0.999990 0.003993 -0.013664 0.422614 -0.004406 0.906299 0.618260 0.906308 -0.000000 -0.422618 -0.180000 0.000000 0.000000 0.000000 1.000000
0.001813 0.999991 0.003888 -0.013725 0.422614 -0.004290 0.906299 0.618262 0.906308 -0.000000 -0.422618 -0.180000 0.000000 0.000000 0.000000 1.000000
0.001764 0.999991 0.003783 -0.013786 0.422615 -0.004174 0.906300 0.618263 0.906308 -0.000000 -0.422618 -0.180000 0.000000 0.000000 0.000000 1.000000
0.001714 0.999992 0.003676 -0.013848 0.422615 -0.004057 0.906300 0.618264 0.906308 0.000000 -0.422618 -0.180000 0.000000 0.000000 0.000000 1.000000
0.001664 0.999992 0.003569 -0.013910 0.422615 -0.003938 0.906301 0.618266 0.906308 -0.000000 -0.422618 -0.180000 0.000000 0.000000 0.000000 1.000000
0.001614 0.999993 0.003461 -0.013973 0.422615 -0.003819 0.906301 0.618267 0.906308 -0.000000 -0.422618 -0.180000 0.000000 0.000000 0.000000 1.000000
0.001563 0.999993 0.003353 -0.014036 0.422615 -0.003699 0.906302 0.618268 0.906308 0.000000 -0.422618 -0.180000 0.000000 0.000000 0.000000 1.000000
0.001512 0.999994 0.003243 -0.014100 0.422616 -0.003579 0.906302 0.618270 0.906308 -0.000000 -0.422618 -0.180000 0.000000 0.000000 0.000000 1.000000
0.001461 0.999994 0.003133 -0.014164 0.422616 -0.003457 0.906302 0.618271 0.906308 0.000000 -0.422618 -0.180000 0.000000 0.000000 0.000000 1.000000
0.001409 0.999994 0.003022 -0.014229 0.422616 -0.003335 0.906303 0.618272 0.906308 -0.000000 -0.422618 -0.180000 0.000000 0.000000 0.000000 1.000000
0.001357 0.999995 0.002910 -0.014294 0.422616 -0.003211 0.906303 0.618273 0.906308 -0.000000 -0.422618 -0.180000 0.000000 0.000000 0.000000 1.000000
0.001305 0.999995 0.002798 -0.014359 0.422616 -0.003087 0.906303 0.618275 0.906308 -0.000000 -0.422618 -0.180000 0.000000 0.000000 0.000000 1.000000
0.001252 0.999996 0.002685 -0.014425 0.422616 -0.002962 0.906304 0.618276 0.906308 0.000000 -0.422618 -0.180000 0.000000 0.000000 0.000000 1.000000
0.001199 0.999996 0.002571 -0.014492 0.422617 -0.002837 0.906304 0.618277 0.906308 -0.000000 -0.422618 -0.180000 0.000000 0.000000 0.000000 1.000000
0.001145 0.999996 0.002456 -0.014559 0.422617 -0.002710 0.906304 0.618278 0.906308 -0.000000 -0.422618 -0.180000 0.000000 0.000000 0.000000 1.000000
0.001091 0.999997 0.002340 -0.014626 0.422617 -0.002582 0.906305 0.618280 0.906308 0.000000 -0.422618 -0.180000 0.000000 0.000000 0.000000 1.000000
0.001037 0.999997 0.002224 -0.014693 0.422617 -0.002454 0.906305 0.618281 0.906308 -0.000000 -0.422618 -0.180000 0.000000 0.000000 0.000000 1.000000
0.000983 0.999997 0.002107 -0.014762 0.422617 -0.002325 0.906305 0.618282 0.906308 0.000000 -0.422618 -0.180000 0.000000 0.000000 0.000000 1.000000
0.000928 0.999998 0.001989 -0.014830 0.422617 -0.002195 0.906306 0.618283 0.906308 -0.000000 -0.422618 -0.180000 0.000000 0.000000 0.000000 1.000000
0.000872 0.999998 0.001871 -0.014899 0.422617 -0.002064 0.906306 0.618285 0.906308 0.000000 -0.422618 -0.180000 0.000000 0.000000 0.000000 1.000000
0.000817 0.999998 0.001751 -0.014969 0.422617 -0.001932 0.906306 0.618286 0.906308 0.000000 -0.422618 -0.180000 0.000000 0.000000 0.000000 1.000000
0.000761 0.999998 0.001631 -0.015039 0.422618 -0.001800 0.906306 0.618287 0.906308 0.000000 -0.422618 -0.180000 0.000000 0.000000 0.000000 1.000000
0.000704 0.999999 0.001510 -0.015109 0.422618 -0.001666 0.906307 0.618288 0.906308 -0.000000 -0.422618 -0.180000 0.000000 0.000000 0.000000 1.000000
0.000647 0.999999 0.001388 -0.015180 0.422618 -0.001532 0.906307 0.618289 0.906308 -0.000000 -0.422618 -0.180000 0.000000 0.000000 0.000000 1.000000
0.000590 0.999999 0.001266 -0.015251 0.422618 -0.001397 0.906307 0.618290 0.906308 -0.000000 -0.422618 -0.180000 0.000000 0.000000 0.000000 1.000000
0.000533 0.999999 0.001143 -0.015323 0.422618 -0.001261 0.906307 0.618292 0.906308 0.000000 -0.422618 -0.180000 0.000000 0.000000 0.000000 1.000000
0.000475 0.999999 0.001019 -0.015395 0.422618 -0.001124 0.906307 0.618293 0.906308 -0.000000 -0.422618 -0.180000 0.000000 0.000000 0.000000 1.000000
0.000417 1.000000 0.000894 -0.015468 0.422618 -0.000987 0.906307 0.618294 0.906308 -0.000000 -0.422618 -0.180000 0.000000 0.000000 0.000000 1.000000
0.000358 1.000000 0.000769 -0.015541 0.422618 -0.000848 0.906307 0.618295 0.906308 0.000000 -0.422618 -0.180000 0.000000 0.000000 0.000000 1.000000
0.000300 1.000000 0.000643 -0.015614 0.422618 -0.000709 0.906308 0.618296 0.906308 -0.000000 -0.422618 -0.180000 0.000000 0.000000 0.000000 1.000000
0.000240 1.000000 0.000516 -0.015688 0.422618 -0.000569 0.906308 0.618297 0.906308 0.000000 -0.422618 -0.180000 0.000000 0.000000 0.000000 1.000000
0.000181 1.000000 0.000388 -0.015762 0.422618 -0.000428 0.906308 0.618298 0.906308 0.000000 -0.422618 -0.180000 0.000000 0.000000 0.000000 1.000000
0.000121 1.000000 0.000259 -0.015837 0.422618 -0.000286 0.906308 0.618299 0.906308 -0.000000 -0.422618 -0.180000 0.000000 0.000000 0.000000 1.000000
0.000061 1.000000 0.000130 -0.015912 0.422618 -0.000143 0.906308 0.618300 0.906308 -0.000000 -0.422618 -0.180000 0.000000 0.000000 0.000000 1.000000
-0.000000 1.000000 -0.000000 -0.015988 0.422618 0.000000 0.906308 0.618301 0.906308 0.000000 -0.422618 -0.180000 0.000000 0.000000 0.000000 1.000000
-0.000128 1.000000 -0.000255 -0.016137 0.422610 0.000285 0.906312 0.618305 0.906312 0.000008 -0.422610 -0.179995 0.000000 0.000000 0.000000 1.000000
-0.000377 1.000000 -0.000736 -0.016418 0.422586 0.000827 0.906322 0.618313 0.906323 0.000030 -0.422586 -0.179981 0.000000 0.000000 0.000000 1.000000
-0.000729 0.999999 -0.001411 -0.016813 0.422549 0.001587 0.906339 0.618325 0.906340 0.000065 -0.422549 -0.179959 0.000000 0.000000 0.000000 1.000000
-0.001168 0.999997 -0.002244 -0.017302 0.422500 0.002528 0.906359 0.618339 0.906362 0.000110 -0.422502 -0.179931 0.000000 0.000000 0.000000 1.000000
-0.001674 0.999993 -0.003204 -0.017864 0.422442 0.003612 0.906383 0.618354 0.906388 0.000164 -0.422445 -0.179898 0.000000 0.000000 0.000000 1.000000
-0.002231 0.999988 -0.004256 -0.018480 0.422377 0.004800 0.906408 0.618369 0.906418 0.000224 -0.422383 -0.179862 0.000000 0.000000 0.000000 1.000000
-0.002819 0.999982 -0.005367 -0.019131 0.422307 0.006056 0.906433 0.618384 0.906449 0.000288 -0.422316 -0.179823 0.000000 0.000000 0.000000 1.000000
-0.003422 0.999973 -0.006504 -0.019797 0.422234 0.007340 0.906457 0.618398 0.906481 0.000355 -0.422247 -0.179782 0.000000 0.000000 0.000000 1.000000
-0.004021 0.999963 -0.007632 -0.020457 0.422160 0.008616 0.906480 0.618410 0.906513 0.000423 -0.422179 -0.179742 0.000000 0.000000 0.000000 1.000000
-0.004598 0.999951 -0.008719 -0.021094 0.422088 0.009845 0.906501 0.618420 0.906543 0.000488 -0.422113 -0.179704 0.000000 0.000000 0.000000 1.000000
-0.005136 0.999939 -0.009730 -0.021686 0.422020 0.010988 0.906520 0.618428 0.906572 0.000549 -0.422051 -0.179668 0.000000 0.000000 0.000000 1.000000
-0.005616 0.999928 -0.010632 -0.022215 0.421959 0.012009 0.906535 0.618434 0.906598 0.000605 -0.421996 -0.179636 0.000000 0.000000 0.000000 1.000000
-0.006021 0.999917 -0.011393 -0.022660 0.421907 0.012869 0.906548 0.618438 0.906619 0.000651 -0.421949 -0.179608 0.000000 0.000000 0.000000 1.000000
-0.006332 0.999908 -0.011977 -0.023003 0.421867 0.013531 0.906557 0.618441 0.906636 0.000688 -0.421914 -0.179588 0.000000 0.000000 0.000000 1.000000
-0.006532 0.999902 -0.012353 -0.023223 0.421841 0.013955 0.906563 0.618442 0.906646 0.000711 -0.421891 -0.179574 0.000000 0.000000 0.000000 1.000000
-0.006603 0.999900 -0.012485 -0.023300 0.421832 0.014105 0.906564 0.618443 0.906650 0.000719 -0.421883 -0.179570 0.000000 0.000000 0.000000 1.000000
-0.006574 0.999901 -0.012431 -0.023269 0.421835 0.014044 0.906564 0.618443 0.906649 0.000716 -0.421886 -0.179571 0.000000 0.000000 0.000000 1.000000
-0.006491 0.999904 -0.012275 -0.023177 0.421845 0.013868 0.906562 0.618442 0.906645 0.000707 -0.421895 -0.179577 0.000000 0.000000 0.000000 1.000000
-0.006359 0.999907 -0.012025 -0.023031 0.421862 0.013585 0.906558 0.618441 0.906638 0.000692 -0.421909 -0.179585 0.000000 0.000000 0.000000 1.000000
-0.006182 0.999913 -0.011690 -0.022835 0.421884 0.013206 0.906554 0.618440 0.906629 0.000672 -0.421929 -0.179596 0.000000 0.000000 0.000000 1.000000
-0.005964 0.999919 -0.011278 -0.022593 0.421911 0.012741 0.906548 0.618438 0.906618 0.000648 -0.421953 -0.179610 0.000000 0.000000 0.000000 1.000000
-0.005709 0.999925 -0.010798 -0.022312 0.421942 0.012198 0.906541 0.618436 0.906605 0.000620 -0.421981 -0.179627 0.000000 0.000000 0.000000 1.000000
-0.005424 0.999933 -0.010258 -0.021996 0.421977 0.011589 0.906532 0.618433 0.906590 0.000588 -0.422012 -0.179645 0.000000 0.000000 0.000000 1.000000
-0.005111 0.999940 -0.009667 -0.021650 0.422016 0.010921 0.906523 0.618429 0.906574 0.000554 -0.422046 -0.179665 0.000000 0.000000 0.000000 1.000000
-0.004776 0.999948 -0.009033 -0.021279 0.422057 0.010205 0.906512 0.618425 0.906557 0.000517 -0.422083 -0.179687 0.000000 0.000000 0.000000 1.000000
-0.004423 0.999955 -0.008366 -0.020888 0.422100 0.009451 0.906500 0.618419 0.906539 0.000478 -0.422122 -0.179709 0.000000 0.000000 0.000000 1.000000
-0.004056 0.999962 -0.007672 -0.020482 0.422144 0.008667 0.906487 0.618413 0.906520 0.000438 -0.422163 -0.179733 0.000000 0.000000 0.000000 1.000000
-0.003680 0.999969 -0.006962 -0.020066 0.422189 0.007865 0.906474 0.618406 0.906500 0.000397 -0.422205 -0.179757 0.000000 0.000000 0.000000 1.000000
-0.003300 0.999975 -0.006243 -0.019645 0.422234 0.007053 0.906459 0.618398 0.906481 0.000355 -0.422247 -0.179782 0.000000 0.000000 0.000000 1.000000
-0.002920 0.999980 -0.005524 -0.019224 0.422280 0.006241 0.906444 0.618390 0.906461 0.000314 -0.422289 -0.179807 0.000000 0.000000 0.000000 1.000000
-0.002544 0.999985 -0.004814 -0.018808 0.422324 0.005438 0.906429 0.618381 0.906441 0.000273 -0.422332 -0.179832 0.000000 0.000000 0.000000 1.000000
-0.002178 0.999989 -0.004120 -0.018402 0.422367 0.004655 0.906413 0.618371 0.906422 0.000234 -0.422373 -0.179856 0.000000 0.000000 0.000000 1.000000
-0.001825 0.999992 -0.003453 -0.018010 0.422408 0.003900 0.906397 0.618361 0.906404 0.000195 -0.422412 -0.179879 0.000000 0.000000 0.000000 1.000000
-0.001490 0.999995 -0.002819 -0.017639 0.422447 0.003184 0.906382 0.618352 0.906386 0.000159 -0.422450 -0.179901 0.000000 0.000000 0.000000 1.000000
-0.001177 0.999997 -0.002228 -0.017293 0.422483 0.002517 0.906367 0.618342 0.906370 0.000126 -0.422485 -0.179922 0.000000 0.000000 0.000000 1.000000
-0.000892 0.999998 -0.001688 -0.016977 0.422516 0.001907 0.906353 0.618333 0.906355 0.000095 -0.422517 -0.179941 0.000000 0.000000 0.000000 1.000000
-0.000638 0.999999 -0.001208 -0.016695 0.422545 0.001364 0.906341 0.618324 0.906341 0.000068 -0.422546 -0.179957 0.000000 0.000000 0.000000 1.000000
-0.000420 1.000000 -0.000796 -0.016454 0.422570 0.000899 0.906330 0.618316 0.906330 0.000045 -0.422571 -0.179972 0.000000 0.000000 0.000000 1.000000
-0.000243 1.000000 -0.000460 -0.016258 0.422591 0.000520 0.906321 0.618310 0.906321 0.000026 -0.422591 -0.179984 0.000000 0.000000 0.000000 1.000000
-0.000111 1.000000 -0.000210 -0.016111 0.422606 0.000238 0.906314 0.618305 0.906314 0.000012 -0.422606 -0.179993 0.000000 0.000000 0.000000 1.000000
-0.000029 1.000000 -0.000054 -0.016020 0.422615 0.000061 0.906309 0.618302 0.906309 0.000003 -0.422615 -0.179998 0.000000 0.000000 0.000000 1.000000
-0.000000 1.000000 -0.000000 -0.015988 0.422618 0.000000 0.906308 0.618301 0.906308 0.000000 -0.422618 -0.180000 0.000000 0.000000 0.000000 1.000000
0.000129 1.000000 0.000206 -0.015866 0.422580 -0.000241 0.906326 0.618307 0.906326 -0.000030 -0.422580 -0.179978 0.000000 0.000000 0.000000 1.000000
0.000495 1.000000 0.000792 -0.015520 0.422471 -0.000927 0.906376 0.618323 0.906376 -0.000114 -0.422472 -0.179915 0.000000 0.000000 0.000000 1.000000
0.001067 0.999998 0.001706 -0.014979 0.422302 -0.001997 0.906453 0.618348 0.906455 -0.000246 -0.422303 -0.179818 0.000000 0.000000 0.000000 1.000000
0.001812 0.999994 0.002898 -0.014274 0.422079 -0.003392 0.906553 0.618378 0.906557 -0.000420 -0.422083 -0.179692 0.000000 0.000000 0.000000 1.000000
0.002701 0.999987 0.004317 -0.013434 0.421814 -0.005053 0.906668 0.618411 0.906678 -0.000628 -0.421822 -0.179542 0.000000 0.000000 0.000000 1.000000
0.003700 0.999976 0.005913 -0.012489 0.421515 -0.006922 0.906795 0.618445 0.906814 -0.000863 -0.421530 -0.179374 0.000000 0.000000 0.000000 1.000000
0.004780 0.999959 0.007635 -0.011469 0.421190 -0.008938 0.906928 0.618477 0.906960 -0.001119 -0.421216 -0.179194 0.000000 0.000000 0.000000 1.000000
0.005908 0.999938 0.009433 -0.010404 0.420850 -0.011043 0.907063 0.618505 0.907111 -0.001389 -0.420889 -0.179007 0.000000 0.000000 0.000000 1.000000
0.007052 0.999912 0.011256 -0.009324 0.420504 -0.013178 0.907195 0.618529 0.907263 -0.001665 -0.420560 -0.178818 0.000000 0.000000 0.000000 1.000000
0.008182 0.999881 0.013054 -0.008259 0.420161 -0.015283 0.907321 0.618548 0.907413 -0.001939 -0.420236 -0.178634 0.000000 0.000000 0.000000 1.000000
0.009264 0.999848 0.014776 -0.007239 0.419831 -0.017300 0.907437 0.618562 0.907555 -0.002204 -0.419927 -0.178458 0.000000 0.000000 0.000000 1.000000
0.010268 0.999813 0.016371 -0.006293 0.419524 -0.019169 0.907542 0.618571 0.907686 -0.002451 -0.419642 -0.178296 0.000000 0.000000 0.000000 1.000000
0.011161 0.999779 0.017790 -0.005453 0.419250 -0.020830 0.907632 0.618575 0.907802 -0.002672 -0.419390 -0.178153 0.000000 0.000000 0.000000 1.000000
0.011912 0.999749 0.018981 -0.004746 0.419019 -0.022226 0.907705 0.618577 0.907899 -0.002859 -0.419179 -0.178033 0.000000 0.000000 0.000000 1.000000
0.012487 0.999724 0.019894 -0.004205 0.418842 -0.023296 0.907760 0.618577 0.907973 -0.003003 -0.419018 -0.177942 0.000000 0.000000 0.000000 1.000000
0.012856 0.999708 0.020479 -0.003858 0.418728 -0.023981 0.907795 0.618576 0.908020 -0.003096 -0.418914 -0.177883 0.000000 0.000000 0.000000 1.000000
0.012986 0.999702 0.020685 -0.003736 0.418688 -0.024223 0.907807 0.618575 0.908037 -0.003128 -0.418878 -0.177863 0.000000 0.000000 0.000000 1.000000
0.012984 0.999702 0.020683 -0.003737 0.418689 -0.024219 0.907806 0.618575 0.908037 -0.003127 -0.418879 -0.177863 0.000000 0.000000 0.000000 1.000000
0.012978 0.999702 0.020675 -0.003742 0.418693 -0.024209 0.907805 0.618575 0.908035 -0.003125 -0.418882 -0.177865 0.000000 0.000000 0.000000 1.000000
0.012967 0.999702 0.020662 -0.003750 0.418698 -0.024193 0.907803 0.618574 0.908033 -0.003121 -0.418887 -0.177868 0.000000 0.000000 0.000000 1.000000
0.012953 0.999703 0.020644 -0.003761 0.418705 -0.024171 0.907801 0.618574 0.908030 -0.003115 -0.418894 -0.177871 0.000000 0.000000 0.000000 1.000000
0.012934 0.999704 0.020621 -0.003775 0.418714 -0.024143 0.907797 0.618573 0.908026 -0.003107 -0.418902 -0.177876 0.000000 0.000000 0.000000 1.000000
0.012912 0.999705 0.020593 -0.003791 0.418725 -0.024108 0.907793 0.618572 0.908021 -0.003098 -0.418913 -0.177882 0.000000 0.000000 0.000000 1.000000
0.012885 0.999706 0.020561 -0.003811 0.418738 -0.024068 0.907788 0.618571 0.908016 -0.003088 -0.418925 -0.177889 0.000000 0.000000 0.000000 1.000000
0.012855 0.999707 0.020524 -0.003833 0.418753 -0.024022 0.907782 0.618569 0.908009 -0.003075 -0.418939 -0.177897 0.000000 0.000000 0.000000 1.000000
0.012822 0.999708 0.020483 -0.003858 0.418770 -0.023970 0.907776 0.618568 0.908002 -0.003062 -0.418955 -0.177906 0.000000 0.000000 0.000000 1.000000
0.012785 0.999709 0.020437 -0.003886 0.418788 -0.023913 0.907769 0.618566 0.907994 -0.003047 -0.418972 -0.177916 0.000000 0.000000 0.000000 1.000000
0.012744 0.999711 0.020387 -0.003916 0.418808 -0.023850 0.907761 0.618565 0.907985 -0.003030 -0.418991 -0.177927 0.000000 0.000000 0.000000 1.000000
0.012700 0.999713 0.020332 -0.003949 0.418830 -0.023783 0.907753 0.618563 0.907976 -0.003013 -0.419012 -0.177939 0.000000 0.000000 0.000000 1.000000
0.012652 0.999714 0.020274 -0.003984 0.418854 -0.023710 0.907744 0.618560 0.907966 -0.002993 -0.419034 -0.177951 0.000000 0.000000 0.000000 1.000000
0.012602 0.999716 0.020212 -0.004022 0.418879 -0.023632 0.907735 0.618558 0.907955 -0.002973 -0.419058 -0.177965 0.000000 0.000000 0.000000 1.000000
0.012548 0.999718 0.020146 -0.004062 0.418905 -0.023550 0.907724 0.618556 0.907943 -0.002951 -0.419083 -0.177979 0.000000 0.000000 0.000000 1.000000
