<?xml version="1.0" encoding="utf-8"?>
<COLLADA xmlns="http://www.collada.org/2005/11/COLLADASchema" version="1.4.1">
  <asset><contributor><author></author><authoring_tool>FBX COLLADA exporter</authoring_tool><comments></comments></contributor><created>2020-03-03T19:26:18Z</created><keywords></keywords><modified>2020-03-03T19:26:18Z</modified><revision></revision><subject></subject><title></title><unit meter="0.010000" name="centimeter"></unit><up_axis>Y_UP</up_axis></asset>
  <library_animations>
    <animation id="jnt_right_lip-anim" name="jnt_right_lip"><animation><source id="jnt_right_lip-Matrix-animation-input"><float_array id="jnt_right_lip-Matrix-animation-input-array" count="7">

0.000000 0.033333 0.066667 0.100000 0.133333 0.166667 0.200000</float_array><technique_common><accessor source="#jnt_right_lip-Matrix-animation-input-array" count="7"><param name="TIME" type="float"/></accessor></technique_common></source><source id="jnt_right_lip-Matrix-animation-output-transform"><float_array id="jnt_right_lip-Matrix-animation-output-transform-array" count="112">

-0.417519 0.908602 0.010949 0.022774 0.388180 0.167456 0.906242 0.615368 0.821580 0.382623 -0.422617 -0.185105 0.000000 0.000000 0.000000 1.000000
-0.418472 0.908188 0.008721 0.021484 0.387153 0.169689 0.906266 0.615493 0.821580 0.382623 -0.422617 -0.185105 0.000000 0.000000 0.000000 1.000000
-0.420843 0.907128 0.003151 0.018258 0.384573 0.175267 0.906303 0.615778 0.821580 0.382623 -0.422617 -0.185105 0.000000 0.000000 0.000000 1.000000
-0.423902 0.905699 -0.004090 0.014062 0.381199 0.182509 0.906299 0.616088 0.821580 0.382623 -0.422617 -0.185105 0.000000 0.000000 0.000000 1.000000
-0.426935 0.904212 -0.011331 0.009866 0.377800 0.189739 0.906237 0.616331 0.821580 0.382623 -0.422617 -0.185105 0.000000 0.000000 0.000000 1.000000
-0.429248 0.903028 -0.016900 0.006639 0.375169 0.195293 0.906151 0.616472 0.821580 0.382623 -0.422617 -0.185105 0.000000 0.000000 0.000000 1.000000
-0.430169 0.902546 -0.019128 0.005348 0.374113 0.197512 0.906106 0.616518 0.821580 0.382623 -0.422617 -0.185105 0.000000 0.000000 0.000000 1.000000</float_array><technique_common><accessor source="#jnt_right_lip-Matrix-animation-output-transform-array" count="7" stride="16"><param type="float4x4"/></accessor></technique_common></source><source id="jnt_right_lip-Interpolations"><Name_array id="jnt_right_lip-Interpolations-array" count="7">
 LINEAR LINEAR LINEAR LINEAR LINEAR LINEAR LINEAR</Name_array><technique_common><accessor source="#jnt_right_lip-Interpolations-array" count="7"><param type="name"/></accessor></technique_common></source><sampler id="jnt_right_lip-Matrix-animation-transform"><input semantic="INPUT" source="#jnt_right_lip-Matrix-animation-input"/><input semantic="OUTPUT" source="#jnt_right_lip-Matrix-animation-output-transform"/><input semantic="INTERPOLATION" source="#jnt_right_lip-Interpolations"/></sampler><channel source="#jnt_right_lip-Matrix-animation-transform" target="jnt_right_lip/matrix"/></animation></animation>
    <animation id="jnt_upper_lip-anim" name="jnt_upper_lip"><animation><source id="jnt_upper_lip-Matrix-animation-input"><float_array id="jnt_upper_lip-Matrix-animation-input-array" count="7">

0.000000 0.033333 0.066667 0.100000 0.133333 0.166667 0.200000</float_array><technique_common><accessor source="#jnt_upper_lip-Matrix-animation-input-array" count="7"><param name="TIME" type="float"/></accessor></technique_common></source><source id="jnt_upper_lip-Matrix-animation-output-transform"><float_array id="jnt_upper_lip-Matrix-animation-output-transform-array" count="112">

0.968289 -0.000000 -0.249833 0.021618 -0.000000 1.000000 -0.000001 0.670989 0.249833 0.000001 0.968289 -0.008905 0.000000 0.000000 0.000000 1.000000
0.968289 -0.000000 -0.249833 0.021618 -0.000000 1.000000 -0.000001 0.670989 0.249833 0.000001 0.968289 -0.008905 0.000000 0.000000 0.000000 1.000000
0.968289 -0.000000 -0.249833 0.021618 -0.000000 1.000000 -0.000001 0.670989 0.249833 0.000001 0.968289 -0.008905 0.000000 0.000000 0.000000 1.000000
0.968289 -0.000000 -0.249833 0.021618 -0.000000 1.000000 -0.000001 0.670989 0.249833 0.000001 0.968289 -0.008905 0.000000 0.000000 0.000000 1.000000
0.968289 -0.000000 -0.249833 0.021618 -0.000000 1.000000 -0.000001 0.670989 0.249833 0.000001 0.968289 -0.008905 0.000000 0.000000 0.000000 1.000000
0.968289 -0.000000 -0.249833 0.021618 -0.000000 1.000000 -0.000001 0.670989 0.249833 0.000001 0.968289 -0.008905 0.000000 0.000000 0.000000 1.000000
0.968289 -0.000000 -0.249833 0.021618 -0.000000 1.000000 -0.000001 0.670989 0.249833 0.000001 0.968289 -0.008905 0.000000 0.000000 0.000000 1.000000</float_array><technique_common><accessor source="#jnt_upper_lip-Matrix-animation-output-transform-array" count="7" stride="16"><param type="float4x4"/></accessor></technique_common></source><source id="jnt_upper_lip-Interpolations"><Name_array id="jnt_upper_lip-Interpolations-array" count="7">
 LINEAR LINEAR LINEAR LINEAR LINEAR LINEAR LINEAR</Name_array><technique_common><accessor source="#jnt_upper_lip-Interpolations-array" count="7"><param type="name"/></accessor></technique_common></source><sampler id="jnt_upper_lip-Matrix-animation-transform"><input semantic="INPUT" source="#jnt_upper_lip-Matrix-animation-input"/><input semantic="OUTPUT" source="#jnt_upper_lip-Matrix-animation-output-transform"/><input semantic="INTERPOLATION" source="#jnt_upper_lip-Interpolations"/></sampler><channel source="#jnt_upper_lip-Matrix-animation-transform" target="jnt_upper_lip/matrix"/></animation></animation>
    <animation id="jnt_left_lip-anim" name="jnt_left_lip"><animation><source id="jnt_left_lip-Matrix-animation-input"><float_array id="jnt_left_lip-Matrix-animation-input-array" count="7">

0.000000 0.033333 0.066667 0.100000 0.133333 0.166667 0.200000</float_array><technique_common><accessor source="#jnt_left_lip-Matrix-animation-input-array" count="7"><param name="TIME" type="float"/></accessor></technique_common></source><source id="jnt_left_lip-Matrix-animation-output-transform"><float_array id="jnt_left_lip-Matrix-animation-output-transform-array" count="112">

-0.005215 0.999927 0.010897 -0.013831 -0.431617 -0.012081 0.901976 0.596578 0.902042 -0.000000 0.431648 0.177945 0.000000 0.000000 0.000000 1.000000
-0.004153 0.999954 0.008680 -0.015075 -0.431628 -0.009622 0.902000 0.596612 0.902042 0.000000 0.431648 0.177945 0.000000 0.000000 0.000000 1.000000
-0.001501 0.999994 0.003136 -0.018184 -0.431646 -0.003477 0.902036 0.596672 0.902042 0.000000 0.431648 0.177945 0.000000 0.000000 0.000000 1.000000
0.001948 0.999990 -0.004071 -0.022226 -0.431644 0.004513 0.902033 0.596691 0.902042 0.000000 0.431648 0.177945 0.000000 0.000000 0.000000 1.000000
0.005397 0.999922 -0.011277 -0.026266 -0.431615 0.012502 0.901971 0.596646 0.902042 -0.000000 0.431648 0.177945 0.000000 0.000000 0.000000 1.000000
0.008049 0.999826 -0.016821 -0.029371 -0.431573 0.018647 0.901885 0.596567 0.902042 -0.000000 0.431648 0.177945 0.000000 0.000000 0.000000 1.000000
0.009110 0.999777 -0.019038 -0.030613 -0.431552 0.021105 0.901841 0.596525 0.902042 0.000000 0.431648 0.177945 0.000000 0.000000 0.000000 1.000000</float_array><technique_common><accessor source="#jnt_left_lip-Matrix-animation-output-transform-array" count="7" stride="16"><param type="float4x4"/></accessor></technique_common></source><source id="jnt_left_lip-Interpolations"><Name_array id="jnt_left_lip-Interpolations-array" count="7">
 LINEAR LINEAR LINEAR LINEAR LINEAR LINEAR LINEAR</Name_array><technique_common><accessor source="#jnt_left_lip-Interpolations-array" count="7"><param type="name"/></accessor></technique_common></source><sampler id="jnt_left_lip-Matrix-animation-transform"><input semantic="INPUT" source="#jnt_left_lip-Matrix-animation-input"/><input semantic="OUTPUT" source="#jnt_left_lip-Matrix-animation-output-transform"/><input semantic="INTERPOLATION" source="#jnt_left_lip-Interpolations"/></sampler><channel source="#jnt_left_lip-Matrix-animation-transform" target="jnt_left_lip/matrix"/></animation></animation>
    <animation id="jnt_jaw-anim" name="jnt_jaw"><animation><source id="jnt_jaw-Matrix-animation-input"><float_array id="jnt_jaw-Matrix-animation-input-array" count="7">

0.000000 0.033333 0.066667 0.100000 0.133333 0.166667 0.200000</float_array><technique_common><accessor source="#jnt_jaw-Matrix-animation-input-array" count="7"><param name="TIME" type="float"/></accessor></technique_common></source><source id="jnt_jaw-Matrix-animation-output-transform"><float_array id="jnt_jaw-Matrix-animation-output-transform-array" count="112">

0.999708 0.024159 -0.000000 -0.022940 -0.024159 0.999708 0.000000 0.090803 0.000000 -0.000000 1.000000 0.000000 0.000000 0.000000 0.000000 1.000000
0.999815 0.019244 -0.000000 -0.022940 -0.019244 0.999815 0.000000 0.090803 0.000000 -0.000000 1.000000 0.000000 0.000000 0.000000 0.000000 1.000000
0.999976 0.006953 0.000000 -0.022940 -0.006953 0.999976 -0.000000 0.090803 -0.000000 -0.000000 1.000000 0.000000 0.000000 0.000000 0.000000 1.000000
0.999959 -0.009026 0.000000 -0.022940 0.009026 0.999959 0.000000 0.090803 -0.000000 -0.000000 1.000000 0.000000 0.000000 0.000000 0.000000 1.000000
0.999687 -0.025002 -0.000000 -0.022940 0.025002 0.999687 -0.000000 0.090803 0.000000 0.000000 1.000000 0.000000 0.000000 0.000000 0.000000 1.000000
0.999305 -0.037288 -0.000000 -0.022940 0.037288 0.999305 -0.000000 0.090803 0.000000 0.000000 1.000000 0.000000 0.000000 0.000000 0.000000 1.000000
0.999109 -0.042201 0.000000 -0.022940 0.042201 0.999109 0.000000 0.090803 -0.000000 -0.000000 1.000000 0.000000 0.000000 0.000000 0.000000 1.000000</float_array><technique_common><accessor source="#jnt_jaw-Matrix-animation-output-transform-array" count="7" stride="16"><param type="float4x4"/></accessor></technique_common></source><source id="jnt_jaw-Interpolations"><Name_array id="jnt_jaw-Interpolations-array" count="7">
 LINEAR LINEAR LINEAR LINEAR LINEAR LINEAR LINEAR</Name_array><technique_common><accessor source="#jnt_jaw-Interpolations-array" count="7"><param type="name"/></accessor></technique_common></source><sampler id="jnt_jaw-Matrix-animation-transform"><input semantic="INPUT" source="#jnt_jaw-Matrix-animation-input"/><input semantic="OUTPUT" source="#jnt_jaw-Matrix-animation-output-transform"/><input semantic="INTERPOLATION" source="#jnt_jaw-Interpolations"/></sampler><channel source="#jnt_jaw-Matrix-animation-transform" target="jnt_jaw/matrix"/></animation></animation>
    <animation id="jnt_lowerlip-anim" name="jnt_lowerlip"><animation><source id="jnt_lowerlip-Matrix-animation-input"><float_array id="jnt_lowerlip-Matrix-animation-input-array" count="7">

0.000000 0.033333 0.066667 0.100000 0.133333 0.166667 0.200000</float_array><technique_common><accessor source="#jnt_lowerlip-Matrix-animation-input-array" count="7"><param name="TIME" type="float"/></accessor></technique_common></source><source id="jnt_lowerlip-Matrix-animation-output-transform"><float_array id="jnt_lowerlip-Matrix-animation-output-transform-array" count="112">

0.999852 -0.013321 -0.010863 -0.078633 0.013103 0.999717 -0.019870 0.552875 0.011124 0.019725 0.999744 0.011638 0.000000 0.000000 0.000000 1.000000
0.999852 -0.013321 -0.010863 -0.078633 0.013103 0.999717 -0.019870 0.552875 0.011124 0.019725 0.999744 0.011638 0.000000 0.000000 0.000000 1.000000
0.999852 -0.013321 -0.010863 -0.078633 0.013103 0.999717 -0.019870 0.552875 0.011124 0.019725 0.999744 0.011638 0.000000 0.000000 0.000000 1.000000
0.999852 -0.013321 -0.010863 -0.078633 0.013103 0.999717 -0.019870 0.552875 0.011124 0.019725 0.999744 0.011638 0.000000 0.000000 0.000000 1.000000
0.999852 -0.013321 -0.010863 -0.078633 0.013103 0.999717 -0.019870 0.552875 0.011124 0.019725 0.999744 0.011638 0.000000 0.000000 0.000000 1.000000
0.999852 -0.013321 -0.010863 -0.078633 0.013103 0.999717 -0.019870 0.552875 0.011124 0.019725 0.999744 0.011638 0.000000 0.000000 0.000000 1.000000
0.999852 -0.013321 -0.010863 -0.078633 0.013103 0.999717 -0.019870 0.552875 0.011124 0.019725 0.999744 0.011638 0.000000 0.000000 0.000000 1.000000</float_array><technique_common><accessor source="#jnt_lowerlip-Matrix-animation-output-transform-array" count="7" stride="16"><param type="float4x4"/></accessor></technique_common></source><source id="jnt_lowerlip-Interpolations"><Name_array id="jnt_lowerlip-Interpolations-array" count="7">
 LINEAR LINEAR LINEAR LINEAR LINEAR LINEAR LINEAR</Name_array><technique_common><accessor source="#jnt_lowerlip-Interpolations-array" count="7"><param type="name"/></accessor></technique_common></source><sampler id="jnt_lowerlip-Matrix-animation-transform"><input semantic="INPUT" source="#jnt_lowerlip-Matrix-animation-input"/><input semantic="OUTPUT" source="#jnt_lowerlip-Matrix-animation-output-transform"/><input semantic="INTERPOLATION" source="#jnt_lowerlip-Interpolations"/></sampler><channel source="#jnt_lowerlip-Matrix-animation-transform" target="jnt_lowerlip/matrix"/></animation></animation>
    <animation id="jnt_tounge-anim" name="jnt_tounge"><animation><source id="jnt_tounge-Matrix-animation-input"><float_array id="jnt_tounge-Matrix-animation-input-array" count="7">

0.000000 0.033333 0.066667 0.100000 0.133333 0.166667 0.200000</float_array><technique_common><accessor source="#jnt_tounge-Matrix-animation-input-array" count="7"><param name="TIME" type="float"/></accessor></technique_common></source><source id="jnt_tounge-Matrix-animation-output-transform"><float_array id="jnt_tounge-Matrix-animation-output-transform-array" count="112">

0.999708 -0.024159 -0.000000 -0.041728 0.024159 0.999708 -0.000000 0.253656 0.000000 -0.000000 1.000000 0.000000 0.000000 0.000000 0.000000 1.000000
0.999815 -0.019244 -0.000000 -0.040480 0.019244 0.999815 0.000000 0.253858 0.000000 -0.000000 1.000000 0.000000 0.000000 0.000000 0.000000 1.000000
0.999976 -0.006953 0.000000 -0.037357 0.006953 0.999976 0.000000 0.254336 -0.000000 -0.000000 1.000000 0.000000 0.000000 0.000000 0.000000 1.000000
0.999959 0.009026 0.000000 -0.033288 -0.009026 0.999959 0.000000 0.254901 -0.000000 -0.000000 1.000000 0.000000 0.000000 0.000000 0.000000 1.000000
0.999687 0.025002 -0.000000 -0.029211 -0.025002 0.999687 0.000000 0.255400 0.000000 -0.000000 1.000000 0.000000 0.000000 0.000000 0.000000 1.000000
0.999305 0.037288 -0.000000 -0.026070 -0.037288 0.999305 0.000000 0.255740 0.000000 -0.000000 1.000000 0.000000 0.000000 0.000000 0.000000 1.000000
0.999109 0.042201 0.000000 -0.024812 -0.042201 0.999109 0.000000 0.255865 0.000000 -0.000000 1.000000 0.000000 0.000000 0.000000 0.000000 1.000000</float_array><technique_common><accessor source="#jnt_tounge-Matrix-animation-output-transform-array" count="7" stride="16"><param type="float4x4"/></accessor></technique_common></source><source id="jnt_tounge-Interpolations"><Name_array id="jnt_tounge-Interpolations-array" count="7">
 LINEAR LINEAR LINEAR LINEAR LINEAR LINEAR LINEAR</Name_array><technique_common><accessor source="#jnt_tounge-Interpolations-array" count="7"><param type="name"/></accessor></technique_common></source><sampler id="jnt_tounge-Matrix-animation-transform"><input semantic="INPUT" source="#jnt_tounge-Matrix-animation-input"/><input semantic="OUTPUT" source="#jnt_tounge-Matrix-animation-output-transform"/><input semantic="INTERPOLATION" source="#jnt_tounge-Interpolations"/></sampler><channel source="#jnt_tounge-Matrix-animation-transform" target="jnt_tounge/matrix"/></animation></animation>
    <animation id="jnt_left_eyebow1-anim" name="jnt_left_eyebow1"><animation><source id="jnt_left_eyebow1-Matrix-animation-input"><float_array id="jnt_left_eyebow1-Matrix-animation-input-array" count="7">

0.000000 0.033333 0.066667 0.100000 0.133333 0.166667 0.200000</float_array><technique_common><accessor source="#jnt_left_eyebow1-Matrix-animation-input-array" count="7"><param name="TIME" type="float"/></accessor></technique_common></source><source id="jnt_left_eyebow1-Matrix-animation-output-transform"><float_array id="jnt_left_eyebow1-Matrix-animation-output-transform-array" count="112">

0.000000 1.000000 -0.000000 0.542668 -0.000000 0.000000 1.000000 0.623155 1.000000 -0.000000 0.000000 0.062174 0.000000 0.000000 0.000000 1.000000
0.000000 1.000000 -0.000000 0.542668 -0.000000 0.000000 1.000000 0.623155 1.000000 -0.000000 0.000000 0.062174 0.000000 0.000000 0.000000 1.000000
0.000000 1.000000 -0.000000 0.542668 -0.000000 0.000000 1.000000 0.623155 1.000000 -0.000000 0.000000 0.062174 0.000000 0.000000 0.000000 1.000000
0.000000 1.000000 -0.000000 0.542668 -0.000000 0.000000 1.000000 0.623155 1.000000 -0.000000 0.000000 0.062174 0.000000 0.000000 0.000000 1.000000
0.000000 1.000000 -0.000000 0.542668 -0.000000 0.000000 1.000000 0.623155 1.000000 -0.000000 0.000000 0.062174 0.000000 0.000000 0.000000 1.000000
0.000000 1.000000 -0.000000 0.542668 -0.000000 0.000000 1.000000 0.623155 1.000000 -0.000000 0.000000 0.062174 0.000000 0.000000 0.000000 1.000000
0.000000 1.000000 -0.000000 0.542668 -0.000000 0.000000 1.000000 0.623155 1.000000 -0.000000 0.000000 0.062174 0.000000 0.000000 0.000000 1.000000</float_array><technique_common><accessor source="#jnt_left_eyebow1-Matrix-animation-output-transform-array" count="7" stride="16"><param type="float4x4"/></accessor></technique_common></source><source id="jnt_left_eyebow1-Interpolations"><Name_array id="jnt_left_eyebow1-Interpolations-array" count="7">
 LINEAR LINEAR LINEAR LINEAR LINEAR LINEAR LINEAR</Name_array><technique_common><accessor source="#jnt_left_eyebow1-Interpolations-array" count="7"><param type="name"/></accessor></technique_common></source><sampler id="jnt_left_eyebow1-Matrix-animation-transform"><input semantic="INPUT" source="#jnt_left_eyebow1-Matrix-animation-input"/><input semantic="OUTPUT" source="#jnt_left_eyebow1-Matrix-animation-output-transform"/><input semantic="INTERPOLATION" source="#jnt_left_eyebow1-Interpolations"/></sampler><channel source="#jnt_left_eyebow1-Matrix-animation-transform" target="jnt_left_eyebow1/matrix"/></animation></animation>
    <animation id="jnt_left_eyebow2-anim" name="jnt_left_eyebow2"><animation><source id="jnt_left_eyebow2-Matrix-animation-input"><float_array id="jnt_left_eyebow2-Matrix-animation-input-array" count="7">

0.000000 0.033333 0.066667 0.100000 0.133333 0.166667 0.200000</float_array><technique_common><accessor source="#jnt_left_eyebow2-Matrix-animation-input-array" count="7"><param name="TIME" type="float"/></accessor></technique_common></source><source id="jnt_left_eyebow2-Matrix-animation-output-transform"><float_array id="jnt_left_eyebow2-Matrix-animation-output-transform-array" count="112">

0.000000 1.000000 0.000000 0.624581 -0.557687 -0.000000 0.830051 0.532746 0.830051 -0.000000 0.557687 0.290242 0.000000 0.000000 0.000000 1.000000
0.000000 1.000000 0.000000 0.624581 -0.557687 -0.000000 0.830051 0.532746 0.830051 -0.000000 0.557687 0.290242 0.000000 0.000000 0.000000 1.000000
0.000000 1.000000 0.000000 0.624581 -0.557687 -0.000000 0.830051 0.532746 0.830051 -0.000000 0.557687 0.290242 0.000000 0.000000 0.000000 1.000000
0.000000 1.000000 -0.000000 0.624581 -0.557687 0.000000 0.830051 0.532746 0.830051 -0.000000 0.557687 0.290242 0.000000 0.000000 0.000000 1.000000
0.000000 1.000000 -0.000000 0.624581 -0.557687 0.000000 0.830051 0.532746 0.830051 0.000000 0.557687 0.290242 0.000000 0.000000 0.000000 1.000000
0.000000 1.000000 -0.000000 0.624581 -0.557687 0.000000 0.830051 0.532746 0.830051 0.000000 0.557687 0.290242 0.000000 0.000000 0.000000 1.000000
0.000000 1.000000 -0.000000 0.624581 -0.557687 0.000000 0.830051 0.532746 0.830051 0.000000 0.557687 0.290242 0.000000 0.000000 0.000000 1.000000</float_array><technique_common><accessor source="#jnt_left_eyebow2-Matrix-animation-output-transform-array" count="7" stride="16"><param type="float4x4"/></accessor></technique_common></source><source id="jnt_left_eyebow2-Interpolations"><Name_array id="jnt_left_eyebow2-Interpolations-array" count="7">
 LINEAR LINEAR LINEAR LINEAR LINEAR LINEAR LINEAR</Name_array><technique_common><accessor source="#jnt_left_eyebow2-Interpolations-array" count="7"><param type="name"/></accessor></technique_common></source><sampler id="jnt_left_eyebow2-Matrix-animation-transform"><input semantic="INPUT" source="#jnt_left_eyebow2-Matrix-animation-input"/><input semantic="OUTPUT" source="#jnt_left_eyebow2-Matrix-animation-output-transform"/><input semantic="INTERPOLATION" source="#jnt_left_eyebow2-Interpolations"/></sampler><channel source="#jnt_left_eyebow2-Matrix-animation-transform" target="jnt_left_eyebow2/matrix"/></animation></animation>
    <animation id="jnt_left_eyebow3-anim" name="jnt_left_eyebow3"><animation><source id="jnt_left_eyebow3-Matrix-animation-input"><float_array id="jnt_left_eyebow3-Matrix-animation-input-array" count="7">

0.000000 0.033333 0.066667 0.100000 0.133333 0.166667 0.200000</float_array><technique_common><accessor source="#jnt_left_eyebow3-Matrix-animation-input-array" count="7"><param name="TIME" type="float"/></accessor></technique_common></source><source id="jnt_left_eyebow3-Matrix-animation-output-transform"><float_array id="jnt_left_eyebow3-Matrix-animation-output-transform-array" count="112">

0.000000 1.000000 0.000000 0.587129 -0.791789 0.000000 0.610795 0.412864 0.610795 -0.000000 0.791789 0.414657 0.000000 0.000000 0.000000 1.000000
0.000000 1.000000 0.000000 0.587129 -0.791789 0.000000 0.610795 0.412864 0.610795 -0.000000 0.791789 0.414657 0.000000 0.000000 0.000000 1.000000
0.000000 1.000000 0.000000 0.587129 -0.791789 0.000000 0.610795 0.412864 0.610795 -0.000000 0.791789 0.414657 0.000000 0.000000 0.000000 1.000000
0.000000 1.000000 0.000000 0.587129 -0.791789 0.000000 0.610795 0.412864 0.610795 -0.000000 0.791789 0.414657 0.000000 0.000000 0.000000 1.000000
0.000000 1.000000 0.000000 0.587129 -0.791789 -0.000000 0.610795 0.412864 0.610795 -0.000000 0.791789 0.414657 0.000000 0.000000 0.000000 1.000000
0.000000 1.000000 0.000000 0.587129 -0.791789 0.000000 0.610795 0.412864 0.610795 -0.000000 0.791789 0.414657 0.000000 0.000000 0.000000 1.000000
0.000000 1.000000 0.000000 0.587129 -0.791789 -0.000000 0.610795 0.412864 0.610795 -0.000000 0.791789 0.414657 0.000000 0.000000 0.000000 1.000000</float_array><technique_common><accessor source="#jnt_left_eyebow3-Matrix-animation-output-transform-array" count="7" stride="16"><param type="float4x4"/></accessor></technique_common></source><source id="jnt_left_eyebow3-Interpolations"><Name_array id="jnt_left_eyebow3-Interpolations-array" count="7">
 LINEAR LINEAR LINEAR LINEAR LINEAR LINEAR LINEAR</Name_array><technique_common><accessor source="#jnt_left_eyebow3-Interpolations-array" count="7"><param type="name"/></accessor></technique_common></source><sampler id="jnt_left_eyebow3-Matrix-animation-transform"><input semantic="INPUT" source="#jnt_left_eyebow3-Matrix-animation-input"/><input semantic="OUTPUT" source="#jnt_left_eyebow3-Matrix-animation-output-transform"/><input semantic="INTERPOLATION" source="#jnt_left_eyebow3-Interpolations"/></sampler><channel source="#jnt_left_eyebow3-Matrix-animation-transform" target="jnt_left_eyebow3/matrix"/></animation></animation>
    <animation id="jnt_right_eyebow1-anim" name="jnt_right_eyebow1"><animation><source id="jnt_right_eyebow1-Matrix-animation-input"><float_array id="jnt_right_eyebow1-Matrix-animation-input-array" count="7">

0.000000 0.033333 0.066667 0.100000 0.133333 0.166667 0.200000</float_array><technique_common><accessor source="#jnt_right_eyebow1-Matrix-animation-input-array" count="7"><param name="TIME" type="float"/></accessor></technique_common></source><source id="jnt_right_eyebow1-Matrix-animation-output-transform"><float_array id="jnt_right_eyebow1-Matrix-animation-output-transform-array" count="112">

0.000000 -1.000000 -0.000000 0.553670 0.000000 -0.000000 -1.000000 0.622585 1.000000 0.000000 0.000000 -0.106703 0.000000 0.000000 0.000000 1.000000
0.000000 -1.000000 -0.000000 0.553670 0.000000 -0.000000 -1.000000 0.622585 1.000000 0.000000 0.000000 -0.106703 0.000000 0.000000 0.000000 1.000000
0.000000 -1.000000 -0.000000 0.553670 0.000000 -0.000000 -1.000000 0.622585 1.000000 0.000000 0.000000 -0.106703 0.000000 0.000000 0.000000 1.000000
0.000000 -1.000000 -0.000000 0.553670 0.000000 -0.000000 -1.000000 0.622585 1.000000 0.000000 0.000000 -0.106703 0.000000 0.000000 0.000000 1.000000
0.000000 -1.000000 -0.000000 0.553670 0.000000 -0.000000 -1.000000 0.622585 1.000000 0.000000 0.000000 -0.106703 0.000000 0.000000 0.000000 1.000000
0.000000 -1.000000 -0.000000 0.553670 0.000000 -0.000000 -1.000000 0.622585 1.000000 0.000000 0.000000 -0.106703 0.000000 0.000000 0.000000 1.000000
0.000000 -1.000000 -0.000000 0.553670 0.000000 -0.000000 -1.000000 0.622585 1.000000 0.000000 0.000000 -0.106703 0.000000 0.000000 0.000000 1.000000</float_array><technique_common><accessor source="#jnt_right_eyebow1-Matrix-animation-output-transform-array" count="7" stride="16"><param type="float4x4"/></accessor></technique_common></source><source id="jnt_right_eyebow1-Interpolations"><Name_array id="jnt_right_eyebow1-Interpolations-array" count="7">
 LINEAR LINEAR LINEAR LINEAR LINEAR LINEAR LINEAR</Name_array><technique_common><accessor source="#jnt_right_eyebow1-Interpolations-array" count="7"><param type="name"/></accessor></technique_common></source><sampler id="jnt_right_eyebow1-Matrix-animation-transform"><input semantic="INPUT" source="#jnt_right_eyebow1-Matrix-animation-input"/><input semantic="OUTPUT" source="#jnt_right_eyebow1-Matrix-animation-output-transform"/><input semantic="INTERPOLATION" source="#jnt_right_eyebow1-Interpolations"/></sampler><channel source="#jnt_right_eyebow1-Matrix-animation-transform" target="jnt_right_eyebow1/matrix"/></animation></animation>
    <animation id="jnt_right_eyebow2-anim" name="jnt_right_eyebow2"><animation><source id="jnt_right_eyebow2-Matrix-animation-input"><float_array id="jnt_right_eyebow2-Matrix-animation-input-array" count="7">

0.000000 0.033333 0.066667 0.100000 0.133333 0.166667 0.200000</float_array><technique_common><accessor source="#jnt_right_eyebow2-Matrix-animation-input-array" count="7"><param name="TIME" type="float"/></accessor></technique_common></source><source id="jnt_right_eyebow2-Matrix-animation-output-transform"><float_array id="jnt_right_eyebow2-Matrix-animation-output-transform-array" count="112">

0.000000 -1.000000 0.000000 0.609394 0.557687 -0.000000 -0.830051 0.538464 0.830051 0.000000 0.557687 -0.303857 0.000000 0.000000 0.000000 1.000000
0.000000 -1.000000 0.000000 0.609394 0.557687 -0.000000 -0.830051 0.538464 0.830051 0.000000 0.557687 -0.303857 0.000000 0.000000 0.000000 1.000000
0.000000 -1.000000 0.000000 0.609394 0.557687 -0.000000 -0.830051 0.538464 0.830051 0.000000 0.557687 -0.303857 0.000000 0.000000 0.000000 1.000000
0.000000 -1.000000 0.000000 0.609394 0.557687 -0.000000 -0.830051 0.538464 0.830051 0.000000 0.557687 -0.303857 0.000000 0.000000 0.000000 1.000000
0.000000 -1.000000 0.000000 0.609394 0.557687 -0.000000 -0.830051 0.538464 0.830051 0.000000 0.557687 -0.303857 0.000000 0.000000 0.000000 1.000000
0.000000 -1.000000 0.000000 0.609394 0.557687 -0.000000 -0.830051 0.538464 0.830051 0.000000 0.557687 -0.303857 0.000000 0.000000 0.000000 1.000000
0.000000 -1.000000 0.000000 0.609394 0.557687 -0.000000 -0.830051 0.538464 0.830051 0.000000 0.557687 -0.303857 0.000000 0.000000 0.000000 1.000000</float_array><technique_common><accessor source="#jnt_right_eyebow2-Matrix-animation-output-transform-array" count="7" stride="16"><param type="float4x4"/></accessor></technique_common></source><source id="jnt_right_eyebow2-Interpolations"><Name_array id="jnt_right_eyebow2-Interpolations-array" count="7">
 LINEAR LINEAR LINEAR LINEAR LINEAR LINEAR LINEAR</Name_array><technique_common><accessor source="#jnt_right_eyebow2-Interpolations-array" count="7"><param type="name"/></accessor></technique_common></source><sampler id="jnt_right_eyebow2-Matrix-animation-transform"><input semantic="INPUT" source="#jnt_right_eyebow2-Matrix-animation-input"/><input semantic="OUTPUT" source="#jnt_right_eyebow2-Matrix-animation-output-transform"/><input semantic="INTERPOLATION" source="#jnt_right_eyebow2-Interpolations"/></sampler><channel source="#jnt_right_eyebow2-Matrix-animation-transform" target="jnt_right_eyebow2/matrix"/></animation></animation>
    <animation id="jnt_right_eyebow3-anim" name="jnt_right_eyebow3"><animation><source id="jnt_right_eyebow3-Matrix-animation-input"><float_array id="jnt_right_eyebow3-Matrix-animation-input-array" count="7">

0.000000 0.033333 0.066667 0.100000 0.133333 0.166667 0.200000</float_array><technique_common><accessor source="#jnt_right_eyebow3-Matrix-animation-input-array" count="7"><param name="TIME" type="float"/></accessor></technique_common></source><source id="jnt_right_eyebow3-Matrix-animation-output-transform"><float_array id="jnt_right_eyebow3-Matrix-animation-output-transform-array" count="112">

0.000000 -1.000000 0.000000 0.580955 0.791789 -0.000000 -0.610795 0.412864 0.610795 0.000000 0.791789 -0.414657 0.000000 0.000000 0.000000 1.000000
0.000000 -1.000000 0.000000 0.580955 0.791789 -0.000000 -0.610795 0.412864 0.610795 0.000000 0.791789 -0.414657 0.000000 0.000000 0.000000 1.000000
0.000000 -1.000000 0.000000 0.580955 0.791789 -0.000000 -0.610795 0.412864 0.610795 0.000000 0.791789 -0.414657 0.000000 0.000000 0.000000 1.000000
0.000000 -1.000000 0.000000 0.580955 0.791789 -0.000000 -0.610795 0.412864 0.610795 0.000000 0.791789 -0.414657 0.000000 0.000000 0.000000 1.000000
0.000000 -1.000000 0.000000 0.580955 0.791789 -0.000000 -0.610795 0.412864 0.610795 0.000000 0.791789 -0.414657 0.000000 0.000000 0.000000 1.000000
0.000000 -1.000000 0.000000 0.580955 0.791789 -0.000000 -0.610795 0.412864 0.610795 0.000000 0.791789 -0.414657 0.000000 0.000000 0.000000 1.000000
0.000000 -1.000000 0.000000 0.580955 0.791789 -0.000000 -0.610795 0.412864 0.610795 0.000000 0.791789 -0.414657 0.000000 0.000000 0.000000 1.000000</float_array><technique_common><accessor source="#jnt_right_eyebow3-Matrix-animation-output-transform-array" count="7" stride="16"><param type="float4x4"/></accessor></technique_common></source><source id="jnt_right_eyebow3-Interpolations"><Name_array id="jnt_right_eyebow3-Interpolations-array" count="7">
 LINEAR LINEAR LINEAR LINEAR LINEAR LINEAR LINEAR</Name_array><technique_common><accessor source="#jnt_right_eyebow3-Interpolations-array" count="7"><param type="name"/></accessor></technique_common></source><sampler id="jnt_right_eyebow3-Matrix-animation-transform"><input semantic="INPUT" source="#jnt_right_eyebow3-Matrix-animation-input"/><input semantic="OUTPUT" source="#jnt_right_eyebow3-Matrix-animation-output-transform"/><input semantic="INTERPOLATION" source="#jnt_right_eyebow3-Interpolations"/></sampler><channel source="#jnt_right_eyebow3-Matrix-animation-transform" target="jnt_right_eyebow3/matrix"/></animation></animation>
    <animation id="jnt_left_lowerlid-anim" name="jnt_left_lowerlid"><animation><source id="jnt_left_lowerlid-Matrix-animation-input"><float_array id="jnt_left_lowerlid-Matrix-animation-input-array" count="7">

0.000000 0.033333 0.066667 0.100000 0.133333 0.166667 0.200000</float_array><technique_common><accessor source="#jnt_left_lowerlid-Matrix-animation-input-array" count="7"><param name="TIME" type="float"/></accessor></technique_common></source><source id="jnt_left_lowerlid-Matrix-animation-output-transform"><float_array id="jnt_left_lowerlid-Matrix-animation-output-transform-array" count="112">

0.000000 0.999976 -0.006981 0.398837 -0.000000 0.006981 0.999976 0.383022 1.000000 -0.000000 0.000000 0.222486 0.000000 0.000000 0.000000 1.000000
0.000000 0.999976 -0.006981 0.398837 -0.000000 0.006981 0.999976 0.383022 1.000000 -0.000000 0.000000 0.222486 0.000000 0.000000 0.000000 1.000000
0.000000 0.999976 -0.006981 0.398837 -0.000000 0.006981 0.999976 0.383022 1.000000 -0.000000 0.000000 0.222486 0.000000 0.000000 0.000000 1.000000
0.000000 0.999976 -0.006981 0.398837 -0.000000 0.006981 0.999976 0.383022 1.000000 -0.000000 0.000000 0.222486 0.000000 0.000000 0.000000 1.000000
0.000000 0.999976 -0.006981 0.398837 -0.000000 0.006981 0.999976 0.383022 1.000000 -0.000000 0.000000 0.222486 0.000000 0.000000 0.000000 1.000000
0.000000 0.999976 -0.006981 0.398837 -0.000000 0.006981 0.999976 0.383022 1.000000 -0.000000 0.000000 0.222486 0.000000 0.000000 0.000000 1.000000
0.000000 0.999976 -0.006981 0.398837 -0.000000 0.006981 0.999976 0.383022 1.000000 -0.000000 0.000000 0.222486 0.000000 0.000000 0.000000 1.000000</float_array><technique_common><accessor source="#jnt_left_lowerlid-Matrix-animation-output-transform-array" count="7" stride="16"><param type="float4x4"/></accessor></technique_common></source><source id="jnt_left_lowerlid-Interpolations"><Name_array id="jnt_left_lowerlid-Interpolations-array" count="7">
 LINEAR LINEAR LINEAR LINEAR LINEAR LINEAR LINEAR</Name_array><technique_common><accessor source="#jnt_left_lowerlid-Interpolations-array" count="7"><param type="name"/></accessor></technique_common></source><sampler id="jnt_left_lowerlid-Matrix-animation-transform"><input semantic="INPUT" source="#jnt_left_lowerlid-Matrix-animation-input"/><input semantic="OUTPUT" source="#jnt_left_lowerlid-Matrix-animation-output-transform"/><input semantic="INTERPOLATION" source="#jnt_left_lowerlid-Interpolations"/></sampler><channel source="#jnt_left_lowerlid-Matrix-animation-transform" target="jnt_left_lowerlid/matrix"/></animation></animation>
    <animation id="jnt_left_upperlid-anim" name="jnt_left_upperlid"><animation><source id="jnt_left_upperlid-Matrix-animation-input"><float_array id="jnt_left_upperlid-Matrix-animation-input-array" count="7">

0.000000 0.033333 0.066667 0.100000 0.133333 0.166667 0.200000</float_array><technique_common><accessor source="#jnt_left_upperlid-Matrix-animation-input-array" count="7"><param name="TIME" type="float"/></accessor></technique_common></source><source id="jnt_left_upperlid-Matrix-animation-output-transform"><float_array id="jnt_left_upperlid-Matrix-animation-output-transform-array" count="112">

0.000000 0.994916 0.100709 0.398837 -0.000000 -0.100709 0.994916 0.383022 1.000000 -0.000000 0.000000 0.222486 0.000000 0.000000 0.000000 1.000000
0.000000 0.994916 0.100709 0.398837 -0.000000 -0.100709 0.994916 0.383022 1.000000 -0.000000 0.000000 0.222486 0.000000 0.000000 0.000000 1.000000
0.000000 0.994916 0.100709 0.398837 -0.000000 -0.100709 0.994916 0.383022 1.000000 -0.000000 0.000000 0.222486 0.000000 0.000000 0.000000 1.000000
0.000000 0.994916 0.100709 0.398837 -0.000000 -0.100709 0.994916 0.383022 1.000000 -0.000000 0.000000 0.222486 0.000000 0.000000 0.000000 1.000000
0.000000 0.994916 0.100709 0.398837 -0.000000 -0.100709 0.994916 0.383022 1.000000 -0.000000 0.000000 0.222486 0.000000 0.000000 0.000000 1.000000
0.000000 0.994916 0.100709 0.398837 -0.000000 -0.100709 0.994916 0.383022 1.000000 -0.000000 0.000000 0.222486 0.000000 0.000000 0.000000 1.000000
0.000000 0.994916 0.100709 0.398837 -0.000000 -0.100709 0.994916 0.383022 1.000000 -0.000000 0.000000 0.222486 0.000000 0.000000 0.000000 1.000000</float_array><technique_common><accessor source="#jnt_left_upperlid-Matrix-animation-output-transform-array" count="7" stride="16"><param type="float4x4"/></accessor></technique_common></source><source id="jnt_left_upperlid-Interpolations"><Name_array id="jnt_left_upperlid-Interpolations-array" count="7">
 LINEAR LINEAR LINEAR LINEAR LINEAR LINEAR LINEAR</Name_array><technique_common><accessor source="#jnt_left_upperlid-Interpolations-array" count="7"><param type="name"/></accessor></technique_common></source><sampler id="jnt_left_upperlid-Matrix-animation-transform"><input semantic="INPUT" source="#jnt_left_upperlid-Matrix-animation-input"/><input semantic="OUTPUT" source="#jnt_left_upperlid-Matrix-animation-output-transform"/><input semantic="INTERPOLATION" source="#jnt_left_upperlid-Interpolations"/></sampler><channel source="#jnt_left_upperlid-Matrix-animation-transform" target="jnt_left_upperlid/matrix"/></animation></animation>
    <animation id="jnt_left_eye-anim" name="jnt_left_eye"><animation><source id="jnt_left_eye-Matrix-animation-input"><float_array id="jnt_left_eye-Matrix-animation-input-array" count="7">

0.000000 0.033333 0.066667 0.100000 0.133333 0.166667 0.200000</float_array><technique_common><accessor source="#jnt_left_eye-Matrix-animation-input-array" count="7"><param name="TIME" type="float"/></accessor></technique_common></source><source id="jnt_left_eye-Matrix-animation-output-transform"><float_array id="jnt_left_eye-Matrix-animation-output-transform-array" count="112">

0.038653 0.949877 0.310225 0.398837 0.119946 -0.312622 0.942274 0.383022 0.992028 0.000788 -0.126017 0.222486 0.000000 0.000000 0.000000 1.000000
0.028968 0.959857 0.278989 0.398837 0.122434 -0.280411 0.952040 0.383022 0.992054 0.006579 -0.125642 0.222486 0.000000 0.000000 0.000000 1.000000
0.016778 0.979890 0.198831 0.398837 0.123637 -0.199366 0.972094 0.383022 0.992186 0.008273 -0.124495 0.222486 0.000000 0.000000 0.000000 1.000000
0.013268 0.995687 0.091818 0.398837 0.121861 -0.092752 0.988204 0.383022 0.992458 -0.001922 -0.122566 0.222486 0.000000 0.000000 0.000000 1.000000
0.006879 0.999846 -0.016127 0.398837 0.120278 0.015183 0.992624 0.383022 0.992716 -0.008768 -0.120155 0.222486 0.000000 0.000000 0.000000 1.000000
-0.009003 0.995104 -0.098417 0.398837 0.117683 0.098792 0.988125 0.383022 0.993010 -0.002686 -0.117996 0.222486 0.000000 0.000000 0.000000 1.000000
-0.016201 0.991234 -0.131119 0.398837 0.115937 0.132114 0.984431 0.383022 0.993124 0.000747 -0.117061 0.222486 0.000000 0.000000 0.000000 1.000000</float_array><technique_common><accessor source="#jnt_left_eye-Matrix-animation-output-transform-array" count="7" stride="16"><param type="float4x4"/></accessor></technique_common></source><source id="jnt_left_eye-Interpolations"><Name_array id="jnt_left_eye-Interpolations-array" count="7">
 LINEAR LINEAR LINEAR LINEAR LINEAR LINEAR LINEAR</Name_array><technique_common><accessor source="#jnt_left_eye-Interpolations-array" count="7"><param type="name"/></accessor></technique_common></source><sampler id="jnt_left_eye-Matrix-animation-transform"><input semantic="INPUT" source="#jnt_left_eye-Matrix-animation-input"/><input semantic="OUTPUT" source="#jnt_left_eye-Matrix-animation-output-transform"/><input semantic="INTERPOLATION" source="#jnt_left_eye-Interpolations"/></sampler><channel source="#jnt_left_eye-Matrix-animation-transform" target="jnt_left_eye/matrix"/></animation></animation>
    <animation id="jnt_right_eye-anim" name="jnt_right_eye"><animation><source id="jnt_right_eye-Matrix-animation-input"><float_array id="jnt_right_eye-Matrix-animation-input-array" count="7">

0.000000 0.033333 0.066667 0.100000 0.133333 0.166667 0.200000</float_array><technique_common><accessor source="#jnt_right_eye-Matrix-animation-input-array" count="7"><param name="TIME" type="float"/></accessor></technique_common></source><source id="jnt_right_eye-Matrix-animation-output-transform"><float_array id="jnt_right_eye-Matrix-animation-output-transform-array" count="112">

-0.001725 0.949904 0.312536 0.398837 -0.003716 -0.312540 0.949897 0.383022 0.999992 0.000477 0.004069 -0.222486 0.000000 0.000000 0.000000 1.000000
-0.008050 0.959893 0.280251 0.398837 -0.002281 -0.280277 0.959917 0.383022 0.999965 0.007088 0.004446 -0.222486 0.000000 0.000000 0.000000 1.000000
-0.011081 0.979930 0.199033 0.398837 -0.003467 -0.199082 0.979977 0.383022 0.999933 0.010169 0.005604 -0.222486 0.000000 0.000000 0.000000 1.000000
-0.001540 0.995733 0.092272 0.398837 -0.007448 -0.092281 0.995705 0.383022 0.999971 0.000846 0.007558 -0.222486 0.000000 0.000000 0.000000 1.000000
0.007071 0.999852 -0.015654 0.398837 -0.009880 0.015723 0.999828 0.383022 0.999926 -0.006915 0.009989 -0.222486 0.000000 0.000000 0.000000 1.000000
