<?xml version="1.0" encoding="utf-8"?>
<COLLADA xmlns="http://www.collada.org/2005/11/COLLADASchema" version="1.4.1">
  <asset><contributor><author></author><authoring_tool>FBX COLLADA exporter</authoring_tool><comments></comments></contributor><created>2020-05-01T12:51:42Z</created><keywords></keywords><modified>2020-05-01T12:51:42Z</modified><revision></revision><subject></subject><title></title><unit meter="0.010000" name="centimeter"></unit><up_axis>Y_UP</up_axis></asset>
  <library_animations>
    <animation id="jnt_right_lip-anim" name="jnt_right_lip"><animation><source id="jnt_right_lip-Matrix-animation-input"><float_array id="jnt_right_lip-Matrix-animation-input-array" count="21">

0.000000 0.033333 0.066667 0.100000 0.133333 0.166667 0.200000 0.233333 0.266667 0.300000 0.333333 0.366667 0.400000 0.433333 0.466667 0.500000
0.533333 0.566667 0.600000 0.633333 0.666667</float_array><technique_common><accessor source="#jnt_right_lip-Matrix-animation-input-array" count="21"><param name="TIME" type="float"/></accessor></technique_common></source><source id="jnt_right_lip-Matrix-animation-output-transform"><float_array id="jnt_right_lip-Matrix-animation-output-transform-array" count="336">

-0.039288 0.999005 0.021096 -0.040714 0.387983 -0.004204 0.921657 0.636785 0.920829 0.044395 -0.387432 -0.131150 0.000000 0.000000 0.000000 1.000000
-0.035208 0.998906 0.030782 -0.035010 0.388375 -0.014704 0.921384 0.637298 0.920829 0.044395 -0.387432 -0.131150 0.000000 0.000000 0.000000 1.000000
-0.025463 0.998224 0.053865 -0.021356 0.389135 -0.039735 0.920323 0.638046 0.920829 0.044395 -0.387432 -0.131150 0.000000 0.000000 0.000000 1.000000
-0.013812 0.996588 0.081369 -0.005001 0.389723 -0.069576 0.918300 0.638058 0.920829 0.044395 -0.387432 -0.131150 0.000000 0.000000 0.000000 1.000000
-0.004040 0.994532 0.104359 0.008711 0.389946 -0.094531 0.915973 0.637327 0.920829 0.044395 -0.387432 -0.131150 0.000000 0.000000 0.000000 1.000000
0.000059 0.993483 0.113981 0.014455 0.389967 -0.104980 0.914825 0.636820 0.920829 0.044395 -0.387432 -0.131150 0.000000 0.000000 0.000000 1.000000
-0.001583 0.993916 0.110128 0.012154 0.389964 -0.100795 0.915297 0.637038 0.920829 0.044395 -0.387432 -0.131150 0.000000 0.000000 0.000000 1.000000
-0.005499 0.994878 0.100931 0.006665 0.389929 -0.090810 0.916357 0.637479 0.920829 0.044395 -0.387432 -0.131150 0.000000 0.000000 0.000000 1.000000
-0.010172 0.995895 0.089942 0.000109 0.389835 -0.078880 0.917500 0.637865 0.920829 0.044395 -0.387432 -0.131150 0.000000 0.000000 0.000000 1.000000
-0.014086 0.996637 0.080724 -0.005386 0.389713 -0.068876 0.918357 0.638068 0.920829 0.044395 -0.387432 -0.131150 0.000000 0.000000 0.000000 1.000000
-0.015727 0.996918 0.076856 -0.007690 0.389650 -0.064678 0.918689 0.638122 0.920829 0.044395 -0.387432 -0.131150 0.000000 0.000000 0.000000 1.000000
-0.015494 0.996879 0.077405 -0.007363 0.389659 -0.065273 0.918643 0.638115 0.920829 0.044395 -0.387432 -0.131150 0.000000 0.000000 0.000000 1.000000
-0.014863 0.996772 0.078893 -0.006477 0.389684 -0.066888 0.918516 0.638096 0.920829 0.044395 -0.387432 -0.131150 0.000000 0.000000 0.000000 1.000000
-0.013932 0.996610 0.081085 -0.005171 0.389718 -0.069268 0.918325 0.638062 0.920829 0.044395 -0.387432 -0.131150 0.000000 0.000000 0.000000 1.000000
-0.012803 0.996405 0.083747 -0.003585 0.389757 -0.072156 0.918087 0.638013 0.920829 0.044395 -0.387432 -0.131150 0.000000 0.000000 0.000000 1.000000
-0.011573 0.996172 0.086642 -0.001859 0.389796 -0.075299 0.917818 0.637950 0.920829 0.044395 -0.387432 -0.131150 0.000000 0.000000 0.000000 1.000000
-0.010343 0.995930 0.089537 -0.000132 0.389830 -0.078441 0.917540 0.637876 0.920829 0.044395 -0.387432 -0.131150 0.000000 0.000000 0.000000 1.000000
-0.009213 0.995698 0.092197 0.001454 0.389859 -0.081328 0.917276 0.637798 0.920829 0.044395 -0.387432 -0.131150 0.000000 0.000000 0.000000 1.000000
-0.008283 0.995501 0.094386 0.002760 0.389879 -0.083705 0.917054 0.637727 0.920829 0.044395 -0.387432 -0.131150 0.000000 0.000000 0.000000 1.000000
-0.007651 0.995364 0.095872 0.003646 0.389892 -0.085317 0.916900 0.637676 0.920829 0.044395 -0.387432 -0.131150 0.000000 0.000000 0.000000 1.000000
-0.007418 0.995313 0.096419 0.003972 0.389897 -0.085911 0.916842 0.637656 0.920829 0.044395 -0.387432 -0.131150 0.000000 0.000000 0.000000 1.000000</float_array><technique_common><accessor source="#jnt_right_lip-Matrix-animation-output-transform-array" count="21" stride="16"><param type="float4x4"/></accessor></technique_common></source><source id="jnt_right_lip-Interpolations"><Name_array id="jnt_right_lip-Interpolations-array" count="21">
 LINEAR LINEAR LINEAR LINEAR LINEAR LINEAR LINEAR LINEAR LINEAR LINEAR LINEAR
LINEAR LINEAR LINEAR LINEAR LINEAR LINEAR LINEAR LINEAR LINEAR LINEAR</Name_array><technique_common><accessor source="#jnt_right_lip-Interpolations-array" count="21"><param type="name"/></accessor></technique_common></source><sampler id="jnt_right_lip-Matrix-animation-transform"><input semantic="INPUT" source="#jnt_right_lip-Matrix-animation-input"/><input semantic="OUTPUT" source="#jnt_right_lip-Matrix-animation-output-transform"/><input semantic="INTERPOLATION" source="#jnt_right_lip-Interpolations"/></sampler><channel source="#jnt_right_lip-Matrix-animation-transform" target="jnt_right_lip/matrix"/></animation></animation>
    <animation id="jnt_upper_lip-anim" name="jnt_upper_lip"><animation><source id="jnt_upper_lip-Matrix-animation-input"><float_array id="jnt_upper_lip-Matrix-animation-input-array" count="21">

0.000000 0.033333 0.066667 0.100000 0.133333 0.166667 0.200000 0.233333 0.266667 0.300000 0.333333 0.366667 0.400000 0.433333 0.466667 0.500000
0.533333 0.566667 0.600000 0.633333 0.666667</float_array><technique_common><accessor source="#jnt_upper_lip-Matrix-animation-input-array" count="21"><param name="TIME" type="float"/></accessor></technique_common></source><source id="jnt_upper_lip-Matrix-animation-output-transform"><float_array id="jnt_upper_lip-Matrix-animation-output-transform-array" count="336">

0.999190 -0.000000 0.040236 -0.042328 -0.000000 1.000000 0.000000 0.670988 -0.040236 -0.000000 0.999190 0.009156 0.000000 0.000000 0.000000 1.000000
0.999190 -0.000000 0.040236 -0.042328 -0.000000 1.000000 0.000000 0.670988 -0.040236 -0.000000 0.999190 0.009156 0.000000 0.000000 0.000000 1.000000
0.999190 -0.000000 0.040236 -0.042328 -0.000000 1.000000 0.000000 0.670988 -0.040236 -0.000000 0.999190 0.009156 0.000000 0.000000 0.000000 1.000000
0.999190 -0.000000 0.040236 -0.042328 -0.000000 1.000000 0.000000 0.670988 -0.040236 -0.000000 0.999190 0.009156 0.000000 0.000000 0.000000 1.000000
0.999190 -0.000000 0.040236 -0.042328 -0.000000 1.000000 0.000000 0.670988 -0.040236 -0.000000 0.999190 0.009156 0.000000 0.000000 0.000000 1.000000
0.999190 -0.000000 0.040236 -0.042328 -0.000000 1.000000 0.000000 0.670988 -0.040236 -0.000000 0.999190 0.009156 0.000000 0.000000 0.000000 1.000000
0.999190 -0.000000 0.040236 -0.042328 -0.000000 1.000000 0.000000 0.670988 -0.040236 -0.000000 0.999190 0.009156 0.000000 0.000000 0.000000 1.000000
0.999190 -0.000000 0.040236 -0.042328 -0.000000 1.000000 0.000000 0.670988 -0.040236 -0.000000 0.999190 0.009156 0.000000 0.000000 0.000000 1.000000
0.999190 -0.000000 0.040236 -0.042328 -0.000000 1.000000 0.000000 0.670988 -0.040236 -0.000000 0.999190 0.009156 0.000000 0.000000 0.000000 1.000000
0.999190 -0.000000 0.040236 -0.042328 -0.000000 1.000000 0.000000 0.670988 -0.040236 -0.000000 0.999190 0.009156 0.000000 0.000000 0.000000 1.000000
0.999190 -0.000000 0.040236 -0.042328 -0.000000 1.000000 0.000000 0.670988 -0.040236 -0.000000 0.999190 0.009156 0.000000 0.000000 0.000000 1.000000
0.999190 -0.000000 0.040236 -0.042328 -0.000000 1.000000 0.000000 0.670988 -0.040236 -0.000000 0.999190 0.009156 0.000000 0.000000 0.000000 1.000000
0.999190 -0.000000 0.040236 -0.042328 -0.000000 1.000000 0.000000 0.670988 -0.040236 -0.000000 0.999190 0.009156 0.000000 0.000000 0.000000 1.000000
0.999190 -0.000000 0.040236 -0.042328 -0.000000 1.000000 0.000000 0.670988 -0.040236 -0.000000 0.999190 0.009156 0.000000 0.000000 0.000000 1.000000
0.999190 -0.000000 0.040236 -0.042328 -0.000000 1.000000 0.000000 0.670988 -0.040236 -0.000000 0.999190 0.009156 0.000000 0.000000 0.000000 1.000000
0.999190 -0.000000 0.040236 -0.042328 -0.000000 1.000000 0.000000 0.670988 -0.040236 -0.000000 0.999190 0.009156 0.000000 0.000000 0.000000 1.000000
0.999190 -0.000000 0.040236 -0.042328 -0.000000 1.000000 0.000000 0.670988 -0.040236 -0.000000 0.999190 0.009156 0.000000 0.000000 0.000000 1.000000
0.999190 -0.000000 0.040236 -0.042328 -0.000000 1.000000 0.000000 0.670988 -0.040236 -0.000000 0.999190 0.009156 0.000000 0.000000 0.000000 1.000000
0.999190 -0.000000 0.040236 -0.042328 -0.000000 1.000000 0.000000 0.670988 -0.040236 -0.000000 0.999190 0.009156 0.000000 0.000000 0.000000 1.000000
0.999190 -0.000000 0.040236 -0.042328 -0.000000 1.000000 0.000000 0.670988 -0.040236 -0.000000 0.999190 0.009156 0.000000 0.000000 0.000000 1.000000
0.999190 -0.000000 0.040236 -0.042328 -0.000000 1.000000 0.000000 0.670988 -0.040236 -0.000000 0.999190 0.009156 0.000000 0.000000 0.000000 1.000000</float_array><technique_common><accessor source="#jnt_upper_lip-Matrix-animation-output-transform-array" count="21" stride="16"><param type="float4x4"/></accessor></technique_common></source><source id="jnt_upper_lip-Interpolations"><Name_array id="jnt_upper_lip-Interpolations-array" count="21">
 LINEAR LINEAR LINEAR LINEAR LINEAR LINEAR LINEAR LINEAR LINEAR LINEAR LINEAR
LINEAR LINEAR LINEAR LINEAR LINEAR LINEAR LINEAR LINEAR LINEAR LINEAR</Name_array><technique_common><accessor source="#jnt_upper_lip-Interpolations-array" count="21"><param type="name"/></accessor></technique_common></source><sampler id="jnt_upper_lip-Matrix-animation-transform"><input semantic="INPUT" source="#jnt_upper_lip-Matrix-animation-input"/><input semantic="OUTPUT" source="#jnt_upper_lip-Matrix-animation-output-transform"/><input semantic="INTERPOLATION" source="#jnt_upper_lip-Interpolations"/></sampler><channel source="#jnt_upper_lip-Matrix-animation-transform" target="jnt_upper_lip/matrix"/></animation></animation>
    <animation id="jnt_left_lip-anim" name="jnt_left_lip"><animation><source id="jnt_left_lip-Matrix-animation-input"><float_array id="jnt_left_lip-Matrix-animation-input-array" count="21">

0.000000 0.033333 0.066667 0.100000 0.133333 0.166667 0.200000 0.233333 0.266667 0.300000 0.333333 0.366667 0.400000 0.433333 0.466667 0.500000
0.533333 0.566667 0.600000 0.633333 0.666667</float_array><technique_common><accessor source="#jnt_left_lip-Matrix-animation-input-array" count="21"><param name="TIME" type="float"/></accessor></technique_common></source><source id="jnt_left_lip-Matrix-animation-output-transform"><float_array id="jnt_left_lip-Matrix-animation-output-transform-array" count="336">

-0.020633 0.993617 0.110904 -0.039590 -0.408799 -0.109615 0.906018 0.617195 0.912391 -0.026644 0.408451 0.143645 0.000000 0.000000 0.000000 1.000000
-0.024928 0.992410 0.120421 -0.034094 -0.408560 -0.120053 0.904802 0.617685 0.912391 -0.026644 0.408451 0.143645 0.000000 0.000000 0.000000 1.000000
-0.035160 0.989089 0.143059 -0.020936 -0.407807 -0.144887 0.901500 0.618396 0.912391 -0.026644 0.408451 0.143645 0.000000 0.000000 0.000000 1.000000
-0.047343 0.984313 0.169961 -0.005172 -0.406572 -0.174408 0.896817 0.618394 0.912391 -0.026644 0.408451 0.143645 0.000000 0.000000 0.000000 1.000000
-0.057518 0.979633 0.192384 0.008048 -0.405258 -0.199023 0.892276 0.617678 0.912391 -0.026644 0.408451 0.143645 0.000000 0.000000 0.000000 1.000000
-0.061774 0.977487 0.201752 0.013587 -0.404631 -0.209309 0.890204 0.617184 0.912391 -0.026644 0.408451 0.143645 0.000000 0.000000 0.000000 1.000000
-0.060070 0.978359 0.198002 0.011369 -0.404888 -0.205191 0.891046 0.617395 0.912391 -0.026644 0.408451 0.143645 0.000000 0.000000 0.000000 1.000000
-0.056001 0.980370 0.189045 0.006075 -0.405471 -0.195356 0.892989 0.617826 0.912391 -0.026644 0.408451 0.143645 0.000000 0.000000 0.000000 1.000000
-0.051137 0.982641 0.178329 -0.000246 -0.406113 -0.183593 0.895191 0.618203 0.912391 -0.026644 0.408451 0.143645 0.000000 0.000000 0.000000 1.000000
-0.047057 0.984435 0.169331 -0.005543 -0.406606 -0.173717 0.896936 0.618405 0.912391 -0.026644 0.408451 0.143645 0.000000 0.000000 0.000000 1.000000
-0.045344 0.985158 0.165553 -0.007764 -0.406800 -0.169570 0.897641 0.618458 0.912391 -0.026644 0.408451 0.143645 0.000000 0.000000 0.000000 1.000000
-0.045587 0.985057 0.166088 -0.007449 -0.406773 -0.170158 0.897542 0.618452 0.912391 -0.026644 0.408451 0.143645 0.000000 0.000000 0.000000 1.000000
-0.046246 0.984780 0.167542 -0.006595 -0.406699 -0.171753 0.897272 0.618432 0.912391 -0.026644 0.408451 0.143645 0.000000 0.000000 0.000000 1.000000
-0.047217 0.984367 0.169684 -0.005336 -0.406587 -0.174104 0.896870 0.618399 0.912391 -0.026644 0.408451 0.143645 0.000000 0.000000 0.000000 1.000000
-0.048395 0.983858 0.172283 -0.003807 -0.406448 -0.176956 0.896374 0.618350 0.912391 -0.026644 0.408451 0.143645 0.000000 0.000000 0.000000 1.000000
-0.049677 0.983295 0.175109 -0.002142 -0.406294 -0.180059 0.895826 0.618288 0.912391 -0.026644 0.408451 0.143645 0.000000 0.000000 0.000000 1.000000
-0.050959 0.982722 0.177935 -0.000478 -0.406135 -0.183160 0.895269 0.618214 0.912391 -0.026644 0.408451 0.143645 0.000000 0.000000 0.000000 1.000000
-0.052136 0.982187 0.180529 0.001051 -0.405986 -0.186008 0.894750 0.618138 0.912391 -0.026644 0.408451 0.143645 0.000000 0.000000 0.000000 1.000000
-0.053105 0.981740 0.182664 0.002310 -0.405860 -0.188352 0.894316 0.618069 0.912391 -0.026644 0.408451 0.143645 0.000000 0.000000 0.000000 1.000000
-0.053762 0.981434 0.184113 0.003164 -0.405773 -0.189942 0.894019 0.618018 0.912391 -0.026644 0.408451 0.143645 0.000000 0.000000 0.000000 1.000000
-0.054004 0.981320 0.184646 0.003479 -0.405741 -0.190528 0.893909 0.617999 0.912391 -0.026644 0.408451 0.143645 0.000000 0.000000 0.000000 1.000000</float_array><technique_common><accessor source="#jnt_left_lip-Matrix-animation-output-transform-array" count="21" stride="16"><param type="float4x4"/></accessor></technique_common></source><source id="jnt_left_lip-Interpolations"><Name_array id="jnt_left_lip-Interpolations-array" count="21">
 LINEAR LINEAR LINEAR LINEAR LINEAR LINEAR LINEAR LINEAR LINEAR LINEAR LINEAR
LINEAR LINEAR LINEAR LINEAR LINEAR LINEAR LINEAR LINEAR LINEAR LINEAR</Name_array><technique_common><accessor source="#jnt_left_lip-Interpolations-array" count="21"><param type="name"/></accessor></technique_common></source><sampler id="jnt_left_lip-Matrix-animation-transform"><input semantic="INPUT" source="#jnt_left_lip-Matrix-animation-input"/><input semantic="OUTPUT" source="#jnt_left_lip-Matrix-animation-output-transform"/><input semantic="INTERPOLATION" source="#jnt_left_lip-Interpolations"/></sampler><channel source="#jnt_left_lip-Matrix-animation-transform" target="jnt_left_lip/matrix"/></animation></animation>
    <animation id="jnt_jaw-anim" name="jnt_jaw"><animation><source id="jnt_jaw-Matrix-animation-input"><float_array id="jnt_jaw-Matrix-animation-input-array" count="21">

0.000000 0.033333 0.066667 0.100000 0.133333 0.166667 0.200000 0.233333 0.266667 0.300000 0.333333 0.366667 0.400000 0.433333 0.466667 0.500000
0.533333 0.566667 0.600000 0.633333 0.666667</float_array><technique_common><accessor source="#jnt_jaw-Matrix-animation-input-array" count="21"><param name="TIME" type="float"/></accessor></technique_common></source><source id="jnt_jaw-Matrix-animation-output-transform"><float_array id="jnt_jaw-Matrix-animation-output-transform-array" count="336">

0.990268 -0.139173 0.000000 -0.022940 0.139173 0.990268 -0.000000 0.090803 -0.000000 0.000000 1.000000 0.000000 0.000000 0.000000 0.000000 1.000000
0.992975 -0.118326 -0.000000 -0.022940 0.118326 0.992975 -0.000000 0.090803 0.000000 0.000000 1.000000 0.000000 0.000000 0.000000 0.000000 1.000000
0.997657 -0.068420 0.000000 -0.022940 0.068420 0.997657 -0.000000 0.090803 0.000000 0.000000 1.000000 0.000000 0.000000 0.000000 0.000000 1.000000
0.999963 -0.008640 0.000000 -0.022940 0.008640 0.999963 0.000000 0.090803 -0.000000 0.000000 1.000000 0.000000 0.000000 0.000000 0.000000 1.000000
0.999139 0.041478 0.000000 -0.022940 -0.041478 0.999139 0.000000 0.090803 -0.000000 -0.000000 1.000000 0.000000 0.000000 0.000000 0.000000 1.000000
0.998047 0.062472 0.000000 -0.022940 -0.062472 0.998047 0.000000 0.090803 -0.000000 -0.000000 1.000000 0.000000 0.000000 0.000000 0.000000 1.000000
0.998537 0.054064 0.000000 -0.022940 -0.054064 0.998537 0.000000 0.090803 -0.000000 -0.000000 1.000000 0.000000 0.000000 0.000000 0.000000 1.000000
0.999422 0.034001 0.000000 -0.022940 -0.034001 0.999422 0.000000 0.090803 -0.000000 -0.000000 1.000000 0.000000 0.000000 0.000000 0.000000 1.000000
0.999950 0.010037 0.000000 -0.022940 -0.010037 0.999950 0.000000 0.090803 -0.000000 -0.000000 1.000000 0.000000 0.000000 0.000000 0.000000 1.000000
0.999950 -0.010046 0.000000 -0.022940 0.010046 0.999950 0.000000 0.090803 -0.000000 -0.000000 1.000000 0.000000 0.000000 0.000000 0.000000 1.000000
0.999829 -0.018467 0.000000 -0.022940 0.018467 0.999829 -0.000000 0.090803 0.000000 0.000000 1.000000 0.000000 0.000000 0.000000 0.000000 1.000000
0.999851 -0.017273 0.000000 -0.022940 0.017273 0.999851 0.000000 0.090803 -0.000000 -0.000000 1.000000 0.000000 0.000000 0.000000 0.000000 1.000000
0.999902 -0.014034 0.000000 -0.022940 0.014034 0.999902 0.000000 0.090803 -0.000000 0.000000 1.000000 0.000000 0.000000 0.000000 0.000000 1.000000
0.999957 -0.009260 0.000000 -0.022940 0.009260 0.999957 -0.000000 0.090803 -0.000000 0.000000 1.000000 0.000000 0.000000 0.000000 0.000000 1.000000
0.999994 -0.003462 0.000000 -0.022940 0.003462 0.999994 0.000000 0.090803 -0.000000 -0.000000 1.000000 0.000000 0.000000 0.000000 0.000000 1.000000
0.999996 0.002847 0.000000 -0.022940 -0.002847 0.999996 0.000000 0.090803 -0.000000 -0.000000 1.000000 0.000000 0.000000 0.000000 0.000000 1.000000
0.999958 0.009156 0.000000 -0.022940 -0.009156 0.999958 0.000000 0.090803 -0.000000 -0.000000 1.000000 0.000000 0.000000 0.000000 0.000000 1.000000
0.999888 0.014953 0.000000 -0.022940 -0.014953 0.999888 0.000000 0.090803 -0.000000 -0.000000 1.000000 0.000000 0.000000 0.000000 0.000000 1.000000
0.999805 0.019727 0.000000 -0.022940 -0.019727 0.999805 0.000000 0.090803 -0.000000 -0.000000 1.000000 0.000000 0.000000 0.000000 0.000000 1.000000
0.999736 0.022966 0.000000 -0.022940 -0.022966 0.999736 0.000000 0.090803 -0.000000 -0.000000 1.000000 0.000000 0.000000 0.000000 0.000000 1.000000
0.999708 0.024159 0.000000 -0.022940 -0.024159 0.999708 0.000000 0.090803 -0.000000 -0.000000 1.000000 0.000000 0.000000 0.000000 0.000000 1.000000</float_array><technique_common><accessor source="#jnt_jaw-Matrix-animation-output-transform-array" count="21" stride="16"><param type="float4x4"/></accessor></technique_common></source><source id="jnt_jaw-Interpolations"><Name_array id="jnt_jaw-Interpolations-array" count="21">
 LINEAR LINEAR LINEAR LINEAR LINEAR LINEAR LINEAR LINEAR LINEAR LINEAR LINEAR
LINEAR LINEAR LINEAR LINEAR LINEAR LINEAR LINEAR LINEAR LINEAR LINEAR</Name_array><technique_common><accessor source="#jnt_jaw-Interpolations-array" count="21"><param type="name"/></accessor></technique_common></source><sampler id="jnt_jaw-Matrix-animation-transform"><input semantic="INPUT" source="#jnt_jaw-Matrix-animation-input"/><input semantic="OUTPUT" source="#jnt_jaw-Matrix-animation-output-transform"/><input semantic="INTERPOLATION" source="#jnt_jaw-Interpolations"/></sampler><channel source="#jnt_jaw-Matrix-animation-transform" target="jnt_jaw/matrix"/></animation></animation>
    <animation id="jnt_lowerlip-anim" name="jnt_lowerlip"><animation><source id="jnt_lowerlip-Matrix-animation-input"><float_array id="jnt_lowerlip-Matrix-animation-input-array" count="21">

0.000000 0.033333 0.066667 0.100000 0.133333 0.166667 0.200000 0.233333 0.266667 0.300000 0.333333 0.366667 0.400000 0.433333 0.466667 0.500000
0.533333 0.566667 0.600000 0.633333 0.666667</float_array><technique_common><accessor source="#jnt_lowerlip-Matrix-animation-input-array" count="21"><param name="TIME" type="float"/></accessor></technique_common></source><source id="jnt_lowerlip-Matrix-animation-output-transform"><float_array id="jnt_lowerlip-Matrix-animation-output-transform-array" count="336">

0.999852 -0.013321 -0.010863 -0.064598 0.013103 0.999717 -0.019870 0.553059 0.011124 0.019725 0.999744 0.011794 0.000000 0.000000 0.000000 1.000000
0.999852 -0.013321 -0.010863 -0.064598 0.013103 0.999717 -0.019870 0.553059 0.011124 0.019725 0.999744 0.011794 0.000000 0.000000 0.000000 1.000000
0.999852 -0.013321 -0.010863 -0.064598 0.013103 0.999717 -0.019870 0.553059 0.011124 0.019725 0.999744 0.011794 0.000000 0.000000 0.000000 1.000000
0.999852 -0.013321 -0.010863 -0.064598 0.013103 0.999717 -0.019870 0.553059 0.011124 0.019725 0.999744 0.011794 0.000000 0.000000 0.000000 1.000000
0.999852 -0.013321 -0.010863 -0.064598 0.013103 0.999717 -0.019870 0.553059 0.011124 0.019725 0.999744 0.011794 0.000000 0.000000 0.000000 1.000000
0.999852 -0.013321 -0.010863 -0.064598 0.013103 0.999717 -0.019870 0.553059 0.011124 0.019725 0.999744 0.011794 0.000000 0.000000 0.000000 1.000000
0.999852 -0.013321 -0.010863 -0.064598 0.013103 0.999717 -0.019870 0.553059 0.011124 0.019725 0.999744 0.011794 0.000000 0.000000 0.000000 1.000000
0.999852 -0.013321 -0.010863 -0.064598 0.013103 0.999717 -0.019870 0.553059 0.011124 0.019725 0.999744 0.011794 0.000000 0.000000 0.000000 1.000000
0.999852 -0.013321 -0.010863 -0.064598 0.013103 0.999717 -0.019870 0.553059 0.011124 0.019725 0.999744 0.011794 0.000000 0.000000 0.000000 1.000000
0.999852 -0.013321 -0.010863 -0.064598 0.013103 0.999717 -0.019870 0.553059 0.011124 0.019725 0.999744 0.011794 0.000000 0.000000 0.000000 1.000000
0.999852 -0.013321 -0.010863 -0.064598 0.013103 0.999717 -0.019870 0.553059 0.011124 0.019725 0.999744 0.011794 0.000000 0.000000 0.000000 1.000000
0.999852 -0.013321 -0.010863 -0.064598 0.013103 0.999717 -0.019870 0.553059 0.011124 0.019725 0.999744 0.011794 0.000000 0.000000 0.000000 1.000000
0.999852 -0.013321 -0.010863 -0.064598 0.013103 0.999717 -0.019870 0.553059 0.011124 0.019725 0.999744 0.011794 0.000000 0.000000 0.000000 1.000000
0.999852 -0.013321 -0.010863 -0.064598 0.013103 0.999717 -0.019870 0.553059 0.011124 0.019725 0.999744 0.011794 0.000000 0.000000 0.000000 1.000000
0.999852 -0.013321 -0.010863 -0.064598 0.013103 0.999717 -0.019870 0.553059 0.011124 0.019725 0.999744 0.011794 0.000000 0.000000 0.000000 1.000000
0.999852 -0.013321 -0.010863 -0.064598 0.013103 0.999717 -0.019870 0.553059 0.011124 0.019725 0.999744 0.011794 0.000000 0.000000 0.000000 1.000000
0.999852 -0.013321 -0.010863 -0.064598 0.013103 0.999717 -0.019870 0.553059 0.011124 0.019725 0.999744 0.011794 0.000000 0.000000 0.000000 1.000000
0.999852 -0.013321 -0.010863 -0.064598 0.013103 0.999717 -0.019870 0.553059 0.011124 0.019725 0.999744 0.011794 0.000000 0.000000 0.000000 1.000000
0.999852 -0.013321 -0.010863 -0.064598 0.013103 0.999717 -0.019870 0.553059 0.011124 0.019725 0.999744 0.011794 0.000000 0.000000 0.000000 1.000000
0.999852 -0.013321 -0.010863 -0.064598 0.013103 0.999717 -0.019870 0.553059 0.011124 0.019725 0.999744 0.011794 0.000000 0.000000 0.000000 1.000000
0.999852 -0.013321 -0.010863 -0.064598 0.013103 0.999717 -0.019870 0.553059 0.011124 0.019725 0.999744 0.011794 0.000000 0.000000 0.000000 1.000000</float_array><technique_common><accessor source="#jnt_lowerlip-Matrix-animation-output-transform-array" count="21" stride="16"><param type="float4x4"/></accessor></technique_common></source><source id="jnt_lowerlip-Interpolations"><Name_array id="jnt_lowerlip-Interpolations-array" count="21">
 LINEAR LINEAR LINEAR LINEAR LINEAR LINEAR LINEAR LINEAR LINEAR LINEAR LINEAR
LINEAR LINEAR LINEAR LINEAR LINEAR LINEAR LINEAR LINEAR LINEAR LINEAR</Name_array><technique_common><accessor source="#jnt_lowerlip-Interpolations-array" count="21"><param type="name"/></accessor></technique_common></source><sampler id="jnt_lowerlip-Matrix-animation-transform"><input semantic="INPUT" source="#jnt_lowerlip-Matrix-animation-input"/><input semantic="OUTPUT" source="#jnt_lowerlip-Matrix-animation-output-transform"/><input semantic="INTERPOLATION" source="#jnt_lowerlip-Interpolations"/></sampler><channel source="#jnt_lowerlip-Matrix-animation-transform" target="jnt_lowerlip/matrix"/></animation></animation>
    <animation id="jnt_tounge-anim" name="jnt_tounge"><animation><source id="jnt_tounge-Matrix-animation-input"><float_array id="jnt_tounge-Matrix-animation-input-array" count="21">

0.000000 0.033333 0.066667 0.100000 0.133333 0.166667 0.200000 0.233333 0.266667 0.300000 0.333333 0.366667 0.400000 0.433333 0.466667 0.500000
0.533333 0.566667 0.600000 0.633333 0.666667</float_array><technique_common><accessor source="#jnt_tounge-Matrix-animation-input-array" count="21"><param name="TIME" type="float"/></accessor></technique_common></source><source id="jnt_tounge-Matrix-animation-output-transform"><float_array id="jnt_tounge-Matrix-animation-output-transform-array" count="336">

0.990268 0.139173 0.000000 0.000191 -0.139173 0.990268 0.000000 0.257065 -0.000000 -0.000000 1.000000 0.000000 0.000000 0.000000 0.000000 1.000000
0.992975 0.118326 0.000000 -0.005213 -0.118326 0.992975 0.000000 0.257012 -0.000000 -0.000000 1.000000 0.000000 0.000000 0.000000 0.000000 1.000000
0.997657 0.068420 0.000000 -0.018085 -0.068420 0.997657 0.000000 0.256428 0.000000 -0.000000 1.000000 0.000000 0.000000 0.000000 0.000000 1.000000
0.999963 0.008640 0.000000 -0.033387 -0.008640 0.999963 0.000000 0.254888 -0.000000 -0.000000 1.000000 0.000000 0.000000 0.000000 0.000000 1.000000
0.999139 -0.041478 0.000000 -0.046117 0.041478 0.999139 -0.000000 0.252895 -0.000000 0.000000 1.000000 0.000000 0.000000 0.000000 0.000000 1.000000
0.998047 -0.062472 0.000000 -0.051423 0.062472 0.998047 -0.000000 0.251869 -0.000000 0.000000 1.000000 0.000000 0.000000 0.000000 0.000000 1.000000
0.998537 -0.054064 0.000000 -0.049300 0.054064 0.998537 -0.000000 0.252293 -0.000000 0.000000 1.000000 0.000000 0.000000 0.000000 0.000000 1.000000
0.999422 -0.034001 0.000000 -0.044223 0.034001 0.999422 -0.000000 0.253233 -0.000000 0.000000 1.000000 0.000000 0.000000 0.000000 0.000000 1.000000
0.999950 -0.010037 0.000000 -0.038141 0.010037 0.999950 0.000000 0.254220 -0.000000 -0.000000 1.000000 0.000000 0.000000 0.000000 0.000000 1.000000
0.999950 0.010046 0.000000 -0.033028 -0.010046 0.999950 0.000000 0.254934 -0.000000 -0.000000 1.000000 0.000000 0.000000 0.000000 0.000000 1.000000
0.999829 0.018467 0.000000 -0.030880 -0.018467 0.999829 0.000000 0.255203 0.000000 -0.000000 1.000000 0.000000 0.000000 0.000000 0.000000 1.000000
0.999851 0.017273 0.000000 -0.031185 -0.017273 0.999851 0.000000 0.255166 0.000000 -0.000000 1.000000 0.000000 0.000000 0.000000 0.000000 1.000000
0.999902 0.014034 -0.000000 -0.032011 -0.014034 0.999902 0.000000 0.255064 0.000000 -0.000000 1.000000 0.000000 0.000000 0.000000 0.000000 1.000000
0.999957 0.009260 0.000000 -0.033229 -0.009260 0.999957 0.000000 0.254908 -0.000000 -0.000000 1.000000 0.000000 0.000000 0.000000 0.000000 1.000000
0.999994 0.003462 0.000000 -0.034706 -0.003462 0.999994 0.000000 0.254711 0.000000 -0.000000 1.000000 0.000000 0.000000 0.000000 0.000000 1.000000
0.999996 -0.002847 0.000000 -0.036312 0.002847 0.999996 0.000000 0.254487 -0.000000 -0.000000 1.000000 0.000000 0.000000 0.000000 0.000000 1.000000
0.999958 -0.009156 0.000000 -0.037917 0.009156 0.999958 0.000000 0.254253 -0.000000 -0.000000 1.000000 0.000000 0.000000 0.000000 0.000000 1.000000
0.999888 -0.014953 0.000000 -0.039391 0.014953 0.999888 0.000000 0.254029 -0.000000 0.000000 1.000000 0.000000 0.000000 0.000000 0.000000 1.000000
0.999805 -0.019727 -0.000000 -0.040603 0.019727 0.999805 -0.000000 0.253838 0.000000 -0.000000 1.000000 0.000000 0.000000 0.000000 0.000000 1.000000
0.999736 -0.022966 0.000000 -0.041425 0.022966 0.999736 0.000000 0.253705 -0.000000 0.000000 1.000000 0.000000 0.000000 0.000000 0.000000 1.000000
0.999708 -0.024159 0.000000 -0.041728 0.024159 0.999708 -0.000000 0.253656 -0.000000 0.000000 1.000000 0.000000 0.000000 0.000000 0.000000 1.000000</float_array><technique_common><accessor source="#jnt_tounge-Matrix-animation-output-transform-array" count="21" stride="16"><param type="float4x4"/></accessor></technique_common></source><source id="jnt_tounge-Interpolations"><Name_array id="jnt_tounge-Interpolations-array" count="21">
 LINEAR LINEAR LINEAR LINEAR LINEAR LINEAR LINEAR LINEAR LINEAR LINEAR LINEAR
LINEAR LINEAR LINEAR LINEAR LINEAR LINEAR LINEAR LINEAR LINEAR LINEAR</Name_array><technique_common><accessor source="#jnt_tounge-Interpolations-array" count="21"><param type="name"/></accessor></technique_common></source><sampler id="jnt_tounge-Matrix-animation-transform"><input semantic="INPUT" source="#jnt_tounge-Matrix-animation-input"/><input semantic="OUTPUT" source="#jnt_tounge-Matrix-animation-output-transform"/><input semantic="INTERPOLATION" source="#jnt_tounge-Interpolations"/></sampler><channel source="#jnt_tounge-Matrix-animation-transform" target="jnt_tounge/matrix"/></animation></animation>
    <animation id="jnt_left_eyebow1-anim" name="jnt_left_eyebow1"><animation><source id="jnt_left_eyebow1-Matrix-animation-input"><float_array id="jnt_left_eyebow1-Matrix-animation-input-array" count="21">

0.000000 0.033333 0.066667 0.100000 0.133333 0.166667 0.200000 0.233333 0.266667 0.300000 0.333333 0.366667 0.400000 0.433333 0.466667 0.500000
0.533333 0.566667 0.600000 0.633333 0.666667</float_array><technique_common><accessor source="#jnt_left_eyebow1-Matrix-animation-input-array" count="21"><param name="TIME" type="float"/></accessor></technique_common></source><source id="jnt_left_eyebow1-Matrix-animation-output-transform"><float_array id="jnt_left_eyebow1-Matrix-animation-output-transform-array" count="336">

0.000000 1.000000 -0.000000 0.580643 -0.000000 0.000000 1.000000 0.619829 1.000000 -0.000000 0.000000 0.104329 0.000000 0.000000 0.000000 1.000000
0.000000 1.000000 -0.000000 0.580643 -0.000000 0.000000 1.000000 0.619829 1.000000 -0.000000 0.000000 0.104329 0.000000 0.000000 0.000000 1.000000
0.000000 1.000000 -0.000000 0.580643 -0.000000 0.000000 1.000000 0.619829 1.000000 -0.000000 0.000000 0.104329 0.000000 0.000000 0.000000 1.000000
0.000000 1.000000 -0.000000 0.580643 -0.000000 0.000000 1.000000 0.619829 1.000000 -0.000000 0.000000 0.104329 0.000000 0.000000 0.000000 1.000000
0.000000 1.000000 -0.000000 0.580643 -0.000000 0.000000 1.000000 0.619829 1.000000 -0.000000 0.000000 0.104329 0.000000 0.000000 0.000000 1.000000
0.000000 1.000000 -0.000000 0.580643 -0.000000 0.000000 1.000000 0.619829 1.000000 -0.000000 0.000000 0.104329 0.000000 0.000000 0.000000 1.000000
0.000000 1.000000 -0.000000 0.580643 -0.000000 0.000000 1.000000 0.619829 1.000000 -0.000000 0.000000 0.104329 0.000000 0.000000 0.000000 1.000000
0.000000 1.000000 -0.000000 0.580643 -0.000000 0.000000 1.000000 0.619829 1.000000 -0.000000 0.000000 0.104329 0.000000 0.000000 0.000000 1.000000
0.000000 1.000000 -0.000000 0.580643 -0.000000 0.000000 1.000000 0.619829 1.000000 -0.000000 0.000000 0.104329 0.000000 0.000000 0.000000 1.000000
0.000000 1.000000 -0.000000 0.580643 -0.000000 0.000000 1.000000 0.619829 1.000000 -0.000000 0.000000 0.104329 0.000000 0.000000 0.000000 1.000000
0.000000 1.000000 -0.000000 0.580643 -0.000000 0.000000 1.000000 0.619829 1.000000 -0.000000 0.000000 0.104329 0.000000 0.000000 0.000000 1.000000
0.000000 1.000000 -0.000000 0.580643 -0.000000 0.000000 1.000000 0.619829 1.000000 -0.000000 0.000000 0.104329 0.000000 0.000000 0.000000 1.000000
0.000000 1.000000 -0.000000 0.580643 -0.000000 0.000000 1.000000 0.619829 1.000000 -0.000000 0.000000 0.104329 0.000000 0.000000 0.000000 1.000000
0.000000 1.000000 -0.000000 0.580643 -0.000000 0.000000 1.000000 0.619829 1.000000 -0.000000 0.000000 0.104329 0.000000 0.000000 0.000000 1.000000
0.000000 1.000000 -0.000000 0.580643 -0.000000 0.000000 1.000000 0.619829 1.000000 -0.000000 0.000000 0.104329 0.000000 0.000000 0.000000 1.000000
0.000000 1.000000 -0.000000 0.580643 -0.000000 0.000000 1.000000 0.619829 1.000000 -0.000000 0.000000 0.104329 0.000000 0.000000 0.000000 1.000000
0.000000 1.000000 -0.000000 0.580643 -0.000000 0.000000 1.000000 0.619829 1.000000 -0.000000 0.000000 0.104329 0.000000 0.000000 0.000000 1.000000
0.000000 1.000000 -0.000000 0.580643 -0.000000 0.000000 1.000000 0.619829 1.000000 -0.000000 0.000000 0.104329 0.000000 0.000000 0.000000 1.000000
0.000000 1.000000 -0.000000 0.580643 -0.000000 0.000000 1.000000 0.619829 1.000000 -0.000000 0.000000 0.104329 0.000000 0.000000 0.000000 1.000000
0.000000 1.000000 -0.000000 0.580643 -0.000000 0.000000 1.000000 0.619829 1.000000 -0.000000 0.000000 0.104329 0.000000 0.000000 0.000000 1.000000
0.000000 1.000000 -0.000000 0.580643 -0.000000 0.000000 1.000000 0.619829 1.000000 -0.000000 0.000000 0.104329 0.000000 0.000000 0.000000 1.000000</float_array><technique_common><accessor source="#jnt_left_eyebow1-Matrix-animation-output-transform-array" count="21" stride="16"><param type="float4x4"/></accessor></technique_common></source><source id="jnt_left_eyebow1-Interpolations"><Name_array id="jnt_left_eyebow1-Interpolations-array" count="21">
 LINEAR LINEAR LINEAR LINEAR LINEAR LINEAR LINEAR LINEAR LINEAR LINEAR LINEAR
LINEAR LINEAR LINEAR LINEAR LINEAR LINEAR LINEAR LINEAR LINEAR LINEAR</Name_array><technique_common><accessor source="#jnt_left_eyebow1-Interpolations-array" count="21"><param type="name"/></accessor></technique_common></source><sampler id="jnt_left_eyebow1-Matrix-animation-transform"><input semantic="INPUT" source="#jnt_left_eyebow1-Matrix-animation-input"/><input semantic="OUTPUT" source="#jnt_left_eyebow1-Matrix-animation-output-transform"/><input semantic="INTERPOLATION" source="#jnt_left_eyebow1-Interpolations"/></sampler><channel source="#jnt_left_eyebow1-Matrix-animation-transform" target="jnt_left_eyebow1/matrix"/></animation></animation>
    <animation id="jnt_left_eyebow2-anim" name="jnt_left_eyebow2"><animation><source id="jnt_left_eyebow2-Matrix-animation-input"><float_array id="jnt_left_eyebow2-Matrix-animation-input-array" count="21">

0.000000 0.033333 0.066667 0.100000 0.133333 0.166667 0.200000 0.233333 0.266667 0.300000 0.333333 0.366667 0.400000 0.433333 0.466667 0.500000
0.533333 0.566667 0.600000 0.633333 0.666667</float_array><technique_common><accessor source="#jnt_left_eyebow2-Matrix-animation-input-array" count="21"><param name="TIME" type="float"/></accessor></technique_common></source><source id="jnt_left_eyebow2-Matrix-animation-output-transform"><float_array id="jnt_left_eyebow2-Matrix-animation-output-transform-array" count="336">

0.000000 1.000000 0.000000 0.624581 -0.557687 0.000000 0.830051 0.532746 0.830051 -0.000000 0.557687 0.290242 0.000000 0.000000 0.000000 1.000000
0.000000 1.000000 0.000000 0.624581 -0.557687 0.000000 0.830051 0.532746 0.830051 -0.000000 0.557687 0.290242 0.000000 0.000000 0.000000 1.000000
0.000000 1.000000 0.000000 0.624581 -0.557687 0.000000 0.830051 0.532746 0.830051 -0.000000 0.557687 0.290242 0.000000 0.000000 0.000000 1.000000
0.000000 1.000000 0.000000 0.624581 -0.557687 0.000000 0.830051 0.532746 0.830051 -0.000000 0.557687 0.290242 0.000000 0.000000 0.000000 1.000000
0.000000 1.000000 0.000000 0.624581 -0.557687 0.000000 0.830051 0.532746 0.830051 -0.000000 0.557687 0.290242 0.000000 0.000000 0.000000 1.000000
0.000000 1.000000 0.000000 0.624581 -0.557687 0.000000 0.830051 0.532746 0.830051 -0.000000 0.557687 0.290242 0.000000 0.000000 0.000000 1.000000
0.000000 1.000000 0.000000 0.624581 -0.557687 0.000000 0.830051 0.532746 0.830051 -0.000000 0.557687 0.290242 0.000000 0.000000 0.000000 1.000000
0.000000 1.000000 0.000000 0.624581 -0.557687 0.000000 0.830051 0.532746 0.830051 -0.000000 0.557687 0.290242 0.000000 0.000000 0.000000 1.000000
0.000000 1.000000 0.000000 0.624581 -0.557687 0.000000 0.830051 0.532746 0.830051 -0.000000 0.557687 0.290242 0.000000 0.000000 0.000000 1.000000
0.000000 1.000000 0.000000 0.624581 -0.557687 0.000000 0.830051 0.532746 0.830051 -0.000000 0.557687 0.290242 0.000000 0.000000 0.000000 1.000000
0.000000 1.000000 0.000000 0.624581 -0.557687 0.000000 0.830051 0.532746 0.830051 -0.000000 0.557687 0.290242 0.000000 0.000000 0.000000 1.000000
0.000000 1.000000 0.000000 0.624581 -0.557687 0.000000 0.830051 0.532746 0.830051 -0.000000 0.557687 0.290242 0.000000 0.000000 0.000000 1.000000
0.000000 1.000000 0.000000 0.624581 -0.557687 0.000000 0.830051 0.532746 0.830051 -0.000000 0.557687 0.290242 0.000000 0.000000 0.000000 1.000000
0.000000 1.000000 0.000000 0.624581 -0.557687 0.000000 0.830051 0.532746 0.830051 -0.000000 0.557687 0.290242 0.000000 0.000000 0.000000 1.000000
0.000000 1.000000 0.000000 0.624581 -0.557687 0.000000 0.830051 0.532746 0.830051 -0.000000 0.557687 0.290242 0.000000 0.000000 0.000000 1.000000
0.000000 1.000000 0.000000 0.624581 -0.557687 0.000000 0.830051 0.532746 0.830051 -0.000000 0.557687 0.290242 0.000000 0.000000 0.000000 1.000000
0.000000 1.000000 0.000000 0.624581 -0.557687 0.000000 0.830051 0.532746 0.830051 -0.000000 0.557687 0.290242 0.000000 0.000000 0.000000 1.000000
0.000000 1.000000 0.000000 0.624581 -0.557687 0.000000 0.830051 0.532746 0.830051 -0.000000 0.557687 0.290242 0.000000 0.000000 0.000000 1.000000
0.000000 1.000000 0.000000 0.624581 -0.557687 0.000000 0.830051 0.532746 0.830051 -0.000000 0.557687 0.290242 0.000000 0.000000 0.000000 1.000000
0.000000 1.000000 0.000000 0.624581 -0.557687 0.000000 0.830051 0.532746 0.830051 -0.000000 0.557687 0.290242 0.000000 0.000000 0.000000 1.000000
0.000000 1.000000 0.000000 0.624581 -0.557687 0.000000 0.830051 0.532746 0.830051 -0.000000 0.557687 0.290242 0.000000 0.000000 0.000000 1.000000</float_array><technique_common><accessor source="#jnt_left_eyebow2-Matrix-animation-output-transform-array" count="21" stride="16"><param type="float4x4"/></accessor></technique_common></source><source id="jnt_left_eyebow2-Interpolations"><Name_array id="jnt_left_eyebow2-Interpolations-array" count="21">
 LINEAR LINEAR LINEAR LINEAR LINEAR LINEAR LINEAR LINEAR LINEAR LINEAR LINEAR
LINEAR LINEAR LINEAR LINEAR LINEAR LINEAR LINEAR LINEAR LINEAR LINEAR</Name_array><technique_common><accessor source="#jnt_left_eyebow2-Interpolations-array" count="21"><param type="name"/></accessor></technique_common></source><sampler id="jnt_left_eyebow2-Matrix-animation-transform"><input semantic="INPUT" source="#jnt_left_eyebow2-Matrix-animation-input"/><input semantic="OUTPUT" source="#jnt_left_eyebow2-Matrix-animation-output-transform"/><input semantic="INTERPOLATION" source="#jnt_left_eyebow2-Interpolations"/></sampler><channel source="#jnt_left_eyebow2-Matrix-animation-transform" target="jnt_left_eyebow2/matrix"/></animation></animation>
    <animation id="jnt_left_eyebow3-anim" name="jnt_left_eyebow3"><animation><source id="jnt_left_eyebow3-Matrix-animation-input"><float_array id="jnt_left_eyebow3-Matrix-animation-input-array" count="21">

0.000000 0.033333 0.066667 0.100000 0.133333 0.166667 0.200000 0.233333 0.266667 0.300000 0.333333 0.366667 0.400000 0.433333 0.466667 0.500000
0.533333 0.566667 0.600000 0.633333 0.666667</float_array><technique_common><accessor source="#jnt_left_eyebow3-Matrix-animation-input-array" count="21"><param name="TIME" type="float"/></accessor></technique_common></source><source id="jnt_left_eyebow3-Matrix-animation-output-transform"><float_array id="jnt_left_eyebow3-Matrix-animation-output-transform-array" count="336">

0.000000 1.000000 -0.000000 0.587129 -0.791789 0.000000 0.610795 0.412864 0.610795 0.000000 0.791789 0.414657 0.000000 0.000000 0.000000 1.000000
