<?xml version="1.0" encoding="utf-8"?>
<COLLADA xmlns="http://www.collada.org/2005/11/COLLADASchema" version="1.4.1">
  <asset><contributor><author></author><authoring_tool>FBX COLLADA exporter</authoring_tool><comments></comments></contributor><created>2020-01-31T19:42:33Z</created><keywords></keywords><modified>2020-01-31T19:42:33Z</modified><revision></revision><subject></subject><title></title><unit meter="0.010000" name="centimeter"></unit><up_axis>Y_UP</up_axis></asset>
  <library_animations>
    <animation id="root_jnt-anim" name="root_jnt"><animation><source id="root_jnt-Matrix-animation-input"><float_array id="root_jnt-Matrix-animation-input-array" count="31">

0.000000 0.033333 0.066667 0.100000 0.133333 0.166667 0.200000 0.233333 0.266667 0.300000 0.333333 0.366667 0.400000 0.433333 0.466667 0.500000
0.533333 0.566667 0.600000 0.633333 0.666667 0.700000 0.733333 0.766667 0.800000 0.833333 0.866667 0.900000 0.933333 0.966667 1.000000</float_array><technique_common><accessor source="#root_jnt-Matrix-animation-input-array" count="31"><param name="TIME" type="float"/></accessor></technique_common></source><source id="root_jnt-Matrix-animation-output-transform"><float_array id="root_jnt-Matrix-animation-output-transform-array" count="496">

1.000000 0.000000 0.000000 0.000000 0.000000 1.000000 0.000000 0.000000 0.000000 0.000000 1.000000 0.000000 0.000000 0.000000 0.000000 1.000000
1.000000 0.000000 0.000000 0.000000 0.000000 1.000000 0.000000 0.000000 0.000000 0.000000 1.000000 0.000000 0.000000 0.000000 0.000000 1.000000
1.000000 0.000000 0.000000 0.000000 0.000000 1.000000 0.000000 0.000000 0.000000 0.000000 1.000000 0.000000 0.000000 0.000000 0.000000 1.000000
1.000000 0.000000 0.000000 0.000000 0.000000 1.000000 0.000000 0.000000 0.000000 0.000000 1.000000 0.000000 0.000000 0.000000 0.000000 1.000000
1.000000 0.000000 0.000000 0.000000 0.000000 1.000000 0.000000 0.000000 0.000000 0.000000 1.000000 0.000000 0.000000 0.000000 0.000000 1.000000
1.000000 0.000000 0.000000 0.000000 0.000000 1.000000 0.000000 0.000000 0.000000 0.000000 1.000000 0.000000 0.000000 0.000000 0.000000 1.000000
1.000000 0.000000 0.000000 0.000000 0.000000 1.000000 0.000000 0.000000 0.000000 0.000000 1.000000 0.000000 0.000000 0.000000 0.000000 1.000000
1.000000 0.000000 0.000000 0.000000 0.000000 1.000000 0.000000 0.000000 0.000000 0.000000 1.000000 0.000000 0.000000 0.000000 0.000000 1.000000
1.000000 0.000000 0.000000 0.000000 0.000000 1.000000 0.000000 0.000000 0.000000 0.000000 1.000000 0.000000 0.000000 0.000000 0.000000 1.000000
1.000000 0.000000 0.000000 0.000000 0.000000 1.000000 0.000000 0.000000 0.000000 0.000000 1.000000 0.000000 0.000000 0.000000 0.000000 1.000000
1.000000 0.000000 0.000000 0.000000 0.000000 1.000000 0.000000 0.000000 0.000000 0.000000 1.000000 0.000000 0.000000 0.000000 0.000000 1.000000
1.000000 0.000000 0.000000 0.000000 0.000000 1.000000 0.000000 0.000000 0.000000 0.000000 1.000000 0.000000 0.000000 0.000000 0.000000 1.000000
1.000000 0.000000 0.000000 0.000000 0.000000 1.000000 0.000000 0.000000 0.000000 0.000000 1.000000 0.000000 0.000000 0.000000 0.000000 1.000000
1.000000 0.000000 0.000000 0.000000 0.000000 1.000000 0.000000 0.000000 0.000000 0.000000 1.000000 0.000000 0.000000 0.000000 0.000000 1.000000
1.000000 0.000000 0.000000 0.000000 0.000000 1.000000 0.000000 0.000000 0.000000 0.000000 1.000000 0.000000 0.000000 0.000000 0.000000 1.000000
1.000000 0.000000 0.000000 0.000000 0.000000 1.000000 0.000000 0.000000 0.000000 0.000000 1.000000 0.000000 0.000000 0.000000 0.000000 1.000000
1.000000 0.000000 0.000000 0.000000 0.000000 1.000000 0.000000 0.000000 0.000000 0.000000 1.000000 0.000000 0.000000 0.000000 0.000000 1.000000
1.000000 0.000000 0.000000 0.000000 0.000000 1.000000 0.000000 0.000000 0.000000 0.000000 1.000000 0.000000 0.000000 0.000000 0.000000 1.000000
1.000000 0.000000 0.000000 0.000000 0.000000 1.000000 0.000000 0.000000 0.000000 0.000000 1.000000 0.000000 0.000000 0.000000 0.000000 1.000000
1.000000 0.000000 0.000000 0.000000 0.000000 1.000000 0.000000 0.000000 0.000000 0.000000 1.000000 0.000000 0.000000 0.000000 0.000000 1.000000
1.000000 0.000000 0.000000 0.000000 0.000000 1.000000 0.000000 0.000000 0.000000 0.000000 1.000000 0.000000 0.000000 0.000000 0.000000 1.000000
1.000000 0.000000 0.000000 0.000000 0.000000 1.000000 0.000000 0.000000 0.000000 0.000000 1.000000 0.000000 0.000000 0.000000 0.000000 1.000000
1.000000 0.000000 0.000000 0.000000 0.000000 1.000000 0.000000 0.000000 0.000000 0.000000 1.000000 0.000000 0.000000 0.000000 0.000000 1.000000
1.000000 0.000000 0.000000 0.000000 0.000000 1.000000 0.000000 0.000000 0.000000 0.000000 1.000000 0.000000 0.000000 0.000000 0.000000 1.000000
1.000000 0.000000 0.000000 0.000000 0.000000 1.000000 0.000000 0.000000 0.000000 0.000000 1.000000 0.000000 0.000000 0.000000 0.000000 1.000000
1.000000 0.000000 0.000000 0.000000 0.000000 1.000000 0.000000 0.000000 0.000000 0.000000 1.000000 0.000000 0.000000 0.000000 0.000000 1.000000
1.000000 0.000000 0.000000 0.000000 0.000000 1.000000 0.000000 0.000000 0.000000 0.000000 1.000000 0.000000 0.000000 0.000000 0.000000 1.000000
1.000000 0.000000 0.000000 0.000000 0.000000 1.000000 0.000000 0.000000 0.000000 0.000000 1.000000 0.000000 0.000000 0.000000 0.000000 1.000000
1.000000 0.000000 0.000000 0.000000 0.000000 1.000000 0.000000 0.000000 0.000000 0.000000 1.000000 0.000000 0.000000 0.000000 0.000000 1.000000
1.000000 0.000000 0.000000 0.000000 0.000000 1.000000 0.000000 0.000000 0.000000 0.000000 1.000000 0.000000 0.000000 0.000000 0.000000 1.000000
1.000000 0.000000 0.000000 0.000000 0.000000 1.000000 0.000000 0.000000 0.000000 0.000000 1.000000 0.000000 0.000000 0.000000 0.000000 1.000000</float_array><technique_common><accessor source="#root_jnt-Matrix-animation-output-transform-array" count="31" stride="16"><param type="float4x4"/></accessor></technique_common></source><source id="root_jnt-Interpolations"><Name_array id="root_jnt-Interpolations-array" count="31">
 LINEAR LINEAR LINEAR LINEAR LINEAR LINEAR LINEAR LINEAR LINEAR LINEAR LINEAR
LINEAR LINEAR LINEAR LINEAR LINEAR LINEAR LINEAR LINEAR LINEAR LINEAR LINEAR LINEAR
LINEAR LINEAR LINEAR LINEAR LINEAR LINEAR LINEAR LINEAR</Name_array><technique_common><accessor source="#root_jnt-Interpolations-array" count="31"><param type="name"/></accessor></technique_common></source><sampler id="root_jnt-Matrix-animation-transform"><input semantic="INPUT" source="#root_jnt-Matrix-animation-input"/><input semantic="OUTPUT" source="#root_jnt-Matrix-animation-output-transform"/><input semantic="INTERPOLATION" source="#root_jnt-Interpolations"/></sampler><channel source="#root_jnt-Matrix-animation-transform" target="root_jnt/matrix"/></animation></animation>
    <animation id="neck01_jnt-anim" name="neck01_jnt"><animation><source id="neck01_jnt-Matrix-animation-input"><float_array id="neck01_jnt-Matrix-animation-input-array" count="31">

0.000000 0.033333 0.066667 0.100000 0.133333 0.166667 0.200000 0.233333 0.266667 0.300000 0.333333 0.366667 0.400000 0.433333 0.466667 0.500000
0.533333 0.566667 0.600000 0.633333 0.666667 0.700000 0.733333 0.766667 0.800000 0.833333 0.866667 0.900000 0.933333 0.966667 1.000000</float_array><technique_common><accessor source="#neck01_jnt-Matrix-animation-input-array" count="31"><param name="TIME" type="float"/></accessor></technique_common></source><source id="neck01_jnt-Matrix-animation-output-transform"><float_array id="neck01_jnt-Matrix-animation-output-transform-array" count="496">

0.999262 -0.008523 0.037463 -2.204408 0.012839 0.993105 -0.116519 2.933696 -0.036212 0.116914 0.992482 -0.589548 0.000000 0.000000 0.000000 1.000000
0.999455 -0.006457 0.032373 -2.204408 0.010870 0.990367 -0.138041 2.933696 -0.031170 0.138318 0.989897 -0.589548 0.000000 0.000000 0.000000 1.000000
0.999800 -0.004051 0.019564 -2.204408 0.006503 0.991888 -0.126945 2.933696 -0.018891 0.127047 0.991717 -0.589548 0.000000 0.000000 0.000000 1.000000
0.999975 -0.001398 0.006924 -2.204408 0.002194 0.993194 -0.116450 2.933696 -0.006714 0.116462 0.993172 -0.589548 0.000000 0.000000 0.000000 1.000000
0.999999 -0.000220 0.001512 -2.204408 0.000383 0.994043 -0.108991 2.933696 -0.001479 0.108992 0.994042 -0.589548 0.000000 0.000000 0.000000 1.000000
1.000000 0.000048 -0.000487 -2.204408 -0.000079 0.997883 -0.065027 2.933696 0.000483 0.065027 0.997883 -0.589548 0.000000 0.000000 0.000000 1.000000
0.999973 0.002432 -0.006870 -2.204408 -0.002203 0.999449 0.033131 2.933696 0.006947 -0.033115 0.999427 -0.589548 0.000000 0.000000 0.000000 1.000000
0.999790 0.004854 -0.019899 -2.204408 -0.006861 0.994758 -0.102028 2.933696 0.019299 0.102143 0.994582 -0.589548 0.000000 0.000000 0.000000 1.000000
0.999271 0.005727 -0.037748 -2.204408 -0.013184 0.979625 -0.200400 2.933696 0.035831 0.200751 0.978987 -0.589548 0.000000 0.000000 0.000000 1.000000
0.998366 0.006183 -0.056799 -2.204408 -0.019742 0.970227 -0.241393 2.933696 0.053615 0.242120 0.968764 -0.589548 0.000000 0.000000 0.000000 1.000000
0.997321 0.005683 -0.072927 -2.204408 -0.025218 0.962567 -0.269867 2.933696 0.068663 0.270983 0.960132 -0.589548 0.000000 0.000000 0.000000 1.000000
0.996441 0.004698 -0.084165 -2.204408 -0.029024 0.956516 -0.290234 2.933696 0.079141 0.291644 0.953247 -0.589548 0.000000 0.000000 0.000000 1.000000
0.996382 0.004729 -0.084857 -2.204408 -0.029192 0.956748 -0.289450 2.933696 0.079818 0.290880 0.953424 -0.589548 0.000000 0.000000 0.000000 1.000000
0.997111 0.009607 -0.075352 -2.204408 -0.025774 0.975914 -0.216627 2.933696 0.071456 0.217943 0.973342 -0.589548 0.000000 0.000000 0.000000 1.000000
0.997637 0.009618 -0.068027 -2.204408 -0.023288 0.978873 -0.203138 2.933696 0.064636 0.204242 0.976784 -0.589548 0.000000 0.000000 0.000000 1.000000
0.998060 0.005103 -0.062045 -2.204408 -0.021431 0.963880 -0.265474 2.933696 0.058449 0.266289 0.962119 -0.589548 0.000000 0.000000 0.000000 1.000000
0.998645 0.003644 -0.051919 -2.204408 -0.018163 0.959232 -0.282037 2.933696 0.048774 0.282598 0.957998 -0.589548 0.000000 0.000000 0.000000 1.000000
0.999345 0.003073 -0.036044 -2.204408 -0.012824 0.961771 -0.273553 2.933696 0.033826 0.273836 0.961181 -0.589548 0.000000 0.000000 0.000000 1.000000
0.999835 0.002049 -0.018024 -2.204408 -0.006732 0.964556 -0.263791 2.933696 0.016845 0.263869 0.964411 -0.589548 0.000000 0.000000 0.000000 1.000000
1.000000 0.000565 0.000582 -2.204408 -0.000400 0.967696 -0.252118 2.933696 -0.000705 0.252118 0.967696 -0.589548 0.000000 0.000000 0.000000 1.000000
0.999833 -0.002236 0.018157 -2.204408 0.005851 0.979458 -0.201561 2.933696 -0.017333 0.201634 0.979308 -0.589548 0.000000 0.000000 0.000000 1.000000
0.999432 -0.008127 0.032712 -2.204408 0.011367 0.994912 -0.100105 2.933696 -0.031732 0.100420 0.994439 -0.589548 0.000000 0.000000 0.000000 1.000000
0.998870 -0.008896 0.046691 -2.204408 0.015854 0.988433 -0.150830 2.933696 -0.044809 0.151400 0.987456 -0.589548 0.000000 0.000000 0.000000 1.000000
0.998149 -0.008534 0.060219 -2.204408 0.020084 0.980816 -0.193897 2.933696 -0.057409 0.194748 0.979172 -0.589548 0.000000 0.000000 0.000000 1.000000
0.997433 -0.010395 0.070845 -2.204408 0.023663 0.981670 -0.189116 2.933696 -0.067580 0.190307 0.979396 -0.589548 0.000000 0.000000 0.000000 1.000000
0.996997 -0.012184 0.076481 -2.204408 0.025660 0.983735 -0.177784 2.933696 -0.073071 0.179213 0.981093 -0.589548 0.000000 0.000000 0.000000 1.000000
0.996899 -0.013190 0.077578 -2.204408 0.026119 0.985425 -0.168092 2.933696 -0.074230 0.169597 0.982714 -0.589548 0.000000 0.000000 0.000000 1.000000
0.997528 -0.013534 0.068954 -2.204408 0.023423 0.989199 -0.144695 2.933696 -0.066251 0.145953 0.987071 -0.589548 0.000000 0.000000 0.000000 1.000000
0.998465 -0.017297 0.052607 -2.204408 0.018783 0.999435 -0.027888 2.933696 -0.052095 0.028833 0.998226 -0.589548 0.000000 0.000000 0.000000 1.000000
0.999070 -0.014884 0.040466 -2.204408 0.014709 0.999881 0.004637 2.933696 -0.040531 -0.004038 0.999170 -0.589548 0.000000 0.000000 0.000000 1.000000
0.999281 -0.009201 0.036777 -2.204408 0.012720 0.995239 -0.096629 2.933696 -0.035713 0.097027 0.994641 -0.589548 0.000000 0.000000 0.000000 1.000000</float_array><technique_common><accessor source="#neck01_jnt-Matrix-animation-output-transform-array" count="31" stride="16"><param type="float4x4"/></accessor></technique_common></source><source id="neck01_jnt-Interpolations"><Name_array id="neck01_jnt-Interpolations-array" count="31">
 LINEAR LINEAR LINEAR LINEAR LINEAR LINEAR LINEAR LINEAR LINEAR LINEAR LINEAR
LINEAR LINEAR LINEAR LINEAR LINEAR LINEAR LINEAR LINEAR LINEAR LINEAR LINEAR LINEAR
LINEAR LINEAR LINEAR LINEAR LINEAR LINEAR LINEAR LINEAR</Name_array><technique_common><accessor source="#neck01_jnt-Interpolations-array" count="31"><param type="name"/></accessor></technique_common></source><sampler id="neck01_jnt-Matrix-animation-transform"><input semantic="INPUT" source="#neck01_jnt-Matrix-animation-input"/><input semantic="OUTPUT" source="#neck01_jnt-Matrix-animation-output-transform"/><input semantic="INTERPOLATION" source="#neck01_jnt-Interpolations"/></sampler><channel source="#neck01_jnt-Matrix-animation-transform" target="neck01_jnt/matrix"/></animation></animation>
    <animation id="neck02_jnt-anim" name="neck02_jnt"><animation><source id="neck02_jnt-Matrix-animation-input"><float_array id="neck02_jnt-Matrix-animation-input-array" count="31">

0.000000 0.033333 0.066667 0.100000 0.133333 0.166667 0.200000 0.233333 0.266667 0.300000 0.333333 0.366667 0.400000 0.433333 0.466667 0.500000
0.533333 0.566667 0.600000 0.633333 0.666667 0.700000 0.733333 0.766667 0.800000 0.833333 0.866667 0.900000 0.933333 0.966667 1.000000</float_array><technique_common><accessor source="#neck02_jnt-Matrix-animation-input-array" count="31"><param name="TIME" type="float"/></accessor></technique_common></source><source id="neck02_jnt-Matrix-animation-output-transform"><float_array id="neck02_jnt-Matrix-animation-output-transform-array" count="496">

0.999986 -0.001393 -0.005080 -0.006357 -0.003672 0.507147 -0.861852 -1.778614 0.003777 0.861859 0.507135 0.674803 0.000000 0.000000 0.000000 1.000000
0.999993 0.000138 -0.003719 -0.006357 -0.002594 0.742449 -0.669898 -1.778614 0.002668 0.669903 0.742444 0.674803 0.000000 0.000000 0.000000 1.000000
0.999994 0.000310 -0.003441 -0.006357 -0.002408 0.776705 -0.629860 -1.778614 0.002477 0.629864 0.776701 0.674803 0.000000 0.000000 0.000000 1.000000
0.999994 0.000257 -0.003532 -0.006357 -0.002469 0.765782 -0.643096 -1.778614 0.002539 0.643100 0.765778 0.674803 0.000000 0.000000 0.000000 1.000000
0.999992 -0.000113 -0.004050 -0.006357 -0.002824 0.697293 -0.716780 -1.778614 0.002905 0.716786 0.697287 0.674803 0.000000 0.000000 0.000000 1.000000
0.999982 -0.002447 -0.005510 -0.006357 -0.004203 0.372410 -0.928059 -1.778614 0.004323 0.928065 0.372392 0.674803 0.000000 0.000000 0.000000 1.000000
0.999965 -0.006434 -0.005341 -0.006357 -0.005829 -0.078383 -0.996906 -1.778614 0.005995 0.996903 -0.078418 0.674803 0.000000 0.000000 0.000000 1.000000
0.999981 -0.002669 -0.005570 -0.006357 -0.004305 0.345321 -0.938475 -1.778614 0.004428 0.938481 0.345303 0.674803 0.000000 0.000000 0.000000 1.000000
0.999992 0.000009 -0.003899 -0.006357 -0.002718 0.718555 -0.695465 -1.778614 0.002796 0.695470 0.718550 0.674803 0.000000 0.000000 0.000000 1.000000
0.999996 0.000639 -0.002622 -0.006357 -0.001881 0.861599 -0.507586 -1.778614 0.001935 0.507589 0.861597 0.674803 0.000000 0.000000 0.000000 1.000000
0.999997 0.000692 -0.002375 -0.006357 -0.001724 0.883298 -0.468809 -1.778614 0.001774 0.468812 0.883296 0.674803 0.000000 0.000000 0.000000 1.000000
0.999997 0.000682 -0.002428 -0.006357 -0.001758 0.878810 -0.477168 -1.778614 0.001808 0.477171 0.878809 0.674803 0.000000 0.000000 0.000000 1.000000
0.999994 0.000283 -0.003488 -0.006357 -0.002439 0.771068 -0.636748 -1.778614 0.002509 0.636752 0.771064 0.674803 0.000000 0.000000 0.000000 1.000000
0.999983 -0.002138 -0.005411 -0.006357 -0.004056 0.410714 -0.911755 -1.778614 0.004172 0.911762 0.410698 0.674803 0.000000 0.000000 0.000000 1.000000
0.999982 -0.002506 -0.005527 -0.006357 -0.004230 0.365176 -0.930929 -1.778614 0.004351 0.930935 0.365158 0.674803 0.000000 0.000000 0.000000 1.000000
0.999991 -0.000278 -0.004234 -0.006357 -0.002957 0.669799 -0.742536 -1.778614 0.003042 0.742542 0.669792 0.674803 0.000000 0.000000 0.000000 1.000000
0.999996 0.000619 -0.002696 -0.006357 -0.001928 0.854804 -0.518948 -1.778614 0.001983 0.518951 0.854802 0.674803 0.000000 0.000000 0.000000 1.000000
0.999997 0.000692 -0.002370 -0.006357 -0.001721 0.883697 -0.468056 -1.778614 0.001771 0.468058 0.883696 0.674803 0.000000 0.000000 0.000000 1.000000
0.999997 0.000679 -0.002446 -0.006357 -0.001770 0.877221 -0.480083 -1.778614 0.001820 0.480086 0.877220 0.674803 0.000000 0.000000 0.000000 1.000000
0.999995 0.000509 -0.003023 -0.006357 -0.002137 0.822733 -0.568424 -1.778614 0.002198 0.568428 0.822730 0.674803 0.000000 0.000000 0.000000 1.000000
0.999987 -0.001074 -0.004890 -0.006357 -0.003490 0.550740 -0.834670 -1.778614 0.003590 0.834676 0.550729 0.674803 0.000000 0.000000 0.000000 1.000000
0.999975 -0.004220 -0.005740 -0.006357 -0.004966 0.164848 -0.986306 -1.778614 0.005108 0.986310 0.164823 0.674803 0.000000 0.000000 0.000000 1.000000
0.999983 -0.002116 -0.005403 -0.006357 -0.004045 0.413406 -0.910538 -1.778614 0.004161 0.910544 0.413391 0.674803 0.000000 0.000000 0.000000 1.000000
0.999992 -0.000026 -0.003944 -0.006357 -0.002749 0.712410 -0.701758 -1.778614 0.002828 0.701764 0.712404 0.674803 0.000000 0.000000 0.000000 1.000000
0.999995 0.000517 -0.003000 -0.006357 -0.002122 0.825060 -0.565040 -1.778614 0.002183 0.565044 0.825058 0.674803 0.000000 0.000000 0.000000 1.000000
0.999995 0.000505 -0.003033 -0.006357 -0.002143 0.821677 -0.569949 -1.778614 0.002205 0.569953 0.821674 0.674803 0.000000 0.000000 0.000000 1.000000
0.999995 0.000390 -0.003290 -0.006357 -0.002309 0.794024 -0.607882 -1.778614 0.002375 0.607887 0.794020 0.674803 0.000000 0.000000 0.000000 1.000000
0.999990 -0.000477 -0.004429 -0.006357 -0.003105 0.638193 -0.769871 -1.778614 0.003194 0.769877 0.638185 0.674803 0.000000 0.000000 0.000000 1.000000
0.999973 -0.004530 -0.005728 -0.006357 -0.005090 0.130058 -0.991493 -1.778614 0.005236 0.991496 0.130032 0.674803 0.000000 0.000000 0.000000 1.000000
0.999970 -0.005372 -0.005623 -0.006357 -0.005421 0.036951 -0.999302 -1.778614 0.005576 0.999303 0.036921 0.674803 0.000000 0.000000 0.000000 1.000000
0.999985 -0.001590 -0.005181 -0.006357 -0.003778 0.480994 -0.876716 -1.778614 0.003886 0.876722 0.480981 0.674803 0.000000 0.000000 0.000000 1.000000</float_array><technique_common><accessor source="#neck02_jnt-Matrix-animation-output-transform-array" count="31" stride="16"><param type="float4x4"/></accessor></technique_common></source><source id="neck02_jnt-Interpolations"><Name_array id="neck02_jnt-Interpolations-array" count="31">
 LINEAR LINEAR LINEAR LINEAR LINEAR LINEAR LINEAR LINEAR LINEAR LINEAR LINEAR
LINEAR LINEAR LINEAR LINEAR LINEAR LINEAR LINEAR LINEAR LINEAR LINEAR LINEAR LINEAR
LINEAR LINEAR LINEAR LINEAR LINEAR LINEAR LINEAR LINEAR</Name_array><technique_common><accessor source="#neck02_jnt-Interpolations-array" count="31"><param type="name"/></accessor></technique_common></source><sampler id="neck02_jnt-Matrix-animation-transform"><input semantic="INPUT" source="#neck02_jnt-Matrix-animation-input"/><input semantic="OUTPUT" source="#neck02_jnt-Matrix-animation-output-transform"/><input semantic="INTERPOLATION" source="#neck02_jnt-Interpolations"/></sampler><channel source="#neck02_jnt-Matrix-animation-transform" target="neck02_jnt/matrix"/></animation></animation>
    <animation id="head_jnt-anim" name="head_jnt"><animation><source id="head_jnt-Matrix-animation-input"><float_array id="head_jnt-Matrix-animation-input-array" count="31">

0.000000 0.033333 0.066667 0.100000 0.133333 0.166667 0.200000 0.233333 0.266667 0.300000 0.333333 0.366667 0.400000 0.433333 0.466667 0.500000
0.533333 0.566667 0.600000 0.633333 0.666667 0.700000 0.733333 0.766667 0.800000 0.833333 0.866667 0.900000 0.933333 0.966667 1.000000</float_array><technique_common><accessor source="#head_jnt-Matrix-animation-input-array" count="31"><param name="TIME" type="float"/></accessor></technique_common></source><source id="head_jnt-Matrix-animation-output-transform"><float_array id="head_jnt-Matrix-animation-output-transform-array" count="496">

0.999421 0.008753 -0.032892 0.006357 0.026574 0.403210 0.914722 0.733466 0.021269 -0.915066 0.402743 0.708435 0.000000 0.000000 0.000000 1.000000
0.999551 0.007932 -0.028887 0.006357 0.017031 0.642824 0.765825 0.733466 0.024644 -0.765973 0.642400 0.708435 0.000000 0.000000 0.000000 1.000000
0.999853 0.003800 -0.016740 0.006357 0.009487 0.690448 0.723320 0.733466 0.014307 -0.723372 0.690311 0.708435 0.000000 0.000000 0.000000 1.000000
0.999990 -0.000553 -0.004480 0.006357 0.003640 0.685682 0.727893 0.733466 0.002669 -0.727901 0.685677 0.708435 0.000000 0.000000 0.000000 1.000000
0.999996 -0.002741 0.001101 0.006357 0.000818 0.615016 0.788514 0.733466 -0.002838 -0.788510 0.615015 0.708435 0.000000 0.000000 0.000000 1.000000
0.999979 -0.004554 0.004523 0.006357 -0.002881 0.311272 0.950317 0.733466 -0.005736 -0.950310 0.311252 0.708435 0.000000 0.000000 0.000000 1.000000
0.999883 -0.007830 0.013132 0.006357 -0.013473 -0.045297 0.998883 0.733466 -0.007226 -0.998943 -0.045398 0.708435 0.000000 0.000000 0.000000 1.000000
0.999662 -0.011595 0.023264 0.006357 -0.019667 0.247778 0.968617 0.733466 -0.016995 -0.968748 0.247466 0.708435 0.000000 0.000000 0.000000 1.000000
0.999142 -0.016407 0.038022 0.006357 -0.022129 0.564543 0.825107 0.733466 -0.035003 -0.825241 0.563695 0.708435 0.000000 0.000000 0.000000 1.000000
0.998241 -0.022035 0.055034 0.006357 -0.022866 0.713405 0.700379 0.733466 -0.054694 -0.700405 0.711647 0.708435 0.000000 0.000000 0.000000 1.000000
0.997179 -0.027357 0.069899 0.006357 -0.028479 0.723700 0.689527 0.733466 -0.069449 -0.689573 0.720879 0.708435 0.000000 0.000000 0.000000 1.000000
0.996277 -0.031231 0.080352 0.006357 -0.035353 0.702085 0.711216 0.733466 -0.078626 -0.711408 0.698367 0.708435 0.000000 0.000000 0.000000 1.000000
0.996151 -0.032252 0.081500 0.006357 -0.050104 0.553401 0.831406 0.733466 -0.071917 -0.832290 0.549655 0.708435 0.000000 0.000000 0.000000 1.000000
0.996741 -0.030635 0.074631 0.006357 -0.066889 0.203364 0.976816 0.733466 -0.045102 -0.978624 0.200652 0.708435 0.000000 0.000000 0.000000 1.000000
0.997282 -0.028313 0.068021 0.006357 -0.062316 0.168411 0.983745 0.733466 -0.039308 -0.985310 0.166189 0.708435 0.000000 0.000000 0.000000 1.000000
0.997847 -0.025089 0.060588 0.006357 -0.042931 0.448486 0.892758 0.733466 -0.049572 -0.893438 0.446443 0.708435 0.000000 0.000000 0.000000 1.000000
0.998531 -0.020572 0.050129 0.006357 -0.023210 0.673580 0.738750 0.733466 -0.048964 -0.738828 0.672113 0.708435 0.000000 0.000000 0.000000 1.000000
0.999273 -0.014964 0.035056 0.006357 -0.013463 0.721867 0.691901 0.733466 -0.035659 -0.691870 0.721141 0.708435 0.000000 0.000000 0.000000 1.000000
0.999796 -0.008919 0.018133 0.006357 -0.006177 0.719482 0.694483 0.733466 -0.019241 -0.694453 0.719280 0.708435 0.000000 0.000000 0.000000 1.000000
0.999995 -0.003022 0.000883 0.006357 0.001304 0.652844 0.757491 0.733466 -0.002866 -0.757486 0.652845 0.708435 0.000000 0.000000 0.000000 1.000000
0.999893 0.001709 -0.014521 0.006357 0.012849 0.371182 0.928471 0.733466 0.006977 -0.928559 0.371120 0.708435 0.000000 0.000000 0.000000 1.000000
0.999614 0.005914 -0.027150 0.006357 0.026707 0.065227 0.997513 0.733466 0.007670 -0.997853 0.065044 0.708435 0.000000 0.000000 0.000000 1.000000
0.999083 0.011228 -0.041312 0.006357 0.036723 0.271253 0.961807 0.733466 0.022005 -0.962442 0.270592 0.708435 0.000000 0.000000 0.000000 1.000000
0.998335 0.016839 -0.055175 0.006357 0.036154 0.562672 0.825889 0.733466 0.044953 -0.826508 0.561127 0.708435 0.000000 0.000000 0.000000 1.000000
0.997605 0.021167 -0.065846 0.006357 0.031970 0.703090 0.710382 0.733466 0.061332 -0.710786 0.700730 0.708435 0.000000 0.000000 0.000000 1.000000
0.997187 0.023160 -0.071292 0.006357 0.034082 0.706997 0.706395 0.733466 0.066763 -0.706838 0.704218 0.708435 0.000000 0.000000 0.000000 1.000000
0.997108 0.023444 -0.072287 0.006357 0.037074 0.680280 0.732014 0.733466 0.066337 -0.732577 0.677444 0.708435 0.000000 0.000000 0.000000 1.000000
0.997780 0.019889 -0.063550 0.006357 0.043973 0.519891 0.853100 0.733466 0.050006 -0.854001 0.517862 0.708435 0.000000 0.000000 0.000000 1.000000
0.998802 0.013549 -0.047013 0.006357 0.045387 0.102249 0.993723 0.733466 0.018271 -0.994667 0.101511 0.708435 0.000000 0.000000 0.000000 1.000000
0.999346 0.009314 -0.034936 0.006357 0.034522 0.041502 0.998542 0.733466 0.010750 -0.999095 0.041153 0.708435 0.000000 0.000000 0.000000 1.000000
0.999444 0.008584 -0.032214 0.006357 0.026229 0.393967 0.918750 0.733466 0.020578 -0.919084 0.393523 0.708435 0.000000 0.000000 0.000000 1.000000</float_array><technique_common><accessor source="#head_jnt-Matrix-animation-output-transform-array" count="31" stride="16"><param type="float4x4"/></accessor></technique_common></source><source id="head_jnt-Interpolations"><Name_array id="head_jnt-Interpolations-array" count="31">
 LINEAR LINEAR LINEAR LINEAR LINEAR LINEAR LINEAR LINEAR LINEAR LINEAR LINEAR
LINEAR LINEAR LINEAR LINEAR LINEAR LINEAR LINEAR LINEAR LINEAR LINEAR LINEAR LINEAR
LINEAR LINEAR LINEAR LINEAR LINEAR LINEAR LINEAR LINEAR</Name_array><technique_common><accessor source="#head_jnt-Interpolations-array" count="31"><param type="name"/></accessor></technique_common></source><sampler id="head_jnt-Matrix-animation-transform"><input semantic="INPUT" source="#head_jnt-Matrix-animation-input"/><input semantic="OUTPUT" source="#head_jnt-Matrix-animation-output-transform"/><input semantic="INTERPOLATION" source="#head_jnt-Interpolations"/></sampler><channel source="#head_jnt-Matrix-animation-transform" target="head_jnt/matrix"/></animation></animation>
    <animation id="lowereye_jnt-anim" name="lowereye_jnt"><animation><source id="lowereye_jnt-Matrix-animation-input"><float_array id="lowereye_jnt-Matrix-animation-input-array" count="31">

0.000000 0.033333 0.066667 0.100000 0.133333 0.166667 0.200000 0.233333 0.266667 0.300000 0.333333 0.366667 0.400000 0.433333 0.466667 0.500000
0.533333 0.566667 0.600000 0.633333 0.666667 0.700000 0.733333 0.766667 0.800000 0.833333 0.866667 0.900000 0.933333 0.966667 1.000000</float_array><technique_common><accessor source="#lowereye_jnt-Matrix-animation-input-array" count="31"><param name="TIME" type="float"/></accessor></technique_common></source><source id="lowereye_jnt-Matrix-animation-output-transform"><float_array id="lowereye_jnt-Matrix-animation-output-transform-array" count="496">

1.000000 0.000000 0.000000 0.001055 0.000000 1.126069 0.000000 0.308096 0.000000 0.000000 1.000000 1.884512 0.000000 0.000000 0.000000 1.000000
1.000000 -0.000000 0.000000 0.001055 0.000000 0.270268 0.000000 0.308096 0.000000 0.000000 1.000000 1.884512 0.000000 0.000000 0.000000 1.000000
1.000000 -0.000000 0.000000 0.001055 0.000000 0.270268 -0.000000 0.308096 -0.000000 0.000000 1.000000 1.884512 0.000000 0.000000 0.000000 1.000000
1.000000 -0.000000 0.000000 0.001055 -0.000000 0.270268 0.000000 0.308096 0.000000 0.000000 1.000000 1.884512 0.000000 0.000000 0.000000 1.000000
1.000000 -0.000000 -0.000000 0.001055 -0.000000 0.270268 0.000000 0.308096 0.000000 -0.000000 1.000000 1.884512 0.000000 0.000000 0.000000 1.000000
1.000000 -0.000000 -0.000000 0.001055 -0.000000 0.485793 0.000000 0.308096 0.000000 0.000000 1.000000 1.884512 0.000000 0.000000 0.000000 1.000000
1.000000 0.000000 0.000000 0.001055 0.000000 1.087395 0.000000 0.308096 0.000000 -0.000000 1.000000 1.884512 0.000000 0.000000 0.000000 1.000000
1.000000 -0.000000 0.000000 0.001055 0.000000 1.219564 0.000000 0.308096 0.000000 -0.000000 1.000000 1.884512 0.000000 0.000000 0.000000 1.000000
1.000000 -0.000000 -0.000000 0.001055 0.000000 0.575413 0.000000 0.308096 0.000000 0.000000 1.000000 1.884512 0.000000 0.000000 0.000000 1.000000
1.000000 0.000000 -0.000000 0.001055 0.000000 0.270268 0.000000 0.308096 0.000000 0.000000 1.000000 1.884512 0.000000 0.000000 0.000000 1.000000
1.000000 0.000000 -0.000000 0.001055 -0.000000 0.270268 0.000000 0.308096 0.000000 -0.000000 1.000000 1.884512 0.000000 0.000000 0.000000 1.000000
1.000000 -0.000000 0.000000 0.001055 0.000000 0.270268 -0.000000 0.308096 0.000000 0.000000 1.000000 1.884512 0.000000 0.000000 0.000000 1.000000
1.000000 -0.000000 -0.000000 0.001055 -0.000000 0.303717 0.000000 0.308096 0.000000 0.000000 1.000000 1.884512 0.000000 0.000000 0.000000 1.000000
1.000000 0.000000 0.000000 0.001055 0.000000 0.804165 -0.000000 0.308096 0.000000 0.000000 1.000000 1.884512 0.000000 0.000000 0.000000 1.000000
1.000000 0.000000 0.000000 0.001055 -0.000000 1.207581 0.000000 0.308096 0.000000 0.000000 1.000000 1.884512 0.000000 0.000000 0.000000 1.000000
1.000000 0.000000 -0.000000 0.001055 0.000000 1.126069 0.000000 0.308096 0.000000 0.000000 1.000000 1.884512 0.000000 0.000000 0.000000 1.000000
1.000000 -0.000000 -0.000000 0.001055 0.000000 0.270268 0.000000 0.308096 0.000000 0.000000 1.000000 1.884512 0.000000 0.000000 0.000000 1.000000
1.000000 -0.000000 0.000000 0.001055 0.000000 0.270268 -0.000000 0.308096 0.000000 0.000000 1.000000 1.884512 0.000000 0.000000 0.000000 1.000000
1.000000 0.000000 0.000000 0.001055 -0.000000 0.270268 0.000000 0.308096 0.000000 0.000000 1.000000 1.884512 0.000000 0.000000 0.000000 1.000000
1.000000 0.000000 0.000000 0.001055 0.000000 0.270268 -0.000000 0.308096 0.000000 0.000000 1.000000 1.884512 0.000000 0.000000 0.000000 1.000000
1.000000 -0.000000 -0.000000 0.001055 0.000000 0.485793 -0.000000 0.308096 0.000000 0.000000 1.000000 1.884512 0.000000 0.000000 0.000000 1.000000
1.000000 0.000000 0.000000 0.001055 0.000000 1.087395 0.000000 0.308096 0.000000 0.000000 1.000000 1.884512 0.000000 0.000000 0.000000 1.000000
1.000000 -0.000000 0.000000 0.001055 -0.000000 1.219564 0.000000 0.308096 0.000000 -0.000000 1.000000 1.884512 0.000000 0.000000 0.000000 1.000000
1.000000 -0.000000 0.000000 0.001055 -0.000000 0.575413 -0.000000 0.308096 0.000000 0.000000 1.000000 1.884512 0.000000 0.000000 0.000000 1.000000
1.000000 -0.000000 0.000000 0.001055 -0.000000 0.270268 -0.000000 0.308096 0.000000 -0.000000 1.000000 1.884512 0.000000 0.000000 0.000000 1.000000
1.000000 0.000000 -0.000000 0.001055 0.000000 0.270268 0.000000 0.308096 0.000000 0.000000 1.000000 1.884512 0.000000 0.000000 0.000000 1.000000
1.000000 -0.000000 -0.000000 0.001055 -0.000000 0.270268 -0.000000 0.308096 0.000000 0.000000 1.000000 1.884512 0.000000 0.000000 0.000000 1.000000
1.000000 -0.000000 0.000000 0.001055 0.000000 0.303717 0.000000 0.308096 0.000000 0.000000 1.000000 1.884512 0.000000 0.000000 0.000000 1.000000
1.000000 0.000000 -0.000000 0.001055 -0.000000 0.804165 0.000000 0.308096 0.000000 0.000000 1.000000 1.884512 0.000000 0.000000 0.000000 1.000000
1.000000 -0.000000 -0.000000 0.001055 -0.000000 1.207581 0.000000 0.308096 0.000000 0.000000 1.000000 1.884512 0.000000 0.000000 0.000000 1.000000
1.000000 0.000000 0.000000 0.001055 -0.000000 1.126069 0.000000 0.308096 0.000000 0.000000 1.000000 1.884512 0.000000 0.000000 0.000000 1.000000</float_array><technique_common><accessor source="#lowereye_jnt-Matrix-animation-output-transform-array" count="31" stride="16"><param type="float4x4"/></accessor></technique_common></source><source id="lowereye_jnt-Interpolations"><Name_array id="lowereye_jnt-Interpolations-array" count="31">
 LINEAR LINEAR LINEAR LINEAR LINEAR LINEAR LINEAR LINEAR LINEAR LINEAR LINEAR
LINEAR LINEAR LINEAR LINEAR LINEAR LINEAR LINEAR LINEAR LINEAR LINEAR LINEAR LINEAR
LINEAR LINEAR LINEAR LINEAR LINEAR LINEAR LINEAR LINEAR</Name_array><technique_common><accessor source="#lowereye_jnt-Interpolations-array" count="31"><param type="name"/></accessor></technique_common></source><sampler id="lowereye_jnt-Matrix-animation-transform"><input semantic="INPUT" source="#lowereye_jnt-Matrix-animation-input"/><input semantic="OUTPUT" source="#lowereye_jnt-Matrix-animation-output-transform"/><input semantic="INTERPOLATION" source="#lowereye_jnt-Interpolations"/></sampler><channel source="#lowereye_jnt-Matrix-animation-transform" target="lowereye_jnt/matrix"/></animation></animation>
    <animation id="uppereye_jnt-anim" name="uppereye_jnt"><animation><source id="uppereye_jnt-Matrix-animation-input"><float_array id="uppereye_jnt-Matrix-animation-input-array" count="31">

0.000000 0.033333 0.066667 0.100000 0.133333 0.166667 0.200000 0.233333 0.266667 0.300000 0.333333 0.366667 0.400000 0.433333 0.466667 0.500000
0.533333 0.566667 0.600000 0.633333 0.666667 0.700000 0.733333 0.766667 0.800000 0.833333 0.866667 0.900000 0.933333 0.966667 1.000000</float_array><technique_common><accessor source="#uppereye_jnt-Matrix-animation-input-array" count="31"><param name="TIME" type="float"/></accessor></technique_common></source><source id="uppereye_jnt-Matrix-animation-output-transform"><float_array id="uppereye_jnt-Matrix-animation-output-transform-array" count="496">

1.000000 0.000000 0.000000 0.001055 0.000000 0.254071 0.000000 0.951152 0.000000 0.000000 1.000000 1.884512 0.000000 0.000000 0.000000 1.000000
1.000000 -0.000000 0.000000 0.001055 0.000000 0.254071 0.000000 0.951152 0.000000 0.000000 1.000000 1.884512 0.000000 0.000000 0.000000 1.000000
1.000000 -0.000000 0.000000 0.001055 0.000000 0.254071 -0.000000 0.951152 -0.000000 0.000000 1.000000 1.884512 0.000000 0.000000 0.000000 1.000000
1.000000 -0.000000 0.000000 0.001055 -0.000000 0.254071 0.000000 0.951152 0.000000 0.000000 1.000000 1.884512 0.000000 0.000000 0.000000 1.000000
1.000000 -0.000000 -0.000000 0.001055 -0.000000 0.254071 0.000000 0.951152 0.000000 0.000000 1.000000 1.884512 0.000000 0.000000 0.000000 1.000000
1.000000 -0.000000 -0.000000 0.001055 -0.000000 0.254071 0.000000 0.951152 0.000000 0.000000 1.000000 1.884512 0.000000 0.000000 0.000000 1.000000
1.000000 -0.000000 0.000000 0.001055 0.000000 0.254071 0.000000 0.951152 0.000000 -0.000000 1.000000 1.884512 0.000000 0.000000 0.000000 1.000000
1.000000 -0.000000 0.000000 0.001055 0.000000 0.254071 0.000000 0.951152 0.000000 0.000000 1.000000 1.884512 0.000000 0.000000 0.000000 1.000000
1.000000 -0.000000 -0.000000 0.001055 0.000000 0.254071 0.000000 0.951152 0.000000 0.000000 1.000000 1.884512 0.000000 0.000000 0.000000 1.000000
1.000000 -0.000000 -0.000000 0.001055 0.000000 0.254071 0.000000 0.951152 0.000000 0.000000 1.000000 1.884512 0.000000 0.000000 0.000000 1.000000
1.000000 0.000000 -0.000000 0.001055 -0.000000 0.254071 0.000000 0.951152 0.000000 -0.000000 1.000000 1.884512 0.000000 0.000000 0.000000 1.000000
1.000000 -0.000000 0.000000 0.001055 0.000000 0.254071 -0.000000 0.951152 0.000000 0.000000 1.000000 1.884512 0.000000 0.000000 0.000000 1.000000
1.000000 -0.000000 -0.000000 0.001055 -0.000000 0.254071 0.000000 0.951152 0.000000 0.000000 1.000000 1.884512 0.000000 0.000000 0.000000 1.000000
1.000000 -0.000000 0.000000 0.001055 0.000000 0.254071 -0.000000 0.951152 0.000000 0.000000 1.000000 1.884512 0.000000 0.000000 0.000000 1.000000
1.000000 0.000000 0.000000 0.001055 -0.000000 0.254071 0.000000 0.951152 0.000000 -0.000000 1.000000 1.884512 0.000000 0.000000 0.000000 1.000000
1.000000 0.000000 -0.000000 0.001055 0.000000 0.254071 0.000000 0.951152 0.000000 -0.000000 1.000000 1.884512 0.000000 0.000000 0.000000 1.000000
1.000000 -0.000000 -0.000000 0.001055 0.000000 0.254071 0.000000 0.951152 0.000000 0.000000 1.000000 1.884512 0.000000 0.000000 0.000000 1.000000
1.000000 -0.000000 0.000000 0.001055 0.000000 0.254071 -0.000000 0.951152 0.000000 0.000000 1.000000 1.884512 0.000000 0.000000 0.000000 1.000000
1.000000 0.000000 0.000000 0.001055 -0.000000 0.254071 0.000000 0.951152 0.000000 0.000000 1.000000 1.884512 0.000000 0.000000 0.000000 1.000000
1.000000 0.000000 0.000000 0.001055 0.000000 0.254071 -0.000000 0.951152 0.000000 0.000000 1.000000 1.884512 0.000000 0.000000 0.000000 1.000000
1.000000 -0.000000 -0.000000 0.001055 0.000000 0.254071 -0.000000 0.951152 0.000000 0.000000 1.000000 1.884512 0.000000 0.000000 0.000000 1.000000
1.000000 -0.000000 0.000000 0.001055 0.000000 0.254071 0.000000 0.951152 0.000000 0.000000 1.000000 1.884512 0.000000 0.000000 0.000000 1.000000
1.000000 -0.000000 0.000000 0.001055 -0.000000 0.254071 0.000000 0.951152 0.000000 0.000000 1.000000 1.884512 0.000000 0.000000 0.000000 1.000000
1.000000 -0.000000 0.000000 0.001055 -0.000000 0.254071 -0.000000 0.951152 0.000000 0.000000 1.000000 1.884512 0.000000 0.000000 0.000000 1.000000
1.000000 -0.000000 0.000000 0.001055 -0.000000 0.254071 -0.000000 0.951152 0.000000 -0.000000 1.000000 1.884512 0.000000 0.000000 0.000000 1.000000
1.000000 0.000000 -0.000000 0.001055 0.000000 0.254071 0.000000 0.951152 0.000000 0.000000 1.000000 1.884512 0.000000 0.000000 0.000000 1.000000
1.000000 -0.000000 -0.000000 0.001055 -0.000000 0.254071 -0.000000 0.951152 0.000000 -0.000000 1.000000 1.884512 0.000000 0.000000 0.000000 1.000000
1.000000 -0.000000 0.000000 0.001055 0.000000 0.254071 0.000000 0.951152 0.000000 0.000000 1.000000 1.884512 0.000000 0.000000 0.000000 1.000000
1.000000 -0.000000 -0.000000 0.001055 -0.000000 0.254071 0.000000 0.951152 0.000000 0.000000 1.000000 1.884512 0.000000 0.000000 0.000000 1.000000
1.000000 -0.000000 -0.000000 0.001055 -0.000000 0.254071 0.000000 0.951152 0.000000 0.000000 1.000000 1.884512 0.000000 0.000000 0.000000 1.000000
1.000000 0.000000 0.000000 0.001055 -0.000000 0.254071 0.000000 0.951152 0.000000 0.000000 1.000000 1.884512 0.000000 0.000000 0.000000 1.000000</float_array><technique_common><accessor source="#uppereye_jnt-Matrix-animation-output-transform-array" count="31" stride="16"><param type="float4x4"/></accessor></technique_common></source><source id="uppereye_jnt-Interpolations"><Name_array id="uppereye_jnt-Interpolations-array" count="31">
 LINEAR LINEAR LINEAR LINEAR LINEAR LINEAR LINEAR LINEAR LINEAR LINEAR LINEAR
LINEAR LINEAR LINEAR LINEAR LINEAR LINEAR LINEAR LINEAR LINEAR LINEAR LINEAR LINEAR
LINEAR LINEAR LINEAR LINEAR LINEAR LINEAR LINEAR LINEAR</Name_array><technique_common><accessor source="#uppereye_jnt-Interpolations-array" count="31"><param type="name"/></accessor></technique_common></source><sampler id="uppereye_jnt-Matrix-animation-transform"><input semantic="INPUT" source="#uppereye_jnt-Matrix-animation-input"/><input semantic="OUTPUT" source="#uppereye_jnt-Matrix-animation-output-transform"/><input semantic="INTERPOLATION" source="#uppereye_jnt-Interpolations"/></sampler><channel source="#uppereye_jnt-Matrix-animation-transform" target="uppereye_jnt/matrix"/></animation></animation>
    <animation id="mouth_jnt-anim" name="mouth_jnt"><animation><source id="mouth_jnt-Matrix-animation-input"><float_array id="mouth_jnt-Matrix-animation-input-array" count="31">

0.000000 0.033333 0.066667 0.100000 0.133333 0.166667 0.200000 0.233333 0.266667 0.300000 0.333333 0.366667 0.400000 0.433333 0.466667 0.500000
0.533333 0.566667 0.600000 0.633333 0.666667 0.700000 0.733333 0.766667 0.800000 0.833333 0.866667 0.900000 0.933333 0.966667 1.000000</float_array><technique_common><accessor source="#mouth_jnt-Matrix-animation-input-array" count="31"><param name="TIME" type="float"/></accessor></technique_common></source><source id="mouth_jnt-Matrix-animation-output-transform"><float_array id="mouth_jnt-Matrix-animation-output-transform-array" count="496">

1.000000 0.000000 0.000000 0.001055 0.000000 1.000000 0.000000 1.179823 0.000000 0.000000 1.000000 0.633476 0.000000 0.000000 0.000000 1.000000
1.000000 -0.000000 0.000000 0.001055 0.000000 1.000000 0.000000 1.233557 0.000000 0.000000 1.000000 0.633476 0.000000 0.000000 0.000000 1.000000
1.000000 -0.000000 0.000000 0.001055 0.000000 1.000000 -0.000000 1.150190 -0.000000 0.000000 1.000000 0.633476 0.000000 0.000000 0.000000 1.000000
