<?xml version="1.0" encoding="utf-8"?>
<COLLADA xmlns="http://www.collada.org/2005/11/COLLADASchema" version="1.4.1">
  <asset><contributor><author></author><authoring_tool>FBX COLLADA exporter</authoring_tool><comments></comments></contributor><created>2020-01-31T20:29:10Z</created><keywords></keywords><modified>2020-01-31T20:29:10Z</modified><revision></revision><subject></subject><title></title><unit meter="0.010000" name="centimeter"></unit><up_axis>Y_UP</up_axis></asset>
  <library_animations>
    <animation id="root_jnt-anim" name="root_jnt"><animation><source id="root_jnt-Matrix-animation-input"><float_array id="root_jnt-Matrix-animation-input-array" count="91">

0.000000 0.033333 0.066667 0.100000 0.133333 0.166667 0.200000 0.233333 0.266667 0.300000 0.333333 0.366667 0.400000 0.433333 0.466667 0.500000
0.533333 0.566667 0.600000 0.633333 0.666667 0.700000 0.733333 0.766667 0.800000 0.833333 0.866667 0.900000 0.933333 0.966667 1.000000 1.033333
1.066667 1.100000 1.133333 1.166667 1.200000 1.233333 1.266667 1.300000 1.333333 1.366667 1.400000 1.433333 1.466667 1.500000 1.533333 1.566667
1.600000 1.633333 1.666667 1.700000 1.733333 1.766667 1.800000 1.833333 1.866667 1.900000 1.933333 1.966667 2.000000 2.033333 2.066667 2.100000
2.133333 2.166667 2.200000 2.233333 2.266667 2.300000 2.333333 2.366667 2.400000 2.433333 2.466667 2.500000 2.533333 2.566667 2.600000 2.633333
2.666667 2.700000 2.733333 2.766667 2.800000 2.833333 2.866667 2.900000 2.933333 2.966667 3.000000</float_array><technique_common><accessor source="#root_jnt-Matrix-animation-input-array" count="91"><param name="TIME" type="float"/></accessor></technique_common></source><source id="root_jnt-Matrix-animation-output-transform"><float_array id="root_jnt-Matrix-animation-output-transform-array" count="1456">

1.000000 0.000000 0.000000 0.000000 0.000000 1.000000 0.000000 0.000000 0.000000 0.000000 1.000000 0.000000 0.000000 0.000000 0.000000 1.000000
1.000000 0.000000 0.000000 0.000000 0.000000 1.000000 0.000000 0.000000 0.000000 0.000000 1.000000 0.000000 0.000000 0.000000 0.000000 1.000000
1.000000 0.000000 0.000000 0.000000 0.000000 1.000000 0.000000 0.000000 0.000000 0.000000 1.000000 0.000000 0.000000 0.000000 0.000000 1.000000
1.000000 0.000000 0.000000 0.000000 0.000000 1.000000 0.000000 0.000000 0.000000 0.000000 1.000000 0.000000 0.000000 0.000000 0.000000 1.000000
1.000000 0.000000 0.000000 0.000000 0.000000 1.000000 0.000000 0.000000 0.000000 0.000000 1.000000 0.000000 0.000000 0.000000 0.000000 1.000000
1.000000 0.000000 0.000000 0.000000 0.000000 1.000000 0.000000 0.000000 0.000000 0.000000 1.000000 0.000000 0.000000 0.000000 0.000000 1.000000
1.000000 0.000000 0.000000 0.000000 0.000000 1.000000 0.000000 0.000000 0.000000 0.000000 1.000000 0.000000 0.000000 0.000000 0.000000 1.000000
1.000000 0.000000 0.000000 0.000000 0.000000 1.000000 0.000000 0.000000 0.000000 0.000000 1.000000 0.000000 0.000000 0.000000 0.000000 1.000000
1.000000 0.000000 0.000000 0.000000 0.000000 1.000000 0.000000 0.000000 0.000000 0.000000 1.000000 0.000000 0.000000 0.000000 0.000000 1.000000
1.000000 0.000000 0.000000 0.000000 0.000000 1.000000 0.000000 0.104381 0.000000 0.000000 1.000000 0.000000 0.000000 0.000000 0.000000 1.000000
1.000000 0.000000 0.000000 0.000000 0.000000 1.000000 0.000000 0.208762 0.000000 0.000000 1.000000 0.000000 0.000000 0.000000 0.000000 1.000000
1.000000 0.000000 0.000000 0.000000 0.000000 1.000000 0.000000 0.104381 0.000000 0.000000 1.000000 0.000000 0.000000 0.000000 0.000000 1.000000
1.000000 0.000000 0.000000 0.000000 0.000000 1.000000 0.000000 0.000000 0.000000 0.000000 1.000000 0.000000 0.000000 0.000000 0.000000 1.000000
1.000000 0.000000 0.000000 0.000000 0.000000 1.000000 0.000000 0.000000 0.000000 0.000000 1.000000 0.000000 0.000000 0.000000 0.000000 1.000000
1.000000 0.000000 0.000000 0.000000 0.000000 1.000000 0.000000 0.000000 0.000000 0.000000 1.000000 0.000000 0.000000 0.000000 0.000000 1.000000
1.000000 0.000000 0.000000 0.000000 0.000000 1.000000 0.000000 0.000000 0.000000 0.000000 1.000000 0.000000 0.000000 0.000000 0.000000 1.000000
1.000000 0.000000 0.000000 0.000000 0.000000 1.000000 0.000000 0.000000 0.000000 0.000000 1.000000 0.000000 0.000000 0.000000 0.000000 1.000000
1.000000 0.000000 0.000000 0.000000 0.000000 1.000000 0.000000 0.104381 0.000000 0.000000 1.000000 0.000000 0.000000 0.000000 0.000000 1.000000
1.000000 0.000000 0.000000 0.000000 0.000000 1.000000 0.000000 0.208762 0.000000 0.000000 1.000000 0.000000 0.000000 0.000000 0.000000 1.000000
1.000000 0.000000 0.000000 0.000000 0.000000 1.000000 0.000000 0.104381 0.000000 0.000000 1.000000 0.000000 0.000000 0.000000 0.000000 1.000000
1.000000 0.000000 0.000000 0.000000 0.000000 1.000000 0.000000 0.000000 0.000000 0.000000 1.000000 0.000000 0.000000 0.000000 0.000000 1.000000
1.000000 0.000000 0.000000 0.000000 0.000000 1.000000 0.000000 0.000000 0.000000 0.000000 1.000000 0.000000 0.000000 0.000000 0.000000 1.000000
1.000000 0.000000 0.000000 0.000000 0.000000 1.000000 0.000000 0.000000 0.000000 0.000000 1.000000 0.000000 0.000000 0.000000 0.000000 1.000000
1.000000 0.000000 0.000000 0.000000 0.000000 1.000000 0.000000 0.000000 0.000000 0.000000 1.000000 0.000000 0.000000 0.000000 0.000000 1.000000
1.000000 0.000000 0.000000 0.000000 0.000000 1.000000 0.000000 0.000000 0.000000 0.000000 1.000000 0.000000 0.000000 0.000000 0.000000 1.000000
1.000000 0.000000 0.000000 0.000000 0.000000 1.000000 0.000000 0.000000 0.000000 0.000000 1.000000 0.000000 0.000000 0.000000 0.000000 1.000000
1.000000 0.000000 0.000000 0.000000 0.000000 1.000000 0.000000 0.000000 0.000000 0.000000 1.000000 0.000000 0.000000 0.000000 0.000000 1.000000
1.000000 0.000000 0.000000 0.000000 0.000000 1.000000 0.000000 0.000000 0.000000 0.000000 1.000000 0.000000 0.000000 0.000000 0.000000 1.000000
1.000000 0.000000 0.000000 0.000000 0.000000 1.000000 0.000000 0.104381 0.000000 0.000000 1.000000 0.000000 0.000000 0.000000 0.000000 1.000000
1.000000 0.000000 0.000000 0.000000 0.000000 1.000000 0.000000 0.208762 0.000000 0.000000 1.000000 0.000000 0.000000 0.000000 0.000000 1.000000
1.000000 0.000000 0.000000 0.000000 0.000000 1.000000 0.000000 0.104381 0.000000 0.000000 1.000000 0.000000 0.000000 0.000000 0.000000 1.000000
1.000000 0.000000 0.000000 0.000000 0.000000 1.000000 0.000000 0.000000 0.000000 0.000000 1.000000 0.000000 0.000000 0.000000 0.000000 1.000000
1.000000 0.000000 0.000000 0.000000 0.000000 1.000000 0.000000 0.000000 0.000000 0.000000 1.000000 0.000000 0.000000 0.000000 0.000000 1.000000
1.000000 0.000000 0.000000 0.000000 0.000000 1.000000 0.000000 0.000000 0.000000 0.000000 1.000000 0.000000 0.000000 0.000000 0.000000 1.000000
1.000000 0.000000 0.000000 0.000000 0.000000 1.000000 0.000000 0.000000 0.000000 0.000000 1.000000 0.000000 0.000000 0.000000 0.000000 1.000000
1.000000 0.000000 0.000000 0.000000 0.000000 1.000000 0.000000 0.000000 0.000000 0.000000 1.000000 0.000000 0.000000 0.000000 0.000000 1.000000
1.000000 0.000000 0.000000 0.000000 0.000000 1.000000 0.000000 0.000000 0.000000 0.000000 1.000000 0.000000 0.000000 0.000000 0.000000 1.000000
1.000000 0.000000 0.000000 0.000000 0.000000 1.000000 0.000000 0.104381 0.000000 0.000000 1.000000 0.000000 0.000000 0.000000 0.000000 1.000000
1.000000 0.000000 0.000000 0.000000 0.000000 1.000000 0.000000 0.208762 0.000000 0.000000 1.000000 0.000000 0.000000 0.000000 0.000000 1.000000
1.000000 0.000000 0.000000 0.000000 0.000000 1.000000 0.000000 0.104381 0.000000 0.000000 1.000000 0.000000 0.000000 0.000000 0.000000 1.000000
1.000000 0.000000 0.000000 0.000000 0.000000 1.000000 0.000000 0.000000 0.000000 0.000000 1.000000 0.000000 0.000000 0.000000 0.000000 1.000000
1.000000 0.000000 0.000000 0.000000 0.000000 1.000000 0.000000 0.000000 0.000000 0.000000 1.000000 0.000000 0.000000 0.000000 0.000000 1.000000
1.000000 0.000000 0.000000 0.000000 0.000000 1.000000 0.000000 0.000000 0.000000 0.000000 1.000000 0.000000 0.000000 0.000000 0.000000 1.000000
1.000000 0.000000 0.000000 0.000000 0.000000 1.000000 0.000000 0.000000 0.000000 0.000000 1.000000 0.000000 0.000000 0.000000 0.000000 1.000000
1.000000 0.000000 0.000000 0.000000 0.000000 1.000000 0.000000 0.000000 0.000000 0.000000 1.000000 0.000000 0.000000 0.000000 0.000000 1.000000
1.000000 0.000000 0.000000 0.000000 0.000000 1.000000 0.000000 0.000000 0.000000 0.000000 1.000000 0.000000 0.000000 0.000000 0.000000 1.000000
1.000000 0.000000 0.000000 0.000000 0.000000 1.000000 0.000000 0.000000 0.000000 0.000000 1.000000 0.000000 0.000000 0.000000 0.000000 1.000000
1.000000 0.000000 0.000000 0.000000 0.000000 1.000000 0.000000 0.000000 0.000000 0.000000 1.000000 0.000000 0.000000 0.000000 0.000000 1.000000
1.000000 0.000000 0.000000 0.000000 0.000000 1.000000 0.000000 0.104381 0.000000 0.000000 1.000000 0.000000 0.000000 0.000000 0.000000 1.000000
1.000000 0.000000 0.000000 0.000000 0.000000 1.000000 0.000000 0.208762 0.000000 0.000000 1.000000 0.000000 0.000000 0.000000 0.000000 1.000000
1.000000 0.000000 0.000000 0.000000 0.000000 1.000000 0.000000 0.104381 0.000000 0.000000 1.000000 0.000000 0.000000 0.000000 0.000000 1.000000
1.000000 0.000000 0.000000 0.000000 0.000000 1.000000 0.000000 0.000000 0.000000 0.000000 1.000000 0.000000 0.000000 0.000000 0.000000 1.000000
1.000000 0.000000 0.000000 0.000000 0.000000 1.000000 0.000000 0.000000 0.000000 0.000000 1.000000 0.000000 0.000000 0.000000 0.000000 1.000000
1.000000 0.000000 0.000000 0.000000 0.000000 1.000000 0.000000 0.000000 0.000000 0.000000 1.000000 0.000000 0.000000 0.000000 0.000000 1.000000
1.000000 0.000000 0.000000 0.000000 0.000000 1.000000 0.000000 0.000000 0.000000 0.000000 1.000000 0.000000 0.000000 0.000000 0.000000 1.000000
1.000000 0.000000 0.000000 0.000000 0.000000 1.000000 0.000000 0.000000 0.000000 0.000000 1.000000 0.000000 0.000000 0.000000 0.000000 1.000000
1.000000 0.000000 0.000000 0.000000 0.000000 1.000000 0.000000 0.000000 0.000000 0.000000 1.000000 0.000000 0.000000 0.000000 0.000000 1.000000
1.000000 0.000000 0.000000 0.000000 0.000000 1.000000 0.000000 0.000000 0.000000 0.000000 1.000000 0.000000 0.000000 0.000000 0.000000 1.000000
1.000000 0.000000 0.000000 0.000000 0.000000 1.000000 0.000000 0.000000 0.000000 0.000000 1.000000 0.000000 0.000000 0.000000 0.000000 1.000000
1.000000 0.000000 0.000000 0.000000 0.000000 1.000000 0.000000 0.000000 0.000000 0.000000 1.000000 0.000000 0.000000 0.000000 0.000000 1.000000
1.000000 0.000000 0.000000 0.000000 0.000000 1.000000 0.000000 0.000000 0.000000 0.000000 1.000000 0.000000 0.000000 0.000000 0.000000 1.000000
1.000000 0.000000 0.000000 0.000000 0.000000 1.000000 0.000000 0.000000 0.000000 0.000000 1.000000 0.000000 0.000000 0.000000 0.000000 1.000000
1.000000 0.000000 0.000000 0.000000 0.000000 1.000000 0.000000 0.104381 0.000000 0.000000 1.000000 0.000000 0.000000 0.000000 0.000000 1.000000
1.000000 0.000000 0.000000 0.000000 0.000000 1.000000 0.000000 0.208762 0.000000 0.000000 1.000000 0.000000 0.000000 0.000000 0.000000 1.000000
1.000000 0.000000 0.000000 0.000000 0.000000 1.000000 0.000000 0.104381 0.000000 0.000000 1.000000 0.000000 0.000000 0.000000 0.000000 1.000000
1.000000 0.000000 0.000000 0.000000 0.000000 1.000000 0.000000 0.000000 0.000000 0.000000 1.000000 0.000000 0.000000 0.000000 0.000000 1.000000
1.000000 0.000000 0.000000 0.000000 0.000000 1.000000 0.000000 0.000000 0.000000 0.000000 1.000000 0.000000 0.000000 0.000000 0.000000 1.000000
1.000000 0.000000 0.000000 0.000000 0.000000 1.000000 0.000000 0.000000 0.000000 0.000000 1.000000 0.000000 0.000000 0.000000 0.000000 1.000000
1.000000 0.000000 0.000000 0.000000 0.000000 1.000000 0.000000 0.000000 0.000000 0.000000 1.000000 0.000000 0.000000 0.000000 0.000000 1.000000
1.000000 0.000000 0.000000 0.000000 0.000000 1.000000 0.000000 0.000000 0.000000 0.000000 1.000000 0.000000 0.000000 0.000000 0.000000 1.000000
1.000000 0.000000 0.000000 0.000000 0.000000 1.000000 0.000000 0.000000 0.000000 0.000000 1.000000 0.000000 0.000000 0.000000 0.000000 1.000000
1.000000 0.000000 0.000000 0.000000 0.000000 1.000000 0.000000 0.000000 0.000000 0.000000 1.000000 0.000000 0.000000 0.000000 0.000000 1.000000
1.000000 0.000000 0.000000 0.000000 0.000000 1.000000 0.000000 0.000000 0.000000 0.000000 1.000000 0.000000 0.000000 0.000000 0.000000 1.000000
1.000000 0.000000 0.000000 0.000000 0.000000 1.000000 0.000000 0.104381 0.000000 0.000000 1.000000 0.000000 0.000000 0.000000 0.000000 1.000000
1.000000 0.000000 0.000000 0.000000 0.000000 1.000000 0.000000 0.208762 0.000000 0.000000 1.000000 0.000000 0.000000 0.000000 0.000000 1.000000
1.000000 0.000000 0.000000 0.000000 0.000000 1.000000 0.000000 0.104381 0.000000 0.000000 1.000000 0.000000 0.000000 0.000000 0.000000 1.000000
1.000000 0.000000 0.000000 0.000000 0.000000 1.000000 0.000000 0.000000 0.000000 0.000000 1.000000 0.000000 0.000000 0.000000 0.000000 1.000000
1.000000 0.000000 0.000000 0.000000 0.000000 1.000000 0.000000 0.000000 0.000000 0.000000 1.000000 0.000000 0.000000 0.000000 0.000000 1.000000
1.000000 0.000000 0.000000 0.000000 0.000000 1.000000 0.000000 0.000000 0.000000 0.000000 1.000000 0.000000 0.000000 0.000000 0.000000 1.000000
1.000000 0.000000 0.000000 0.000000 0.000000 1.000000 0.000000 0.000000 0.000000 0.000000 1.000000 0.000000 0.000000 0.000000 0.000000 1.000000
1.000000 0.000000 0.000000 0.000000 0.000000 1.000000 0.000000 0.000000 0.000000 0.000000 1.000000 0.000000 0.000000 0.000000 0.000000 1.000000
1.000000 0.000000 0.000000 0.000000 0.000000 1.000000 0.000000 0.000000 0.000000 0.000000 1.000000 0.000000 0.000000 0.000000 0.000000 1.000000
1.000000 0.000000 0.000000 0.000000 0.000000 1.000000 0.000000 0.000000 0.000000 0.000000 1.000000 0.000000 0.000000 0.000000 0.000000 1.000000
1.000000 0.000000 0.000000 0.000000 0.000000 1.000000 0.000000 0.000000 0.000000 0.000000 1.000000 0.000000 0.000000 0.000000 0.000000 1.000000
1.000000 0.000000 0.000000 0.000000 0.000000 1.000000 0.000000 0.000000 0.000000 0.000000 1.000000 0.000000 0.000000 0.000000 0.000000 1.000000
1.000000 0.000000 0.000000 0.000000 0.000000 1.000000 0.000000 0.000000 0.000000 0.000000 1.000000 0.000000 0.000000 0.000000 0.000000 1.000000
1.000000 0.000000 0.000000 0.000000 0.000000 1.000000 0.000000 0.000000 0.000000 0.000000 1.000000 0.000000 0.000000 0.000000 0.000000 1.000000
1.000000 0.000000 0.000000 0.000000 0.000000 1.000000 0.000000 0.000000 0.000000 0.000000 1.000000 0.000000 0.000000 0.000000 0.000000 1.000000
1.000000 0.000000 0.000000 0.000000 0.000000 1.000000 0.000000 0.000000 0.000000 0.000000 1.000000 0.000000 0.000000 0.000000 0.000000 1.000000
1.000000 0.000000 0.000000 0.000000 0.000000 1.000000 0.000000 0.000000 0.000000 0.000000 1.000000 0.000000 0.000000 0.000000 0.000000 1.000000
1.000000 0.000000 0.000000 0.000000 0.000000 1.000000 0.000000 0.000000 0.000000 0.000000 1.000000 0.000000 0.000000 0.000000 0.000000 1.000000</float_array><technique_common><accessor source="#root_jnt-Matrix-animation-output-transform-array" count="91" stride="16"><param type="float4x4"/></accessor></technique_common></source><source id="root_jnt-Interpolations"><Name_array id="root_jnt-Interpolations-array" count="91">
 LINEAR LINEAR LINEAR LINEAR LINEAR LINEAR LINEAR LINEAR LINEAR LINEAR LINEAR
LINEAR LINEAR LINEAR LINEAR LINEAR LINEAR LINEAR LINEAR LINEAR LINEAR LINEAR LINEAR
LINEAR LINEAR LINEAR LINEAR LINEAR LINEAR LINEAR LINEAR LINEAR LINEAR LINEAR LINEAR
LINEAR LINEAR LINEAR LINEAR LINEAR LINEAR LINEAR LINEAR LINEAR LINEAR LINEAR LINEAR
LINEAR LINEAR LINEAR LINEAR LINEAR LINEAR LINEAR LINEAR LINEAR LINEAR LINEAR LINEAR
LINEAR LINEAR LINEAR LINEAR LINEAR LINEAR LINEAR LINEAR LINEAR LINEAR LINEAR LINEAR
LINEAR LINEAR LINEAR LINEAR LINEAR LINEAR LINEAR LINEAR LINEAR LINEAR LINEAR LINEAR
LINEAR LINEAR LINEAR LINEAR LINEAR LINEAR LINEAR LINEAR</Name_array><technique_common><accessor source="#root_jnt-Interpolations-array" count="91"><param type="name"/></accessor></technique_common></source><sampler id="root_jnt-Matrix-animation-transform"><input semantic="INPUT" source="#root_jnt-Matrix-animation-input"/><input semantic="OUTPUT" source="#root_jnt-Matrix-animation-output-transform"/><input semantic="INTERPOLATION" source="#root_jnt-Interpolations"/></sampler><channel source="#root_jnt-Matrix-animation-transform" target="root_jnt/matrix"/></animation></animation>
    <animation id="neck01_jnt-anim" name="neck01_jnt"><animation><source id="neck01_jnt-Matrix-animation-input"><float_array id="neck01_jnt-Matrix-animation-input-array" count="91">

0.000000 0.033333 0.066667 0.100000 0.133333 0.166667 0.200000 0.233333 0.266667 0.300000 0.333333 0.366667 0.400000 0.433333 0.466667 0.500000
0.533333 0.566667 0.600000 0.633333 0.666667 0.700000 0.733333 0.766667 0.800000 0.833333 0.866667 0.900000 0.933333 0.966667 1.000000 1.033333
1.066667 1.100000 1.133333 1.166667 1.200000 1.233333 1.266667 1.300000 1.333333 1.366667 1.400000 1.433333 1.466667 1.500000 1.533333 1.566667
1.600000 1.633333 1.666667 1.700000 1.733333 1.766667 1.800000 1.833333 1.866667 1.900000 1.933333 1.966667 2.000000 2.033333 2.066667 2.100000
2.133333 2.166667 2.200000 2.233333 2.266667 2.300000 2.333333 2.366667 2.400000 2.433333 2.466667 2.500000 2.533333 2.566667 2.600000 2.633333
2.666667 2.700000 2.733333 2.766667 2.800000 2.833333 2.866667 2.900000 2.933333 2.966667 3.000000</float_array><technique_common><accessor source="#neck01_jnt-Matrix-animation-input-array" count="91"><param name="TIME" type="float"/></accessor></technique_common></source><source id="neck01_jnt-Matrix-animation-output-transform"><float_array id="neck01_jnt-Matrix-animation-output-transform-array" count="1456">

0.999875 0.002532 -0.015597 -2.204408 -0.005756 0.977613 -0.210333 2.933696 0.014716 0.210396 0.977505 -0.589548 0.000000 0.000000 0.000000 1.000000
0.999990 -0.000374 0.004445 -2.204408 0.001190 0.982763 -0.184867 2.933696 -0.004299 0.184870 0.982754 -0.589548 0.000000 0.000000 0.000000 1.000000
0.999904 -0.003571 0.013377 -2.204408 0.004719 0.996215 -0.086801 2.933696 -0.013016 0.086856 0.996136 -0.589548 0.000000 0.000000 0.000000 1.000000
0.999938 -0.003229 0.010700 -2.204408 0.003875 0.998135 -0.060917 2.933696 -0.010483 0.060954 0.998086 -0.589548 0.000000 0.000000 0.000000 1.000000
0.999998 0.000488 -0.001806 -2.204408 -0.000773 0.986952 -0.161010 2.933696 0.001704 0.161011 0.986951 -0.589548 0.000000 0.000000 0.000000 1.000000
0.999764 0.002835 -0.021560 -2.204408 -0.007778 0.972491 -0.232813 2.933696 0.020306 0.232925 0.972283 -0.589548 0.000000 0.000000 0.000000 1.000000
0.999130 0.004391 -0.041468 -2.204408 -0.014626 0.968167 -0.249877 2.933696 0.039050 0.250266 0.967389 -0.589548 0.000000 0.000000 0.000000 1.000000
0.998397 0.008584 -0.055939 -2.204408 -0.019464 0.980215 -0.196977 2.933696 0.053141 0.197750 0.978811 -0.589548 0.000000 0.000000 0.000000 1.000000
0.998044 0.012632 -0.061222 -2.204408 -0.021316 0.989444 -0.143342 2.933696 0.058764 0.144367 0.987778 -0.589548 0.000000 0.000000 0.000000 1.000000
0.996657 0.013354 -0.080606 -2.204408 -0.027836 0.983032 -0.181312 2.933696 0.076817 0.182950 0.980117 -0.589548 0.000000 0.000000 0.000000 1.000000
0.992359 0.012064 -0.122792 -2.204408 -0.042020 0.968761 -0.244412 2.933696 0.116007 0.247704 0.961865 -0.589548 0.000000 0.000000 0.000000 1.000000
0.986211 0.011657 -0.165083 -2.204408 -0.056160 0.961898 -0.267579 2.933696 0.155674 0.273160 0.949289 -0.589548 0.000000 0.000000 0.000000 1.000000
0.981068 0.020795 -0.192544 -2.204408 -0.065332 0.971475 -0.227965 2.933696 0.182312 0.236228 0.954442 -0.589548 0.000000 0.000000 0.000000 1.000000
0.979899 0.039451 -0.195553 -2.204408 -0.066923 0.988455 -0.135934 2.933696 0.187932 0.146289 0.971227 -0.589548 0.000000 0.000000 0.000000 1.000000
0.982201 0.050763 -0.180844 -2.204408 -0.062886 0.996096 -0.061946 2.933696 0.176994 0.072216 0.981559 -0.589548 0.000000 0.000000 0.000000 1.000000
0.985122 0.029133 -0.169371 -2.204408 -0.057759 0.984325 -0.166640 2.933696 0.161861 0.173943 0.971362 -0.589548 0.000000 0.000000 0.000000 1.000000
0.988787 0.011916 -0.148860 -2.204408 -0.050646 0.964494 -0.259205 2.933696 0.140485 0.263838 0.954282 -0.589548 0.000000 0.000000 0.000000 1.000000
0.993395 0.009014 -0.114394 -2.204408 -0.039184 0.963634 -0.264337 2.933696 0.107851 0.267073 0.957622 -0.589548 0.000000 0.000000 0.000000 1.000000
0.997945 0.009690 -0.063337 -2.204408 -0.021967 0.980331 -0.196135 2.933696 0.060191 0.197124 0.978529 -0.589548 0.000000 0.000000 0.000000 1.000000
1.000000 0.000339 0.000148 -2.204408 -0.000314 0.989460 -0.144806 2.933696 -0.000195 0.144806 0.989460 -0.589548 0.000000 0.000000 0.000000 1.000000
0.997874 -0.009848 0.064420 -2.204408 0.021472 0.983002 -0.182335 2.933696 -0.061529 0.183330 0.981124 -0.589548 0.000000 0.000000 0.000000 1.000000
0.992867 -0.010383 0.118775 -2.204408 0.039440 0.968721 -0.244999 2.933696 -0.112516 0.247936 0.962220 -0.589548 0.000000 0.000000 0.000000 1.000000
0.987355 -0.009730 0.158226 -2.204408 0.052628 0.961625 -0.269273 2.933696 -0.149533 0.274196 0.949977 -0.589548 0.000000 0.000000 0.000000 1.000000
0.982903 -0.018576 0.183187 -2.204408 0.061502 0.970879 -0.231541 2.933696 -0.173551 0.238849 0.955422 -0.589548 0.000000 0.000000 0.000000 1.000000
0.980110 -0.038876 0.194609 -2.204408 0.066692 0.988116 -0.138491 2.933696 -0.186912 0.148715 0.971055 -0.589548 0.000000 0.000000 0.000000 1.000000
0.979142 -0.056038 0.195298 -2.204408 0.068428 0.996010 -0.057277 2.933696 -0.191309 0.069447 0.979070 -0.589548 0.000000 0.000000 0.000000 1.000000
0.981352 -0.033222 0.189324 -2.204408 0.064522 0.984737 -0.161649 2.933696 -0.181064 0.170850 0.968517 -0.589548 0.000000 0.000000 0.000000 1.000000
0.987249 -0.011783 0.158746 -2.204408 0.052961 0.964757 -0.257759 2.933696 -0.150114 0.262879 0.953079 -0.589548 0.000000 0.000000 0.000000 1.000000
0.994891 -0.006497 0.100745 -2.204408 0.033232 0.963388 -0.266045 2.933696 -0.095328 0.268033 0.958682 -0.589548 0.000000 0.000000 0.000000 1.000000
0.999866 -0.001844 0.016244 -2.204408 0.005021 0.980232 -0.197790 2.933696 -0.015559 0.197845 0.980110 -0.589548 0.000000 0.000000 0.000000 1.000000
0.996507 0.016803 -0.081798 -2.204408 -0.028355 0.989433 -0.142189 2.933696 0.078545 0.144012 0.986454 -0.589548 0.000000 0.000000 0.000000 1.000000
0.985032 0.028639 -0.169974 -2.204408 -0.058198 0.983451 -0.171570 2.933696 0.162248 0.178894 0.970398 -0.589548 0.000000 0.000000 0.000000 1.000000
0.972533 0.025250 -0.231392 -2.204408 -0.078594 0.971338 -0.224332 2.933696 0.219096 0.236356 0.946643 -0.589548 0.000000 0.000000 0.000000 1.000000
0.965330 0.022765 -0.260039 -2.204408 -0.088053 0.966200 -0.242289 2.933696 0.245734 0.256786 0.934706 -0.589548 0.000000 0.000000 0.000000 1.000000
0.965677 0.032287 -0.257731 -2.204408 -0.087371 0.974802 -0.205248 2.933696 0.244610 0.220722 0.944165 -0.589548 0.000000 0.000000 0.000000 1.000000
0.970915 0.050833 -0.233967 -2.204408 -0.080244 0.989771 -0.117956 2.933696 0.225578 0.133299 0.965063 -0.589548 0.000000 0.000000 0.000000 1.000000
0.977126 0.060118 -0.203987 -2.204408 -0.071180 0.996340 -0.047322 2.933696 0.200395 0.060760 0.977829 -0.589548 0.000000 0.000000 0.000000 1.000000
0.982960 0.031714 -0.181062 -2.204408 -0.061754 0.984729 -0.162771 2.933696 0.173135 0.171179 0.969908 -0.589548 0.000000 0.000000 0.000000 1.000000
0.988848 0.011876 -0.148451 -2.204408 -0.050509 0.964479 -0.259286 2.933696 0.140099 0.263893 0.954323 -0.589548 0.000000 0.000000 0.000000 1.000000
0.994852 0.007943 -0.101030 -2.204408 -0.034694 0.963379 -0.265889 2.933696 0.095218 0.268025 0.958695 -0.589548 0.000000 0.000000 0.000000 1.000000
0.999309 0.005804 -0.036718 -2.204408 -0.012943 0.980256 -0.197307 2.933696 0.034847 0.197646 0.979654 -0.589548 0.000000 0.000000 0.000000 1.000000
0.999248 -0.007257 0.038092 -2.204408 0.012685 0.989461 -0.144244 2.933696 -0.036644 0.144619 0.988809 -0.589548 0.000000 0.000000 0.000000 1.000000
0.993798 -0.017367 0.109832 -2.204408 0.036958 0.983164 -0.178951 2.933696 -0.104875 0.181901 0.977708 -0.589548 0.000000 0.000000 0.000000 1.000000
0.985736 -0.015795 0.167556 -2.204408 0.055973 0.969680 -0.237882 2.933696 -0.158719 0.243867 0.956732 -0.589548 0.000000 0.000000 0.000000 1.000000
0.978149 -0.014734 0.207384 -2.204408 0.069292 0.963559 -0.258366 2.933696 -0.196020 0.267091 0.943525 -0.589548 0.000000 0.000000 0.000000 1.000000
0.972565 -0.026372 0.231130 -2.204408 0.077889 0.973123 -0.216713 2.933696 -0.219203 0.228770 0.948480 -0.589548 0.000000 0.000000 0.000000 1.000000
0.969283 -0.052532 0.240272 -2.204408 0.082743 0.989629 -0.117426 2.933696 -0.231611 0.133700 0.963577 -0.589548 0.000000 0.000000 0.000000 1.000000
0.968187 -0.076026 0.238399 -2.204408 0.084316 0.996132 -0.024754 2.933696 -0.235595 0.044067 0.970852 -0.589548 0.000000 0.000000 0.000000 1.000000
0.969906 -0.046278 0.239041 -2.204408 0.081847 0.986608 -0.141086 2.933696 -0.229311 0.156405 0.960705 -0.589548 0.000000 0.000000 0.000000 1.000000
0.974986 -0.019537 0.221405 -2.204408 0.074259 0.967521 -0.241637 2.933696 -0.209494 0.252034 0.944771 -0.589548 0.000000 0.000000 0.000000 1.000000
0.983253 -0.014005 0.181706 -2.204408 0.060625 0.965395 -0.253647 2.933696 -0.171866 0.260415 0.950077 -0.589548 0.000000 0.000000 0.000000 1.000000
0.992939 -0.016939 0.117410 -2.204408 0.039414 0.980633 -0.191847 2.933696 -0.111887 0.195120 0.974377 -0.589548 0.000000 0.000000 0.000000 1.000000
0.999432 -0.006256 0.033105 -2.204408 0.010976 0.989461 -0.144382 2.933696 -0.031853 0.144663 0.988968 -0.589548 0.000000 0.000000 0.000000 1.000000
0.998522 0.008988 -0.053601 -2.204408 -0.018664 0.982962 -0.182861 2.933696 0.051044 0.183591 0.981677 -0.589548 0.000000 0.000000 0.000000 1.000000
0.992025 0.012337 -0.125439 -2.204408 -0.042911 0.968806 -0.244078 2.933696 0.118514 0.247514 0.961609 -0.589548 0.000000 0.000000 0.000000 1.000000
0.984839 0.012386 -0.173027 -2.204408 -0.058826 0.962191 -0.265947 2.933696 0.163191 0.272093 0.948332 -0.589548 0.000000 0.000000 0.000000 1.000000
0.980384 0.021305 -0.195941 -2.204408 -0.066478 0.971629 -0.226973 2.933696 0.185547 0.235547 0.953986 -0.589548 0.000000 0.000000 0.000000 1.000000
0.979899 0.039451 -0.195553 -2.204408 -0.066923 0.988455 -0.135934 2.933696 0.187932 0.146289 0.971227 -0.589548 0.000000 0.000000 0.000000 1.000000
0.982201 0.050763 -0.180844 -2.204408 -0.062886 0.996096 -0.061946 2.933696 0.176994 0.072216 0.981559 -0.589548 0.000000 0.000000 0.000000 1.000000
0.985122 0.029133 -0.169371 -2.204408 -0.057759 0.984325 -0.166640 2.933696 0.161861 0.173943 0.971362 -0.589548 0.000000 0.000000 0.000000 1.000000
0.988787 0.011916 -0.148860 -2.204408 -0.050646 0.964494 -0.259205 2.933696 0.140485 0.263838 0.954282 -0.589548 0.000000 0.000000 0.000000 1.000000
0.993395 0.009014 -0.114394 -2.204408 -0.039184 0.963634 -0.264337 2.933696 0.107851 0.267073 0.957622 -0.589548 0.000000 0.000000 0.000000 1.000000
0.997945 0.009690 -0.063337 -2.204408 -0.021967 0.980331 -0.196135 2.933696 0.060191 0.197124 0.978529 -0.589548 0.000000 0.000000 0.000000 1.000000
1.000000 0.000339 0.000148 -2.204408 -0.000314 0.989460 -0.144806 2.933696 -0.000195 0.144806 0.989460 -0.589548 0.000000 0.000000 0.000000 1.000000
0.997874 -0.009848 0.064420 -2.204408 0.021472 0.983002 -0.182335 2.933696 -0.061529 0.183330 0.981124 -0.589548 0.000000 0.000000 0.000000 1.000000
0.992867 -0.010383 0.118775 -2.204408 0.039440 0.968721 -0.244999 2.933696 -0.112516 0.247936 0.962220 -0.589548 0.000000 0.000000 0.000000 1.000000
0.987355 -0.009730 0.158226 -2.204408 0.052628 0.961625 -0.269273 2.933696 -0.149533 0.274196 0.949977 -0.589548 0.000000 0.000000 0.000000 1.000000
0.982903 -0.018576 0.183187 -2.204408 0.061502 0.970879 -0.231541 2.933696 -0.173551 0.238849 0.955422 -0.589548 0.000000 0.000000 0.000000 1.000000
0.980110 -0.038876 0.194609 -2.204408 0.066692 0.988116 -0.138491 2.933696 -0.186912 0.148715 0.971055 -0.589548 0.000000 0.000000 0.000000 1.000000
0.979142 -0.056038 0.195298 -2.204408 0.068428 0.996010 -0.057277 2.933696 -0.191309 0.069447 0.979070 -0.589548 0.000000 0.000000 0.000000 1.000000
0.979437 -0.035442 0.198611 -2.204408 0.067741 0.985068 -0.158279 2.933696 -0.190036 0.168478 0.967213 -0.589548 0.000000 0.000000 0.000000 1.000000
0.980486 -0.016075 0.195930 -2.204408 0.065585 0.966299 -0.248926 2.933696 -0.185325 0.256919 0.948497 -0.589548 0.000000 0.000000 0.000000 1.000000
0.982787 -0.014275 0.184188 -2.204408 0.061466 0.965474 -0.253145 2.933696 -0.174215 0.260109 0.949733 -0.589548 0.000000 0.000000 0.000000 1.000000
0.986806 -0.023862 0.160138 -2.204408 0.053990 0.980965 -0.186527 2.933696 -0.152639 0.192712 0.969311 -0.589548 0.000000 0.000000 0.000000 1.000000
0.992182 -0.024556 0.122363 -2.204408 0.041622 0.989427 -0.138930 2.933696 -0.117658 0.142936 0.982713 -0.589548 0.000000 0.000000 0.000000 1.000000
0.996898 -0.012029 0.077782 -2.204408 0.026025 0.983042 -0.181526 2.933696 -0.074279 0.182988 0.980305 -0.589548 0.000000 0.000000 0.000000 1.000000
0.999398 -0.002369 0.034612 -2.204408 0.011001 0.967812 -0.251433 2.933696 -0.032902 0.251662 0.967256 -0.589548 0.000000 0.000000 0.000000 1.000000
1.000000 0.000784 -0.000475 -2.204408 -0.000887 0.958868 -0.283852 2.933696 0.000233 0.283852 0.958868 -0.589548 0.000000 0.000000 0.000000 1.000000
0.999690 0.002624 -0.024749 -2.204408 -0.008839 0.967031 -0.254505 2.933696 0.023266 0.254645 0.966755 -0.589548 0.000000 0.000000 0.000000 1.000000
0.999245 0.006660 -0.038270 -2.204408 -0.013172 0.984920 -0.172506 2.933696 0.036544 0.172880 0.984265 -0.589548 0.000000 0.000000 0.000000 1.000000
0.999060 0.010128 -0.042154 -2.204408 -0.014526 0.994327 -0.105366 2.933696 0.040848 0.105880 0.993540 -0.589548 0.000000 0.000000 0.000000 1.000000
0.999069 0.006288 -0.042670 -2.204408 -0.014705 0.979703 -0.199913 2.933696 0.040547 0.200355 0.978884 -0.589548 0.000000 0.000000 0.000000 1.000000
0.999160 0.002929 -0.040874 -2.204408 -0.014407 0.958872 -0.283472 2.933696 0.038363 0.283822 0.958109 -0.589548 0.000000 0.000000 0.000000 1.000000
0.999458 0.002307 -0.032833 -2.204408 -0.011824 0.956117 -0.292745 2.933696 0.030717 0.292975 0.955627 -0.589548 0.000000 0.000000 0.000000 1.000000
0.999899 0.001481 -0.014141 -2.204408 -0.005550 0.956315 -0.292286 2.933696 0.013090 0.292335 0.956226 -0.589548 0.000000 0.000000 0.000000 1.000000
0.999894 0.000493 0.014519 -2.204408 0.004042 0.950502 -0.310691 2.933696 -0.013954 0.310717 0.950400 -0.589548 0.000000 0.000000 0.000000 1.000000
0.998743 -0.000608 0.050120 -2.204408 0.016051 0.951147 -0.308320 2.933696 -0.047484 0.308737 0.949961 -0.589548 0.000000 0.000000 0.000000 1.000000
0.995777 -0.002702 0.091770 -2.204408 0.030093 0.953950 -0.298451 2.933696 -0.086738 0.299952 0.950003 -0.589548 0.000000 0.000000 0.000000 1.000000
0.990829 -0.006745 0.134951 -2.204408 0.044707 0.958865 -0.280320 2.933696 -0.127509 0.283783 0.950373 -0.589548 0.000000 0.000000 0.000000 1.000000
0.985371 -0.012484 0.169966 -2.204408 0.056670 0.964564 -0.257692 2.933696 -0.160726 0.263555 0.951160 -0.589548 0.000000 0.000000 0.000000 1.000000
0.981548 -0.018099 0.190355 -2.204408 0.063750 0.969529 -0.236536 2.933696 -0.180274 0.244306 0.952794 -0.589548 0.000000 0.000000 0.000000 1.000000</float_array><technique_common><accessor source="#neck01_jnt-Matrix-animation-output-transform-array" count="91" stride="16"><param type="float4x4"/></accessor></technique_common></source><source id="neck01_jnt-Interpolations"><Name_array id="neck01_jnt-Interpolations-array" count="91">
 LINEAR LINEAR LINEAR LINEAR LINEAR LINEAR LINEAR LINEAR LINEAR LINEAR LINEAR
LINEAR LINEAR LINEAR LINEAR LINEAR LINEAR LINEAR LINEAR LINEAR LINEAR LINEAR LINEAR
LINEAR LINEAR LINEAR LINEAR LINEAR LINEAR LINEAR LINEAR LINEAR LINEAR LINEAR LINEAR
LINEAR LINEAR LINEAR LINEAR LINEAR LINEAR LINEAR LINEAR LINEAR LINEAR LINEAR LINEAR
LINEAR LINEAR LINEAR LINEAR LINEAR LINEAR LINEAR LINEAR LINEAR LINEAR LINEAR LINEAR
LINEAR LINEAR LINEAR LINEAR LINEAR LINEAR LINEAR LINEAR LINEAR LINEAR LINEAR LINEAR
LINEAR LINEAR LINEAR LINEAR LINEAR LINEAR LINEAR LINEAR LINEAR LINEAR LINEAR LINEAR
LINEAR LINEAR LINEAR LINEAR LINEAR LINEAR LINEAR LINEAR</Name_array><technique_common><accessor source="#neck01_jnt-Interpolations-array" count="91"><param type="name"/></accessor></technique_common></source><sampler id="neck01_jnt-Matrix-animation-transform"><input semantic="INPUT" source="#neck01_jnt-Matrix-animation-input"/><input semantic="OUTPUT" source="#neck01_jnt-Matrix-animation-output-transform"/><input semantic="INTERPOLATION" source="#neck01_jnt-Interpolations"/></sampler><channel source="#neck01_jnt-Matrix-animation-transform" target="neck01_jnt/matrix"/></animation></animation>
    <animation id="neck02_jnt-anim" name="neck02_jnt"><animation><source id="neck02_jnt-Matrix-animation-input"><float_array id="neck02_jnt-Matrix-animation-input-array" count="91">

0.000000 0.033333 0.066667 0.100000 0.133333 0.166667 0.200000 0.233333 0.266667 0.300000 0.333333 0.366667 0.400000 0.433333 0.466667 0.500000
0.533333 0.566667 0.600000 0.633333 0.666667 0.700000 0.733333 0.766667 0.800000 0.833333 0.866667 0.900000 0.933333 0.966667 1.000000 1.033333
1.066667 1.100000 1.133333 1.166667 1.200000 1.233333 1.266667 1.300000 1.333333 1.366667 1.400000 1.433333 1.466667 1.500000 1.533333 1.566667
1.600000 1.633333 1.666667 1.700000 1.733333 1.766667 1.800000 1.833333 1.866667 1.900000 1.933333 1.966667 2.000000 2.033333 2.066667 2.100000
2.133333 2.166667 2.200000 2.233333 2.266667 2.300000 2.333333 2.366667 2.400000 2.433333 2.466667 2.500000 2.533333 2.566667 2.600000 2.633333
2.666667 2.700000 2.733333 2.766667 2.800000 2.833333 2.866667 2.900000 2.933333 2.966667 3.000000</float_array><technique_common><accessor source="#neck02_jnt-Matrix-animation-input-array" count="91"><param name="TIME" type="float"/></accessor></technique_common></source><source id="neck02_jnt-Matrix-animation-output-transform"><float_array id="neck02_jnt-Matrix-animation-output-transform-array" count="1456">

0.999995 0.000527 -0.002976 -0.006357 -0.002107 0.827495 -0.561469 -1.778614 0.002167 0.561473 0.827492 0.674803 0.000000 0.000000 0.000000 1.000000
0.999991 -0.000241 -0.004194 -0.006357 -0.002928 0.675915 -0.736973 -1.778614 0.003012 0.736979 0.675909 0.674803 0.000000 0.000000 0.000000 1.000000
0.999977 -0.003762 -0.005731 -0.006357 -0.004779 0.216864 -0.976190 -1.778614 0.004915 0.976195 0.216841 0.674803 0.000000 0.000000 0.000000 1.000000
0.999972 -0.004837 -0.005702 -0.006357 -0.005212 0.095816 -0.995385 -1.778614 0.005361 0.995387 0.095788 0.674803 0.000000 0.000000 0.000000 1.000000
0.999984 -0.001860 -0.005304 -0.006357 -0.003918 0.445972 -0.895038 -1.778614 0.004030 0.895045 0.445958 0.674803 0.000000 0.000000 0.000000 1.000000
0.999993 0.000187 -0.003646 -0.006357 -0.002545 0.751723 -0.659474 -1.778614 0.002618 0.659479 0.751719 0.674803 0.000000 0.000000 0.000000 1.000000
0.999998 0.000731 -0.001688 -0.006357 -0.001282 0.934931 -0.354826 -1.778614 0.001319 0.354828 0.934931 0.674803 0.000000 0.000000 0.000000 1.000000
1.000000 0.000171 -0.000194 -0.006357 -0.000180 0.998699 -0.050985 -1.778614 0.000185 0.050985 0.998699 0.674803 0.000000 0.000000 0.000000 1.000000
1.000000 -0.000125 0.000322 -0.006357 0.000098 0.996646 0.081831 -1.778614 -0.000331 -0.081831 0.996646 0.674803 0.000000 0.000000 0.000000 1.000000
1.000000 -0.000006 0.000018 -0.006357 0.000005 0.999990 0.004551 -1.778614 -0.000018 -0.004551 0.999990 0.674803 0.000000 0.000000 0.000000 1.000000
0.999999 0.000560 -0.000883 -0.006357 -0.000729 0.978803 -0.204802 -1.778614 0.000750 0.204803 0.978803 0.674803 0.000000 0.000000 0.000000 1.000000
0.999996 0.000651 -0.002574 -0.006357 -0.001851 0.865973 -0.500088 -1.778614 0.001904 0.500091 0.865971 0.674803 0.000000 0.000000 0.000000 1.000000
0.999989 -0.000688 -0.004610 -0.006357 -0.003249 0.606257 -0.795262 -1.778614 0.003342 0.795269 0.606248 0.674803 0.000000 0.000000 0.000000 1.000000
0.999977 -0.003746 -0.005730 -0.006357 -0.004772 0.218666 -0.975788 -1.778614 0.004909 0.975793 0.218643 0.674803 0.000000 0.000000 0.000000 1.000000
0.999966 -0.006184 -0.005422 -0.006357 -0.005733 -0.051443 -0.998659 -1.778614 0.005897 0.998657 -0.051477 0.674803 0.000000 0.000000 0.000000 1.000000
0.999980 -0.002915 -0.005624 -0.006357 -0.004416 0.315845 -0.948800 -1.778614 0.004542 0.948806 0.315826 0.674803 0.000000 0.000000 0.000000 1.000000
0.999993 0.000108 -0.003764 -0.006357 -0.002625 0.736628 -0.676293 -1.778614 0.002700 0.676298 0.736623 0.674803 0.000000 0.000000 0.000000 1.000000
0.999999 0.000705 -0.001444 -0.006357 -0.001120 0.950189 -0.311672 -1.778614 0.001152 0.311674 0.950188 0.674803 0.000000 0.000000 0.000000 1.000000
1.000000 0.000087 -0.000094 -0.006357 -0.000089 0.999681 -0.025242 -1.778614 0.000092 0.025242 0.999681 0.674803 0.000000 0.000000 0.000000 1.000000
1.000000 -0.000130 0.000332 -0.006357 0.000102 0.996431 0.084409 -1.778614 -0.000342 -0.084409 0.996431 0.674803 0.000000 0.000000 0.000000 1.000000
1.000000 -0.000008 0.000025 -0.006357 0.000007 0.999981 0.006217 -1.778614 -0.000025 -0.006217 0.999981 0.674803 0.000000 0.000000 0.000000 1.000000
0.999999 0.000558 -0.000879 -0.006357 -0.000726 0.978987 -0.203922 -1.778614 0.000747 0.203922 0.978987 0.674803 0.000000 0.000000 0.000000 1.000000
0.999997 0.000654 -0.002560 -0.006357 -0.001842 0.867218 -0.497925 -1.778614 0.001895 0.497928 0.867216 0.674803 0.000000 0.000000 0.000000 1.000000
0.999989 -0.000658 -0.004586 -0.006357 -0.003229 0.610720 -0.791840 -1.778614 0.003322 0.791846 0.610711 0.674803 0.000000 0.000000 0.000000 1.000000
0.999977 -0.003703 -0.005727 -0.006357 -0.004754 0.223706 -0.974645 -1.778614 0.004890 0.974650 0.223683 0.674803 0.000000 0.000000 0.000000 1.000000
0.999966 -0.006263 -0.005397 -0.006357 -0.005763 -0.059967 -0.998184 -1.778614 0.005928 0.998181 -0.060001 0.674803 0.000000 0.000000 0.000000 1.000000
0.999980 -0.002975 -0.005636 -0.006357 -0.004442 0.308664 -0.951161 -1.778614 0.004569 0.951167 0.308644 0.674803 0.000000 0.000000 0.000000 1.000000
0.999993 0.000101 -0.003773 -0.006357 -0.002631 0.735456 -0.677567 -1.778614 0.002706 0.677572 0.735451 0.674803 0.000000 0.000000 0.000000 1.000000
0.999999 0.000703 -0.001431 -0.006357 -0.001112 0.950940 -0.309373 -1.778614 0.001143 0.309374 0.950940 0.674803 0.000000 0.000000 0.000000 1.000000
1.000000 0.000078 -0.000084 -0.006357 -0.000080 0.999744 -0.022647 -1.778614 0.000082 0.022647 0.999744 0.674803 0.000000 0.000000 0.000000 1.000000
1.000000 -0.000121 0.000314 -0.006357 0.000096 0.996811 0.079801 -1.778614 -0.000323 -0.079800 0.996811 0.674803 0.000000 0.000000 0.000000 1.000000
1.000000 0.000039 -0.000041 -0.006357 -0.000040 0.999937 -0.011222 -1.778614 0.000041 0.011222 0.999937 0.674803 0.000000 0.000000 0.000000 1.000000
0.999999 0.000609 -0.001024 -0.006357 -0.000831 0.972513 -0.232846 -1.778614 0.000854 0.232847 0.972513 0.674803 0.000000 0.000000 0.000000 1.000000
0.999996 0.000598 -0.002768 -0.006357 -0.001974 0.847982 -0.530021 -1.778614 0.002031 0.530024 0.847980 0.674803 0.000000 0.000000 0.000000 1.000000
0.999988 -0.000873 -0.004752 -0.006357 -0.003368 0.579232 -0.815156 -1.778614 0.003464 0.815163 0.579222 0.674803 0.000000 0.000000 0.000000 1.000000
0.999975 -0.004017 -0.005740 -0.006357 -0.004883 0.187831 -0.982189 -1.778614 0.005023 0.982193 0.187807 0.674803 0.000000 0.000000 0.000000 1.000000
0.999965 -0.006463 -0.005330 -0.006357 -0.005840 -0.081575 -0.996650 -1.778614 0.006007 0.996646 -0.081610 0.674803 0.000000 0.000000 0.000000 1.000000
0.999980 -0.002966 -0.005634 -0.006357 -0.004438 0.309798 -0.950792 -1.778614 0.004565 0.950798 0.309779 0.674803 0.000000 0.000000 0.000000 1.000000
0.999993 0.000108 -0.003763 -0.006357 -0.002624 0.736705 -0.676209 -1.778614 0.002699 0.676214 0.736700 0.674803 0.000000 0.000000 0.000000 1.000000
