<?xml version="1.0" encoding="utf-8"?>
<COLLADA xmlns="http://www.collada.org/2005/11/COLLADASchema" version="1.4.1">
  <asset><contributor><author></author><authoring_tool>FBX COLLADA exporter</authoring_tool><comments></comments></contributor><created>2020-01-31T19:34:41Z</created><keywords></keywords><modified>2020-01-31T19:34:41Z</modified><revision></revision><subject></subject><title></title><unit meter="0.010000" name="centimeter"></unit><up_axis>Y_UP</up_axis></asset>
  <library_animations>
    <animation id="root_jnt-anim" name="root_jnt"><animation><source id="root_jnt-Matrix-animation-input"><float_array id="root_jnt-Matrix-animation-input-array" count="31">

0.000000 0.033333 0.066667 0.100000 0.133333 0.166667 0.200000 0.233333 0.266667 0.300000 0.333333 0.366667 0.400000 0.433333 0.466667 0.500000
0.533333 0.566667 0.600000 0.633333 0.666667 0.700000 0.733333 0.766667 0.800000 0.833333 0.866667 0.900000 0.933333 0.966667 1.000000</float_array><technique_common><accessor source="#root_jnt-Matrix-animation-input-array" count="31"><param name="TIME" type="float"/></accessor></technique_common></source><source id="root_jnt-Matrix-animation-output-transform"><float_array id="root_jnt-Matrix-animation-output-transform-array" count="496">

1.000000 0.000000 0.000000 0.000000 0.000000 1.000000 0.000000 0.000000 0.000000 0.000000 1.000000 0.000000 0.000000 0.000000 0.000000 1.000000
1.000000 0.000000 0.000000 0.000000 0.000000 1.000000 0.000000 0.000000 0.000000 0.000000 1.000000 0.000000 0.000000 0.000000 0.000000 1.000000
1.000000 0.000000 0.000000 0.000000 0.000000 1.000000 0.000000 0.000000 0.000000 0.000000 1.000000 0.000000 0.000000 0.000000 0.000000 1.000000
1.000000 0.000000 0.000000 0.000000 0.000000 1.000000 0.000000 0.000000 0.000000 0.000000 1.000000 0.000000 0.000000 0.000000 0.000000 1.000000
1.000000 0.000000 0.000000 0.000000 0.000000 1.000000 0.000000 0.000000 0.000000 0.000000 1.000000 0.000000 0.000000 0.000000 0.000000 1.000000
1.000000 0.000000 0.000000 0.000000 0.000000 1.000000 0.000000 0.000000 0.000000 0.000000 1.000000 0.000000 0.000000 0.000000 0.000000 1.000000
1.000000 0.000000 0.000000 0.000000 0.000000 1.000000 0.000000 0.000000 0.000000 0.000000 1.000000 0.000000 0.000000 0.000000 0.000000 1.000000
1.000000 0.000000 0.000000 0.000000 0.000000 1.000000 0.000000 0.000000 0.000000 0.000000 1.000000 0.000000 0.000000 0.000000 0.000000 1.000000
1.000000 0.000000 0.000000 0.000000 0.000000 1.000000 0.000000 0.000000 0.000000 0.000000 1.000000 0.000000 0.000000 0.000000 0.000000 1.000000
1.000000 0.000000 0.000000 0.000000 0.000000 1.000000 0.000000 0.000000 0.000000 0.000000 1.000000 0.000000 0.000000 0.000000 0.000000 1.000000
1.000000 0.000000 0.000000 0.000000 0.000000 1.000000 0.000000 0.000000 0.000000 0.000000 1.000000 0.000000 0.000000 0.000000 0.000000 1.000000
1.000000 0.000000 0.000000 0.000000 0.000000 1.000000 0.000000 0.000000 0.000000 0.000000 1.000000 0.000000 0.000000 0.000000 0.000000 1.000000
1.000000 0.000000 0.000000 0.000000 0.000000 1.000000 0.000000 0.000000 0.000000 0.000000 1.000000 0.000000 0.000000 0.000000 0.000000 1.000000
1.000000 0.000000 0.000000 0.000000 0.000000 1.000000 0.000000 0.000000 0.000000 0.000000 1.000000 0.000000 0.000000 0.000000 0.000000 1.000000
1.000000 0.000000 0.000000 0.000000 0.000000 1.000000 0.000000 0.000000 0.000000 0.000000 1.000000 0.000000 0.000000 0.000000 0.000000 1.000000
1.000000 0.000000 0.000000 0.000000 0.000000 1.000000 0.000000 0.000000 0.000000 0.000000 1.000000 0.000000 0.000000 0.000000 0.000000 1.000000
1.000000 0.000000 0.000000 0.000000 0.000000 1.000000 0.000000 0.000000 0.000000 0.000000 1.000000 0.000000 0.000000 0.000000 0.000000 1.000000
1.000000 0.000000 0.000000 0.000000 0.000000 1.000000 0.000000 0.000000 0.000000 0.000000 1.000000 0.000000 0.000000 0.000000 0.000000 1.000000
1.000000 0.000000 0.000000 0.000000 0.000000 1.000000 0.000000 0.000000 0.000000 0.000000 1.000000 0.000000 0.000000 0.000000 0.000000 1.000000
1.000000 0.000000 0.000000 0.000000 0.000000 1.000000 0.000000 0.000000 0.000000 0.000000 1.000000 0.000000 0.000000 0.000000 0.000000 1.000000
1.000000 0.000000 0.000000 0.000000 0.000000 1.000000 0.000000 0.000000 0.000000 0.000000 1.000000 0.000000 0.000000 0.000000 0.000000 1.000000
1.000000 0.000000 0.000000 0.000000 0.000000 1.000000 0.000000 0.000000 0.000000 0.000000 1.000000 0.000000 0.000000 0.000000 0.000000 1.000000
1.000000 0.000000 0.000000 0.000000 0.000000 1.000000 0.000000 0.000000 0.000000 0.000000 1.000000 0.000000 0.000000 0.000000 0.000000 1.000000
1.000000 0.000000 0.000000 0.000000 0.000000 1.000000 0.000000 0.000000 0.000000 0.000000 1.000000 0.000000 0.000000 0.000000 0.000000 1.000000
1.000000 0.000000 0.000000 0.000000 0.000000 1.000000 0.000000 0.000000 0.000000 0.000000 1.000000 0.000000 0.000000 0.000000 0.000000 1.000000
1.000000 0.000000 0.000000 0.000000 0.000000 1.000000 0.000000 0.000000 0.000000 0.000000 1.000000 0.000000 0.000000 0.000000 0.000000 1.000000
1.000000 0.000000 0.000000 0.000000 0.000000 1.000000 0.000000 0.000000 0.000000 0.000000 1.000000 0.000000 0.000000 0.000000 0.000000 1.000000
1.000000 0.000000 0.000000 0.000000 0.000000 1.000000 0.000000 0.000000 0.000000 0.000000 1.000000 0.000000 0.000000 0.000000 0.000000 1.000000
1.000000 0.000000 0.000000 0.000000 0.000000 1.000000 0.000000 0.000000 0.000000 0.000000 1.000000 0.000000 0.000000 0.000000 0.000000 1.000000
1.000000 0.000000 0.000000 0.000000 0.000000 1.000000 0.000000 0.000000 0.000000 0.000000 1.000000 0.000000 0.000000 0.000000 0.000000 1.000000
1.000000 0.000000 0.000000 0.000000 0.000000 1.000000 0.000000 0.000000 0.000000 0.000000 1.000000 0.000000 0.000000 0.000000 0.000000 1.000000</float_array><technique_common><accessor source="#root_jnt-Matrix-animation-output-transform-array" count="31" stride="16"><param type="float4x4"/></accessor></technique_common></source><source id="root_jnt-Interpolations"><Name_array id="root_jnt-Interpolations-array" count="31">
 LINEAR LINEAR LINEAR LINEAR LINEAR LINEAR LINEAR LINEAR LINEAR LINEAR LINEAR
LINEAR LINEAR LINEAR LINEAR LINEAR LINEAR LINEAR LINEAR LINEAR LINEAR LINEAR LINEAR
LINEAR LINEAR LINEAR LINEAR LINEAR LINEAR LINEAR LINEAR</Name_array><technique_common><accessor source="#root_jnt-Interpolations-array" count="31"><param type="name"/></accessor></technique_common></source><sampler id="root_jnt-Matrix-animation-transform"><input semantic="INPUT" source="#root_jnt-Matrix-animation-input"/><input semantic="OUTPUT" source="#root_jnt-Matrix-animation-output-transform"/><input semantic="INTERPOLATION" source="#root_jnt-Interpolations"/></sampler><channel source="#root_jnt-Matrix-animation-transform" target="root_jnt/matrix"/></animation></animation>
    <animation id="neck01_jnt-anim" name="neck01_jnt"><animation><source id="neck01_jnt-Matrix-animation-input"><float_array id="neck01_jnt-Matrix-animation-input-array" count="31">

0.000000 0.033333 0.066667 0.100000 0.133333 0.166667 0.200000 0.233333 0.266667 0.300000 0.333333 0.366667 0.400000 0.433333 0.466667 0.500000
0.533333 0.566667 0.600000 0.633333 0.666667 0.700000 0.733333 0.766667 0.800000 0.833333 0.866667 0.900000 0.933333 0.966667 1.000000</float_array><technique_common><accessor source="#neck01_jnt-Matrix-animation-input-array" count="31"><param name="TIME" type="float"/></accessor></technique_common></source><source id="neck01_jnt-Matrix-animation-output-transform"><float_array id="neck01_jnt-Matrix-animation-output-transform-array" count="496">

1.000000 0.000000 0.000000 -2.204408 0.000000 0.987948 0.154789 2.933696 0.000000 -0.154789 0.987948 -0.589548 0.000000 0.000000 0.000000 1.000000
1.000000 0.000000 0.000000 -2.204408 0.000000 0.981986 0.188955 2.933696 0.000000 -0.188955 0.981986 -0.589548 0.000000 0.000000 0.000000 1.000000
1.000000 0.000000 0.000000 -2.204408 0.000000 0.964724 0.263264 2.933696 0.000000 -0.263264 0.964724 -0.589548 0.000000 0.000000 0.000000 1.000000
1.000000 0.000000 0.000000 -2.204408 0.000000 0.941848 0.336040 2.933696 0.000000 -0.336040 0.941848 -0.589548 0.000000 0.000000 0.000000 1.000000
1.000000 0.000000 0.000000 -2.204408 0.000000 0.929628 0.368499 2.933696 0.000000 -0.368499 0.929628 -0.589548 0.000000 0.000000 0.000000 1.000000
1.000000 0.000000 0.000000 -2.204408 0.000000 0.931090 0.364791 2.933696 0.000000 -0.364791 0.931090 -0.589548 0.000000 0.000000 0.000000 1.000000
1.000000 0.000000 0.000000 -2.204408 0.000000 0.935180 0.354173 2.933696 0.000000 -0.354173 0.935180 -0.589548 0.000000 0.000000 0.000000 1.000000
1.000000 0.000000 0.000000 -2.204408 0.000000 0.941370 0.337377 2.933696 0.000000 -0.337377 0.941370 -0.589548 0.000000 0.000000 0.000000 1.000000
1.000000 0.000000 0.000000 -2.204408 0.000000 0.949054 0.315113 2.933696 0.000000 -0.315113 0.949054 -0.589548 0.000000 0.000000 0.000000 1.000000
1.000000 0.000000 0.000000 -2.204408 0.000000 0.957601 0.288096 2.933696 0.000000 -0.288096 0.957601 -0.589548 0.000000 0.000000 0.000000 1.000000
1.000000 0.000000 0.000000 -2.204408 0.000000 0.966393 0.257069 2.933696 0.000000 -0.257069 0.966393 -0.589548 0.000000 0.000000 0.000000 1.000000
1.000000 0.000000 0.000000 -2.204408 0.000000 0.974862 0.222808 2.933696 0.000000 -0.222808 0.974862 -0.589548 0.000000 0.000000 0.000000 1.000000
1.000000 0.000000 0.000000 -2.204408 0.000000 0.982524 0.186134 2.933696 0.000000 -0.186134 0.982524 -0.589548 0.000000 0.000000 0.000000 1.000000
1.000000 0.000000 0.000000 -2.204408 0.000000 0.989001 0.147908 2.933696 0.000000 -0.147908 0.989001 -0.589548 0.000000 0.000000 0.000000 1.000000
1.000000 0.000000 0.000000 -2.204408 0.000000 0.994039 0.109028 2.933696 0.000000 -0.109028 0.994039 -0.589548 0.000000 0.000000 0.000000 1.000000
1.000000 0.000000 0.000000 -2.204408 0.000000 0.997518 0.070413 2.933696 0.000000 -0.070413 0.997518 -0.589548 0.000000 0.000000 0.000000 1.000000
1.000000 0.000000 0.000000 -2.204408 0.000000 0.999455 0.032997 2.933696 0.000000 -0.032997 0.999455 -0.589548 0.000000 0.000000 0.000000 1.000000
1.000000 0.000000 0.000000 -2.204408 0.000000 0.999997 -0.002291 2.933696 0.000000 0.002291 0.999997 -0.589548 0.000000 0.000000 0.000000 1.000000
1.000000 0.000000 0.000000 -2.204408 0.000000 0.999404 -0.034534 2.933696 0.000000 0.034534 0.999404 -0.589548 0.000000 0.000000 0.000000 1.000000
1.000000 0.000000 0.000000 -2.204408 0.000000 0.998024 -0.062837 2.933696 0.000000 0.062837 0.998024 -0.589548 0.000000 0.000000 0.000000 1.000000
1.000000 0.000000 0.000000 -2.204408 0.000000 0.996267 -0.086324 2.933696 0.000000 0.086324 0.996267 -0.589548 0.000000 0.000000 0.000000 1.000000
1.000000 0.000000 0.000000 -2.204408 0.000000 0.994562 -0.104143 2.933696 0.000000 0.104143 0.994562 -0.589548 0.000000 0.000000 0.000000 1.000000
1.000000 0.000000 0.000000 -2.204408 0.000000 0.993313 -0.115453 2.933696 0.000000 0.115453 0.993313 -0.589548 0.000000 0.000000 0.000000 1.000000
1.000000 0.000000 0.000000 -2.204408 0.000000 0.992845 -0.119411 2.933696 0.000000 0.119411 0.992845 -0.589548 0.000000 0.000000 0.000000 1.000000
1.000000 0.000000 0.000000 -2.204408 0.000000 0.993615 -0.112826 2.933696 0.000000 0.112826 0.993615 -0.589548 0.000000 0.000000 0.000000 1.000000
1.000000 0.000003 0.000003 -2.204408 -0.000003 0.995231 -0.097547 2.933696 -0.000003 0.097547 0.995231 -0.589548 0.000000 0.000000 0.000000 1.000000
1.000000 0.000031 0.000049 -2.204408 -0.000027 0.995872 -0.090773 2.933696 -0.000051 0.090773 0.995872 -0.589548 0.000000 0.000000 0.000000 1.000000
1.000000 0.000066 0.000250 -2.204408 -0.000041 0.994841 -0.101445 2.933696 -0.000255 0.101445 0.994841 -0.589548 0.000000 0.000000 0.000000 1.000000
1.000000 0.000027 0.000687 -2.204408 0.000051 0.993438 -0.114370 2.933696 -0.000686 0.114370 0.993438 -0.589548 0.000000 0.000000 0.000000 1.000000
0.999999 -0.000117 0.001234 -2.204408 0.000257 0.993478 -0.114023 2.933696 -0.001213 0.114023 0.993477 -0.589548 0.000000 0.000000 0.000000 1.000000
0.999999 -0.000220 0.001512 -2.204408 0.000383 0.994043 -0.108991 2.933696 -0.001479 0.108992 0.994042 -0.589548 0.000000 0.000000 0.000000 1.000000</float_array><technique_common><accessor source="#neck01_jnt-Matrix-animation-output-transform-array" count="31" stride="16"><param type="float4x4"/></accessor></technique_common></source><source id="neck01_jnt-Interpolations"><Name_array id="neck01_jnt-Interpolations-array" count="31">
 LINEAR LINEAR LINEAR LINEAR LINEAR LINEAR LINEAR LINEAR LINEAR LINEAR LINEAR
LINEAR LINEAR LINEAR LINEAR LINEAR LINEAR LINEAR LINEAR LINEAR LINEAR LINEAR LINEAR
LINEAR LINEAR LINEAR LINEAR LINEAR LINEAR LINEAR LINEAR</Name_array><technique_common><accessor source="#neck01_jnt-Interpolations-array" count="31"><param type="name"/></accessor></technique_common></source><sampler id="neck01_jnt-Matrix-animation-transform"><input semantic="INPUT" source="#neck01_jnt-Matrix-animation-input"/><input semantic="OUTPUT" source="#neck01_jnt-Matrix-animation-output-transform"/><input semantic="INTERPOLATION" source="#neck01_jnt-Interpolations"/></sampler><channel source="#neck01_jnt-Matrix-animation-transform" target="neck01_jnt/matrix"/></animation></animation>
    <animation id="neck02_jnt-anim" name="neck02_jnt"><animation><source id="neck02_jnt-Matrix-animation-input"><float_array id="neck02_jnt-Matrix-animation-input-array" count="31">

0.000000 0.033333 0.066667 0.100000 0.133333 0.166667 0.200000 0.233333 0.266667 0.300000 0.333333 0.366667 0.400000 0.433333 0.466667 0.500000
0.533333 0.566667 0.600000 0.633333 0.666667 0.700000 0.733333 0.766667 0.800000 0.833333 0.866667 0.900000 0.933333 0.966667 1.000000</float_array><technique_common><accessor source="#neck02_jnt-Matrix-animation-input-array" count="31"><param name="TIME" type="float"/></accessor></technique_common></source><source id="neck02_jnt-Matrix-animation-output-transform"><float_array id="neck02_jnt-Matrix-animation-output-transform-array" count="496">

1.000000 0.000000 0.000000 -0.006357 0.000000 0.999865 0.016454 -1.778614 0.000000 -0.016454 0.999865 0.674803 0.000000 0.000000 0.000000 1.000000
1.000000 0.000000 0.000000 -0.006357 0.000000 0.997988 0.063399 -1.778614 0.000000 -0.063399 0.997988 0.674803 0.000000 0.000000 0.000000 1.000000
1.000000 0.000000 0.000000 -0.006357 0.000000 0.986119 0.166040 -1.778614 0.000000 -0.166040 0.986119 0.674803 0.000000 0.000000 0.000000 1.000000
1.000000 0.000000 0.000000 -0.006357 0.000000 0.963722 0.266909 -1.778614 0.000000 -0.266909 0.963722 0.674803 0.000000 0.000000 0.000000 1.000000
1.000000 0.000000 0.000000 -0.006357 0.000000 0.950122 0.311880 -1.778614 0.000000 -0.311880 0.950122 0.674803 0.000000 0.000000 0.000000 1.000000
1.000000 0.000000 0.000000 -0.006357 0.000000 0.952887 0.303326 -1.778614 0.000000 -0.303326 0.952887 0.674803 0.000000 0.000000 0.000000 1.000000
1.000000 0.000000 0.000000 -0.006357 0.000000 0.960375 0.278712 -1.778614 0.000000 -0.278712 0.960375 0.674803 0.000000 0.000000 0.000000 1.000000
1.000000 0.000000 0.000000 -0.006357 0.000000 0.970898 0.239494 -1.778614 0.000000 -0.239494 0.970898 0.674803 0.000000 0.000000 0.000000 1.000000
1.000000 0.000000 0.000000 -0.006357 0.000000 0.982339 0.187108 -1.778614 0.000000 -0.187108 0.982339 0.674803 0.000000 0.000000 0.000000 1.000000
1.000000 0.000000 0.000000 -0.006357 0.000000 0.992392 0.123117 -1.778614 0.000000 -0.123117 0.992392 0.674803 0.000000 0.000000 0.000000 1.000000
1.000000 0.000000 0.000000 -0.006357 0.000000 0.998783 0.049324 -1.778614 0.000000 -0.049324 0.998783 0.674803 0.000000 0.000000 0.000000 1.000000
1.000000 0.000000 0.000000 -0.006357 0.000000 0.999482 -0.032176 -1.778614 0.000000 0.032176 0.999482 0.674803 0.000000 0.000000 0.000000 1.000000
1.000000 0.000000 0.000000 -0.006357 0.000000 0.992894 -0.119004 -1.778614 0.000000 0.119004 0.992894 0.674803 0.000000 0.000000 0.000000 1.000000
1.000000 0.000000 0.000000 -0.006357 0.000000 0.978008 -0.208570 -1.778614 0.000000 0.208570 0.978008 0.674803 0.000000 0.000000 0.000000 1.000000
1.000000 0.000000 0.000000 -0.006357 0.000000 0.954506 -0.298192 -1.778614 0.000000 0.298192 0.954506 0.674803 0.000000 0.000000 0.000000 1.000000
1.000000 0.000000 0.000000 -0.006357 0.000000 0.922811 -0.385254 -1.778614 0.000000 0.385254 0.922811 0.674803 0.000000 0.000000 0.000000 1.000000
1.000000 0.000000 0.000000 -0.006357 0.000000 0.884064 -0.467365 -1.778614 0.000000 0.467365 0.884064 0.674803 0.000000 0.000000 0.000000 1.000000
1.000000 0.000000 0.000000 -0.006357 0.000000 0.840054 -0.542503 -1.778614 0.000000 0.542503 0.840054 0.674803 0.000000 0.000000 0.000000 1.000000
1.000000 0.000000 0.000000 -0.006357 0.000000 0.793085 -0.609111 -1.778614 0.000000 0.609111 0.793085 0.674803 0.000000 0.000000 0.000000 1.000000
1.000000 0.000000 0.000000 -0.006357 0.000000 0.745824 -0.666143 -1.778614 0.000000 0.666143 0.745824 0.674803 0.000000 0.000000 0.000000 1.000000
1.000000 0.000000 0.000000 -0.006357 0.000000 0.701132 -0.713031 -1.778614 0.000000 0.713031 0.701132 0.674803 0.000000 0.000000 0.000000 1.000000
1.000000 0.000000 0.000000 -0.006357 0.000000 0.661905 -0.749588 -1.778614 0.000000 0.749588 0.661905 0.674803 0.000000 0.000000 0.000000 1.000000
1.000000 0.000000 0.000000 -0.006357 0.000000 0.630928 -0.775841 -1.778614 0.000000 0.775841 0.630928 0.674803 0.000000 0.000000 0.000000 1.000000
1.000000 0.000000 0.000000 -0.006357 0.000000 0.610760 -0.791816 -1.778614 0.000000 0.791816 0.610760 0.674803 0.000000 0.000000 0.000000 1.000000
1.000000 0.000000 0.000000 -0.006357 0.000000 0.603618 -0.797274 -1.778614 0.000000 0.797274 0.603618 0.674803 0.000000 0.000000 0.000000 1.000000
1.000000 -0.000002 -0.000018 -0.006357 -0.000012 0.654034 -0.756465 -1.778614 0.000013 0.756465 0.654034 0.674803 0.000000 0.000000 0.000000 1.000000
1.000000 0.000010 -0.000225 -0.006357 -0.000157 0.746531 -0.665351 -1.778614 0.000162 0.665351 0.746530 0.674803 0.000000 0.000000 0.000000 1.000000
1.000000 0.000119 -0.000877 -0.006357 -0.000617 0.804467 -0.593997 -1.778614 0.000635 0.593997 0.804467 0.674803 0.000000 0.000000 0.000000 1.000000
0.999998 0.000258 -0.002046 -0.006357 -0.001438 0.798489 -0.602007 -1.778614 0.001479 0.602009 0.798488 0.674803 0.000000 0.000000 0.000000 1.000000
0.999994 0.000114 -0.003392 -0.006357 -0.002366 0.739929 -0.672681 -1.778614 0.002434 0.672685 0.739925 0.674803 0.000000 0.000000 0.000000 1.000000
0.999992 -0.000113 -0.004050 -0.006357 -0.002824 0.697293 -0.716780 -1.778614 0.002905 0.716786 0.697287 0.674803 0.000000 0.000000 0.000000 1.000000</float_array><technique_common><accessor source="#neck02_jnt-Matrix-animation-output-transform-array" count="31" stride="16"><param type="float4x4"/></accessor></technique_common></source><source id="neck02_jnt-Interpolations"><Name_array id="neck02_jnt-Interpolations-array" count="31">
 LINEAR LINEAR LINEAR LINEAR LINEAR LINEAR LINEAR LINEAR LINEAR LINEAR LINEAR
LINEAR LINEAR LINEAR LINEAR LINEAR LINEAR LINEAR LINEAR LINEAR LINEAR LINEAR LINEAR
LINEAR LINEAR LINEAR LINEAR LINEAR LINEAR LINEAR LINEAR</Name_array><technique_common><accessor source="#neck02_jnt-Interpolations-array" count="31"><param type="name"/></accessor></technique_common></source><sampler id="neck02_jnt-Matrix-animation-transform"><input semantic="INPUT" source="#neck02_jnt-Matrix-animation-input"/><input semantic="OUTPUT" source="#neck02_jnt-Matrix-animation-output-transform"/><input semantic="INTERPOLATION" source="#neck02_jnt-Interpolations"/></sampler><channel source="#neck02_jnt-Matrix-animation-transform" target="neck02_jnt/matrix"/></animation></animation>
    <animation id="head_jnt-anim" name="head_jnt"><animation><source id="head_jnt-Matrix-animation-input"><float_array id="head_jnt-Matrix-animation-input-array" count="31">

0.000000 0.033333 0.066667 0.100000 0.133333 0.166667 0.200000 0.233333 0.266667 0.300000 0.333333 0.366667 0.400000 0.433333 0.466667 0.500000
0.533333 0.566667 0.600000 0.633333 0.666667 0.700000 0.733333 0.766667 0.800000 0.833333 0.866667 0.900000 0.933333 0.966667 1.000000</float_array><technique_common><accessor source="#head_jnt-Matrix-animation-input-array" count="31"><param name="TIME" type="float"/></accessor></technique_common></source><source id="head_jnt-Matrix-animation-output-transform"><float_array id="head_jnt-Matrix-animation-output-transform-array" count="496">

1.000000 0.000000 0.000000 0.006357 0.000000 0.988466 -0.151440 0.733466 0.000000 0.151440 0.988466 0.708435 0.000000 0.000000 0.000000 1.000000
1.000000 0.000000 0.000000 0.006357 0.000000 0.973644 -0.228074 0.733466 0.000000 0.228074 0.973644 0.708435 0.000000 0.000000 0.000000 1.000000
1.000000 0.000000 0.000000 0.006357 0.000000 0.920334 -0.391133 0.733466 0.000000 0.391133 0.920334 0.708435 0.000000 0.000000 0.000000 1.000000
1.000000 0.000000 0.000000 0.006357 0.000000 0.839939 -0.542681 0.733466 0.000000 0.542681 0.839939 0.708435 0.000000 0.000000 0.000000 1.000000
1.000000 0.000000 0.000000 0.006357 0.000000 0.795054 -0.606539 0.733466 0.000000 0.606539 0.795054 0.708435 0.000000 0.000000 0.000000 1.000000
1.000000 0.000000 0.000000 0.006357 0.000000 0.803194 -0.595717 0.733466 0.000000 0.595717 0.803194 0.708435 0.000000 0.000000 0.000000 1.000000
1.000000 0.000000 0.000000 0.006357 0.000000 0.825616 -0.564232 0.733466 0.000000 0.564232 0.825616 0.708435 0.000000 0.000000 0.000000 1.000000
1.000000 0.000000 0.000000 0.006357 0.000000 0.858383 -0.513010 0.733466 0.000000 0.513010 0.858383 0.708435 0.000000 0.000000 0.000000 1.000000
1.000000 0.000000 0.000000 0.006357 0.000000 0.896643 -0.442754 0.733466 0.000000 0.442754 0.896643 0.708435 0.000000 0.000000 0.000000 1.000000
1.000000 0.000000 0.000000 0.006357 0.000000 0.935049 -0.354517 0.733466 0.000000 0.354517 0.935049 0.708435 0.000000 0.000000 0.000000 1.000000
1.000000 0.000000 0.000000 0.006357 0.000000 0.968208 -0.250147 0.733466 0.000000 0.250147 0.968208 0.708435 0.000000 0.000000 0.000000 1.000000
1.000000 0.000000 0.000000 0.006357 0.000000 0.991178 -0.132534 0.733466 0.000000 0.132534 0.991178 0.708435 0.000000 0.000000 0.000000 1.000000
1.000000 0.000000 0.000000 0.006357 0.000000 0.999984 -0.005632 0.733466 0.000000 0.005632 0.999984 0.708435 0.000000 0.000000 0.000000 1.000000
1.000000 0.000000 0.000000 0.006357 0.000000 0.992061 0.125759 0.733466 0.000000 -0.125759 0.992061 0.708435 0.000000 0.000000 0.000000 1.000000
1.000000 0.000000 0.000000 0.006357 0.000000 0.966571 0.256399 0.733466 0.000000 -0.256399 0.966571 0.708435 0.000000 0.000000 0.000000 1.000000
1.000000 0.000000 0.000000 0.006357 0.000000 0.924521 0.381132 0.733466 0.000000 -0.381132 0.924521 0.708435 0.000000 0.000000 0.000000 1.000000
1.000000 0.000000 0.000000 0.006357 0.000000 0.868656 0.495416 0.733466 0.000000 -0.495416 0.868656 0.708435 0.000000 0.000000 0.000000 1.000000
1.000000 0.000000 0.000000 0.006357 0.000000 0.803158 0.595767 0.733466 0.000000 -0.595767 0.803158 0.708435 0.000000 0.000000 0.000000 1.000000
1.000000 0.000000 0.000000 0.006357 0.000000 0.733196 0.680017 0.733466 0.000000 -0.680017 0.733196 0.708435 0.000000 0.000000 0.000000 1.000000
1.000000 0.000000 0.000000 0.006357 0.000000 0.664437 0.747344 0.733466 0.000000 -0.747344 0.664437 0.708435 0.000000 0.000000 0.000000 1.000000
1.000000 0.000000 0.000000 0.006357 0.000000 0.602573 0.798064 0.733466 0.000000 -0.798064 0.602573 0.708435 0.000000 0.000000 0.000000 1.000000
1.000000 0.000000 0.000000 0.006357 0.000000 0.552954 0.833212 0.733466 0.000000 -0.833212 0.552954 0.708435 0.000000 0.000000 0.000000 1.000000
1.000000 0.000000 0.000000 0.006357 0.000000 0.520341 0.853959 0.733466 0.000000 -0.853959 0.520341 0.708435 0.000000 0.000000 0.000000 1.000000
1.000000 0.000000 0.000000 0.006357 0.000000 0.508729 0.860927 0.733466 0.000000 -0.860927 0.508729 0.708435 0.000000 0.000000 0.000000 1.000000
1.000000 0.000000 0.000000 0.006357 0.000000 0.557321 0.830297 0.733466 0.000000 -0.830297 0.557321 0.708435 0.000000 0.000000 0.000000 1.000000
1.000000 -0.000018 -0.000004 0.006357 0.000015 0.669918 0.742435 0.733466 -0.000010 -0.742435 0.669918 0.708435 0.000000 0.000000 0.000000 1.000000
1.000000 -0.000218 0.000004 0.006357 0.000165 0.770194 0.637810 0.733466 -0.000142 -0.637810 0.770194 0.708435 0.000000 0.000000 0.000000 1.000000
1.000000 -0.000767 0.000175 0.006357 0.000512 0.803689 0.595049 0.733466 -0.000597 -0.595049 0.803689 0.708435 0.000000 0.000000 0.000000 1.000000
0.999999 -0.001575 0.000556 0.006357 0.000841 0.762730 0.646717 0.733466 -0.001443 -0.646716 0.762730 0.708435 0.000000 0.000000 0.000000 1.000000
0.999997 -0.002371 0.000941 0.006357 0.000895 0.671498 0.741006 0.733466 -0.002389 -0.741003 0.671498 0.708435 0.000000 0.000000 0.000000 1.000000
0.999996 -0.002741 0.001101 0.006357 0.000818 0.615016 0.788514 0.733466 -0.002838 -0.788510 0.615015 0.708435 0.000000 0.000000 0.000000 1.000000</float_array><technique_common><accessor source="#head_jnt-Matrix-animation-output-transform-array" count="31" stride="16"><param type="float4x4"/></accessor></technique_common></source><source id="head_jnt-Interpolations"><Name_array id="head_jnt-Interpolations-array" count="31">
 LINEAR LINEAR LINEAR LINEAR LINEAR LINEAR LINEAR LINEAR LINEAR LINEAR LINEAR
LINEAR LINEAR LINEAR LINEAR LINEAR LINEAR LINEAR LINEAR LINEAR LINEAR LINEAR LINEAR
LINEAR LINEAR LINEAR LINEAR LINEAR LINEAR LINEAR LINEAR</Name_array><technique_common><accessor source="#head_jnt-Interpolations-array" count="31"><param type="name"/></accessor></technique_common></source><sampler id="head_jnt-Matrix-animation-transform"><input semantic="INPUT" source="#head_jnt-Matrix-animation-input"/><input semantic="OUTPUT" source="#head_jnt-Matrix-animation-output-transform"/><input semantic="INTERPOLATION" source="#head_jnt-Interpolations"/></sampler><channel source="#head_jnt-Matrix-animation-transform" target="head_jnt/matrix"/></animation></animation>
    <animation id="lowereye_jnt-anim" name="lowereye_jnt"><animation><source id="lowereye_jnt-Matrix-animation-input"><float_array id="lowereye_jnt-Matrix-animation-input-array" count="31">

0.000000 0.033333 0.066667 0.100000 0.133333 0.166667 0.200000 0.233333 0.266667 0.300000 0.333333 0.366667 0.400000 0.433333 0.466667 0.500000
0.533333 0.566667 0.600000 0.633333 0.666667 0.700000 0.733333 0.766667 0.800000 0.833333 0.866667 0.900000 0.933333 0.966667 1.000000</float_array><technique_common><accessor source="#lowereye_jnt-Matrix-animation-input-array" count="31"><param name="TIME" type="float"/></accessor></technique_common></source><source id="lowereye_jnt-Matrix-animation-output-transform"><float_array id="lowereye_jnt-Matrix-animation-output-transform-array" count="496">

1.000000 0.000000 0.000000 0.001055 0.000000 0.270268 0.000000 0.308096 0.000000 0.000000 1.000000 1.884512 0.000000 0.000000 0.000000 1.000000
1.000000 0.000000 0.000000 0.001055 0.000000 0.270268 0.000000 0.308096 0.000000 -0.000000 1.000000 1.884512 0.000000 0.000000 0.000000 1.000000
1.000000 0.000000 0.000000 0.001055 0.000000 0.270268 0.000000 0.308096 0.000000 0.000000 1.000000 1.884512 0.000000 0.000000 0.000000 1.000000
1.000000 0.000000 0.000000 0.001055 0.000000 0.270268 0.000000 0.308096 0.000000 -0.000000 1.000000 1.884512 0.000000 0.000000 0.000000 1.000000
1.000000 0.000000 0.000000 0.001055 0.000000 0.270268 -0.000000 0.308096 0.000000 0.000000 1.000000 1.884512 0.000000 0.000000 0.000000 1.000000
1.000000 0.000000 0.000000 0.001055 0.000000 0.270866 -0.000000 0.308096 0.000000 0.000000 1.000000 1.884512 0.000000 0.000000 0.000000 1.000000
1.000000 0.000000 0.000000 0.001055 0.000000 0.278411 0.000000 0.308096 0.000000 0.000000 1.000000 1.884512 0.000000 0.000000 0.000000 1.000000
1.000000 0.000000 0.000000 0.001055 0.000000 0.304528 0.000000 0.308096 0.000000 -0.000000 1.000000 1.884512 0.000000 0.000000 0.000000 1.000000
1.000000 0.000000 0.000000 0.001055 0.000000 0.358160 0.000000 0.308096 0.000000 -0.000000 1.000000 1.884512 0.000000 0.000000 0.000000 1.000000
1.000000 0.000000 0.000000 0.001055 0.000000 0.440514 0.000000 0.308096 0.000000 -0.000000 1.000000 1.884512 0.000000 0.000000 0.000000 1.000000
1.000000 0.000000 0.000000 0.001055 0.000000 0.544228 -0.000000 0.308096 0.000000 0.000000 1.000000 1.884512 0.000000 0.000000 0.000000 1.000000
1.000000 0.000000 0.000000 0.001055 0.000000 0.655923 0.000000 0.308096 0.000000 -0.000000 1.000000 1.884512 0.000000 0.000000 0.000000 1.000000
1.000000 0.000000 0.000000 0.001055 0.000000 0.760426 0.000000 0.308096 0.000000 -0.000000 1.000000 1.884512 0.000000 0.000000 0.000000 1.000000
1.000000 0.000000 0.000000 0.001055 0.000000 0.844681 -0.000000 0.308096 0.000000 0.000000 1.000000 1.884512 0.000000 0.000000 0.000000 1.000000
1.000000 0.000000 0.000000 0.001055 0.000000 0.899624 0.000000 0.308096 0.000000 0.000000 1.000000 1.884512 0.000000 0.000000 0.000000 1.000000
1.000000 0.000000 0.000000 0.001055 0.000000 0.919201 0.000000 0.308096 0.000000 0.000000 1.000000 1.884512 0.000000 0.000000 0.000000 1.000000
1.000000 0.000000 0.000000 0.001055 0.000000 0.908527 -0.000000 0.308096 0.000000 0.000000 1.000000 1.884512 0.000000 0.000000 0.000000 1.000000
1.000000 0.000000 0.000000 0.001055 0.000000 0.878055 0.000000 0.308096 0.000000 0.000000 1.000000 1.884512 0.000000 0.000000 0.000000 1.000000
1.000000 0.000000 0.000000 0.001055 0.000000 0.829943 0.000000 0.308096 0.000000 -0.000000 1.000000 1.884512 0.000000 0.000000 0.000000 1.000000
1.000000 0.000000 0.000000 0.001055 0.000000 0.766796 0.000000 0.308096 0.000000 0.000000 1.000000 1.884512 0.000000 0.000000 0.000000 1.000000
1.000000 0.000000 0.000000 0.001055 0.000000 0.692274 0.000000 0.308096 0.000000 -0.000000 1.000000 1.884512 0.000000 0.000000 0.000000 1.000000
1.000000 0.000000 0.000000 0.001055 0.000000 0.611270 0.000000 0.308096 0.000000 0.000000 1.000000 1.884512 0.000000 0.000000 0.000000 1.000000
1.000000 0.000000 0.000000 0.001055 0.000000 0.529608 0.000000 0.308096 0.000000 0.000000 1.000000 1.884512 0.000000 0.000000 0.000000 1.000000
1.000000 0.000000 0.000000 0.001055 0.000000 0.453356 0.000000 0.308096 0.000000 0.000000 1.000000 1.884512 0.000000 0.000000 0.000000 1.000000
1.000000 0.000000 0.000000 0.001055 0.000000 0.387890 0.000000 0.308096 0.000000 0.000000 1.000000 1.884512 0.000000 0.000000 0.000000 1.000000
1.000000 -0.000000 0.000000 0.001055 0.000000 0.336965 0.000000 0.308096 0.000000 0.000000 1.000000 1.884512 0.000000 0.000000 0.000000 1.000000
1.000000 -0.000000 -0.000000 0.001055 -0.000000 0.301995 0.000000 0.308096 -0.000000 0.000000 1.000000 1.884512 0.000000 0.000000 0.000000 1.000000
1.000000 0.000000 -0.000000 0.001055 0.000000 0.281779 -0.000000 0.308096 0.000000 0.000000 1.000000 1.884512 0.000000 0.000000 0.000000 1.000000
1.000000 -0.000000 -0.000000 0.001055 -0.000000 0.272842 0.000000 0.308096 -0.000000 0.000000 1.000000 1.884512 0.000000 0.000000 0.000000 1.000000
1.000000 -0.000000 0.000000 0.001055 0.000000 0.270448 -0.000000 0.308096 0.000000 0.000000 1.000000 1.884512 0.000000 0.000000 0.000000 1.000000
1.000000 -0.000000 -0.000000 0.001055 -0.000000 0.270268 0.000000 0.308096 0.000000 -0.000000 1.000000 1.884512 0.000000 0.000000 0.000000 1.000000</float_array><technique_common><accessor source="#lowereye_jnt-Matrix-animation-output-transform-array" count="31" stride="16"><param type="float4x4"/></accessor></technique_common></source><source id="lowereye_jnt-Interpolations"><Name_array id="lowereye_jnt-Interpolations-array" count="31">
 LINEAR LINEAR LINEAR LINEAR LINEAR LINEAR LINEAR LINEAR LINEAR LINEAR LINEAR
LINEAR LINEAR LINEAR LINEAR LINEAR LINEAR LINEAR LINEAR LINEAR LINEAR LINEAR LINEAR
LINEAR LINEAR LINEAR LINEAR LINEAR LINEAR LINEAR LINEAR</Name_array><technique_common><accessor source="#lowereye_jnt-Interpolations-array" count="31"><param type="name"/></accessor></technique_common></source><sampler id="lowereye_jnt-Matrix-animation-transform"><input semantic="INPUT" source="#lowereye_jnt-Matrix-animation-input"/><input semantic="OUTPUT" source="#lowereye_jnt-Matrix-animation-output-transform"/><input semantic="INTERPOLATION" source="#lowereye_jnt-Interpolations"/></sampler><channel source="#lowereye_jnt-Matrix-animation-transform" target="lowereye_jnt/matrix"/></animation></animation>
    <animation id="uppereye_jnt-anim" name="uppereye_jnt"><animation><source id="uppereye_jnt-Matrix-animation-input"><float_array id="uppereye_jnt-Matrix-animation-input-array" count="31">

0.000000 0.033333 0.066667 0.100000 0.133333 0.166667 0.200000 0.233333 0.266667 0.300000 0.333333 0.366667 0.400000 0.433333 0.466667 0.500000
0.533333 0.566667 0.600000 0.633333 0.666667 0.700000 0.733333 0.766667 0.800000 0.833333 0.866667 0.900000 0.933333 0.966667 1.000000</float_array><technique_common><accessor source="#uppereye_jnt-Matrix-animation-input-array" count="31"><param name="TIME" type="float"/></accessor></technique_common></source><source id="uppereye_jnt-Matrix-animation-output-transform"><float_array id="uppereye_jnt-Matrix-animation-output-transform-array" count="496">

1.000000 0.000000 0.000000 0.001055 0.000000 0.642982 0.000000 0.951152 0.000000 -0.000000 1.000000 1.884512 0.000000 0.000000 0.000000 1.000000
1.000000 0.000000 0.000000 0.001055 0.000000 0.642982 0.000000 0.951152 0.000000 0.000000 1.000000 1.884512 0.000000 0.000000 0.000000 1.000000
1.000000 0.000000 0.000000 0.001055 0.000000 0.642982 0.000000 0.951152 0.000000 -0.000000 1.000000 1.884512 0.000000 0.000000 0.000000 1.000000
1.000000 0.000000 0.000000 0.001055 0.000000 0.642982 0.000000 0.951152 0.000000 -0.000000 1.000000 1.884512 0.000000 0.000000 0.000000 1.000000
1.000000 0.000000 0.000000 0.001055 0.000000 0.642982 -0.000000 0.951152 0.000000 0.000000 1.000000 1.884512 0.000000 0.000000 0.000000 1.000000
1.000000 0.000000 0.000000 0.001055 0.000000 0.651914 -0.000000 0.951152 0.000000 0.000000 1.000000 1.884512 0.000000 0.000000 0.000000 1.000000
1.000000 0.000000 0.000000 0.001055 0.000000 0.676454 0.000000 0.951152 0.000000 -0.000000 1.000000 1.884512 0.000000 0.000000 0.000000 1.000000
1.000000 0.000000 0.000000 0.001055 0.000000 0.713124 0.000000 0.951152 0.000000 0.000000 1.000000 1.884512 0.000000 0.000000 0.000000 1.000000
1.000000 0.000000 0.000000 0.001055 0.000000 0.758143 0.000000 0.951152 0.000000 0.000000 1.000000 1.884512 0.000000 0.000000 0.000000 1.000000
1.000000 0.000000 0.000000 0.001055 0.000000 0.807392 0.000000 0.951152 0.000000 -0.000000 1.000000 1.884512 0.000000 0.000000 0.000000 1.000000
1.000000 0.000000 0.000000 0.001055 0.000000 0.856651 -0.000000 0.951152 0.000000 0.000000 1.000000 1.884512 0.000000 0.000000 0.000000 1.000000
1.000000 0.000000 0.000000 0.001055 0.000000 0.902005 0.000000 0.951152 0.000000 -0.000000 1.000000 1.884512 0.000000 0.000000 0.000000 1.000000
1.000000 0.000000 0.000000 0.001055 0.000000 0.940270 0.000000 0.951152 0.000000 0.000000 1.000000 1.884512 0.000000 0.000000 0.000000 1.000000
1.000000 0.000000 0.000000 0.001055 0.000000 0.969223 -0.000000 0.951152 0.000000 0.000000 1.000000 1.884512 0.000000 0.000000 0.000000 1.000000
1.000000 0.000000 0.000000 0.001055 0.000000 0.987470 0.000000 0.951152 0.000000 0.000000 1.000000 1.884512 0.000000 0.000000 0.000000 1.000000
1.000000 0.000000 0.000000 0.001055 0.000000 0.993883 0.000000 0.951152 0.000000 0.000000 1.000000 1.884512 0.000000 0.000000 0.000000 1.000000
1.000000 0.000000 0.000000 0.001055 0.000000 0.984842 -0.000000 0.951152 0.000000 0.000000 1.000000 1.884512 0.000000 0.000000 0.000000 1.000000
1.000000 0.000000 0.000000 0.001055 0.000000 0.958054 0.000000 0.951152 0.000000 0.000000 1.000000 1.884512 0.000000 0.000000 0.000000 1.000000
1.000000 0.000000 0.000000 0.001055 0.000000 0.913157 0.000000 0.951152 0.000000 -0.000000 1.000000 1.884512 0.000000 0.000000 0.000000 1.000000
1.000000 0.000000 0.000000 0.001055 0.000000 0.850179 0.000000 0.951152 0.000000 0.000000 1.000000 1.884512 0.000000 0.000000 0.000000 1.000000
1.000000 0.000000 0.000000 0.001055 0.000000 0.771012 0.000000 0.951152 0.000000 -0.000000 1.000000 1.884512 0.000000 0.000000 0.000000 1.000000
1.000000 0.000000 0.000000 0.001055 0.000000 0.680062 0.000000 0.951152 0.000000 0.000000 1.000000 1.884512 0.000000 0.000000 0.000000 1.000000
1.000000 0.000000 0.000000 0.001055 0.000000 0.584018 0.000000 0.951152 0.000000 -0.000000 1.000000 1.884512 0.000000 0.000000 0.000000 1.000000
1.000000 0.000000 0.000000 0.001055 0.000000 0.490861 0.000000 0.951152 0.000000 0.000000 1.000000 1.884512 0.000000 0.000000 0.000000 1.000000
1.000000 0.000000 0.000000 0.001055 0.000000 0.408391 0.000000 0.951152 0.000000 0.000000 1.000000 1.884512 0.000000 0.000000 0.000000 1.000000
1.000000 0.000000 0.000000 0.001055 0.000000 0.342651 0.000000 0.951152 0.000000 0.000000 1.000000 1.884512 0.000000 0.000000 0.000000 1.000000
1.000000 0.000000 -0.000000 0.001055 -0.000000 0.296632 0.000000 0.951152 -0.000000 0.000000 1.000000 1.884512 0.000000 0.000000 0.000000 1.000000
1.000000 0.000000 -0.000000 0.001055 0.000000 0.269636 -0.000000 0.951152 0.000000 0.000000 1.000000 1.884512 0.000000 0.000000 0.000000 1.000000
1.000000 -0.000000 -0.000000 0.001055 -0.000000 0.257571 0.000000 0.951152 -0.000000 0.000000 1.000000 1.884512 0.000000 0.000000 0.000000 1.000000
1.000000 0.000000 0.000000 0.001055 0.000000 0.254317 -0.000000 0.951152 0.000000 0.000000 1.000000 1.884512 0.000000 0.000000 0.000000 1.000000
1.000000 -0.000000 -0.000000 0.001055 -0.000000 0.254071 0.000000 0.951152 0.000000 0.000000 1.000000 1.884512 0.000000 0.000000 0.000000 1.000000</float_array><technique_common><accessor source="#uppereye_jnt-Matrix-animation-output-transform-array" count="31" stride="16"><param type="float4x4"/></accessor></technique_common></source><source id="uppereye_jnt-Interpolations"><Name_array id="uppereye_jnt-Interpolations-array" count="31">
 LINEAR LINEAR LINEAR LINEAR LINEAR LINEAR LINEAR LINEAR LINEAR LINEAR LINEAR
LINEAR LINEAR LINEAR LINEAR LINEAR LINEAR LINEAR LINEAR LINEAR LINEAR LINEAR LINEAR
LINEAR LINEAR LINEAR LINEAR LINEAR LINEAR LINEAR LINEAR</Name_array><technique_common><accessor source="#uppereye_jnt-Interpolations-array" count="31"><param type="name"/></accessor></technique_common></source><sampler id="uppereye_jnt-Matrix-animation-transform"><input semantic="INPUT" source="#uppereye_jnt-Matrix-animation-input"/><input semantic="OUTPUT" source="#uppereye_jnt-Matrix-animation-output-transform"/><input semantic="INTERPOLATION" source="#uppereye_jnt-Interpolations"/></sampler><channel source="#uppereye_jnt-Matrix-animation-transform" target="uppereye_jnt/matrix"/></animation></animation>
    <animation id="mouth_jnt-anim" name="mouth_jnt"><animation><source id="mouth_jnt-Matrix-animation-input"><float_array id="mouth_jnt-Matrix-animation-input-array" count="31">

0.000000 0.033333 0.066667 0.100000 0.133333 0.166667 0.200000 0.233333 0.266667 0.300000 0.333333 0.366667 0.400000 0.433333 0.466667 0.500000
0.533333 0.566667 0.600000 0.633333 0.666667 0.700000 0.733333 0.766667 0.800000 0.833333 0.866667 0.900000 0.933333 0.966667 1.000000</float_array><technique_common><accessor source="#mouth_jnt-Matrix-animation-input-array" count="31"><param name="TIME" type="float"/></accessor></technique_common></source><source id="mouth_jnt-Matrix-animation-output-transform"><float_array id="mouth_jnt-Matrix-animation-output-transform-array" count="496">

1.000000 0.000000 0.000000 0.001055 0.000000 1.000000 0.000000 0.731604 0.000000 0.000000 1.000000 0.633476 0.000000 0.000000 0.000000 1.000000
1.000000 0.000000 0.000000 0.001055 0.000000 1.000000 0.000000 0.731604 0.000000 0.000000 1.000000 0.633476 0.000000 0.000000 0.000000 1.000000
1.000000 0.000000 0.000000 0.001055 0.000000 1.000000 0.000000 0.731604 0.000000 0.000000 1.000000 0.633476 0.000000 0.000000 0.000000 1.000000
1.000000 0.000000 0.000000 0.001055 0.000000 1.000000 0.000000 0.731604 0.000000 -0.000000 1.000000 0.633476 0.000000 0.000000 0.000000 1.000000
