<?xml version="1.0" encoding="utf-8"?>
<COLLADA xmlns="http://www.collada.org/2005/11/COLLADASchema" version="1.4.1">
  <asset><contributor><author></author><authoring_tool>FBX COLLADA exporter</authoring_tool><comments></comments></contributor><created>2020-01-31T19:25:14Z</created><keywords></keywords><modified>2020-01-31T19:25:14Z</modified><revision></revision><subject></subject><title></title><unit meter="0.010000" name="centimeter"></unit><up_axis>Y_UP</up_axis></asset>
  <library_animations>
    <animation id="root_jnt-anim" name="root_jnt"><animation><source id="root_jnt-Matrix-animation-input"><float_array id="root_jnt-Matrix-animation-input-array" count="91">

0.000000 0.033333 0.066667 0.100000 0.133333 0.166667 0.200000 0.233333 0.266667 0.300000 0.333333 0.366667 0.400000 0.433333 0.466667 0.500000
0.533333 0.566667 0.600000 0.633333 0.666667 0.700000 0.733333 0.766667 0.800000 0.833333 0.866667 0.900000 0.933333 0.966667 1.000000 1.033333
1.066667 1.100000 1.133333 1.166667 1.200000 1.233333 1.266667 1.300000 1.333333 1.366667 1.400000 1.433333 1.466667 1.500000 1.533333 1.566667
1.600000 1.633333 1.666667 1.700000 1.733333 1.766667 1.800000 1.833333 1.866667 1.900000 1.933333 1.966667 2.000000 2.033333 2.066667 2.100000
2.133333 2.166667 2.200000 2.233333 2.266667 2.300000 2.333333 2.366667 2.400000 2.433333 2.466667 2.500000 2.533333 2.566667 2.600000 2.633333
2.666667 2.700000 2.733333 2.766667 2.800000 2.833333 2.866667 2.900000 2.933333 2.966667 3.000000</float_array><technique_common><accessor source="#root_jnt-Matrix-animation-input-array" count="91"><param name="TIME" type="float"/></accessor></technique_common></source><source id="root_jnt-Matrix-animation-output-transform"><float_array id="root_jnt-Matrix-animation-output-transform-array" count="1456">

1.000000 0.000000 0.000000 0.000000 0.000000 1.000000 0.000000 0.000000 0.000000 0.000000 1.000000 0.000000 0.000000 0.000000 0.000000 1.000000
1.000000 0.000000 0.000000 0.000000 0.000000 1.000000 0.000000 0.000000 0.000000 0.000000 1.000000 0.000000 0.000000 0.000000 0.000000 1.000000
1.000000 0.000000 0.000000 0.000000 0.000000 1.000000 0.000000 0.000000 0.000000 0.000000 1.000000 0.000000 0.000000 0.000000 0.000000 1.000000
1.000000 0.000000 0.000000 0.000000 0.000000 1.000000 0.000000 0.000000 0.000000 0.000000 1.000000 0.000000 0.000000 0.000000 0.000000 1.000000
1.000000 0.000000 0.000000 0.000000 0.000000 1.000000 0.000000 0.000000 0.000000 0.000000 1.000000 0.000000 0.000000 0.000000 0.000000 1.000000
1.000000 0.000000 0.000000 0.000000 0.000000 1.000000 0.000000 0.000000 0.000000 0.000000 1.000000 0.000000 0.000000 0.000000 0.000000 1.000000
1.000000 0.000000 0.000000 0.000000 0.000000 1.000000 0.000000 0.000000 0.000000 0.000000 1.000000 0.000000 0.000000 0.000000 0.000000 1.000000
1.000000 0.000000 0.000000 0.000000 0.000000 1.000000 0.000000 0.000000 0.000000 0.000000 1.000000 0.000000 0.000000 0.000000 0.000000 1.000000
1.000000 0.000000 0.000000 0.000000 0.000000 1.000000 0.000000 0.000000 0.000000 0.000000 1.000000 0.000000 0.000000 0.000000 0.000000 1.000000
1.000000 0.000000 0.000000 0.000000 0.000000 1.000000 0.000000 0.000000 0.000000 0.000000 1.000000 0.000000 0.000000 0.000000 0.000000 1.000000
1.000000 0.000000 0.000000 0.000000 0.000000 1.000000 0.000000 0.000000 0.000000 0.000000 1.000000 0.000000 0.000000 0.000000 0.000000 1.000000
1.000000 0.000000 0.000000 0.000000 0.000000 1.000000 0.000000 0.000000 0.000000 0.000000 1.000000 0.000000 0.000000 0.000000 0.000000 1.000000
1.000000 0.000000 0.000000 0.000000 0.000000 1.000000 0.000000 0.000000 0.000000 0.000000 1.000000 0.000000 0.000000 0.000000 0.000000 1.000000
1.000000 0.000000 0.000000 0.000000 0.000000 1.000000 0.000000 0.000000 0.000000 0.000000 1.000000 0.000000 0.000000 0.000000 0.000000 1.000000
1.000000 0.000000 0.000000 0.000000 0.000000 1.000000 0.000000 0.000000 0.000000 0.000000 1.000000 0.000000 0.000000 0.000000 0.000000 1.000000
1.000000 0.000000 0.000000 0.000000 0.000000 1.000000 0.000000 0.000000 0.000000 0.000000 1.000000 0.000000 0.000000 0.000000 0.000000 1.000000
1.000000 0.000000 0.000000 0.000000 0.000000 1.000000 0.000000 0.000000 0.000000 0.000000 1.000000 0.000000 0.000000 0.000000 0.000000 1.000000
1.000000 0.000000 0.000000 0.000000 0.000000 1.000000 0.000000 0.000000 0.000000 0.000000 1.000000 0.000000 0.000000 0.000000 0.000000 1.000000
1.000000 0.000000 0.000000 0.000000 0.000000 1.000000 0.000000 0.000000 0.000000 0.000000 1.000000 0.000000 0.000000 0.000000 0.000000 1.000000
1.000000 0.000000 0.000000 0.000000 0.000000 1.000000 0.000000 0.000000 0.000000 0.000000 1.000000 0.000000 0.000000 0.000000 0.000000 1.000000
1.000000 0.000000 0.000000 0.000000 0.000000 1.000000 0.000000 0.000000 0.000000 0.000000 1.000000 0.000000 0.000000 0.000000 0.000000 1.000000
1.000000 0.000000 0.000000 0.000000 0.000000 1.000000 0.000000 0.000000 0.000000 0.000000 1.000000 0.000000 0.000000 0.000000 0.000000 1.000000
1.000000 0.000000 0.000000 0.000000 0.000000 1.000000 0.000000 0.000000 0.000000 0.000000 1.000000 0.000000 0.000000 0.000000 0.000000 1.000000
1.000000 0.000000 0.000000 0.000000 0.000000 1.000000 0.000000 0.000000 0.000000 0.000000 1.000000 0.000000 0.000000 0.000000 0.000000 1.000000
1.000000 0.000000 0.000000 0.000000 0.000000 1.000000 0.000000 0.000000 0.000000 0.000000 1.000000 0.000000 0.000000 0.000000 0.000000 1.000000
1.000000 0.000000 0.000000 0.000000 0.000000 1.000000 0.000000 0.000000 0.000000 0.000000 1.000000 0.000000 0.000000 0.000000 0.000000 1.000000
1.000000 0.000000 0.000000 0.000000 0.000000 1.000000 0.000000 0.000000 0.000000 0.000000 1.000000 0.000000 0.000000 0.000000 0.000000 1.000000
1.000000 0.000000 0.000000 0.000000 0.000000 1.000000 0.000000 0.000000 0.000000 0.000000 1.000000 0.000000 0.000000 0.000000 0.000000 1.000000
1.000000 0.000000 0.000000 0.000000 0.000000 1.000000 0.000000 0.000000 0.000000 0.000000 1.000000 0.000000 0.000000 0.000000 0.000000 1.000000
1.000000 0.000000 0.000000 0.000000 0.000000 1.000000 0.000000 0.000000 0.000000 0.000000 1.000000 0.000000 0.000000 0.000000 0.000000 1.000000
1.000000 0.000000 0.000000 0.000000 0.000000 1.000000 0.000000 0.000000 0.000000 0.000000 1.000000 0.000000 0.000000 0.000000 0.000000 1.000000
1.000000 0.000000 0.000000 0.000000 0.000000 1.000000 0.000000 0.000000 0.000000 0.000000 1.000000 0.000000 0.000000 0.000000 0.000000 1.000000
1.000000 0.000000 0.000000 0.000000 0.000000 1.000000 0.000000 0.000000 0.000000 0.000000 1.000000 0.000000 0.000000 0.000000 0.000000 1.000000
1.000000 0.000000 0.000000 0.000000 0.000000 1.000000 0.000000 0.000000 0.000000 0.000000 1.000000 0.000000 0.000000 0.000000 0.000000 1.000000
1.000000 0.000000 0.000000 0.000000 0.000000 1.000000 0.000000 0.000000 0.000000 0.000000 1.000000 0.000000 0.000000 0.000000 0.000000 1.000000
1.000000 0.000000 0.000000 0.000000 0.000000 1.000000 0.000000 0.000000 0.000000 0.000000 1.000000 0.000000 0.000000 0.000000 0.000000 1.000000
1.000000 0.000000 0.000000 0.000000 0.000000 1.000000 0.000000 0.000000 0.000000 0.000000 1.000000 0.000000 0.000000 0.000000 0.000000 1.000000
1.000000 0.000000 0.000000 0.000000 0.000000 1.000000 0.000000 0.000000 0.000000 0.000000 1.000000 0.000000 0.000000 0.000000 0.000000 1.000000
1.000000 0.000000 0.000000 0.000000 0.000000 1.000000 0.000000 0.000000 0.000000 0.000000 1.000000 0.000000 0.000000 0.000000 0.000000 1.000000
1.000000 0.000000 0.000000 0.000000 0.000000 1.000000 0.000000 0.000000 0.000000 0.000000 1.000000 0.000000 0.000000 0.000000 0.000000 1.000000
1.000000 0.000000 0.000000 0.000000 0.000000 1.000000 0.000000 0.000000 0.000000 0.000000 1.000000 0.000000 0.000000 0.000000 0.000000 1.000000
1.000000 0.000000 0.000000 0.000000 0.000000 1.000000 0.000000 0.000000 0.000000 0.000000 1.000000 0.000000 0.000000 0.000000 0.000000 1.000000
1.000000 0.000000 0.000000 0.000000 0.000000 1.000000 0.000000 0.000000 0.000000 0.000000 1.000000 0.000000 0.000000 0.000000 0.000000 1.000000
1.000000 0.000000 0.000000 0.000000 0.000000 1.000000 0.000000 0.000000 0.000000 0.000000 1.000000 0.000000 0.000000 0.000000 0.000000 1.000000
1.000000 0.000000 0.000000 0.000000 0.000000 1.000000 0.000000 0.000000 0.000000 0.000000 1.000000 0.000000 0.000000 0.000000 0.000000 1.000000
1.000000 0.000000 0.000000 0.000000 0.000000 1.000000 0.000000 0.000000 0.000000 0.000000 1.000000 0.000000 0.000000 0.000000 0.000000 1.000000
1.000000 0.000000 0.000000 0.000000 0.000000 1.000000 0.000000 0.000000 0.000000 0.000000 1.000000 0.000000 0.000000 0.000000 0.000000 1.000000
1.000000 0.000000 0.000000 0.000000 0.000000 1.000000 0.000000 0.000000 0.000000 0.000000 1.000000 0.000000 0.000000 0.000000 0.000000 1.000000
1.000000 0.000000 0.000000 0.000000 0.000000 1.000000 0.000000 0.000000 0.000000 0.000000 1.000000 0.000000 0.000000 0.000000 0.000000 1.000000
1.000000 0.000000 0.000000 0.000000 0.000000 1.000000 0.000000 0.000000 0.000000 0.000000 1.000000 0.000000 0.000000 0.000000 0.000000 1.000000
1.000000 0.000000 0.000000 0.000000 0.000000 1.000000 0.000000 0.000000 0.000000 0.000000 1.000000 0.000000 0.000000 0.000000 0.000000 1.000000
1.000000 0.000000 0.000000 0.000000 0.000000 1.000000 0.000000 0.000000 0.000000 0.000000 1.000000 0.000000 0.000000 0.000000 0.000000 1.000000
1.000000 0.000000 0.000000 0.000000 0.000000 1.000000 0.000000 0.000000 0.000000 0.000000 1.000000 0.000000 0.000000 0.000000 0.000000 1.000000
1.000000 0.000000 0.000000 0.000000 0.000000 1.000000 0.000000 0.000000 0.000000 0.000000 1.000000 0.000000 0.000000 0.000000 0.000000 1.000000
1.000000 0.000000 0.000000 0.000000 0.000000 1.000000 0.000000 0.000000 0.000000 0.000000 1.000000 0.000000 0.000000 0.000000 0.000000 1.000000
1.000000 0.000000 0.000000 0.000000 0.000000 1.000000 0.000000 0.000000 0.000000 0.000000 1.000000 0.000000 0.000000 0.000000 0.000000 1.000000
1.000000 0.000000 0.000000 0.000000 0.000000 1.000000 0.000000 0.000000 0.000000 0.000000 1.000000 0.000000 0.000000 0.000000 0.000000 1.000000
1.000000 0.000000 0.000000 0.000000 0.000000 1.000000 0.000000 0.000000 0.000000 0.000000 1.000000 0.000000 0.000000 0.000000 0.000000 1.000000
1.000000 0.000000 0.000000 0.000000 0.000000 1.000000 0.000000 0.000000 0.000000 0.000000 1.000000 0.000000 0.000000 0.000000 0.000000 1.000000
1.000000 0.000000 0.000000 0.000000 0.000000 1.000000 0.000000 0.000000 0.000000 0.000000 1.000000 0.000000 0.000000 0.000000 0.000000 1.000000
1.000000 0.000000 0.000000 0.000000 0.000000 1.000000 0.000000 0.000000 0.000000 0.000000 1.000000 0.000000 0.000000 0.000000 0.000000 1.000000
1.000000 0.000000 0.000000 0.000000 0.000000 1.000000 0.000000 0.000000 0.000000 0.000000 1.000000 0.000000 0.000000 0.000000 0.000000 1.000000
1.000000 0.000000 0.000000 0.000000 0.000000 1.000000 0.000000 0.000000 0.000000 0.000000 1.000000 0.000000 0.000000 0.000000 0.000000 1.000000
1.000000 0.000000 0.000000 0.000000 0.000000 1.000000 0.000000 0.000000 0.000000 0.000000 1.000000 0.000000 0.000000 0.000000 0.000000 1.000000
1.000000 0.000000 0.000000 0.000000 0.000000 1.000000 0.000000 0.000000 0.000000 0.000000 1.000000 0.000000 0.000000 0.000000 0.000000 1.000000
1.000000 0.000000 0.000000 0.000000 0.000000 1.000000 0.000000 0.000000 0.000000 0.000000 1.000000 0.000000 0.000000 0.000000 0.000000 1.000000
1.000000 0.000000 0.000000 0.000000 0.000000 1.000000 0.000000 0.000000 0.000000 0.000000 1.000000 0.000000 0.000000 0.000000 0.000000 1.000000
1.000000 0.000000 0.000000 0.000000 0.000000 1.000000 0.000000 0.000000 0.000000 0.000000 1.000000 0.000000 0.000000 0.000000 0.000000 1.000000
1.000000 0.000000 0.000000 0.000000 0.000000 1.000000 0.000000 0.000000 0.000000 0.000000 1.000000 0.000000 0.000000 0.000000 0.000000 1.000000
1.000000 0.000000 0.000000 0.000000 0.000000 1.000000 0.000000 0.000000 0.000000 0.000000 1.000000 0.000000 0.000000 0.000000 0.000000 1.000000
1.000000 0.000000 0.000000 0.000000 0.000000 1.000000 0.000000 0.000000 0.000000 0.000000 1.000000 0.000000 0.000000 0.000000 0.000000 1.000000
1.000000 0.000000 0.000000 0.000000 0.000000 1.000000 0.000000 0.000000 0.000000 0.000000 1.000000 0.000000 0.000000 0.000000 0.000000 1.000000
1.000000 0.000000 0.000000 0.000000 0.000000 1.000000 0.000000 0.000000 0.000000 0.000000 1.000000 0.000000 0.000000 0.000000 0.000000 1.000000
1.000000 0.000000 0.000000 0.000000 0.000000 1.000000 0.000000 0.000000 0.000000 0.000000 1.000000 0.000000 0.000000 0.000000 0.000000 1.000000
1.000000 0.000000 0.000000 0.000000 0.000000 1.000000 0.000000 0.000000 0.000000 0.000000 1.000000 0.000000 0.000000 0.000000 0.000000 1.000000
1.000000 0.000000 0.000000 0.000000 0.000000 1.000000 0.000000 0.000000 0.000000 0.000000 1.000000 0.000000 0.000000 0.000000 0.000000 1.000000
1.000000 0.000000 0.000000 0.000000 0.000000 1.000000 0.000000 0.000000 0.000000 0.000000 1.000000 0.000000 0.000000 0.000000 0.000000 1.000000
1.000000 0.000000 0.000000 0.000000 0.000000 1.000000 0.000000 0.000000 0.000000 0.000000 1.000000 0.000000 0.000000 0.000000 0.000000 1.000000
1.000000 0.000000 0.000000 0.000000 0.000000 1.000000 0.000000 0.000000 0.000000 0.000000 1.000000 0.000000 0.000000 0.000000 0.000000 1.000000
1.000000 0.000000 0.000000 0.000000 0.000000 1.000000 0.000000 0.000000 0.000000 0.000000 1.000000 0.000000 0.000000 0.000000 0.000000 1.000000
1.000000 0.000000 0.000000 0.000000 0.000000 1.000000 0.000000 0.000000 0.000000 0.000000 1.000000 0.000000 0.000000 0.000000 0.000000 1.000000
1.000000 0.000000 0.000000 0.000000 0.000000 1.000000 0.000000 0.000000 0.000000 0.000000 1.000000 0.000000 0.000000 0.000000 0.000000 1.000000
1.000000 0.000000 0.000000 0.000000 0.000000 1.000000 0.000000 0.000000 0.000000 0.000000 1.000000 0.000000 0.000000 0.000000 0.000000 1.000000
1.000000 0.000000 0.000000 0.000000 0.000000 1.000000 0.000000 0.000000 0.000000 0.000000 1.000000 0.000000 0.000000 0.000000 0.000000 1.000000
1.000000 0.000000 0.000000 0.000000 0.000000 1.000000 0.000000 0.000000 0.000000 0.000000 1.000000 0.000000 0.000000 0.000000 0.000000 1.000000
1.000000 0.000000 0.000000 0.000000 0.000000 1.000000 0.000000 0.000000 0.000000 0.000000 1.000000 0.000000 0.000000 0.000000 0.000000 1.000000
1.000000 0.000000 0.000000 0.000000 0.000000 1.000000 0.000000 0.000000 0.000000 0.000000 1.000000 0.000000 0.000000 0.000000 0.000000 1.000000
1.000000 0.000000 0.000000 0.000000 0.000000 1.000000 0.000000 0.000000 0.000000 0.000000 1.000000 0.000000 0.000000 0.000000 0.000000 1.000000
1.000000 0.000000 0.000000 0.000000 0.000000 1.000000 0.000000 0.000000 0.000000 0.000000 1.000000 0.000000 0.000000 0.000000 0.000000 1.000000
1.000000 0.000000 0.000000 0.000000 0.000000 1.000000 0.000000 0.000000 0.000000 0.000000 1.000000 0.000000 0.000000 0.000000 0.000000 1.000000
1.000000 0.000000 0.000000 0.000000 0.000000 1.000000 0.000000 0.000000 0.000000 0.000000 1.000000 0.000000 0.000000 0.000000 0.000000 1.000000</float_array><technique_common><accessor source="#root_jnt-Matrix-animation-output-transform-array" count="91" stride="16"><param type="float4x4"/></accessor></technique_common></source><source id="root_jnt-Interpolations"><Name_array id="root_jnt-Interpolations-array" count="91">
 LINEAR LINEAR LINEAR LINEAR LINEAR LINEAR LINEAR LINEAR LINEAR LINEAR LINEAR
LINEAR LINEAR LINEAR LINEAR LINEAR LINEAR LINEAR LINEAR LINEAR LINEAR LINEAR LINEAR
LINEAR LINEAR LINEAR LINEAR LINEAR LINEAR LINEAR LINEAR LINEAR LINEAR LINEAR LINEAR
LINEAR LINEAR LINEAR LINEAR LINEAR LINEAR LINEAR LINEAR LINEAR LINEAR LINEAR LINEAR
LINEAR LINEAR LINEAR LINEAR LINEAR LINEAR LINEAR LINEAR LINEAR LINEAR LINEAR LINEAR
LINEAR LINEAR LINEAR LINEAR LINEAR LINEAR LINEAR LINEAR LINEAR LINEAR LINEAR LINEAR
LINEAR LINEAR LINEAR LINEAR LINEAR LINEAR LINEAR LINEAR LINEAR LINEAR LINEAR LINEAR
LINEAR LINEAR LINEAR LINEAR LINEAR LINEAR LINEAR LINEAR</Name_array><technique_common><accessor source="#root_jnt-Interpolations-array" count="91"><param type="name"/></accessor></technique_common></source><sampler id="root_jnt-Matrix-animation-transform"><input semantic="INPUT" source="#root_jnt-Matrix-animation-input"/><input semantic="OUTPUT" source="#root_jnt-Matrix-animation-output-transform"/><input semantic="INTERPOLATION" source="#root_jnt-Interpolations"/></sampler><channel source="#root_jnt-Matrix-animation-transform" target="root_jnt/matrix"/></animation></animation>
    <animation id="neck01_jnt-anim" name="neck01_jnt"><animation><source id="neck01_jnt-Matrix-animation-input"><float_array id="neck01_jnt-Matrix-animation-input-array" count="91">

0.000000 0.033333 0.066667 0.100000 0.133333 0.166667 0.200000 0.233333 0.266667 0.300000 0.333333 0.366667 0.400000 0.433333 0.466667 0.500000
0.533333 0.566667 0.600000 0.633333 0.666667 0.700000 0.733333 0.766667 0.800000 0.833333 0.866667 0.900000 0.933333 0.966667 1.000000 1.033333
1.066667 1.100000 1.133333 1.166667 1.200000 1.233333 1.266667 1.300000 1.333333 1.366667 1.400000 1.433333 1.466667 1.500000 1.533333 1.566667
1.600000 1.633333 1.666667 1.700000 1.733333 1.766667 1.800000 1.833333 1.866667 1.900000 1.933333 1.966667 2.000000 2.033333 2.066667 2.100000
2.133333 2.166667 2.200000 2.233333 2.266667 2.300000 2.333333 2.366667 2.400000 2.433333 2.466667 2.500000 2.533333 2.566667 2.600000 2.633333
2.666667 2.700000 2.733333 2.766667 2.800000 2.833333 2.866667 2.900000 2.933333 2.966667 3.000000</float_array><technique_common><accessor source="#neck01_jnt-Matrix-animation-input-array" count="91"><param name="TIME" type="float"/></accessor></technique_common></source><source id="neck01_jnt-Matrix-animation-output-transform"><float_array id="neck01_jnt-Matrix-animation-output-transform-array" count="1456">

0.999281 -0.009201 0.036777 -2.204408 0.012720 0.995239 -0.096629 2.933696 -0.035713 0.097027 0.994641 -0.589548 0.000000 0.000000 0.000000 1.000000
0.999281 -0.009201 0.036777 -2.204408 0.012720 0.995239 -0.096629 2.933696 -0.035713 0.097027 0.994641 -0.589548 0.000000 0.000000 0.000000 1.000000
0.999281 -0.009201 0.036777 -2.204408 0.012720 0.995239 -0.096629 2.933696 -0.035713 0.097027 0.994641 -0.589548 0.000000 0.000000 0.000000 1.000000
0.999281 -0.009201 0.036777 -2.204408 0.012720 0.995239 -0.096629 2.933696 -0.035713 0.097027 0.994641 -0.589548 0.000000 0.000000 0.000000 1.000000
0.999281 -0.009201 0.036777 -2.204408 0.012720 0.995239 -0.096629 2.933696 -0.035713 0.097027 0.994641 -0.589548 0.000000 0.000000 0.000000 1.000000
0.999281 -0.009201 0.036777 -2.204408 0.012720 0.995239 -0.096629 2.933696 -0.035713 0.097027 0.994641 -0.589548 0.000000 0.000000 0.000000 1.000000
0.999281 -0.009201 0.036777 -2.204408 0.012720 0.995239 -0.096629 2.933696 -0.035713 0.097027 0.994641 -0.589548 0.000000 0.000000 0.000000 1.000000
0.999281 -0.009201 0.036777 -2.204408 0.012720 0.995239 -0.096629 2.933696 -0.035713 0.097027 0.994641 -0.589548 0.000000 0.000000 0.000000 1.000000
0.999281 -0.009201 0.036777 -2.204408 0.012720 0.995239 -0.096629 2.933696 -0.035713 0.097027 0.994641 -0.589548 0.000000 0.000000 0.000000 1.000000
0.999281 -0.009201 0.036777 -2.204408 0.012720 0.995239 -0.096629 2.933696 -0.035713 0.097027 0.994641 -0.589548 0.000000 0.000000 0.000000 1.000000
0.999281 -0.009201 0.036777 -2.204408 0.012720 0.995239 -0.096629 2.933696 -0.035713 0.097027 0.994641 -0.589548 0.000000 0.000000 0.000000 1.000000
0.999281 -0.009201 0.036777 -2.204408 0.012720 0.995239 -0.096629 2.933696 -0.035713 0.097027 0.994641 -0.589548 0.000000 0.000000 0.000000 1.000000
0.999281 -0.009201 0.036777 -2.204408 0.012720 0.995239 -0.096629 2.933696 -0.035713 0.097027 0.994641 -0.589548 0.000000 0.000000 0.000000 1.000000
0.999281 -0.009201 0.036777 -2.204408 0.012720 0.995239 -0.096629 2.933696 -0.035713 0.097027 0.994641 -0.589548 0.000000 0.000000 0.000000 1.000000
0.999281 -0.009201 0.036777 -2.204408 0.012720 0.995239 -0.096629 2.933696 -0.035713 0.097027 0.994641 -0.589548 0.000000 0.000000 0.000000 1.000000
0.999281 -0.009201 0.036777 -2.204408 0.012720 0.995239 -0.096629 2.933696 -0.035713 0.097027 0.994641 -0.589548 0.000000 0.000000 0.000000 1.000000
0.999281 -0.009201 0.036777 -2.204408 0.012720 0.995239 -0.096629 2.933696 -0.035713 0.097027 0.994641 -0.589548 0.000000 0.000000 0.000000 1.000000
0.999281 -0.009201 0.036777 -2.204408 0.012720 0.995239 -0.096629 2.933696 -0.035713 0.097027 0.994641 -0.589548 0.000000 0.000000 0.000000 1.000000
0.999281 -0.009201 0.036777 -2.204408 0.012720 0.995239 -0.096629 2.933696 -0.035713 0.097027 0.994641 -0.589548 0.000000 0.000000 0.000000 1.000000
0.999281 -0.009201 0.036777 -2.204408 0.012720 0.995239 -0.096629 2.933696 -0.035713 0.097027 0.994641 -0.589548 0.000000 0.000000 0.000000 1.000000
0.999281 -0.009201 0.036777 -2.204408 0.012720 0.995239 -0.096629 2.933696 -0.035713 0.097027 0.994641 -0.589548 0.000000 0.000000 0.000000 1.000000
0.999281 -0.009201 0.036777 -2.204408 0.012720 0.995239 -0.096629 2.933696 -0.035713 0.097027 0.994641 -0.589548 0.000000 0.000000 0.000000 1.000000
0.999281 -0.009201 0.036777 -2.204408 0.012720 0.995239 -0.096629 2.933696 -0.035713 0.097027 0.994641 -0.589548 0.000000 0.000000 0.000000 1.000000
0.999281 -0.009201 0.036777 -2.204408 0.012720 0.995239 -0.096629 2.933696 -0.035713 0.097027 0.994641 -0.589548 0.000000 0.000000 0.000000 1.000000
0.999281 -0.009201 0.036777 -2.204408 0.012720 0.995239 -0.096629 2.933696 -0.035713 0.097027 0.994641 -0.589548 0.000000 0.000000 0.000000 1.000000
0.999257 -0.008219 0.037667 -2.204408 0.011913 0.995023 -0.098931 2.933696 -0.036666 0.099306 0.994381 -0.589548 0.000000 0.000000 0.000000 1.000000
0.999175 -0.005338 0.040270 -2.204408 0.009564 0.994374 -0.105494 2.933696 -0.039480 0.105792 0.993604 -0.589548 0.000000 0.000000 0.000000 1.000000
0.999007 -0.000581 0.044544 -2.204408 0.005739 0.993259 -0.115771 2.933696 -0.044177 0.115912 0.992277 -0.589548 0.000000 0.000000 0.000000 1.000000
0.998706 0.006095 0.050489 -2.204408 0.000480 0.991619 -0.129198 2.933696 -0.050854 0.129055 0.990333 -0.589548 0.000000 0.000000 0.000000 1.000000
0.998201 0.014760 0.058112 -2.204408 -0.006176 0.989381 -0.145214 2.933696 -0.059638 0.144593 0.987692 -0.589548 0.000000 0.000000 0.000000 1.000000
0.997401 0.025478 0.067396 -2.204408 -0.014166 0.986478 -0.163282 2.933696 -0.070645 0.161903 0.984275 -0.589548 0.000000 0.000000 0.000000 1.000000
0.996196 0.038273 0.078281 -2.204408 -0.023388 0.982853 -0.182899 2.933696 -0.083939 0.180373 0.980010 -0.589548 0.000000 0.000000 0.000000 1.000000
0.994466 0.053109 0.090646 -2.204408 -0.033697 0.978475 -0.203594 2.933696 -0.099508 0.199412 0.974850 -0.589548 0.000000 0.000000 0.000000 1.000000
0.992088 0.069869 0.104308 -2.204408 -0.044900 0.973341 -0.224924 2.933696 -0.117242 0.218461 0.968777 -0.589548 0.000000 0.000000 0.000000 1.000000
0.988955 0.088344 0.119014 -2.204408 -0.056765 0.967487 -0.246469 2.933696 -0.136918 0.236991 0.961815 -0.589548 0.000000 0.000000 0.000000 1.000000
0.984992 0.108229 0.134455 -2.204408 -0.069034 0.960993 -0.267820 2.933696 -0.158196 0.254519 0.954041 -0.589548 0.000000 0.000000 0.000000 1.000000
0.980177 0.129124 0.150269 -2.204408 -0.081434 0.953989 -0.288571 2.933696 -0.180616 0.270614 0.945593 -0.589548 0.000000 0.000000 0.000000 1.000000
0.974559 0.150536 0.166051 -2.204408 -0.093696 0.946661 -0.308309 2.933696 -0.203605 0.284907 0.936682 -0.589548 0.000000 0.000000 0.000000 1.000000
0.968276 0.171894 0.181365 -2.204408 -0.105563 0.939244 -0.326614 2.933696 -0.226489 0.297107 0.927594 -0.589548 0.000000 0.000000 0.000000 1.000000
0.961563 0.192551 0.195757 -2.204408 -0.116802 0.932033 -0.343032 2.933696 -0.248503 0.306982 0.918699 -0.589548 0.000000 0.000000 0.000000 1.000000
0.954755 0.211807 0.208760 -2.204408 -0.127203 0.925361 -0.357109 2.933696 -0.268816 0.314396 0.910435 -0.589548 0.000000 0.000000 0.000000 1.000000
0.948280 0.228922 0.219911 -2.204408 -0.136575 0.919599 -0.368354 2.933696 -0.286554 0.319269 0.903302 -0.589548 0.000000 0.000000 0.000000 1.000000
0.942629 0.243140 0.228764 -2.204408 -0.144737 0.915140 -0.376257 2.933696 -0.300834 0.321560 0.897829 -0.589548 0.000000 0.000000 0.000000 1.000000
0.938319 0.253719 0.234913 -2.204408 -0.151500 0.912379 -0.380280 2.933696 -0.310814 0.321234 0.894541 -0.589548 0.000000 0.000000 0.000000 1.000000
0.935363 0.261010 0.238685 -2.204408 -0.156885 0.910999 -0.381403 2.933696 -0.316992 0.319304 0.893063 -0.589548 0.000000 0.000000 0.000000 1.000000
0.933426 0.265970 0.240780 -2.204408 -0.161104 0.910394 -0.381088 2.933696 -0.320563 0.316927 0.892635 -0.589548 0.000000 0.000000 0.000000 1.000000
0.932452 0.268817 0.241393 -2.204408 -0.164244 0.910497 -0.379498 2.933696 -0.321803 0.314216 0.893147 -0.589548 0.000000 0.000000 0.000000 1.000000
0.932345 0.269792 0.240716 -2.204408 -0.166401 0.911230 -0.376790 2.933696 -0.321003 0.311243 0.894475 -0.589548 0.000000 0.000000 0.000000 1.000000
0.932989 0.269145 0.238942 -2.204408 -0.167679 0.912506 -0.373118 2.933696 -0.318459 0.308049 0.896487 -0.589548 0.000000 0.000000 0.000000 1.000000
0.934251 0.267131 0.236256 -2.204408 -0.168188 0.914236 -0.368627 2.933696 -0.314465 0.304655 0.899054 -0.589548 0.000000 0.000000 0.000000 1.000000
0.935996 0.264005 0.232836 -2.204408 -0.168044 0.916329 -0.363458 2.933696 -0.309309 0.301068 0.902045 -0.589548 0.000000 0.000000 0.000000 1.000000
0.938091 0.260017 0.228858 -2.204408 -0.167367 0.918699 -0.357744 2.933696 -0.303271 0.297293 0.905342 -0.589548 0.000000 0.000000 0.000000 1.000000
0.940410 0.255412 0.224486 -2.204408 -0.166278 0.921261 -0.351610 2.933696 -0.296615 0.293331 0.908832 -0.589548 0.000000 0.000000 0.000000 1.000000
0.942836 0.250426 0.219878 -2.204408 -0.164907 0.923936 -0.345177 2.933696 -0.289595 0.289186 0.912418 -0.589548 0.000000 0.000000 0.000000 1.000000
0.945267 0.245283 0.215188 -2.204408 -0.163383 0.926654 -0.338553 2.933696 -0.282447 0.284865 0.916011 -0.589548 0.000000 0.000000 0.000000 1.000000
0.947611 0.240203 0.210561 -2.204408 -0.161838 0.929349 -0.331843 2.933696 -0.275394 0.280381 0.919535 -0.589548 0.000000 0.000000 0.000000 1.000000
0.949789 0.235393 0.206135 -2.204408 -0.160409 0.931962 -0.325141 2.933696 -0.268646 0.275749 0.922926 -0.589548 0.000000 0.000000 0.000000 1.000000
0.951732 0.231052 0.202043 -2.204408 -0.159233 0.934441 -0.318535 2.933696 -0.262396 0.270988 0.926129 -0.589548 0.000000 0.000000 0.000000 1.000000
0.953380 0.227372 0.198413 -2.204408 -0.158450 0.936741 -0.312104 2.933696 -0.256825 0.266115 0.929098 -0.589548 0.000000 0.000000 0.000000 1.000000
0.954680 0.224539 0.195366 -2.204408 -0.158205 0.938820 -0.305921 2.933696 -0.252105 0.261148 0.931796 -0.589548 0.000000 0.000000 0.000000 1.000000
0.955580 0.222732 0.193021 -2.204408 -0.158642 0.940640 -0.300048 2.933696 -0.248394 0.256099 0.934192 -0.589548 0.000000 0.000000 0.000000 1.000000
0.956028 0.222131 0.191492 -2.204408 -0.159913 0.942164 -0.294543 2.933696 -0.245843 0.250969 0.936256 -0.589548 0.000000 0.000000 0.000000 1.000000
0.955966 0.222913 0.190889 -2.204408 -0.162174 0.943354 -0.289451 2.933696 -0.244598 0.245748 0.937966 -0.589548 0.000000 0.000000 0.000000 1.000000
0.955330 0.225255 0.191322 -2.204408 -0.165586 0.944173 -0.284812 2.933696 -0.244796 0.240409 0.939297 -0.589548 0.000000 0.000000 0.000000 1.000000
0.954042 0.229338 0.192895 -2.204408 -0.170318 0.944577 -0.280654 2.933696 -0.246569 0.234902 0.940226 -0.589548 0.000000 0.000000 0.000000 1.000000
0.952004 0.235340 0.195712 -2.204408 -0.176544 0.944514 -0.276994 2.933696 -0.250040 0.229148 0.940729 -0.589548 0.000000 0.000000 0.000000 1.000000
0.950797 0.239042 0.197090 -2.204408 -0.181373 0.945213 -0.271433 2.933696 -0.251176 0.222331 0.942061 -0.589548 0.000000 0.000000 0.000000 1.000000
0.951963 0.236488 0.194526 -2.204408 -0.181930 0.947787 -0.261918 2.933696 -0.246310 0.213946 0.945282 -0.589548 0.000000 0.000000 0.000000 1.000000
0.955159 0.228420 0.188405 -2.204408 -0.178508 0.951891 -0.249076 2.933696 -0.236235 0.204275 0.949981 -0.589548 0.000000 0.000000 0.000000 1.000000
0.959876 0.215738 0.179150 -2.204408 -0.171508 0.957083 -0.233616 2.933696 -0.221862 0.193517 0.955682 -0.589548 0.000000 0.000000 0.000000 1.000000
0.965537 0.199429 0.167232 -2.204408 -0.161424 0.962895 -0.216278 2.933696 -0.204159 0.181829 0.961903 -0.589548 0.000000 0.000000 0.000000 1.000000
0.971573 0.180511 0.153171 -2.204408 -0.148830 0.968882 -0.197779 2.933696 -0.184106 0.169360 0.968206 -0.589548 0.000000 0.000000 0.000000 1.000000
0.977492 0.159979 0.137539 -2.204408 -0.134363 0.974673 -0.178771 2.933696 -0.162655 0.156267 0.974230 -0.589548 0.000000 0.000000 0.000000 1.000000
0.982912 0.138768 0.120940 -2.204408 -0.118692 0.979986 -0.159811 2.933696 -0.140696 0.142725 0.979711 -0.589548 0.000000 0.000000 0.000000 1.000000
0.987587 0.117559 0.104172 -2.204408 -0.102486 0.984859 -0.139816 2.933696 -0.119031 0.127405 0.984682 -0.589548 0.000000 0.000000 0.000000 1.000000
0.991395 0.097034 0.087861 -2.204408 -0.086384 0.989271 -0.117815 2.933696 -0.098351 0.109212 0.989141 -0.589548 0.000000 0.000000 0.000000 1.000000
0.994329 0.077928 0.072365 -2.204408 -0.070955 0.993004 -0.094380 2.933696 -0.079213 0.088710 0.992903 -0.589548 0.000000 0.000000 0.000000 1.000000
0.996464 0.060781 0.058018 -2.204408 -0.056672 0.995935 -0.070013 2.933696 -0.062037 0.066477 0.995858 -0.589548 0.000000 0.000000 0.000000 1.000000
0.997926 0.045932 0.045109 -2.204408 -0.043895 0.998015 -0.045161 2.933696 -0.047094 0.043087 0.997961 -0.589548 0.000000 0.000000 0.000000 1.000000
0.998864 0.033527 0.033857 -2.204408 -0.032854 0.999255 -0.020236 2.933696 -0.034510 0.019101 0.999222 -0.589548 0.000000 0.000000 0.000000 1.000000
0.999425 0.023543 0.024389 -2.204408 -0.023656 0.999711 0.004374 2.933696 -0.024279 -0.004948 0.999693 -0.589548 0.000000 0.000000 0.000000 1.000000
0.999735 0.015820 0.016735 -2.204408 -0.016289 0.999467 0.028294 2.933696 -0.016279 -0.028559 0.999460 -0.589548 0.000000 0.000000 0.000000 1.000000
0.999890 0.010099 0.010825 -2.204408 -0.010641 0.998634 0.051160 2.933696 -0.010293 -0.051269 0.998632 -0.589548 0.000000 0.000000 0.000000 1.000000
0.999960 0.006064 0.006501 -2.204408 -0.006521 0.997339 0.072615 2.933696 -0.006044 -0.072654 0.997339 -0.589548 0.000000 0.000000 0.000000 1.000000
0.999988 0.003376 0.003541 -2.204408 -0.003689 0.995723 0.092312 2.933696 -0.003215 -0.092324 0.995724 -0.589548 0.000000 0.000000 0.000000 1.000000
0.999997 0.001705 0.001681 -2.204408 -0.001880 0.993939 0.109914 2.933696 -0.001483 -0.109917 0.993940 -0.589548 0.000000 0.000000 0.000000 1.000000
1.000000 0.000755 0.000642 -2.204408 -0.000829 0.992145 0.125091 2.933696 -0.000542 -0.125091 0.992145 -0.589548 0.000000 0.000000 0.000000 1.000000
1.000000 0.000277 0.000160 -2.204408 -0.000296 0.990500 0.137513 2.933696 -0.000120 -0.137513 0.990500 -0.589548 0.000000 0.000000 0.000000 1.000000
1.000000 0.000076 0.000003 -2.204408 -0.000075 0.989159 0.146846 2.933696 0.000008 -0.146846 0.989159 -0.589548 0.000000 0.000000 0.000000 1.000000
1.000000 0.000012 -0.000010 -2.204408 -0.000010 0.988267 0.152733 2.933696 0.000012 -0.152733 0.988267 -0.589548 0.000000 0.000000 0.000000 1.000000
1.000000 0.000000 0.000000 -2.204408 0.000000 0.987948 0.154789 2.933696 0.000000 -0.154789 0.987948 -0.589548 0.000000 0.000000 0.000000 1.000000</float_array><technique_common><accessor source="#neck01_jnt-Matrix-animation-output-transform-array" count="91" stride="16"><param type="float4x4"/></accessor></technique_common></source><source id="neck01_jnt-Interpolations"><Name_array id="neck01_jnt-Interpolations-array" count="91">
 LINEAR LINEAR LINEAR LINEAR LINEAR LINEAR LINEAR LINEAR LINEAR LINEAR LINEAR
LINEAR LINEAR LINEAR LINEAR LINEAR LINEAR LINEAR LINEAR LINEAR LINEAR LINEAR LINEAR
LINEAR LINEAR LINEAR LINEAR LINEAR LINEAR LINEAR LINEAR LINEAR LINEAR LINEAR LINEAR
LINEAR LINEAR LINEAR LINEAR LINEAR LINEAR LINEAR LINEAR LINEAR LINEAR LINEAR LINEAR
LINEAR LINEAR LINEAR LINEAR LINEAR LINEAR LINEAR LINEAR LINEAR LINEAR LINEAR LINEAR
LINEAR LINEAR LINEAR LINEAR LINEAR LINEAR LINEAR LINEAR LINEAR LINEAR LINEAR LINEAR
LINEAR LINEAR LINEAR LINEAR LINEAR LINEAR LINEAR LINEAR LINEAR LINEAR LINEAR LINEAR
LINEAR LINEAR LINEAR LINEAR LINEAR LINEAR LINEAR LINEAR</Name_array><technique_common><accessor source="#neck01_jnt-Interpolations-array" count="91"><param type="name"/></accessor></technique_common></source><sampler id="neck01_jnt-Matrix-animation-transform"><input semantic="INPUT" source="#neck01_jnt-Matrix-animation-input"/><input semantic="OUTPUT" source="#neck01_jnt-Matrix-animation-output-transform"/><input semantic="INTERPOLATION" source="#neck01_jnt-Interpolations"/></sampler><channel source="#neck01_jnt-Matrix-animation-transform" target="neck01_jnt/matrix"/></animation></animation>
    <animation id="neck02_jnt-anim" name="neck02_jnt"><animation><source id="neck02_jnt-Matrix-animation-input"><float_array id="neck02_jnt-Matrix-animation-input-array" count="91">

0.000000 0.033333 0.066667 0.100000 0.133333 0.166667 0.200000 0.233333 0.266667 0.300000 0.333333 0.366667 0.400000 0.433333 0.466667 0.500000
0.533333 0.566667 0.600000 0.633333 0.666667 0.700000 0.733333 0.766667 0.800000 0.833333 0.866667 0.900000 0.933333 0.966667 1.000000 1.033333
1.066667 1.100000 1.133333 1.166667 1.200000 1.233333 1.266667 1.300000 1.333333 1.366667 1.400000 1.433333 1.466667 1.500000 1.533333 1.566667
1.600000 1.633333 1.666667 1.700000 1.733333 1.766667 1.800000 1.833333 1.866667 1.900000 1.933333 1.966667 2.000000 2.033333 2.066667 2.100000
2.133333 2.166667 2.200000 2.233333 2.266667 2.300000 2.333333 2.366667 2.400000 2.433333 2.466667 2.500000 2.533333 2.566667 2.600000 2.633333
2.666667 2.700000 2.733333 2.766667 2.800000 2.833333 2.866667 2.900000 2.933333 2.966667 3.000000</float_array><technique_common><accessor source="#neck02_jnt-Matrix-animation-input-array" count="91"><param name="TIME" type="float"/></accessor></technique_common></source><source id="neck02_jnt-Matrix-animation-output-transform"><float_array id="neck02_jnt-Matrix-animation-output-transform-array" count="1456">

0.999985 -0.001590 -0.005181 -0.006357 -0.003778 0.480994 -0.876716 -1.778614 0.003886 0.876722 0.480981 0.674803 0.000000 0.000000 0.000000 1.000000
0.999985 -0.001590 -0.005181 -0.006357 -0.003778 0.480994 -0.876716 -1.778614 0.003886 0.876722 0.480981 0.674803 0.000000 0.000000 0.000000 1.000000
0.999985 -0.001590 -0.005181 -0.006357 -0.003778 0.480994 -0.876716 -1.778614 0.003886 0.876722 0.480981 0.674803 0.000000 0.000000 0.000000 1.000000
0.999985 -0.001590 -0.005181 -0.006357 -0.003778 0.480994 -0.876716 -1.778614 0.003886 0.876722 0.480981 0.674803 0.000000 0.000000 0.000000 1.000000
0.999985 -0.001590 -0.005181 -0.006357 -0.003778 0.480994 -0.876716 -1.778614 0.003886 0.876722 0.480981 0.674803 0.000000 0.000000 0.000000 1.000000
0.999985 -0.001590 -0.005181 -0.006357 -0.003778 0.480994 -0.876716 -1.778614 0.003886 0.876722 0.480981 0.674803 0.000000 0.000000 0.000000 1.000000
0.999985 -0.001590 -0.005181 -0.006357 -0.003778 0.480994 -0.876716 -1.778614 0.003886 0.876722 0.480981 0.674803 0.000000 0.000000 0.000000 1.000000
0.999985 -0.001590 -0.005181 -0.006357 -0.003778 0.480994 -0.876716 -1.778614 0.003886 0.876722 0.480981 0.674803 0.000000 0.000000 0.000000 1.000000
0.999985 -0.001590 -0.005181 -0.006357 -0.003778 0.480994 -0.876716 -1.778614 0.003886 0.876722 0.480981 0.674803 0.000000 0.000000 0.000000 1.000000
0.999985 -0.001590 -0.005181 -0.006357 -0.003778 0.480994 -0.876716 -1.778614 0.003886 0.876722 0.480981 0.674803 0.000000 0.000000 0.000000 1.000000
0.999985 -0.001590 -0.005181 -0.006357 -0.003778 0.480994 -0.876716 -1.778614 0.003886 0.876722 0.480981 0.674803 0.000000 0.000000 0.000000 1.000000
0.999985 -0.001590 -0.005181 -0.006357 -0.003778 0.480994 -0.876716 -1.778614 0.003886 0.876722 0.480981 0.674803 0.000000 0.000000 0.000000 1.000000
0.999985 -0.001590 -0.005181 -0.006357 -0.003778 0.480994 -0.876716 -1.778614 0.003886 0.876722 0.480981 0.674803 0.000000 0.000000 0.000000 1.000000
0.999985 -0.001590 -0.005181 -0.006357 -0.003778 0.480994 -0.876716 -1.778614 0.003886 0.876722 0.480981 0.674803 0.000000 0.000000 0.000000 1.000000
0.999985 -0.001590 -0.005181 -0.006357 -0.003778 0.480994 -0.876716 -1.778614 0.003886 0.876722 0.480981 0.674803 0.000000 0.000000 0.000000 1.000000
0.999985 -0.001590 -0.005181 -0.006357 -0.003778 0.480994 -0.876716 -1.778614 0.003886 0.876722 0.480981 0.674803 0.000000 0.000000 0.000000 1.000000
0.999985 -0.001590 -0.005181 -0.006357 -0.003778 0.480994 -0.876716 -1.778614 0.003886 0.876722 0.480981 0.674803 0.000000 0.000000 0.000000 1.000000
0.999985 -0.001590 -0.005181 -0.006357 -0.003778 0.480994 -0.876716 -1.778614 0.003886 0.876722 0.480981 0.674803 0.000000 0.000000 0.000000 1.000000
0.999985 -0.001590 -0.005181 -0.006357 -0.003778 0.480994 -0.876716 -1.778614 0.003886 0.876722 0.480981 0.674803 0.000000 0.000000 0.000000 1.000000
0.999985 -0.001590 -0.005181 -0.006357 -0.003778 0.480994 -0.876716 -1.778614 0.003886 0.876722 0.480981 0.674803 0.000000 0.000000 0.000000 1.000000
0.999985 -0.001590 -0.005181 -0.006357 -0.003778 0.480994 -0.876716 -1.778614 0.003886 0.876722 0.480981 0.674803 0.000000 0.000000 0.000000 1.000000
0.999985 -0.001590 -0.005181 -0.006357 -0.003778 0.480994 -0.876716 -1.778614 0.003886 0.876722 0.480981 0.674803 0.000000 0.000000 0.000000 1.000000
0.999985 -0.001590 -0.005181 -0.006357 -0.003778 0.480994 -0.876716 -1.778614 0.003886 0.876722 0.480981 0.674803 0.000000 0.000000 0.000000 1.000000
0.999985 -0.001590 -0.005181 -0.006357 -0.003778 0.480994 -0.876716 -1.778614 0.003886 0.876722 0.480981 0.674803 0.000000 0.000000 0.000000 1.000000
0.999985 -0.001590 -0.005181 -0.006357 -0.003778 0.480994 -0.876716 -1.778614 0.003886 0.876722 0.480981 0.674803 0.000000 0.000000 0.000000 1.000000
0.999985 -0.001563 -0.005168 -0.006357 -0.003763 0.484576 -0.874741 -1.778614 0.003871 0.874748 0.484563 0.674803 0.000000 0.000000 0.000000 1.000000
0.999986 -0.001485 -0.005129 -0.006357 -0.003722 0.494780 -0.869010 -1.778614 0.003829 0.869017 0.494767 0.674803 0.000000 0.000000 0.000000 1.000000
0.999986 -0.001367 -0.005065 -0.006357 -0.003657 0.510642 -0.859786 -1.778614 0.003762 0.859793 0.510630 0.674803 0.000000 0.000000 0.000000 1.000000
0.999987 -0.001216 -0.004979 -0.006357 -0.003573 0.531079 -0.847315 -1.778614 0.003675 0.847321 0.531068 0.674803 0.000000 0.000000 0.000000 1.000000
0.999988 -0.001044 -0.004870 -0.006357 -0.003472 0.554991 -0.831849 -1.778614 0.003571 0.831855 0.554981 0.674803 0.000000 0.000000 0.000000 1.000000
0.999988 -0.000859 -0.004741 -0.006357 -0.003359 0.581332 -0.813659 -1.778614 0.003455 0.813666 0.581322 0.674803 0.000000 0.000000 0.000000 1.000000
0.999989 -0.000669 -0.004595 -0.006357 -0.003236 0.609159 -0.793042 -1.778614 0.003329 0.793048 0.609150 0.674803 0.000000 0.000000 0.000000 1.000000
0.999990 -0.000481 -0.004432 -0.006357 -0.003108 0.637659 -0.770312 -1.778614 0.003197 0.770318 0.637651 0.674803 0.000000 0.000000 0.000000 1.000000
0.999991 -0.000300 -0.004257 -0.006357 -0.002975 0.666158 -0.745804 -1.778614 0.003060 0.745810 0.666151 0.674803 0.000000 0.000000 0.000000 1.000000
0.999992 -0.000132 -0.004072 -0.006357 -0.002840 0.694116 -0.719857 -1.778614 0.002921 0.719863 0.694110 0.674803 0.000000 0.000000 0.000000 1.000000
0.999992 0.000023 -0.003880 -0.006357 -0.002705 0.721116 -0.692809 -1.778614 0.002782 0.692814 0.721111 0.674803 0.000000 0.000000 0.000000 1.000000
0.999993 0.000162 -0.003685 -0.006357 -0.002571 0.746848 -0.664989 -1.778614 0.002644 0.664994 0.746844 0.674803 0.000000 0.000000 0.000000 1.000000
0.999994 0.000283 -0.003488 -0.006357 -0.002439 0.771096 -0.636714 -1.778614 0.002509 0.636719 0.771092 0.674803 0.000000 0.000000 0.000000 1.000000
0.999995 0.000388 -0.003292 -0.006357 -0.002311 0.793723 -0.608275 -1.778614 0.002377 0.608279 0.793720 0.674803 0.000000 0.000000 0.000000 1.000000
