<?xml version="1.0" encoding="utf-8"?>
<COLLADA xmlns="http://www.collada.org/2005/11/COLLADASchema" version="1.4.1">
  <asset><contributor><author></author><authoring_tool>FBX COLLADA exporter</authoring_tool><comments></comments></contributor><created>2020-01-16T12:53:32Z</created><keywords></keywords><modified>2020-01-16T12:53:32Z</modified><revision></revision><subject></subject><title></title><unit meter="0.010000" name="centimeter"></unit><up_axis>Y_UP</up_axis></asset>
  <library_animations>
    <animation id="root_jnt-anim" name="root_jnt"><animation><source id="root_jnt-Matrix-animation-input"><float_array id="root_jnt-Matrix-animation-input-array" count="31">

0.000000 0.033333 0.066667 0.100000 0.133333 0.166667 0.200000 0.233333 0.266667 0.300000 0.333333 0.366667 0.400000 0.433333 0.466667 0.500000
0.533333 0.566667 0.600000 0.633333 0.666667 0.700000 0.733333 0.766667 0.800000 0.833333 0.866667 0.900000 0.933333 0.966667 1.000000</float_array><technique_common><accessor source="#root_jnt-Matrix-animation-input-array" count="31"><param name="TIME" type="float"/></accessor></technique_common></source><source id="root_jnt-Matrix-animation-output-transform"><float_array id="root_jnt-Matrix-animation-output-transform-array" count="496">

1.000000 0.000000 0.000000 0.000000 0.000000 1.000000 0.000000 0.000000 0.000000 0.000000 1.000000 0.000000 0.000000 0.000000 0.000000 1.000000
1.000000 0.000000 0.000000 0.000000 0.000000 1.000000 0.000000 0.000000 0.000000 0.000000 1.000000 0.000000 0.000000 0.000000 0.000000 1.000000
1.000000 0.000000 0.000000 0.000000 0.000000 1.000000 0.000000 0.000000 0.000000 0.000000 1.000000 0.000000 0.000000 0.000000 0.000000 1.000000
1.000000 0.000000 0.000000 0.000000 0.000000 1.000000 0.000000 0.000000 0.000000 0.000000 1.000000 0.000000 0.000000 0.000000 0.000000 1.000000
1.000000 0.000000 0.000000 0.000000 0.000000 1.000000 0.000000 0.000000 0.000000 0.000000 1.000000 0.000000 0.000000 0.000000 0.000000 1.000000
1.000000 0.000000 0.000000 0.000000 0.000000 1.000000 0.000000 0.000000 0.000000 0.000000 1.000000 0.000000 0.000000 0.000000 0.000000 1.000000
1.000000 0.000000 0.000000 0.000000 0.000000 1.000000 0.000000 0.000000 0.000000 0.000000 1.000000 0.000000 0.000000 0.000000 0.000000 1.000000
1.000000 0.000000 0.000000 0.000000 0.000000 1.000000 0.000000 0.000000 0.000000 0.000000 1.000000 0.000000 0.000000 0.000000 0.000000 1.000000
1.000000 0.000000 0.000000 0.000000 0.000000 1.000000 0.000000 0.000000 0.000000 0.000000 1.000000 0.000000 0.000000 0.000000 0.000000 1.000000
1.000000 0.000000 0.000000 0.000000 0.000000 1.000000 0.000000 0.000000 0.000000 0.000000 1.000000 0.000000 0.000000 0.000000 0.000000 1.000000
1.000000 0.000000 0.000000 0.000000 0.000000 1.000000 0.000000 0.000000 0.000000 0.000000 1.000000 0.000000 0.000000 0.000000 0.000000 1.000000
1.000000 0.000000 0.000000 0.000000 0.000000 1.000000 0.000000 0.000000 0.000000 0.000000 1.000000 0.000000 0.000000 0.000000 0.000000 1.000000
1.000000 0.000000 0.000000 0.000000 0.000000 1.000000 0.000000 0.000000 0.000000 0.000000 1.000000 0.000000 0.000000 0.000000 0.000000 1.000000
1.000000 0.000000 0.000000 0.000000 0.000000 1.000000 0.000000 0.000000 0.000000 0.000000 1.000000 0.000000 0.000000 0.000000 0.000000 1.000000
1.000000 0.000000 0.000000 0.000000 0.000000 1.000000 0.000000 0.000000 0.000000 0.000000 1.000000 0.000000 0.000000 0.000000 0.000000 1.000000
1.000000 0.000000 0.000000 0.000000 0.000000 1.000000 0.000000 0.000000 0.000000 0.000000 1.000000 0.000000 0.000000 0.000000 0.000000 1.000000
1.000000 0.000000 0.000000 0.000000 0.000000 1.000000 0.000000 0.000000 0.000000 0.000000 1.000000 0.000000 0.000000 0.000000 0.000000 1.000000
1.000000 0.000000 0.000000 0.000000 0.000000 1.000000 0.000000 0.000000 0.000000 0.000000 1.000000 0.000000 0.000000 0.000000 0.000000 1.000000
1.000000 0.000000 0.000000 0.000000 0.000000 1.000000 0.000000 0.000000 0.000000 0.000000 1.000000 0.000000 0.000000 0.000000 0.000000 1.000000
1.000000 0.000000 0.000000 0.000000 0.000000 1.000000 0.000000 0.000000 0.000000 0.000000 1.000000 0.000000 0.000000 0.000000 0.000000 1.000000
1.000000 0.000000 0.000000 0.000000 0.000000 1.000000 0.000000 0.000000 0.000000 0.000000 1.000000 0.000000 0.000000 0.000000 0.000000 1.000000
1.000000 0.000000 0.000000 0.000000 0.000000 1.000000 0.000000 0.000000 0.000000 0.000000 1.000000 0.000000 0.000000 0.000000 0.000000 1.000000
1.000000 0.000000 0.000000 0.000000 0.000000 1.000000 0.000000 0.000000 0.000000 0.000000 1.000000 0.000000 0.000000 0.000000 0.000000 1.000000
1.000000 0.000000 0.000000 0.000000 0.000000 1.000000 0.000000 0.000000 0.000000 0.000000 1.000000 0.000000 0.000000 0.000000 0.000000 1.000000
1.000000 0.000000 0.000000 0.000000 0.000000 1.000000 0.000000 0.000000 0.000000 0.000000 1.000000 0.000000 0.000000 0.000000 0.000000 1.000000
1.000000 0.000000 0.000000 0.000000 0.000000 1.000000 0.000000 0.000000 0.000000 0.000000 1.000000 0.000000 0.000000 0.000000 0.000000 1.000000
1.000000 0.000000 0.000000 0.000000 0.000000 1.000000 0.000000 0.000000 0.000000 0.000000 1.000000 0.000000 0.000000 0.000000 0.000000 1.000000
1.000000 0.000000 0.000000 0.000000 0.000000 1.000000 0.000000 0.000000 0.000000 0.000000 1.000000 0.000000 0.000000 0.000000 0.000000 1.000000
1.000000 0.000000 0.000000 0.000000 0.000000 1.000000 0.000000 0.000000 0.000000 0.000000 1.000000 0.000000 0.000000 0.000000 0.000000 1.000000
1.000000 0.000000 0.000000 0.000000 0.000000 1.000000 0.000000 0.000000 0.000000 0.000000 1.000000 0.000000 0.000000 0.000000 0.000000 1.000000
1.000000 0.000000 0.000000 0.000000 0.000000 1.000000 0.000000 0.000000 0.000000 0.000000 1.000000 0.000000 0.000000 0.000000 0.000000 1.000000</float_array><technique_common><accessor source="#root_jnt-Matrix-animation-output-transform-array" count="31" stride="16"><param type="float4x4"/></accessor></technique_common></source><source id="root_jnt-Interpolations"><Name_array id="root_jnt-Interpolations-array" count="31">
 LINEAR LINEAR LINEAR LINEAR LINEAR LINEAR LINEAR LINEAR LINEAR LINEAR LINEAR
LINEAR LINEAR LINEAR LINEAR LINEAR LINEAR LINEAR LINEAR LINEAR LINEAR LINEAR LINEAR
LINEAR LINEAR LINEAR LINEAR LINEAR LINEAR LINEAR LINEAR</Name_array><technique_common><accessor source="#root_jnt-Interpolations-array" count="31"><param type="name"/></accessor></technique_common></source><sampler id="root_jnt-Matrix-animation-transform"><input semantic="INPUT" source="#root_jnt-Matrix-animation-input"/><input semantic="OUTPUT" source="#root_jnt-Matrix-animation-output-transform"/><input semantic="INTERPOLATION" source="#root_jnt-Interpolations"/></sampler><channel source="#root_jnt-Matrix-animation-transform" target="root_jnt/matrix"/></animation></animation>
    <animation id="neck01_jnt-anim" name="neck01_jnt"><animation><source id="neck01_jnt-Matrix-animation-input"><float_array id="neck01_jnt-Matrix-animation-input-array" count="31">

0.000000 0.033333 0.066667 0.100000 0.133333 0.166667 0.200000 0.233333 0.266667 0.300000 0.333333 0.366667 0.400000 0.433333 0.466667 0.500000
0.533333 0.566667 0.600000 0.633333 0.666667 0.700000 0.733333 0.766667 0.800000 0.833333 0.866667 0.900000 0.933333 0.966667 1.000000</float_array><technique_common><accessor source="#neck01_jnt-Matrix-animation-input-array" count="31"><param name="TIME" type="float"/></accessor></technique_common></source><source id="neck01_jnt-Matrix-animation-output-transform"><float_array id="neck01_jnt-Matrix-animation-output-transform-array" count="496">

1.000000 0.000000 0.000000 -2.204408 0.000000 1.000000 0.000000 2.933696 0.000000 0.000000 1.000000 -0.589548 0.000000 0.000000 0.000000 1.000000
1.000000 0.000000 0.000000 -2.204408 0.000000 1.000000 0.000000 2.933696 0.000000 0.000000 1.000000 -0.589548 0.000000 0.000000 0.000000 1.000000
1.000000 0.000000 0.000000 -2.204408 0.000000 1.000000 0.000000 2.933696 0.000000 0.000000 1.000000 -0.589548 0.000000 0.000000 0.000000 1.000000
1.000000 0.000000 0.000000 -2.204408 0.000000 1.000000 0.000000 2.933696 0.000000 0.000000 1.000000 -0.589548 0.000000 0.000000 0.000000 1.000000
1.000000 0.000000 0.000000 -2.204408 0.000000 1.000000 0.000000 2.933696 0.000000 0.000000 1.000000 -0.589548 0.000000 0.000000 0.000000 1.000000
1.000000 0.000000 0.000000 -2.204408 0.000000 1.000000 0.000000 2.933696 0.000000 0.000000 1.000000 -0.589548 0.000000 0.000000 0.000000 1.000000
1.000000 0.000000 0.000000 -2.204408 0.000000 1.000000 0.000000 2.933696 0.000000 0.000000 1.000000 -0.589548 0.000000 0.000000 0.000000 1.000000
1.000000 0.000000 0.000000 -2.204408 0.000000 1.000000 0.000000 2.933696 0.000000 0.000000 1.000000 -0.589548 0.000000 0.000000 0.000000 1.000000
1.000000 0.000000 0.000000 -2.204408 0.000000 1.000000 0.000000 2.933696 0.000000 0.000000 1.000000 -0.589548 0.000000 0.000000 0.000000 1.000000
1.000000 0.000000 0.000000 -2.204408 0.000000 1.000000 0.000000 2.933696 0.000000 0.000000 1.000000 -0.589548 0.000000 0.000000 0.000000 1.000000
1.000000 0.000000 0.000000 -2.204408 0.000000 1.000000 0.000000 2.933696 0.000000 0.000000 1.000000 -0.589548 0.000000 0.000000 0.000000 1.000000
1.000000 0.000000 0.000000 -2.204408 0.000000 1.000000 0.000000 2.933696 0.000000 0.000000 1.000000 -0.589548 0.000000 0.000000 0.000000 1.000000
1.000000 0.000000 0.000000 -2.204408 0.000000 1.000000 0.000000 2.933696 0.000000 0.000000 1.000000 -0.589548 0.000000 0.000000 0.000000 1.000000
1.000000 0.000000 0.000000 -2.204408 0.000000 1.000000 0.000000 2.933696 0.000000 0.000000 1.000000 -0.589548 0.000000 0.000000 0.000000 1.000000
1.000000 0.000000 0.000000 -2.204408 0.000000 1.000000 0.000000 2.933696 0.000000 0.000000 1.000000 -0.589548 0.000000 0.000000 0.000000 1.000000
1.000000 0.000000 0.000000 -2.204408 0.000000 1.000000 0.000000 2.933696 0.000000 0.000000 1.000000 -0.589548 0.000000 0.000000 0.000000 1.000000
1.000000 0.000000 0.000000 -2.204408 0.000000 1.000000 0.000000 2.933696 0.000000 0.000000 1.000000 -0.589548 0.000000 0.000000 0.000000 1.000000
1.000000 0.000000 0.000000 -2.204408 0.000000 1.000000 0.000000 2.933696 0.000000 0.000000 1.000000 -0.589548 0.000000 0.000000 0.000000 1.000000
1.000000 0.000000 0.000000 -2.204408 0.000000 1.000000 0.000000 2.933696 0.000000 0.000000 1.000000 -0.589548 0.000000 0.000000 0.000000 1.000000
1.000000 0.000000 0.000000 -2.204408 0.000000 1.000000 0.000000 2.933696 0.000000 0.000000 1.000000 -0.589548 0.000000 0.000000 0.000000 1.000000
1.000000 0.000000 0.000000 -2.204408 0.000000 1.000000 0.000000 2.933696 0.000000 0.000000 1.000000 -0.589548 0.000000 0.000000 0.000000 1.000000
1.000000 0.000000 0.000000 -2.204408 0.000000 1.000000 0.000000 2.933696 0.000000 0.000000 1.000000 -0.589548 0.000000 0.000000 0.000000 1.000000
1.000000 0.000000 0.000000 -2.204408 0.000000 1.000000 0.000000 2.933696 0.000000 0.000000 1.000000 -0.589548 0.000000 0.000000 0.000000 1.000000
1.000000 0.000000 0.000000 -2.204408 0.000000 1.000000 0.000000 2.933696 0.000000 0.000000 1.000000 -0.589548 0.000000 0.000000 0.000000 1.000000
1.000000 0.000000 0.000000 -2.204408 0.000000 1.000000 0.000000 2.933696 0.000000 0.000000 1.000000 -0.589548 0.000000 0.000000 0.000000 1.000000
1.000000 0.000000 0.000000 -2.204408 0.000000 1.000000 0.000000 2.933696 0.000000 0.000000 1.000000 -0.589548 0.000000 0.000000 0.000000 1.000000
1.000000 0.000000 0.000000 -2.204408 0.000000 1.000000 0.000000 2.933696 0.000000 0.000000 1.000000 -0.589548 0.000000 0.000000 0.000000 1.000000
1.000000 0.000000 0.000000 -2.204408 0.000000 1.000000 0.000000 2.933696 0.000000 0.000000 1.000000 -0.589548 0.000000 0.000000 0.000000 1.000000
1.000000 0.000000 0.000000 -2.204408 0.000000 1.000000 0.000000 2.933696 0.000000 0.000000 1.000000 -0.589548 0.000000 0.000000 0.000000 1.000000
1.000000 0.000000 0.000000 -2.204408 0.000000 1.000000 0.000000 2.933696 0.000000 0.000000 1.000000 -0.589548 0.000000 0.000000 0.000000 1.000000
1.000000 0.000000 0.000000 -2.204408 0.000000 1.000000 0.000000 2.933696 0.000000 0.000000 1.000000 -0.589548 0.000000 0.000000 0.000000 1.000000</float_array><technique_common><accessor source="#neck01_jnt-Matrix-animation-output-transform-array" count="31" stride="16"><param type="float4x4"/></accessor></technique_common></source><source id="neck01_jnt-Interpolations"><Name_array id="neck01_jnt-Interpolations-array" count="31">
 LINEAR LINEAR LINEAR LINEAR LINEAR LINEAR LINEAR LINEAR LINEAR LINEAR LINEAR
LINEAR LINEAR LINEAR LINEAR LINEAR LINEAR LINEAR LINEAR LINEAR LINEAR LINEAR LINEAR
LINEAR LINEAR LINEAR LINEAR LINEAR LINEAR LINEAR LINEAR</Name_array><technique_common><accessor source="#neck01_jnt-Interpolations-array" count="31"><param type="name"/></accessor></technique_common></source><sampler id="neck01_jnt-Matrix-animation-transform"><input semantic="INPUT" source="#neck01_jnt-Matrix-animation-input"/><input semantic="OUTPUT" source="#neck01_jnt-Matrix-animation-output-transform"/><input semantic="INTERPOLATION" source="#neck01_jnt-Interpolations"/></sampler><channel source="#neck01_jnt-Matrix-animation-transform" target="neck01_jnt/matrix"/></animation></animation>
    <animation id="neck02_jnt-anim" name="neck02_jnt"><animation><source id="neck02_jnt-Matrix-animation-input"><float_array id="neck02_jnt-Matrix-animation-input-array" count="31">

0.000000 0.033333 0.066667 0.100000 0.133333 0.166667 0.200000 0.233333 0.266667 0.300000 0.333333 0.366667 0.400000 0.433333 0.466667 0.500000
0.533333 0.566667 0.600000 0.633333 0.666667 0.700000 0.733333 0.766667 0.800000 0.833333 0.866667 0.900000 0.933333 0.966667 1.000000</float_array><technique_common><accessor source="#neck02_jnt-Matrix-animation-input-array" count="31"><param name="TIME" type="float"/></accessor></technique_common></source><source id="neck02_jnt-Matrix-animation-output-transform"><float_array id="neck02_jnt-Matrix-animation-output-transform-array" count="496">

0.866025 0.000000 0.500000 -0.006357 0.000000 1.000000 0.000000 -1.778614 -0.500000 0.000000 0.866025 0.674803 0.000000 0.000000 0.000000 1.000000
0.868266 0.000000 0.496099 -0.006357 0.000000 1.000000 0.000000 -1.778614 -0.496099 0.000000 0.868266 0.674803 0.000000 0.000000 0.000000 1.000000
0.874582 0.000000 0.484877 -0.006357 0.000000 1.000000 0.000000 -1.778614 -0.484877 0.000000 0.874582 0.674803 0.000000 0.000000 0.000000 1.000000
0.884255 0.000000 0.467004 -0.006357 0.000000 1.000000 0.000000 -1.778614 -0.467004 0.000000 0.884255 0.674803 0.000000 0.000000 0.000000 1.000000
0.896469 0.000000 0.443106 -0.006357 0.000000 1.000000 0.000000 -1.778614 -0.443106 0.000000 0.896469 0.674803 0.000000 0.000000 0.000000 1.000000
0.910363 0.000000 0.413811 -0.006357 0.000000 1.000000 0.000000 -1.778614 -0.413811 0.000000 0.910363 0.674803 0.000000 0.000000 0.000000 1.000000
0.925077 0.000000 0.379779 -0.006357 0.000000 1.000000 0.000000 -1.778614 -0.379779 0.000000 0.925077 0.674803 0.000000 0.000000 0.000000 1.000000
0.939799 0.000000 0.341729 -0.006357 0.000000 1.000000 0.000000 -1.778614 -0.341729 0.000000 0.939799 0.674803 0.000000 0.000000 0.000000 1.000000
0.953799 0.000000 0.300447 -0.006357 0.000000 1.000000 0.000000 -1.778614 -0.300447 0.000000 0.953799 0.674803 0.000000 0.000000 0.000000 1.000000
0.966466 0.000000 0.256795 -0.006357 0.000000 1.000000 0.000000 -1.778614 -0.256795 0.000000 0.966466 0.674803 0.000000 0.000000 0.000000 1.000000
0.977334 0.000000 0.211704 -0.006357 0.000000 1.000000 0.000000 -1.778614 -0.211704 0.000000 0.977334 0.674803 0.000000 0.000000 0.000000 1.000000
0.986099 0.000000 0.166157 -0.006357 0.000000 1.000000 0.000000 -1.778614 -0.166157 0.000000 0.986099 0.674803 0.000000 0.000000 0.000000 1.000000
0.992631 0.000000 0.121176 -0.006357 0.000000 1.000000 0.000000 -1.778614 -0.121176 0.000000 0.992631 0.674803 0.000000 0.000000 0.000000 1.000000
0.996969 0.000000 0.077802 -0.006357 0.000000 1.000000 0.000000 -1.778614 -0.077802 0.000000 0.996969 0.674803 0.000000 0.000000 0.000000 1.000000
0.999313 0.000000 0.037070 -0.006357 0.000000 1.000000 0.000000 -1.778614 -0.037070 0.000000 0.999313 0.674803 0.000000 0.000000 0.000000 1.000000
1.000000 0.000000 0.000000 -0.006357 0.000000 1.000000 0.000000 -1.778614 0.000000 0.000000 1.000000 0.674803 0.000000 0.000000 0.000000 1.000000
0.999313 0.000000 -0.037070 -0.006357 0.000000 1.000000 0.000000 -1.778614 0.037070 0.000000 0.999313 0.674803 0.000000 0.000000 0.000000 1.000000
0.996969 0.000000 -0.077802 -0.006357 0.000000 1.000000 0.000000 -1.778614 0.077802 0.000000 0.996969 0.674803 0.000000 0.000000 0.000000 1.000000
0.992631 0.000000 -0.121176 -0.006357 0.000000 1.000000 0.000000 -1.778614 0.121176 0.000000 0.992631 0.674803 0.000000 0.000000 0.000000 1.000000
0.986099 0.000000 -0.166157 -0.006357 0.000000 1.000000 0.000000 -1.778614 0.166157 0.000000 0.986099 0.674803 0.000000 0.000000 0.000000 1.000000
0.977334 0.000000 -0.211704 -0.006357 0.000000 1.000000 0.000000 -1.778614 0.211704 0.000000 0.977334 0.674803 0.000000 0.000000 0.000000 1.000000
0.966466 0.000000 -0.256795 -0.006357 0.000000 1.000000 0.000000 -1.778614 0.256795 0.000000 0.966466 0.674803 0.000000 0.000000 0.000000 1.000000
0.953799 0.000000 -0.300447 -0.006357 0.000000 1.000000 0.000000 -1.778614 0.300447 0.000000 0.953799 0.674803 0.000000 0.000000 0.000000 1.000000
0.939799 0.000000 -0.341729 -0.006357 0.000000 1.000000 0.000000 -1.778614 0.341729 0.000000 0.939799 0.674803 0.000000 0.000000 0.000000 1.000000
0.925077 0.000000 -0.379779 -0.006357 0.000000 1.000000 0.000000 -1.778614 0.379779 0.000000 0.925077 0.674803 0.000000 0.000000 0.000000 1.000000
0.910363 0.000000 -0.413811 -0.006357 0.000000 1.000000 0.000000 -1.778614 0.413811 0.000000 0.910363 0.674803 0.000000 0.000000 0.000000 1.000000
0.896469 0.000000 -0.443106 -0.006357 0.000000 1.000000 0.000000 -1.778614 0.443106 0.000000 0.896469 0.674803 0.000000 0.000000 0.000000 1.000000
0.884255 0.000000 -0.467004 -0.006357 0.000000 1.000000 0.000000 -1.778614 0.467004 0.000000 0.884255 0.674803 0.000000 0.000000 0.000000 1.000000
0.874582 0.000000 -0.484877 -0.006357 0.000000 1.000000 0.000000 -1.778614 0.484877 0.000000 0.874582 0.674803 0.000000 0.000000 0.000000 1.000000
0.868266 0.000000 -0.496099 -0.006357 0.000000 1.000000 0.000000 -1.778614 0.496099 0.000000 0.868266 0.674803 0.000000 0.000000 0.000000 1.000000
0.866025 0.000000 -0.500000 -0.006357 0.000000 1.000000 0.000000 -1.778614 0.500000 0.000000 0.866025 0.674803 0.000000 0.000000 0.000000 1.000000</float_array><technique_common><accessor source="#neck02_jnt-Matrix-animation-output-transform-array" count="31" stride="16"><param type="float4x4"/></accessor></technique_common></source><source id="neck02_jnt-Interpolations"><Name_array id="neck02_jnt-Interpolations-array" count="31">
 LINEAR LINEAR LINEAR LINEAR LINEAR LINEAR LINEAR LINEAR LINEAR LINEAR LINEAR
LINEAR LINEAR LINEAR LINEAR LINEAR LINEAR LINEAR LINEAR LINEAR LINEAR LINEAR LINEAR
LINEAR LINEAR LINEAR LINEAR LINEAR LINEAR LINEAR LINEAR</Name_array><technique_common><accessor source="#neck02_jnt-Interpolations-array" count="31"><param type="name"/></accessor></technique_common></source><sampler id="neck02_jnt-Matrix-animation-transform"><input semantic="INPUT" source="#neck02_jnt-Matrix-animation-input"/><input semantic="OUTPUT" source="#neck02_jnt-Matrix-animation-output-transform"/><input semantic="INTERPOLATION" source="#neck02_jnt-Interpolations"/></sampler><channel source="#neck02_jnt-Matrix-animation-transform" target="neck02_jnt/matrix"/></animation></animation>
    <animation id="head_jnt-anim" name="head_jnt"><animation><source id="head_jnt-Matrix-animation-input"><float_array id="head_jnt-Matrix-animation-input-array" count="31">

0.000000 0.033333 0.066667 0.100000 0.133333 0.166667 0.200000 0.233333 0.266667 0.300000 0.333333 0.366667 0.400000 0.433333 0.466667 0.500000
0.533333 0.566667 0.600000 0.633333 0.666667 0.700000 0.733333 0.766667 0.800000 0.833333 0.866667 0.900000 0.933333 0.966667 1.000000</float_array><technique_common><accessor source="#head_jnt-Matrix-animation-input-array" count="31"><param name="TIME" type="float"/></accessor></technique_common></source><source id="head_jnt-Matrix-animation-output-transform"><float_array id="head_jnt-Matrix-animation-output-transform-array" count="496">

1.000000 0.000000 0.000000 0.006357 0.000000 1.000000 0.000000 0.733466 0.000000 0.000000 1.000000 0.708435 0.000000 0.000000 0.000000 1.000000
1.000000 0.000000 0.000000 0.006357 0.000000 1.000000 0.000000 0.733466 -0.000000 0.000000 1.000000 0.708435 0.000000 0.000000 0.000000 1.000000
1.000000 0.000000 0.000000 0.006357 0.000000 1.000000 0.000000 0.733466 0.000000 0.000000 1.000000 0.708435 0.000000 0.000000 0.000000 1.000000
1.000000 0.000000 0.000000 0.006357 0.000000 1.000000 0.000000 0.733466 0.000000 0.000000 1.000000 0.708435 0.000000 0.000000 0.000000 1.000000
1.000000 0.000000 0.000000 0.006357 0.000000 1.000000 0.000000 0.733466 0.000000 0.000000 1.000000 0.708435 0.000000 0.000000 0.000000 1.000000
1.000000 0.000000 0.000000 0.006357 0.000000 1.000000 0.000000 0.733466 0.000000 0.000000 1.000000 0.708435 0.000000 0.000000 0.000000 1.000000
1.000000 0.000000 0.000000 0.006357 0.000000 1.000000 0.000000 0.733466 0.000000 0.000000 1.000000 0.708435 0.000000 0.000000 0.000000 1.000000
1.000000 0.000000 0.000000 0.006357 0.000000 1.000000 0.000000 0.733466 0.000000 0.000000 1.000000 0.708435 0.000000 0.000000 0.000000 1.000000
1.000000 0.000000 0.000000 0.006357 0.000000 1.000000 0.000000 0.733466 0.000000 0.000000 1.000000 0.708435 0.000000 0.000000 0.000000 1.000000
1.000000 0.000000 -0.000000 0.006357 0.000000 1.000000 0.000000 0.733466 0.000000 0.000000 1.000000 0.708435 0.000000 0.000000 0.000000 1.000000
1.000000 0.000000 0.000000 0.006357 0.000000 1.000000 0.000000 0.733466 0.000000 0.000000 1.000000 0.708435 0.000000 0.000000 0.000000 1.000000
1.000000 0.000000 0.000000 0.006357 0.000000 1.000000 0.000000 0.733466 0.000000 0.000000 1.000000 0.708435 0.000000 0.000000 0.000000 1.000000
1.000000 0.000000 0.000000 0.006357 0.000000 1.000000 0.000000 0.733466 0.000000 0.000000 1.000000 0.708435 0.000000 0.000000 0.000000 1.000000
1.000000 0.000000 0.000000 0.006357 0.000000 1.000000 0.000000 0.733466 0.000000 0.000000 1.000000 0.708435 0.000000 0.000000 0.000000 1.000000
1.000000 0.000000 0.000000 0.006357 0.000000 1.000000 0.000000 0.733466 0.000000 0.000000 1.000000 0.708435 0.000000 0.000000 0.000000 1.000000
1.000000 0.000000 0.000000 0.006357 0.000000 1.000000 0.000000 0.733466 0.000000 0.000000 1.000000 0.708435 0.000000 0.000000 0.000000 1.000000
1.000000 0.000000 0.000000 0.006357 0.000000 1.000000 0.000000 0.733466 0.000000 0.000000 1.000000 0.708435 0.000000 0.000000 0.000000 1.000000
1.000000 0.000000 0.000000 0.006357 0.000000 1.000000 0.000000 0.733466 0.000000 0.000000 1.000000 0.708435 0.000000 0.000000 0.000000 1.000000
1.000000 0.000000 0.000000 0.006357 0.000000 1.000000 0.000000 0.733466 0.000000 0.000000 1.000000 0.708435 0.000000 0.000000 0.000000 1.000000
1.000000 0.000000 0.000000 0.006357 0.000000 1.000000 0.000000 0.733466 0.000000 0.000000 1.000000 0.708435 0.000000 0.000000 0.000000 1.000000
1.000000 0.000000 0.000000 0.006357 0.000000 1.000000 0.000000 0.733466 0.000000 0.000000 1.000000 0.708435 0.000000 0.000000 0.000000 1.000000
1.000000 0.000000 0.000000 0.006357 0.000000 1.000000 0.000000 0.733466 -0.000000 0.000000 1.000000 0.708435 0.000000 0.000000 0.000000 1.000000
1.000000 0.000000 0.000000 0.006357 0.000000 1.000000 0.000000 0.733466 0.000000 0.000000 1.000000 0.708435 0.000000 0.000000 0.000000 1.000000
1.000000 0.000000 0.000000 0.006357 0.000000 1.000000 0.000000 0.733466 0.000000 0.000000 1.000000 0.708435 0.000000 0.000000 0.000000 1.000000
1.000000 0.000000 0.000000 0.006357 0.000000 1.000000 0.000000 0.733466 0.000000 0.000000 1.000000 0.708435 0.000000 0.000000 0.000000 1.000000
1.000000 0.000000 0.000000 0.006357 0.000000 1.000000 0.000000 0.733466 0.000000 0.000000 1.000000 0.708435 0.000000 0.000000 0.000000 1.000000
1.000000 0.000000 0.000000 0.006357 0.000000 1.000000 0.000000 0.733466 0.000000 0.000000 1.000000 0.708435 0.000000 0.000000 0.000000 1.000000
1.000000 0.000000 0.000000 0.006357 0.000000 1.000000 0.000000 0.733466 0.000000 0.000000 1.000000 0.708435 0.000000 0.000000 0.000000 1.000000
1.000000 0.000000 0.000000 0.006357 0.000000 1.000000 0.000000 0.733466 0.000000 0.000000 1.000000 0.708435 0.000000 0.000000 0.000000 1.000000
1.000000 0.000000 -0.000000 0.006357 0.000000 1.000000 0.000000 0.733466 0.000000 0.000000 1.000000 0.708435 0.000000 0.000000 0.000000 1.000000
1.000000 0.000000 0.000000 0.006357 0.000000 1.000000 0.000000 0.733466 0.000000 0.000000 1.000000 0.708435 0.000000 0.000000 0.000000 1.000000</float_array><technique_common><accessor source="#head_jnt-Matrix-animation-output-transform-array" count="31" stride="16"><param type="float4x4"/></accessor></technique_common></source><source id="head_jnt-Interpolations"><Name_array id="head_jnt-Interpolations-array" count="31">
 LINEAR LINEAR LINEAR LINEAR LINEAR LINEAR LINEAR LINEAR LINEAR LINEAR LINEAR
LINEAR LINEAR LINEAR LINEAR LINEAR LINEAR LINEAR LINEAR LINEAR LINEAR LINEAR LINEAR
LINEAR LINEAR LINEAR LINEAR LINEAR LINEAR LINEAR LINEAR</Name_array><technique_common><accessor source="#head_jnt-Interpolations-array" count="31"><param type="name"/></accessor></technique_common></source><sampler id="head_jnt-Matrix-animation-transform"><input semantic="INPUT" source="#head_jnt-Matrix-animation-input"/><input semantic="OUTPUT" source="#head_jnt-Matrix-animation-output-transform"/><input semantic="INTERPOLATION" source="#head_jnt-Interpolations"/></sampler><channel source="#head_jnt-Matrix-animation-transform" target="head_jnt/matrix"/></animation></animation>
    <animation id="lowereye_jnt-anim" name="lowereye_jnt"><animation><source id="lowereye_jnt-Matrix-animation-input"><float_array id="lowereye_jnt-Matrix-animation-input-array" count="31">

0.000000 0.033333 0.066667 0.100000 0.133333 0.166667 0.200000 0.233333 0.266667 0.300000 0.333333 0.366667 0.400000 0.433333 0.466667 0.500000
0.533333 0.566667 0.600000 0.633333 0.666667 0.700000 0.733333 0.766667 0.800000 0.833333 0.866667 0.900000 0.933333 0.966667 1.000000</float_array><technique_common><accessor source="#lowereye_jnt-Matrix-animation-input-array" count="31"><param name="TIME" type="float"/></accessor></technique_common></source><source id="lowereye_jnt-Matrix-animation-output-transform"><float_array id="lowereye_jnt-Matrix-animation-output-transform-array" count="496">

1.000000 0.000000 0.000000 0.001055 0.000000 1.219564 0.000000 0.308096 0.000000 0.000000 1.000000 1.884512 0.000000 0.000000 0.000000 1.000000
1.000000 0.000000 0.000000 0.001055 0.000000 1.219564 0.000000 0.308096 -0.000000 0.000000 1.000000 1.884512 0.000000 0.000000 0.000000 1.000000
1.000000 0.000000 0.000000 0.001055 0.000000 1.219564 0.000000 0.308096 0.000000 0.000000 1.000000 1.884512 0.000000 0.000000 0.000000 1.000000
1.000000 0.000000 0.000000 0.001055 0.000000 1.219564 0.000000 0.308096 0.000000 0.000000 1.000000 1.884512 0.000000 0.000000 0.000000 1.000000
1.000000 0.000000 0.000000 0.001055 0.000000 1.219564 0.000000 0.308096 0.000000 0.000000 1.000000 1.884512 0.000000 0.000000 0.000000 1.000000
1.000000 0.000000 0.000000 0.001055 0.000000 1.219564 0.000000 0.308096 0.000000 0.000000 1.000000 1.884512 0.000000 0.000000 0.000000 1.000000
1.000000 0.000000 0.000000 0.001055 0.000000 1.219564 0.000000 0.308096 0.000000 0.000000 1.000000 1.884512 0.000000 0.000000 0.000000 1.000000
1.000000 0.000000 0.000000 0.001055 0.000000 1.219564 0.000000 0.308096 0.000000 0.000000 1.000000 1.884512 0.000000 0.000000 0.000000 1.000000
1.000000 0.000000 0.000000 0.001055 0.000000 1.219564 0.000000 0.308096 0.000000 0.000000 1.000000 1.884512 0.000000 0.000000 0.000000 1.000000
1.000000 0.000000 -0.000000 0.001055 0.000000 1.219564 0.000000 0.308096 0.000000 0.000000 1.000000 1.884512 0.000000 0.000000 0.000000 1.000000
1.000000 0.000000 0.000000 0.001055 0.000000 1.219564 0.000000 0.308096 0.000000 0.000000 1.000000 1.884512 0.000000 0.000000 0.000000 1.000000
1.000000 0.000000 0.000000 0.001055 0.000000 1.219564 0.000000 0.308096 0.000000 0.000000 1.000000 1.884512 0.000000 0.000000 0.000000 1.000000
1.000000 0.000000 0.000000 0.001055 0.000000 1.219564 0.000000 0.308096 0.000000 0.000000 1.000000 1.884512 0.000000 0.000000 0.000000 1.000000
1.000000 0.000000 0.000000 0.001055 0.000000 1.219564 0.000000 0.308096 0.000000 0.000000 1.000000 1.884512 0.000000 0.000000 0.000000 1.000000
1.000000 0.000000 0.000000 0.001055 0.000000 1.219564 0.000000 0.308096 0.000000 0.000000 1.000000 1.884512 0.000000 0.000000 0.000000 1.000000
1.000000 0.000000 0.000000 0.001055 0.000000 1.219564 0.000000 0.308096 0.000000 0.000000 1.000000 1.884512 0.000000 0.000000 0.000000 1.000000
1.000000 0.000000 0.000000 0.001055 0.000000 1.219564 0.000000 0.308096 0.000000 0.000000 1.000000 1.884512 0.000000 0.000000 0.000000 1.000000
1.000000 0.000000 0.000000 0.001055 0.000000 1.219564 0.000000 0.308096 0.000000 0.000000 1.000000 1.884512 0.000000 0.000000 0.000000 1.000000
1.000000 0.000000 0.000000 0.001055 0.000000 1.219564 0.000000 0.308096 0.000000 0.000000 1.000000 1.884512 0.000000 0.000000 0.000000 1.000000
1.000000 0.000000 0.000000 0.001055 0.000000 1.219564 0.000000 0.308096 0.000000 0.000000 1.000000 1.884512 0.000000 0.000000 0.000000 1.000000
1.000000 0.000000 0.000000 0.001055 0.000000 1.219564 0.000000 0.308096 0.000000 0.000000 1.000000 1.884512 0.000000 0.000000 0.000000 1.000000
1.000000 0.000000 0.000000 0.001055 0.000000 1.219564 0.000000 0.308096 -0.000000 0.000000 1.000000 1.884512 0.000000 0.000000 0.000000 1.000000
1.000000 0.000000 0.000000 0.001055 0.000000 1.219564 0.000000 0.308096 0.000000 0.000000 1.000000 1.884512 0.000000 0.000000 0.000000 1.000000
1.000000 0.000000 0.000000 0.001055 0.000000 1.219564 0.000000 0.308096 0.000000 0.000000 1.000000 1.884512 0.000000 0.000000 0.000000 1.000000
1.000000 0.000000 0.000000 0.001055 0.000000 1.219564 0.000000 0.308096 0.000000 0.000000 1.000000 1.884512 0.000000 0.000000 0.000000 1.000000
1.000000 0.000000 0.000000 0.001055 0.000000 1.219564 0.000000 0.308096 0.000000 0.000000 1.000000 1.884512 0.000000 0.000000 0.000000 1.000000
1.000000 0.000000 0.000000 0.001055 0.000000 1.219564 0.000000 0.308096 0.000000 0.000000 1.000000 1.884512 0.000000 0.000000 0.000000 1.000000
1.000000 0.000000 0.000000 0.001055 0.000000 1.219564 0.000000 0.308096 0.000000 0.000000 1.000000 1.884512 0.000000 0.000000 0.000000 1.000000
1.000000 0.000000 0.000000 0.001055 0.000000 1.219564 0.000000 0.308096 0.000000 0.000000 1.000000 1.884512 0.000000 0.000000 0.000000 1.000000
1.000000 0.000000 -0.000000 0.001055 0.000000 1.219564 0.000000 0.308096 0.000000 0.000000 1.000000 1.884512 0.000000 0.000000 0.000000 1.000000
1.000000 0.000000 0.000000 0.001055 0.000000 1.219564 0.000000 0.308096 0.000000 0.000000 1.000000 1.884512 0.000000 0.000000 0.000000 1.000000</float_array><technique_common><accessor source="#lowereye_jnt-Matrix-animation-output-transform-array" count="31" stride="16"><param type="float4x4"/></accessor></technique_common></source><source id="lowereye_jnt-Interpolations"><Name_array id="lowereye_jnt-Interpolations-array" count="31">
 LINEAR LINEAR LINEAR LINEAR LINEAR LINEAR LINEAR LINEAR LINEAR LINEAR LINEAR
LINEAR LINEAR LINEAR LINEAR LINEAR LINEAR LINEAR LINEAR LINEAR LINEAR LINEAR LINEAR
LINEAR LINEAR LINEAR LINEAR LINEAR LINEAR LINEAR LINEAR</Name_array><technique_common><accessor source="#lowereye_jnt-Interpolations-array" count="31"><param type="name"/></accessor></technique_common></source><sampler id="lowereye_jnt-Matrix-animation-transform"><input semantic="INPUT" source="#lowereye_jnt-Matrix-animation-input"/><input semantic="OUTPUT" source="#lowereye_jnt-Matrix-animation-output-transform"/><input semantic="INTERPOLATION" source="#lowereye_jnt-Interpolations"/></sampler><channel source="#lowereye_jnt-Matrix-animation-transform" target="lowereye_jnt/matrix"/></animation></animation>
    <animation id="uppereye_jnt-anim" name="uppereye_jnt"><animation><source id="uppereye_jnt-Matrix-animation-input"><float_array id="uppereye_jnt-Matrix-animation-input-array" count="31">

0.000000 0.033333 0.066667 0.100000 0.133333 0.166667 0.200000 0.233333 0.266667 0.300000 0.333333 0.366667 0.400000 0.433333 0.466667 0.500000
0.533333 0.566667 0.600000 0.633333 0.666667 0.700000 0.733333 0.766667 0.800000 0.833333 0.866667 0.900000 0.933333 0.966667 1.000000</float_array><technique_common><accessor source="#uppereye_jnt-Matrix-animation-input-array" count="31"><param name="TIME" type="float"/></accessor></technique_common></source><source id="uppereye_jnt-Matrix-animation-output-transform"><float_array id="uppereye_jnt-Matrix-animation-output-transform-array" count="496">

1.000000 0.000000 0.000000 0.001055 0.000000 1.108718 0.000000 0.951152 0.000000 0.000000 1.000000 1.884512 0.000000 0.000000 0.000000 1.000000
1.000000 0.000000 0.000000 0.001055 0.000000 1.108718 0.000000 0.951152 -0.000000 0.000000 1.000000 1.884512 0.000000 0.000000 0.000000 1.000000
1.000000 0.000000 0.000000 0.001055 0.000000 1.108718 0.000000 0.951152 0.000000 0.000000 1.000000 1.884512 0.000000 0.000000 0.000000 1.000000
1.000000 0.000000 0.000000 0.001055 0.000000 1.108718 0.000000 0.951152 0.000000 0.000000 1.000000 1.884512 0.000000 0.000000 0.000000 1.000000
1.000000 0.000000 0.000000 0.001055 0.000000 1.108718 0.000000 0.951152 0.000000 0.000000 1.000000 1.884512 0.000000 0.000000 0.000000 1.000000
1.000000 0.000000 0.000000 0.001055 0.000000 1.108718 0.000000 0.951152 0.000000 0.000000 1.000000 1.884512 0.000000 0.000000 0.000000 1.000000
1.000000 0.000000 0.000000 0.001055 0.000000 1.108718 0.000000 0.951152 0.000000 0.000000 1.000000 1.884512 0.000000 0.000000 0.000000 1.000000
1.000000 0.000000 0.000000 0.001055 0.000000 1.108718 0.000000 0.951152 0.000000 0.000000 1.000000 1.884512 0.000000 0.000000 0.000000 1.000000
1.000000 0.000000 0.000000 0.001055 0.000000 1.108718 0.000000 0.951152 0.000000 0.000000 1.000000 1.884512 0.000000 0.000000 0.000000 1.000000
1.000000 0.000000 -0.000000 0.001055 0.000000 1.108718 0.000000 0.951152 0.000000 0.000000 1.000000 1.884512 0.000000 0.000000 0.000000 1.000000
1.000000 0.000000 0.000000 0.001055 0.000000 1.108718 0.000000 0.951152 0.000000 0.000000 1.000000 1.884512 0.000000 0.000000 0.000000 1.000000
1.000000 0.000000 0.000000 0.001055 0.000000 1.108718 0.000000 0.951152 0.000000 0.000000 1.000000 1.884512 0.000000 0.000000 0.000000 1.000000
1.000000 0.000000 0.000000 0.001055 0.000000 1.108718 0.000000 0.951152 0.000000 0.000000 1.000000 1.884512 0.000000 0.000000 0.000000 1.000000
1.000000 0.000000 0.000000 0.001055 0.000000 1.108718 0.000000 0.951152 0.000000 0.000000 1.000000 1.884512 0.000000 0.000000 0.000000 1.000000
1.000000 0.000000 0.000000 0.001055 0.000000 1.108718 0.000000 0.951152 0.000000 0.000000 1.000000 1.884512 0.000000 0.000000 0.000000 1.000000
1.000000 0.000000 0.000000 0.001055 0.000000 1.108718 0.000000 0.951152 0.000000 0.000000 1.000000 1.884512 0.000000 0.000000 0.000000 1.000000
1.000000 0.000000 0.000000 0.001055 0.000000 1.108718 0.000000 0.951152 0.000000 0.000000 1.000000 1.884512 0.000000 0.000000 0.000000 1.000000
1.000000 0.000000 0.000000 0.001055 0.000000 1.108718 0.000000 0.951152 0.000000 0.000000 1.000000 1.884512 0.000000 0.000000 0.000000 1.000000
1.000000 0.000000 0.000000 0.001055 0.000000 1.108718 0.000000 0.951152 0.000000 0.000000 1.000000 1.884512 0.000000 0.000000 0.000000 1.000000
1.000000 0.000000 0.000000 0.001055 0.000000 1.108718 0.000000 0.951152 0.000000 0.000000 1.000000 1.884512 0.000000 0.000000 0.000000 1.000000
1.000000 0.000000 0.000000 0.001055 0.000000 1.108718 0.000000 0.951152 0.000000 0.000000 1.000000 1.884512 0.000000 0.000000 0.000000 1.000000
1.000000 0.000000 0.000000 0.001055 0.000000 1.108718 0.000000 0.951152 -0.000000 0.000000 1.000000 1.884512 0.000000 0.000000 0.000000 1.000000
1.000000 0.000000 0.000000 0.001055 0.000000 1.108718 0.000000 0.951152 0.000000 0.000000 1.000000 1.884512 0.000000 0.000000 0.000000 1.000000
1.000000 0.000000 0.000000 0.001055 0.000000 1.108718 0.000000 0.951152 0.000000 0.000000 1.000000 1.884512 0.000000 0.000000 0.000000 1.000000
1.000000 0.000000 0.000000 0.001055 0.000000 1.108718 0.000000 0.951152 0.000000 0.000000 1.000000 1.884512 0.000000 0.000000 0.000000 1.000000
1.000000 0.000000 0.000000 0.001055 0.000000 1.108718 0.000000 0.951152 0.000000 0.000000 1.000000 1.884512 0.000000 0.000000 0.000000 1.000000
1.000000 0.000000 0.000000 0.001055 0.000000 1.108718 0.000000 0.951152 0.000000 0.000000 1.000000 1.884512 0.000000 0.000000 0.000000 1.000000
1.000000 0.000000 0.000000 0.001055 0.000000 1.108718 0.000000 0.951152 0.000000 0.000000 1.000000 1.884512 0.000000 0.000000 0.000000 1.000000
1.000000 0.000000 0.000000 0.001055 0.000000 1.108718 0.000000 0.951152 0.000000 0.000000 1.000000 1.884512 0.000000 0.000000 0.000000 1.000000
1.000000 0.000000 -0.000000 0.001055 0.000000 1.108718 0.000000 0.951152 0.000000 0.000000 1.000000 1.884512 0.000000 0.000000 0.000000 1.000000
1.000000 0.000000 0.000000 0.001055 0.000000 1.108718 0.000000 0.951152 0.000000 0.000000 1.000000 1.884512 0.000000 0.000000 0.000000 1.000000</float_array><technique_common><accessor source="#uppereye_jnt-Matrix-animation-output-transform-array" count="31" stride="16"><param type="float4x4"/></accessor></technique_common></source><source id="uppereye_jnt-Interpolations"><Name_array id="uppereye_jnt-Interpolations-array" count="31">
 LINEAR LINEAR LINEAR LINEAR LINEAR LINEAR LINEAR LINEAR LINEAR LINEAR LINEAR
LINEAR LINEAR LINEAR LINEAR LINEAR LINEAR LINEAR LINEAR LINEAR LINEAR LINEAR LINEAR
LINEAR LINEAR LINEAR LINEAR LINEAR LINEAR LINEAR LINEAR</Name_array><technique_common><accessor source="#uppereye_jnt-Interpolations-array" count="31"><param type="name"/></accessor></technique_common></source><sampler id="uppereye_jnt-Matrix-animation-transform"><input semantic="INPUT" source="#uppereye_jnt-Matrix-animation-input"/><input semantic="OUTPUT" source="#uppereye_jnt-Matrix-animation-output-transform"/><input semantic="INTERPOLATION" source="#uppereye_jnt-Interpolations"/></sampler><channel source="#uppereye_jnt-Matrix-animation-transform" target="uppereye_jnt/matrix"/></animation></animation>
    <animation id="mouth_jnt-anim" name="mouth_jnt"><animation><source id="mouth_jnt-Matrix-animation-input"><float_array id="mouth_jnt-Matrix-animation-input-array" count="31">

0.000000 0.033333 0.066667 0.100000 0.133333 0.166667 0.200000 0.233333 0.266667 0.300000 0.333333 0.366667 0.400000 0.433333 0.466667 0.500000
0.533333 0.566667 0.600000 0.633333 0.666667 0.700000 0.733333 0.766667 0.800000 0.833333 0.866667 0.900000 0.933333 0.966667 1.000000</float_array><technique_common><accessor source="#mouth_jnt-Matrix-animation-input-array" count="31"><param name="TIME" type="float"/></accessor></technique_common></source><source id="mouth_jnt-Matrix-animation-output-transform"><float_array id="mouth_jnt-Matrix-animation-output-transform-array" count="496">

1.000000 0.000000 0.000000 0.001055 0.000000 1.000000 0.000000 0.109714 0.000000 0.000000 1.000000 0.621134 0.000000 0.000000 0.000000 1.000000
1.000000 0.000000 0.000000 0.001055 0.000000 1.000000 0.000000 0.109714 -0.000000 0.000000 1.000000 0.621134 0.000000 0.000000 0.000000 1.000000
1.000000 0.000000 0.000000 0.001055 0.000000 1.000000 0.000000 0.109714 0.000000 0.000000 1.000000 0.621134 0.000000 0.000000 0.000000 1.000000
1.000000 0.000000 0.000000 0.001055 0.000000 1.000000 0.000000 0.109714 0.000000 0.000000 1.000000 0.621134 0.000000 0.000000 0.000000 1.000000
1.000000 0.000000 0.000000 0.001055 0.000000 1.000000 0.000000 0.109714 0.000000 0.000000 1.000000 0.621134 0.000000 0.000000 0.000000 1.000000
