<?xml version="1.0" encoding="utf-8"?>
<COLLADA xmlns="http://www.collada.org/2005/11/COLLADASchema" version="1.4.1">
  <asset><contributor><author></author><authoring_tool>FBX COLLADA exporter</authoring_tool><comments></comments></contributor><created>2020-01-16T12:53:13Z</created><keywords></keywords><modified>2020-01-16T12:53:13Z</modified><revision></revision><subject></subject><title></title><unit meter="0.010000" name="centimeter"></unit><up_axis>Y_UP</up_axis></asset>
  <library_animations>
    <animation id="root_jnt-anim" name="root_jnt"><animation><source id="root_jnt-Matrix-animation-input"><float_array id="root_jnt-Matrix-animation-input-array" count="31">

0.000000 0.033333 0.066667 0.100000 0.133333 0.166667 0.200000 0.233333 0.266667 0.300000 0.333333 0.366667 0.400000 0.433333 0.466667 0.500000
0.533333 0.566667 0.600000 0.633333 0.666667 0.700000 0.733333 0.766667 0.800000 0.833333 0.866667 0.900000 0.933333 0.966667 1.000000</float_array><technique_common><accessor source="#root_jnt-Matrix-animation-input-array" count="31"><param name="TIME" type="float"/></accessor></technique_common></source><source id="root_jnt-Matrix-animation-output-transform"><float_array id="root_jnt-Matrix-animation-output-transform-array" count="496">

1.000000 0.000000 0.000000 0.000000 0.000000 1.000000 0.000000 0.000000 0.000000 0.000000 1.000000 0.000000 0.000000 0.000000 0.000000 1.000000
1.000000 0.000000 0.000000 0.000000 0.000000 1.000000 0.000000 0.000000 0.000000 0.000000 1.000000 0.000000 0.000000 0.000000 0.000000 1.000000
1.000000 0.000000 0.000000 0.000000 0.000000 1.000000 0.000000 0.000000 0.000000 0.000000 1.000000 0.000000 0.000000 0.000000 0.000000 1.000000
1.000000 0.000000 0.000000 0.000000 0.000000 1.000000 0.000000 0.000000 0.000000 0.000000 1.000000 0.000000 0.000000 0.000000 0.000000 1.000000
1.000000 0.000000 0.000000 0.000000 0.000000 1.000000 0.000000 0.000000 0.000000 0.000000 1.000000 0.000000 0.000000 0.000000 0.000000 1.000000
1.000000 0.000000 0.000000 0.000000 0.000000 1.000000 0.000000 0.000000 0.000000 0.000000 1.000000 0.000000 0.000000 0.000000 0.000000 1.000000
1.000000 0.000000 0.000000 0.000000 0.000000 1.000000 0.000000 0.000000 0.000000 0.000000 1.000000 0.000000 0.000000 0.000000 0.000000 1.000000
1.000000 0.000000 0.000000 0.000000 0.000000 1.000000 0.000000 0.000000 0.000000 0.000000 1.000000 0.000000 0.000000 0.000000 0.000000 1.000000
1.000000 0.000000 0.000000 0.000000 0.000000 1.000000 0.000000 0.000000 0.000000 0.000000 1.000000 0.000000 0.000000 0.000000 0.000000 1.000000
1.000000 0.000000 0.000000 0.000000 0.000000 1.000000 0.000000 0.000000 0.000000 0.000000 1.000000 0.000000 0.000000 0.000000 0.000000 1.000000
1.000000 0.000000 0.000000 0.000000 0.000000 1.000000 0.000000 0.000000 0.000000 0.000000 1.000000 0.000000 0.000000 0.000000 0.000000 1.000000
1.000000 0.000000 0.000000 0.000000 0.000000 1.000000 0.000000 0.000000 0.000000 0.000000 1.000000 0.000000 0.000000 0.000000 0.000000 1.000000
1.000000 0.000000 0.000000 0.000000 0.000000 1.000000 0.000000 0.000000 0.000000 0.000000 1.000000 0.000000 0.000000 0.000000 0.000000 1.000000
1.000000 0.000000 0.000000 0.000000 0.000000 1.000000 0.000000 0.000000 0.000000 0.000000 1.000000 0.000000 0.000000 0.000000 0.000000 1.000000
1.000000 0.000000 0.000000 0.000000 0.000000 1.000000 0.000000 0.000000 0.000000 0.000000 1.000000 0.000000 0.000000 0.000000 0.000000 1.000000
1.000000 0.000000 0.000000 0.000000 0.000000 1.000000 0.000000 0.000000 0.000000 0.000000 1.000000 0.000000 0.000000 0.000000 0.000000 1.000000
1.000000 0.000000 0.000000 0.000000 0.000000 1.000000 0.000000 0.000000 0.000000 0.000000 1.000000 0.000000 0.000000 0.000000 0.000000 1.000000
1.000000 0.000000 0.000000 0.000000 0.000000 1.000000 0.000000 0.000000 0.000000 0.000000 1.000000 0.000000 0.000000 0.000000 0.000000 1.000000
1.000000 0.000000 0.000000 0.000000 0.000000 1.000000 0.000000 0.000000 0.000000 0.000000 1.000000 0.000000 0.000000 0.000000 0.000000 1.000000
1.000000 0.000000 0.000000 0.000000 0.000000 1.000000 0.000000 0.000000 0.000000 0.000000 1.000000 0.000000 0.000000 0.000000 0.000000 1.000000
1.000000 0.000000 0.000000 0.000000 0.000000 1.000000 0.000000 0.000000 0.000000 0.000000 1.000000 0.000000 0.000000 0.000000 0.000000 1.000000
1.000000 0.000000 0.000000 0.000000 0.000000 1.000000 0.000000 0.000000 0.000000 0.000000 1.000000 0.000000 0.000000 0.000000 0.000000 1.000000
1.000000 0.000000 0.000000 0.000000 0.000000 1.000000 0.000000 0.000000 0.000000 0.000000 1.000000 0.000000 0.000000 0.000000 0.000000 1.000000
1.000000 0.000000 0.000000 0.000000 0.000000 1.000000 0.000000 0.000000 0.000000 0.000000 1.000000 0.000000 0.000000 0.000000 0.000000 1.000000
1.000000 0.000000 0.000000 0.000000 0.000000 1.000000 0.000000 0.000000 0.000000 0.000000 1.000000 0.000000 0.000000 0.000000 0.000000 1.000000
1.000000 0.000000 0.000000 0.000000 0.000000 1.000000 0.000000 0.000000 0.000000 0.000000 1.000000 0.000000 0.000000 0.000000 0.000000 1.000000
1.000000 0.000000 0.000000 0.000000 0.000000 1.000000 0.000000 0.000000 0.000000 0.000000 1.000000 0.000000 0.000000 0.000000 0.000000 1.000000
1.000000 0.000000 0.000000 0.000000 0.000000 1.000000 0.000000 0.000000 0.000000 0.000000 1.000000 0.000000 0.000000 0.000000 0.000000 1.000000
1.000000 0.000000 0.000000 0.000000 0.000000 1.000000 0.000000 0.000000 0.000000 0.000000 1.000000 0.000000 0.000000 0.000000 0.000000 1.000000
1.000000 0.000000 0.000000 0.000000 0.000000 1.000000 0.000000 0.000000 0.000000 0.000000 1.000000 0.000000 0.000000 0.000000 0.000000 1.000000
1.000000 0.000000 0.000000 0.000000 0.000000 1.000000 0.000000 0.000000 0.000000 0.000000 1.000000 0.000000 0.000000 0.000000 0.000000 1.000000</float_array><technique_common><accessor source="#root_jnt-Matrix-animation-output-transform-array" count="31" stride="16"><param type="float4x4"/></accessor></technique_common></source><source id="root_jnt-Interpolations"><Name_array id="root_jnt-Interpolations-array" count="31">
 LINEAR LINEAR LINEAR LINEAR LINEAR LINEAR LINEAR LINEAR LINEAR LINEAR LINEAR
LINEAR LINEAR LINEAR LINEAR LINEAR LINEAR LINEAR LINEAR LINEAR LINEAR LINEAR LINEAR
LINEAR LINEAR LINEAR LINEAR LINEAR LINEAR LINEAR LINEAR</Name_array><technique_common><accessor source="#root_jnt-Interpolations-array" count="31"><param type="name"/></accessor></technique_common></source><sampler id="root_jnt-Matrix-animation-transform"><input semantic="INPUT" source="#root_jnt-Matrix-animation-input"/><input semantic="OUTPUT" source="#root_jnt-Matrix-animation-output-transform"/><input semantic="INTERPOLATION" source="#root_jnt-Interpolations"/></sampler><channel source="#root_jnt-Matrix-animation-transform" target="root_jnt/matrix"/></animation></animation>
    <animation id="neck01_jnt-anim" name="neck01_jnt"><animation><source id="neck01_jnt-Matrix-animation-input"><float_array id="neck01_jnt-Matrix-animation-input-array" count="31">

0.000000 0.033333 0.066667 0.100000 0.133333 0.166667 0.200000 0.233333 0.266667 0.300000 0.333333 0.366667 0.400000 0.433333 0.466667 0.500000
0.533333 0.566667 0.600000 0.633333 0.666667 0.700000 0.733333 0.766667 0.800000 0.833333 0.866667 0.900000 0.933333 0.966667 1.000000</float_array><technique_common><accessor source="#neck01_jnt-Matrix-animation-input-array" count="31"><param name="TIME" type="float"/></accessor></technique_common></source><source id="neck01_jnt-Matrix-animation-output-transform"><float_array id="neck01_jnt-Matrix-animation-output-transform-array" count="496">

1.000000 0.000000 0.000000 -2.204408 0.000000 0.819152 0.573576 2.933696 0.000000 -0.573576 0.819152 -0.589548 0.000000 0.000000 0.000000 1.000000
1.000000 0.000000 0.000000 -2.204408 0.000000 0.823591 0.567184 2.933696 0.000000 -0.567184 0.823591 -0.589548 0.000000 0.000000 0.000000 1.000000
1.000000 0.000000 0.000000 -2.204408 0.000000 0.835814 0.549012 2.933696 0.000000 -0.549012 0.835814 -0.589548 0.000000 0.000000 0.000000 1.000000
1.000000 0.000000 0.000000 -2.204408 0.000000 0.853914 0.520414 2.933696 0.000000 -0.520414 0.853914 -0.589548 0.000000 0.000000 0.000000 1.000000
1.000000 0.000000 0.000000 -2.204408 0.000000 0.875795 0.482682 2.933696 0.000000 -0.482682 0.875795 -0.589548 0.000000 0.000000 0.000000 1.000000
1.000000 0.000000 0.000000 -2.204408 0.000000 0.899360 0.437209 2.933696 0.000000 -0.437209 0.899360 -0.589548 0.000000 0.000000 0.000000 1.000000
1.000000 0.000000 0.000000 -2.204408 0.000000 0.922673 0.385584 2.933696 0.000000 -0.385584 0.922673 -0.589548 0.000000 0.000000 0.000000 1.000000
1.000000 0.000000 0.000000 -2.204408 0.000000 0.944104 0.329648 2.933696 0.000000 -0.329648 0.944104 -0.589548 0.000000 0.000000 0.000000 1.000000
1.000000 0.000000 0.000000 -2.204408 0.000000 0.962443 0.271484 2.933696 0.000000 -0.271484 0.962443 -0.589548 0.000000 0.000000 0.000000 1.000000
1.000000 0.000000 0.000000 -2.204408 0.000000 0.976971 0.213371 2.933696 0.000000 -0.213371 0.976971 -0.589548 0.000000 0.000000 0.000000 1.000000
1.000000 0.000000 0.000000 -2.204408 0.000000 0.987485 0.157711 2.933696 0.000000 -0.157711 0.987485 -0.589548 0.000000 0.000000 0.000000 1.000000
1.000000 0.000000 0.000000 -2.204408 0.000000 0.994265 0.106945 2.933696 0.000000 -0.106945 0.994265 -0.589548 0.000000 0.000000 0.000000 1.000000
1.000000 0.000000 0.000000 -2.204408 0.000000 0.997983 0.063487 2.933696 0.000000 -0.063487 0.997983 -0.589548 0.000000 0.000000 0.000000 1.000000
1.000000 0.000000 0.000000 -2.204408 0.000000 0.999559 0.029679 2.933696 0.000000 -0.029679 0.999559 -0.589548 0.000000 0.000000 0.000000 1.000000
1.000000 0.000000 0.000000 -2.204408 0.000000 0.999970 0.007783 2.933696 0.000000 -0.007783 0.999970 -0.589548 0.000000 0.000000 0.000000 1.000000
1.000000 0.000000 0.000000 -2.204408 0.000000 1.000000 0.000000 2.933696 0.000000 0.000000 1.000000 -0.589548 0.000000 0.000000 0.000000 1.000000
1.000000 0.000000 0.000000 -2.204408 0.000000 0.999990 0.004447 2.933696 0.000000 -0.004447 0.999990 -0.589548 0.000000 0.000000 0.000000 1.000000
1.000000 0.000000 0.000000 -2.204408 0.000000 0.999856 0.016961 2.933696 0.000000 -0.016961 0.999856 -0.589548 0.000000 0.000000 0.000000 1.000000
1.000000 0.000000 0.000000 -2.204408 0.000000 0.999341 0.036295 2.933696 0.000000 -0.036295 0.999341 -0.589548 0.000000 0.000000 0.000000 1.000000
1.000000 0.000000 0.000000 -2.204408 0.000000 0.998126 0.061190 2.933696 0.000000 -0.061190 0.998126 -0.589548 0.000000 0.000000 0.000000 1.000000
1.000000 0.000000 0.000000 -2.204408 0.000000 0.995908 0.090375 2.933696 0.000000 -0.090375 0.995908 -0.589548 0.000000 0.000000 0.000000 1.000000
1.000000 0.000000 0.000000 -2.204408 0.000000 0.992461 0.122562 2.933696 0.000000 -0.122562 0.992461 -0.589548 0.000000 0.000000 0.000000 1.000000
1.000000 0.000000 0.000000 -2.204408 0.000000 0.987684 0.156460 2.933696 0.000000 -0.156460 0.987684 -0.589548 0.000000 0.000000 0.000000 1.000000
1.000000 0.000000 0.000000 -2.204408 0.000000 0.981632 0.190784 2.933696 0.000000 -0.190784 0.981632 -0.589548 0.000000 0.000000 0.000000 1.000000
1.000000 0.000000 0.000000 -2.204408 0.000000 0.974527 0.224271 2.933696 0.000000 -0.224271 0.974527 -0.589548 0.000000 0.000000 0.000000 1.000000
1.000000 0.000000 0.000000 -2.204408 0.000000 0.966757 0.255696 2.933696 0.000000 -0.255696 0.966757 -0.589548 0.000000 0.000000 0.000000 1.000000
1.000000 0.000000 0.000000 -2.204408 0.000000 0.958860 0.283879 2.933696 0.000000 -0.283879 0.958860 -0.589548 0.000000 0.000000 0.000000 1.000000
1.000000 0.000000 0.000000 -2.204408 0.000000 0.951487 0.307689 2.933696 0.000000 -0.307689 0.951487 -0.589548 0.000000 0.000000 0.000000 1.000000
1.000000 0.000000 0.000000 -2.204408 0.000000 0.945359 0.326033 2.933696 0.000000 -0.326033 0.945359 -0.589548 0.000000 0.000000 0.000000 1.000000
1.000000 0.000000 0.000000 -2.204408 0.000000 0.941204 0.337838 2.933696 0.000000 -0.337838 0.941204 -0.589548 0.000000 0.000000 0.000000 1.000000
1.000000 0.000000 0.000000 -2.204408 0.000000 0.939693 0.342020 2.933696 0.000000 -0.342020 0.939693 -0.589548 0.000000 0.000000 0.000000 1.000000</float_array><technique_common><accessor source="#neck01_jnt-Matrix-animation-output-transform-array" count="31" stride="16"><param type="float4x4"/></accessor></technique_common></source><source id="neck01_jnt-Interpolations"><Name_array id="neck01_jnt-Interpolations-array" count="31">
 LINEAR LINEAR LINEAR LINEAR LINEAR LINEAR LINEAR LINEAR LINEAR LINEAR LINEAR
LINEAR LINEAR LINEAR LINEAR LINEAR LINEAR LINEAR LINEAR LINEAR LINEAR LINEAR LINEAR
LINEAR LINEAR LINEAR LINEAR LINEAR LINEAR LINEAR LINEAR</Name_array><technique_common><accessor source="#neck01_jnt-Interpolations-array" count="31"><param type="name"/></accessor></technique_common></source><sampler id="neck01_jnt-Matrix-animation-transform"><input semantic="INPUT" source="#neck01_jnt-Matrix-animation-input"/><input semantic="OUTPUT" source="#neck01_jnt-Matrix-animation-output-transform"/><input semantic="INTERPOLATION" source="#neck01_jnt-Interpolations"/></sampler><channel source="#neck01_jnt-Matrix-animation-transform" target="neck01_jnt/matrix"/></animation></animation>
    <animation id="neck02_jnt-anim" name="neck02_jnt"><animation><source id="neck02_jnt-Matrix-animation-input"><float_array id="neck02_jnt-Matrix-animation-input-array" count="31">

0.000000 0.033333 0.066667 0.100000 0.133333 0.166667 0.200000 0.233333 0.266667 0.300000 0.333333 0.366667 0.400000 0.433333 0.466667 0.500000
0.533333 0.566667 0.600000 0.633333 0.666667 0.700000 0.733333 0.766667 0.800000 0.833333 0.866667 0.900000 0.933333 0.966667 1.000000</float_array><technique_common><accessor source="#neck02_jnt-Matrix-animation-input-array" count="31"><param name="TIME" type="float"/></accessor></technique_common></source><source id="neck02_jnt-Matrix-animation-output-transform"><float_array id="neck02_jnt-Matrix-animation-output-transform-array" count="496">

1.000000 0.000000 0.000000 -0.006357 0.000000 0.866025 -0.500000 -1.778614 0.000000 0.500000 0.866025 0.674803 0.000000 0.000000 0.000000 1.000000
1.000000 0.000000 0.000000 -0.006357 0.000000 0.869342 -0.494212 -1.778614 0.000000 0.494212 0.869342 0.674803 0.000000 0.000000 0.000000 1.000000
1.000000 0.000000 0.000000 -0.006357 0.000000 0.878465 -0.477806 -1.778614 0.000000 0.477806 0.878465 0.674803 0.000000 0.000000 0.000000 1.000000
1.000000 0.000000 0.000000 -0.006357 0.000000 0.891955 -0.452123 -1.778614 0.000000 0.452123 0.891955 0.674803 0.000000 0.000000 0.000000 1.000000
1.000000 0.000000 0.000000 -0.006357 0.000000 0.908232 -0.418466 -1.778614 0.000000 0.418466 0.908232 0.674803 0.000000 0.000000 0.000000 1.000000
1.000000 0.000000 0.000000 -0.006357 0.000000 0.925724 -0.378200 -1.778614 0.000000 0.378200 0.925724 0.674803 0.000000 0.000000 0.000000 1.000000
1.000000 0.000000 0.000000 -0.006357 0.000000 0.942991 -0.332820 -1.778614 0.000000 0.332820 0.942991 0.674803 0.000000 0.000000 0.000000 1.000000
1.000000 0.000000 0.000000 -0.006357 0.000000 0.958831 -0.283978 -1.778614 0.000000 0.283978 0.958831 0.674803 0.000000 0.000000 0.000000 1.000000
1.000000 0.000000 0.000000 -0.006357 0.000000 0.972361 -0.233483 -1.778614 0.000000 0.233483 0.972361 0.674803 0.000000 0.000000 0.000000 1.000000
1.000000 0.000000 0.000000 -0.006357 0.000000 0.983064 -0.183265 -1.778614 0.000000 0.183265 0.983064 0.674803 0.000000 0.000000 0.000000 1.000000
1.000000 0.000000 0.000000 -0.006357 0.000000 0.990800 -0.135331 -1.778614 0.000000 0.135331 0.990800 0.674803 0.000000 0.000000 0.000000 1.000000
1.000000 0.000000 0.000000 -0.006357 0.000000 0.995785 -0.091714 -1.778614 0.000000 0.091714 0.995785 0.674803 0.000000 0.000000 0.000000 1.000000
1.000000 0.000000 0.000000 -0.006357 0.000000 0.998518 -0.054427 -1.778614 0.000000 0.054427 0.998518 0.674803 0.000000 0.000000 0.000000 1.000000
1.000000 0.000000 0.000000 -0.006357 0.000000 0.999676 -0.025440 -1.778614 0.000000 0.025440 0.999676 0.674803 0.000000 0.000000 0.000000 1.000000
1.000000 0.000000 0.000000 -0.006357 0.000000 0.999978 -0.006671 -1.778614 0.000000 0.006671 0.999978 0.674803 0.000000 0.000000 0.000000 1.000000
1.000000 0.000000 0.000000 -0.006357 0.000000 1.000000 0.000000 -1.778614 0.000000 0.000000 1.000000 0.674803 0.000000 0.000000 0.000000 1.000000
1.000000 0.000000 0.000000 -0.006357 0.000000 0.999978 -0.006671 -1.778614 0.000000 0.006671 0.999978 0.674803 0.000000 0.000000 0.000000 1.000000
1.000000 0.000000 0.000000 -0.006357 0.000000 0.999676 -0.025440 -1.778614 0.000000 0.025440 0.999676 0.674803 0.000000 0.000000 0.000000 1.000000
1.000000 0.000000 0.000000 -0.006357 0.000000 0.998518 -0.054427 -1.778614 0.000000 0.054427 0.998518 0.674803 0.000000 0.000000 0.000000 1.000000
1.000000 0.000000 0.000000 -0.006357 0.000000 0.995785 -0.091714 -1.778614 0.000000 0.091714 0.995785 0.674803 0.000000 0.000000 0.000000 1.000000
1.000000 0.000000 0.000000 -0.006357 0.000000 0.990800 -0.135331 -1.778614 0.000000 0.135331 0.990800 0.674803 0.000000 0.000000 0.000000 1.000000
1.000000 0.000000 0.000000 -0.006357 0.000000 0.983064 -0.183265 -1.778614 0.000000 0.183265 0.983064 0.674803 0.000000 0.000000 0.000000 1.000000
1.000000 0.000000 0.000000 -0.006357 0.000000 0.972361 -0.233483 -1.778614 0.000000 0.233483 0.972361 0.674803 0.000000 0.000000 0.000000 1.000000
1.000000 0.000000 0.000000 -0.006357 0.000000 0.958831 -0.283978 -1.778614 0.000000 0.283978 0.958831 0.674803 0.000000 0.000000 0.000000 1.000000
1.000000 0.000000 0.000000 -0.006357 0.000000 0.942991 -0.332820 -1.778614 0.000000 0.332820 0.942991 0.674803 0.000000 0.000000 0.000000 1.000000
1.000000 0.000000 0.000000 -0.006357 0.000000 0.925724 -0.378200 -1.778614 0.000000 0.378200 0.925724 0.674803 0.000000 0.000000 0.000000 1.000000
1.000000 0.000000 0.000000 -0.006357 0.000000 0.908232 -0.418466 -1.778614 0.000000 0.418466 0.908232 0.674803 0.000000 0.000000 0.000000 1.000000
1.000000 0.000000 0.000000 -0.006357 0.000000 0.891955 -0.452123 -1.778614 0.000000 0.452123 0.891955 0.674803 0.000000 0.000000 0.000000 1.000000
1.000000 0.000000 0.000000 -0.006357 0.000000 0.878465 -0.477806 -1.778614 0.000000 0.477806 0.878465 0.674803 0.000000 0.000000 0.000000 1.000000
1.000000 0.000000 0.000000 -0.006357 0.000000 0.869342 -0.494212 -1.778614 0.000000 0.494212 0.869342 0.674803 0.000000 0.000000 0.000000 1.000000
1.000000 0.000000 0.000000 -0.006357 0.000000 0.866025 -0.500000 -1.778614 0.000000 0.500000 0.866025 0.674803 0.000000 0.000000 0.000000 1.000000</float_array><technique_common><accessor source="#neck02_jnt-Matrix-animation-output-transform-array" count="31" stride="16"><param type="float4x4"/></accessor></technique_common></source><source id="neck02_jnt-Interpolations"><Name_array id="neck02_jnt-Interpolations-array" count="31">
 LINEAR LINEAR LINEAR LINEAR LINEAR LINEAR LINEAR LINEAR LINEAR LINEAR LINEAR
LINEAR LINEAR LINEAR LINEAR LINEAR LINEAR LINEAR LINEAR LINEAR LINEAR LINEAR LINEAR
LINEAR LINEAR LINEAR LINEAR LINEAR LINEAR LINEAR LINEAR</Name_array><technique_common><accessor source="#neck02_jnt-Interpolations-array" count="31"><param type="name"/></accessor></technique_common></source><sampler id="neck02_jnt-Matrix-animation-transform"><input semantic="INPUT" source="#neck02_jnt-Matrix-animation-input"/><input semantic="OUTPUT" source="#neck02_jnt-Matrix-animation-output-transform"/><input semantic="INTERPOLATION" source="#neck02_jnt-Interpolations"/></sampler><channel source="#neck02_jnt-Matrix-animation-transform" target="neck02_jnt/matrix"/></animation></animation>
    <animation id="head_jnt-anim" name="head_jnt"><animation><source id="head_jnt-Matrix-animation-input"><float_array id="head_jnt-Matrix-animation-input-array" count="31">

0.000000 0.033333 0.066667 0.100000 0.133333 0.166667 0.200000 0.233333 0.266667 0.300000 0.333333 0.366667 0.400000 0.433333 0.466667 0.500000
0.533333 0.566667 0.600000 0.633333 0.666667 0.700000 0.733333 0.766667 0.800000 0.833333 0.866667 0.900000 0.933333 0.966667 1.000000</float_array><technique_common><accessor source="#head_jnt-Matrix-animation-input-array" count="31"><param name="TIME" type="float"/></accessor></technique_common></source><source id="head_jnt-Matrix-animation-output-transform"><float_array id="head_jnt-Matrix-animation-output-transform-array" count="496">

1.000000 0.000000 0.000000 0.006357 0.000000 0.766044 0.642788 0.733466 0.000000 -0.642788 0.766044 0.708435 0.000000 0.000000 0.000000 1.000000
1.000000 0.000000 0.000000 0.006357 0.000000 0.770002 0.638041 0.733466 0.000000 -0.638041 0.770002 0.708435 0.000000 0.000000 0.000000 1.000000
1.000000 0.000000 0.000000 0.006357 0.000000 0.781149 0.624344 0.733466 0.000000 -0.624344 0.781149 0.708435 0.000000 0.000000 0.000000 1.000000
1.000000 0.000000 0.000000 0.006357 0.000000 0.798215 0.602372 0.733466 0.000000 -0.602372 0.798215 0.708435 0.000000 0.000000 0.000000 1.000000
1.000000 0.000000 0.000000 0.006357 0.000000 0.819760 0.572708 0.733466 0.000000 -0.572708 0.819760 0.708435 0.000000 0.000000 0.000000 1.000000
1.000000 0.000000 0.000000 0.006357 0.000000 0.844259 0.535936 0.733466 0.000000 -0.535936 0.844259 0.708435 0.000000 0.000000 0.000000 1.000000
1.000000 0.000000 0.000000 0.006357 0.000000 0.870184 0.492727 0.733466 0.000000 -0.492727 0.870184 0.708435 0.000000 0.000000 0.000000 1.000000
1.000000 0.000000 0.000000 0.006357 0.000000 0.896079 0.443894 0.733466 0.000000 -0.443894 0.896079 0.708435 0.000000 0.000000 0.000000 1.000000
1.000000 0.000000 0.000000 0.006357 0.000000 0.920636 0.390422 0.733466 0.000000 -0.390422 0.920636 0.708435 0.000000 0.000000 0.000000 1.000000
1.000000 0.000000 0.000000 0.006357 0.000000 0.942758 0.333478 0.733466 0.000000 -0.333478 0.942758 0.708435 0.000000 0.000000 0.000000 1.000000
1.000000 0.000000 0.000000 0.006357 0.000000 0.961617 0.274394 0.733466 0.000000 -0.274394 0.961617 0.708435 0.000000 0.000000 0.000000 1.000000
1.000000 0.000000 0.000000 0.006357 0.000000 0.976694 0.214634 0.733466 0.000000 -0.214634 0.976694 0.708435 0.000000 0.000000 0.000000 1.000000
1.000000 0.000000 0.000000 0.006357 0.000000 0.987797 0.155745 0.733466 0.000000 -0.155745 0.987797 0.708435 0.000000 0.000000 0.000000 1.000000
1.000000 0.000000 0.000000 0.006357 0.000000 0.995057 0.099307 0.733466 0.000000 -0.099307 0.995057 0.708435 0.000000 0.000000 0.000000 1.000000
1.000000 0.000000 0.000000 0.006357 0.000000 0.998900 0.046887 0.733466 0.000000 -0.046887 0.998900 0.708435 0.000000 0.000000 0.000000 1.000000
1.000000 0.000000 0.000000 0.006357 0.000000 1.000000 0.000000 0.733466 0.000000 0.000000 1.000000 0.708435 0.000000 0.000000 0.000000 1.000000
1.000000 0.000000 0.000000 0.006357 0.000000 0.998952 -0.045776 0.733466 0.000000 0.045776 0.998952 0.708435 0.000000 0.000000 0.000000 1.000000
1.000000 0.000000 0.000000 0.006357 0.000000 0.995469 -0.095086 0.733466 0.000000 0.095086 0.995469 0.708435 0.000000 0.000000 0.000000 1.000000
1.000000 0.000000 0.000000 0.006357 0.000000 0.989170 -0.146774 0.733466 0.000000 0.146774 0.989170 0.708435 0.000000 0.000000 0.000000 1.000000
1.000000 0.000000 0.000000 0.006357 0.000000 0.979865 -0.199659 0.733466 0.000000 0.199659 0.979865 0.708435 0.000000 0.000000 0.000000 1.000000
1.000000 0.000000 0.000000 0.006357 0.000000 0.967579 -0.252570 0.733466 0.000000 0.252570 0.967579 0.708435 0.000000 0.000000 0.000000 1.000000
1.000000 0.000000 0.000000 0.006357 0.000000 0.952555 -0.304366 0.733466 0.000000 0.304366 0.952555 0.708435 0.000000 0.000000 0.000000 1.000000
1.000000 0.000000 0.000000 0.006357 0.000000 0.935257 -0.353971 0.733466 0.000000 0.353971 0.935257 0.708435 0.000000 0.000000 0.000000 1.000000
1.000000 0.000000 0.000000 0.006357 0.000000 0.916342 -0.400396 0.733466 0.000000 0.400396 0.916342 0.708435 0.000000 0.000000 0.000000 1.000000
1.000000 0.000000 0.000000 0.006357 0.000000 0.896641 -0.442758 0.733466 0.000000 0.442758 0.896641 0.708435 0.000000 0.000000 0.000000 1.000000
1.000000 0.000000 0.000000 0.006357 0.000000 0.877115 -0.480280 0.733466 0.000000 0.480280 0.877115 0.708435 0.000000 0.000000 0.000000 1.000000
1.000000 0.000000 0.000000 0.006357 0.000000 0.858814 -0.512287 0.733466 0.000000 0.512287 0.858814 0.708435 0.000000 0.000000 0.000000 1.000000
1.000000 0.000000 0.000000 0.006357 0.000000 0.842828 -0.538183 0.733466 0.000000 0.538183 0.842828 0.708435 0.000000 0.000000 0.000000 1.000000
1.000000 0.000000 0.000000 0.006357 0.000000 0.830236 -0.557412 0.733466 0.000000 0.557412 0.830236 0.708435 0.000000 0.000000 0.000000 1.000000
1.000000 0.000000 0.000000 0.006357 0.000000 0.822048 -0.569418 0.733466 0.000000 0.569418 0.822048 0.708435 0.000000 0.000000 0.000000 1.000000
1.000000 0.000000 0.000000 0.006357 0.000000 0.819152 -0.573576 0.733466 0.000000 0.573576 0.819152 0.708435 0.000000 0.000000 0.000000 1.000000</float_array><technique_common><accessor source="#head_jnt-Matrix-animation-output-transform-array" count="31" stride="16"><param type="float4x4"/></accessor></technique_common></source><source id="head_jnt-Interpolations"><Name_array id="head_jnt-Interpolations-array" count="31">
 LINEAR LINEAR LINEAR LINEAR LINEAR LINEAR LINEAR LINEAR LINEAR LINEAR LINEAR
LINEAR LINEAR LINEAR LINEAR LINEAR LINEAR LINEAR LINEAR LINEAR LINEAR LINEAR LINEAR
LINEAR LINEAR LINEAR LINEAR LINEAR LINEAR LINEAR LINEAR</Name_array><technique_common><accessor source="#head_jnt-Interpolations-array" count="31"><param type="name"/></accessor></technique_common></source><sampler id="head_jnt-Matrix-animation-transform"><input semantic="INPUT" source="#head_jnt-Matrix-animation-input"/><input semantic="OUTPUT" source="#head_jnt-Matrix-animation-output-transform"/><input semantic="INTERPOLATION" source="#head_jnt-Interpolations"/></sampler><channel source="#head_jnt-Matrix-animation-transform" target="head_jnt/matrix"/></animation></animation>
    <animation id="lowereye_jnt-anim" name="lowereye_jnt"><animation><source id="lowereye_jnt-Matrix-animation-input"><float_array id="lowereye_jnt-Matrix-animation-input-array" count="31">

0.000000 0.033333 0.066667 0.100000 0.133333 0.166667 0.200000 0.233333 0.266667 0.300000 0.333333 0.366667 0.400000 0.433333 0.466667 0.500000
0.533333 0.566667 0.600000 0.633333 0.666667 0.700000 0.733333 0.766667 0.800000 0.833333 0.866667 0.900000 0.933333 0.966667 1.000000</float_array><technique_common><accessor source="#lowereye_jnt-Matrix-animation-input-array" count="31"><param name="TIME" type="float"/></accessor></technique_common></source><source id="lowereye_jnt-Matrix-animation-output-transform"><float_array id="lowereye_jnt-Matrix-animation-output-transform-array" count="496">

1.000000 0.000000 0.000000 0.001055 0.000000 1.219564 0.000000 0.308096 0.000000 0.000000 1.000000 1.884512 0.000000 0.000000 0.000000 1.000000
1.000000 0.000000 0.000000 0.001055 0.000000 1.219564 0.000000 0.308096 0.000000 0.000000 1.000000 1.884512 0.000000 0.000000 0.000000 1.000000
1.000000 0.000000 0.000000 0.001055 0.000000 1.219564 0.000000 0.308096 0.000000 0.000000 1.000000 1.884512 0.000000 0.000000 0.000000 1.000000
1.000000 0.000000 0.000000 0.001055 0.000000 1.219564 0.000000 0.308096 0.000000 0.000000 1.000000 1.884512 0.000000 0.000000 0.000000 1.000000
1.000000 0.000000 0.000000 0.001055 0.000000 1.219564 0.000000 0.308096 0.000000 -0.000000 1.000000 1.884512 0.000000 0.000000 0.000000 1.000000
1.000000 0.000000 0.000000 0.001055 0.000000 1.219564 0.000000 0.308096 0.000000 -0.000000 1.000000 1.884512 0.000000 0.000000 0.000000 1.000000
1.000000 0.000000 0.000000 0.001055 0.000000 1.219564 0.000000 0.308096 0.000000 -0.000000 1.000000 1.884512 0.000000 0.000000 0.000000 1.000000
1.000000 0.000000 0.000000 0.001055 0.000000 1.219564 0.000000 0.308096 0.000000 0.000000 1.000000 1.884512 0.000000 0.000000 0.000000 1.000000
1.000000 0.000000 0.000000 0.001055 0.000000 1.219564 0.000000 0.308096 0.000000 0.000000 1.000000 1.884512 0.000000 0.000000 0.000000 1.000000
1.000000 0.000000 0.000000 0.001055 0.000000 1.219564 0.000000 0.308096 0.000000 0.000000 1.000000 1.884512 0.000000 0.000000 0.000000 1.000000
1.000000 0.000000 0.000000 0.001055 0.000000 1.219564 0.000000 0.308096 0.000000 0.000000 1.000000 1.884512 0.000000 0.000000 0.000000 1.000000
1.000000 0.000000 0.000000 0.001055 0.000000 1.219564 0.000000 0.308096 0.000000 0.000000 1.000000 1.884512 0.000000 0.000000 0.000000 1.000000
1.000000 0.000000 0.000000 0.001055 0.000000 1.219564 0.000000 0.308096 0.000000 -0.000000 1.000000 1.884512 0.000000 0.000000 0.000000 1.000000
1.000000 0.000000 0.000000 0.001055 0.000000 1.219564 0.000000 0.308096 0.000000 0.000000 1.000000 1.884512 0.000000 0.000000 0.000000 1.000000
1.000000 0.000000 0.000000 0.001055 0.000000 1.219564 0.000000 0.308096 0.000000 0.000000 1.000000 1.884512 0.000000 0.000000 0.000000 1.000000
1.000000 0.000000 0.000000 0.001055 0.000000 1.219564 0.000000 0.308096 0.000000 0.000000 1.000000 1.884512 0.000000 0.000000 0.000000 1.000000
1.000000 0.000000 0.000000 0.001055 0.000000 1.219564 0.000000 0.308096 0.000000 0.000000 1.000000 1.884512 0.000000 0.000000 0.000000 1.000000
1.000000 0.000000 0.000000 0.001055 0.000000 1.219564 0.000000 0.308096 0.000000 -0.000000 1.000000 1.884512 0.000000 0.000000 0.000000 1.000000
1.000000 0.000000 0.000000 0.001055 0.000000 1.219564 0.000000 0.308096 0.000000 0.000000 1.000000 1.884512 0.000000 0.000000 0.000000 1.000000
1.000000 0.000000 0.000000 0.001055 0.000000 1.219564 0.000000 0.308096 0.000000 0.000000 1.000000 1.884512 0.000000 0.000000 0.000000 1.000000
1.000000 0.000000 0.000000 0.001055 0.000000 1.219564 0.000000 0.308096 0.000000 -0.000000 1.000000 1.884512 0.000000 0.000000 0.000000 1.000000
1.000000 0.000000 0.000000 0.001055 0.000000 1.219564 0.000000 0.308096 0.000000 0.000000 1.000000 1.884512 0.000000 0.000000 0.000000 1.000000
1.000000 0.000000 0.000000 0.001055 0.000000 1.219564 0.000000 0.308096 0.000000 0.000000 1.000000 1.884512 0.000000 0.000000 0.000000 1.000000
1.000000 0.000000 0.000000 0.001055 0.000000 1.219564 0.000000 0.308096 0.000000 0.000000 1.000000 1.884512 0.000000 0.000000 0.000000 1.000000
1.000000 0.000000 0.000000 0.001055 0.000000 1.219564 -0.000000 0.308096 0.000000 -0.000000 1.000000 1.884512 0.000000 0.000000 0.000000 1.000000
1.000000 0.000000 0.000000 0.001055 0.000000 1.219564 -0.000000 0.308096 0.000000 0.000000 1.000000 1.884512 0.000000 0.000000 0.000000 1.000000
1.000000 0.000000 0.000000 0.001055 0.000000 1.219564 -0.000000 0.308096 0.000000 0.000000 1.000000 1.884512 0.000000 0.000000 0.000000 1.000000
1.000000 0.000000 0.000000 0.001055 0.000000 1.219564 0.000000 0.308096 0.000000 0.000000 1.000000 1.884512 0.000000 0.000000 0.000000 1.000000
1.000000 0.000000 0.000000 0.001055 0.000000 1.219564 0.000000 0.308096 0.000000 0.000000 1.000000 1.884512 0.000000 0.000000 0.000000 1.000000
1.000000 0.000000 0.000000 0.001055 0.000000 1.219564 0.000000 0.308096 0.000000 0.000000 1.000000 1.884512 0.000000 0.000000 0.000000 1.000000
1.000000 0.000000 0.000000 0.001055 0.000000 1.219564 -0.000000 0.308096 0.000000 0.000000 1.000000 1.884512 0.000000 0.000000 0.000000 1.000000</float_array><technique_common><accessor source="#lowereye_jnt-Matrix-animation-output-transform-array" count="31" stride="16"><param type="float4x4"/></accessor></technique_common></source><source id="lowereye_jnt-Interpolations"><Name_array id="lowereye_jnt-Interpolations-array" count="31">
 LINEAR LINEAR LINEAR LINEAR LINEAR LINEAR LINEAR LINEAR LINEAR LINEAR LINEAR
LINEAR LINEAR LINEAR LINEAR LINEAR LINEAR LINEAR LINEAR LINEAR LINEAR LINEAR LINEAR
LINEAR LINEAR LINEAR LINEAR LINEAR LINEAR LINEAR LINEAR</Name_array><technique_common><accessor source="#lowereye_jnt-Interpolations-array" count="31"><param type="name"/></accessor></technique_common></source><sampler id="lowereye_jnt-Matrix-animation-transform"><input semantic="INPUT" source="#lowereye_jnt-Matrix-animation-input"/><input semantic="OUTPUT" source="#lowereye_jnt-Matrix-animation-output-transform"/><input semantic="INTERPOLATION" source="#lowereye_jnt-Interpolations"/></sampler><channel source="#lowereye_jnt-Matrix-animation-transform" target="lowereye_jnt/matrix"/></animation></animation>
    <animation id="uppereye_jnt-anim" name="uppereye_jnt"><animation><source id="uppereye_jnt-Matrix-animation-input"><float_array id="uppereye_jnt-Matrix-animation-input-array" count="31">

0.000000 0.033333 0.066667 0.100000 0.133333 0.166667 0.200000 0.233333 0.266667 0.300000 0.333333 0.366667 0.400000 0.433333 0.466667 0.500000
0.533333 0.566667 0.600000 0.633333 0.666667 0.700000 0.733333 0.766667 0.800000 0.833333 0.866667 0.900000 0.933333 0.966667 1.000000</float_array><technique_common><accessor source="#uppereye_jnt-Matrix-animation-input-array" count="31"><param name="TIME" type="float"/></accessor></technique_common></source><source id="uppereye_jnt-Matrix-animation-output-transform"><float_array id="uppereye_jnt-Matrix-animation-output-transform-array" count="496">

1.000000 0.000000 0.000000 0.001055 0.000000 1.108718 0.000000 0.951152 0.000000 0.000000 1.000000 1.884512 0.000000 0.000000 0.000000 1.000000
1.000000 0.000000 0.000000 0.001055 0.000000 1.108718 0.000000 0.951152 0.000000 0.000000 1.000000 1.884512 0.000000 0.000000 0.000000 1.000000
1.000000 0.000000 0.000000 0.001055 0.000000 1.108718 0.000000 0.951152 0.000000 0.000000 1.000000 1.884512 0.000000 0.000000 0.000000 1.000000
1.000000 0.000000 0.000000 0.001055 0.000000 1.108718 0.000000 0.951152 0.000000 0.000000 1.000000 1.884512 0.000000 0.000000 0.000000 1.000000
1.000000 0.000000 0.000000 0.001055 0.000000 1.108718 0.000000 0.951152 0.000000 -0.000000 1.000000 1.884512 0.000000 0.000000 0.000000 1.000000
1.000000 0.000000 0.000000 0.001055 0.000000 1.108718 0.000000 0.951152 0.000000 0.000000 1.000000 1.884512 0.000000 0.000000 0.000000 1.000000
1.000000 0.000000 0.000000 0.001055 0.000000 1.108718 0.000000 0.951152 0.000000 0.000000 1.000000 1.884512 0.000000 0.000000 0.000000 1.000000
1.000000 0.000000 0.000000 0.001055 0.000000 1.108718 0.000000 0.951152 0.000000 -0.000000 1.000000 1.884512 0.000000 0.000000 0.000000 1.000000
1.000000 0.000000 0.000000 0.001055 0.000000 1.108718 0.000000 0.951152 0.000000 0.000000 1.000000 1.884512 0.000000 0.000000 0.000000 1.000000
1.000000 0.000000 0.000000 0.001055 0.000000 1.108718 0.000000 0.951152 0.000000 0.000000 1.000000 1.884512 0.000000 0.000000 0.000000 1.000000
1.000000 0.000000 0.000000 0.001055 0.000000 1.108718 0.000000 0.951152 0.000000 0.000000 1.000000 1.884512 0.000000 0.000000 0.000000 1.000000
1.000000 0.000000 0.000000 0.001055 0.000000 1.108718 0.000000 0.951152 0.000000 0.000000 1.000000 1.884512 0.000000 0.000000 0.000000 1.000000
1.000000 0.000000 0.000000 0.001055 0.000000 1.108718 0.000000 0.951152 0.000000 -0.000000 1.000000 1.884512 0.000000 0.000000 0.000000 1.000000
1.000000 0.000000 0.000000 0.001055 0.000000 1.108718 0.000000 0.951152 0.000000 -0.000000 1.000000 1.884512 0.000000 0.000000 0.000000 1.000000
1.000000 0.000000 0.000000 0.001055 0.000000 1.108718 0.000000 0.951152 0.000000 -0.000000 1.000000 1.884512 0.000000 0.000000 0.000000 1.000000
1.000000 0.000000 0.000000 0.001055 0.000000 1.108718 0.000000 0.951152 0.000000 0.000000 1.000000 1.884512 0.000000 0.000000 0.000000 1.000000
1.000000 0.000000 0.000000 0.001055 0.000000 1.108718 0.000000 0.951152 0.000000 -0.000000 1.000000 1.884512 0.000000 0.000000 0.000000 1.000000
1.000000 0.000000 0.000000 0.001055 0.000000 1.108718 0.000000 0.951152 0.000000 -0.000000 1.000000 1.884512 0.000000 0.000000 0.000000 1.000000
1.000000 0.000000 0.000000 0.001055 0.000000 1.108718 0.000000 0.951152 0.000000 0.000000 1.000000 1.884512 0.000000 0.000000 0.000000 1.000000
1.000000 0.000000 0.000000 0.001055 0.000000 1.108718 0.000000 0.951152 0.000000 -0.000000 1.000000 1.884512 0.000000 0.000000 0.000000 1.000000
1.000000 0.000000 0.000000 0.001055 0.000000 1.108718 0.000000 0.951152 0.000000 0.000000 1.000000 1.884512 0.000000 0.000000 0.000000 1.000000
1.000000 0.000000 0.000000 0.001055 0.000000 1.108718 0.000000 0.951152 0.000000 0.000000 1.000000 1.884512 0.000000 0.000000 0.000000 1.000000
1.000000 0.000000 0.000000 0.001055 0.000000 1.108718 0.000000 0.951152 0.000000 0.000000 1.000000 1.884512 0.000000 0.000000 0.000000 1.000000
1.000000 0.000000 0.000000 0.001055 0.000000 1.108718 0.000000 0.951152 0.000000 0.000000 1.000000 1.884512 0.000000 0.000000 0.000000 1.000000
1.000000 0.000000 0.000000 0.001055 0.000000 1.108718 -0.000000 0.951152 0.000000 0.000000 1.000000 1.884512 0.000000 0.000000 0.000000 1.000000
1.000000 0.000000 0.000000 0.001055 0.000000 1.108718 -0.000000 0.951152 0.000000 0.000000 1.000000 1.884512 0.000000 0.000000 0.000000 1.000000
1.000000 0.000000 0.000000 0.001055 0.000000 1.108718 -0.000000 0.951152 0.000000 0.000000 1.000000 1.884512 0.000000 0.000000 0.000000 1.000000
1.000000 0.000000 0.000000 0.001055 0.000000 1.108718 0.000000 0.951152 0.000000 0.000000 1.000000 1.884512 0.000000 0.000000 0.000000 1.000000
1.000000 0.000000 0.000000 0.001055 0.000000 1.108718 0.000000 0.951152 0.000000 0.000000 1.000000 1.884512 0.000000 0.000000 0.000000 1.000000
1.000000 0.000000 0.000000 0.001055 0.000000 1.108718 0.000000 0.951152 0.000000 0.000000 1.000000 1.884512 0.000000 0.000000 0.000000 1.000000
1.000000 0.000000 0.000000 0.001055 0.000000 1.108718 -0.000000 0.951152 0.000000 0.000000 1.000000 1.884512 0.000000 0.000000 0.000000 1.000000</float_array><technique_common><accessor source="#uppereye_jnt-Matrix-animation-output-transform-array" count="31" stride="16"><param type="float4x4"/></accessor></technique_common></source><source id="uppereye_jnt-Interpolations"><Name_array id="uppereye_jnt-Interpolations-array" count="31">
 LINEAR LINEAR LINEAR LINEAR LINEAR LINEAR LINEAR LINEAR LINEAR LINEAR LINEAR
LINEAR LINEAR LINEAR LINEAR LINEAR LINEAR LINEAR LINEAR LINEAR LINEAR LINEAR LINEAR
LINEAR LINEAR LINEAR LINEAR LINEAR LINEAR LINEAR LINEAR</Name_array><technique_common><accessor source="#uppereye_jnt-Interpolations-array" count="31"><param type="name"/></accessor></technique_common></source><sampler id="uppereye_jnt-Matrix-animation-transform"><input semantic="INPUT" source="#uppereye_jnt-Matrix-animation-input"/><input semantic="OUTPUT" source="#uppereye_jnt-Matrix-animation-output-transform"/><input semantic="INTERPOLATION" source="#uppereye_jnt-Interpolations"/></sampler><channel source="#uppereye_jnt-Matrix-animation-transform" target="uppereye_jnt/matrix"/></animation></animation>
    <animation id="mouth_jnt-anim" name="mouth_jnt"><animation><source id="mouth_jnt-Matrix-animation-input"><float_array id="mouth_jnt-Matrix-animation-input-array" count="31">

0.000000 0.033333 0.066667 0.100000 0.133333 0.166667 0.200000 0.233333 0.266667 0.300000 0.333333 0.366667 0.400000 0.433333 0.466667 0.500000
0.533333 0.566667 0.600000 0.633333 0.666667 0.700000 0.733333 0.766667 0.800000 0.833333 0.866667 0.900000 0.933333 0.966667 1.000000</float_array><technique_common><accessor source="#mouth_jnt-Matrix-animation-input-array" count="31"><param name="TIME" type="float"/></accessor></technique_common></source><source id="mouth_jnt-Matrix-animation-output-transform"><float_array id="mouth_jnt-Matrix-animation-output-transform-array" count="496">

1.000000 0.000000 0.000000 0.001055 0.000000 1.000000 0.000000 0.109714 0.000000 0.000000 1.000000 0.621134 0.000000 0.000000 0.000000 1.000000
1.000000 0.000000 0.000000 0.001055 0.000000 1.000000 0.000000 0.109714 0.000000 0.000000 1.000000 0.621134 0.000000 0.000000 0.000000 1.000000
1.000000 0.000000 0.000000 0.001055 0.000000 1.000000 0.000000 0.109714 0.000000 0.000000 1.000000 0.621134 0.000000 0.000000 0.000000 1.000000
1.000000 0.000000 0.000000 0.001055 0.000000 1.000000 0.000000 0.109714 0.000000 0.000000 1.000000 0.621134 0.000000 0.000000 0.000000 1.000000
1.000000 0.000000 0.000000 0.001055 0.000000 1.000000 0.000000 0.109714 0.000000 0.000000 1.000000 0.621134 0.000000 0.000000 0.000000 1.000000
