<?xml version="1.0" encoding="utf-8"?>
<COLLADA xmlns="http://www.collada.org/2005/11/COLLADASchema" version="1.4.1">
  <asset><contributor><author></author><authoring_tool>FBX COLLADA exporter</authoring_tool><comments></comments></contributor><created>2020-01-31T11:05:32Z</created><keywords></keywords><modified>2020-01-31T11:05:32Z</modified><revision></revision><subject></subject><title></title><unit meter="0.010000" name="centimeter"></unit><up_axis>Y_UP</up_axis></asset>
  <library_animations>
    <animation id="root_jnt-anim" name="root_jnt"><animation><source id="root_jnt-Matrix-animation-input"><float_array id="root_jnt-Matrix-animation-input-array" count="31">

0.000000 0.033333 0.066667 0.100000 0.133333 0.166667 0.200000 0.233333 0.266667 0.300000 0.333333 0.366667 0.400000 0.433333 0.466667 0.500000
0.533333 0.566667 0.600000 0.633333 0.666667 0.700000 0.733333 0.766667 0.800000 0.833333 0.866667 0.900000 0.933333 0.966667 1.000000</float_array><technique_common><accessor source="#root_jnt-Matrix-animation-input-array" count="31"><param name="TIME" type="float"/></accessor></technique_common></source><source id="root_jnt-Matrix-animation-output-transform"><float_array id="root_jnt-Matrix-animation-output-transform-array" count="496">

0.995519 0.094564 -0.000697 0.006456 -0.094545 0.995102 -0.028875 0.706552 -0.002037 0.028811 0.999583 0.007730 0.000000 0.000000 0.000000 1.000000
0.995519 0.094564 -0.000697 0.006456 -0.094545 0.995102 -0.028875 0.437750 -0.002037 0.028811 0.999583 0.007730 0.000000 0.000000 0.000000 1.000000
0.995519 0.094564 -0.000697 0.006456 -0.094545 0.995102 -0.028875 0.168948 -0.002037 0.028811 0.999583 0.007730 0.000000 0.000000 0.000000 1.000000
1.000000 0.000722 -0.000250 0.005785 -0.000729 0.999609 -0.027967 0.151377 0.000230 0.027968 0.999609 0.006926 0.000000 0.000000 0.000000 1.000000
0.995654 -0.093126 -0.000228 0.004183 0.093092 0.995359 -0.024370 0.109478 0.002496 0.024243 0.999703 0.005009 0.000000 0.000000 0.000000 1.000000
0.997615 -0.069023 -0.000782 0.002272 0.069003 0.997496 -0.015489 0.059470 0.001849 0.015398 0.999880 0.002721 0.000000 0.000000 0.000000 1.000000
0.999708 -0.024171 -0.000526 0.000671 0.024168 0.999695 -0.005019 0.017571 0.000647 0.005005 0.999987 0.000804 0.000000 0.000000 0.000000 1.000000
1.000000 0.000000 0.000000 0.000000 0.000000 1.000000 0.000000 0.000000 0.000000 0.000000 1.000000 0.000000 0.000000 0.000000 0.000000 1.000000
1.000000 0.000000 0.000000 0.000000 0.000000 1.000000 0.000000 0.000000 0.000000 0.000000 1.000000 0.000000 0.000000 0.000000 0.000000 1.000000
1.000000 0.000000 0.000000 0.000000 0.000000 1.000000 0.000000 0.000000 0.000000 0.000000 1.000000 0.000000 0.000000 0.000000 0.000000 1.000000
1.000000 0.000000 0.000000 0.000000 0.000000 1.000000 0.000000 0.000000 0.000000 0.000000 1.000000 0.000000 0.000000 0.000000 0.000000 1.000000
1.000000 0.000000 0.000000 0.000000 0.000000 1.000000 0.000000 0.000000 0.000000 0.000000 1.000000 0.000000 0.000000 0.000000 0.000000 1.000000
1.000000 0.000000 0.000000 0.000000 0.000000 1.000000 0.000000 0.000000 0.000000 0.000000 1.000000 0.000000 0.000000 0.000000 0.000000 1.000000
1.000000 0.000000 0.000000 0.000000 0.000000 1.000000 0.000000 0.000000 0.000000 0.000000 1.000000 0.000000 0.000000 0.000000 0.000000 1.000000
1.000000 0.000000 0.000000 0.000000 0.000000 1.000000 0.000000 0.000000 0.000000 0.000000 1.000000 0.000000 0.000000 0.000000 0.000000 1.000000
1.000000 0.000000 0.000000 0.000000 0.000000 1.000000 0.000000 0.000000 0.000000 0.000000 1.000000 0.000000 0.000000 0.000000 0.000000 1.000000
1.000000 0.000000 0.000000 0.000000 0.000000 1.000000 0.000000 0.000000 0.000000 0.000000 1.000000 0.000000 0.000000 0.000000 0.000000 1.000000
1.000000 0.000000 0.000000 0.000000 0.000000 1.000000 0.000000 0.000000 0.000000 0.000000 1.000000 0.000000 0.000000 0.000000 0.000000 1.000000
1.000000 0.000000 0.000000 0.000000 0.000000 1.000000 0.000000 0.000000 0.000000 0.000000 1.000000 0.000000 0.000000 0.000000 0.000000 1.000000
1.000000 0.000000 0.000000 0.000000 0.000000 1.000000 0.000000 0.000000 0.000000 0.000000 1.000000 0.000000 0.000000 0.000000 0.000000 1.000000
1.000000 0.000000 0.000000 0.000000 0.000000 1.000000 0.000000 0.000000 0.000000 0.000000 1.000000 0.000000 0.000000 0.000000 0.000000 1.000000
1.000000 0.000000 0.000000 0.000000 0.000000 1.000000 0.000000 0.000000 0.000000 0.000000 1.000000 0.000000 0.000000 0.000000 0.000000 1.000000
1.000000 0.000000 0.000000 0.000000 0.000000 1.000000 0.000000 0.000000 0.000000 0.000000 1.000000 0.000000 0.000000 0.000000 0.000000 1.000000
1.000000 0.000000 0.000000 0.000000 0.000000 1.000000 0.000000 0.000000 0.000000 0.000000 1.000000 0.000000 0.000000 0.000000 0.000000 1.000000
1.000000 0.000000 0.000000 0.000000 0.000000 1.000000 0.000000 0.000000 0.000000 0.000000 1.000000 0.000000 0.000000 0.000000 0.000000 1.000000
1.000000 0.000000 0.000000 0.000000 0.000000 1.000000 0.000000 0.000000 0.000000 0.000000 1.000000 0.000000 0.000000 0.000000 0.000000 1.000000
1.000000 0.000000 0.000000 0.000000 0.000000 1.000000 0.000000 0.000000 0.000000 0.000000 1.000000 0.000000 0.000000 0.000000 0.000000 1.000000
1.000000 0.000000 0.000000 0.000000 0.000000 1.000000 0.000000 0.000000 0.000000 0.000000 1.000000 0.000000 0.000000 0.000000 0.000000 1.000000
1.000000 0.000000 0.000000 0.000000 0.000000 1.000000 0.000000 0.000000 0.000000 0.000000 1.000000 0.000000 0.000000 0.000000 0.000000 1.000000
1.000000 0.000000 0.000000 0.000000 0.000000 1.000000 0.000000 0.000000 0.000000 0.000000 1.000000 0.000000 0.000000 0.000000 0.000000 1.000000
1.000000 0.000000 0.000000 0.000000 0.000000 1.000000 0.000000 0.000000 0.000000 0.000000 1.000000 0.000000 0.000000 0.000000 0.000000 1.000000</float_array><technique_common><accessor source="#root_jnt-Matrix-animation-output-transform-array" count="31" stride="16"><param type="float4x4"/></accessor></technique_common></source><source id="root_jnt-Interpolations"><Name_array id="root_jnt-Interpolations-array" count="31">
 LINEAR LINEAR LINEAR LINEAR LINEAR LINEAR LINEAR LINEAR LINEAR LINEAR LINEAR
LINEAR LINEAR LINEAR LINEAR LINEAR LINEAR LINEAR LINEAR LINEAR LINEAR LINEAR LINEAR
LINEAR LINEAR LINEAR LINEAR LINEAR LINEAR LINEAR LINEAR</Name_array><technique_common><accessor source="#root_jnt-Interpolations-array" count="31"><param type="name"/></accessor></technique_common></source><sampler id="root_jnt-Matrix-animation-transform"><input semantic="INPUT" source="#root_jnt-Matrix-animation-input"/><input semantic="OUTPUT" source="#root_jnt-Matrix-animation-output-transform"/><input semantic="INTERPOLATION" source="#root_jnt-Interpolations"/></sampler><channel source="#root_jnt-Matrix-animation-transform" target="root_jnt/matrix"/></animation></animation>
    <animation id="neck01_jnt-anim" name="neck01_jnt"><animation><source id="neck01_jnt-Matrix-animation-input"><float_array id="neck01_jnt-Matrix-animation-input-array" count="31">

0.000000 0.033333 0.066667 0.100000 0.133333 0.166667 0.200000 0.233333 0.266667 0.300000 0.333333 0.366667 0.400000 0.433333 0.466667 0.500000
0.533333 0.566667 0.600000 0.633333 0.666667 0.700000 0.733333 0.766667 0.800000 0.833333 0.866667 0.900000 0.933333 0.966667 1.000000</float_array><technique_common><accessor source="#neck01_jnt-Matrix-animation-input-array" count="31"><param name="TIME" type="float"/></accessor></technique_common></source><source id="neck01_jnt-Matrix-animation-output-transform"><float_array id="neck01_jnt-Matrix-animation-output-transform-array" count="496">

1.000000 -0.000000 0.000000 -2.204408 -0.000000 0.858687 -0.512501 2.933696 0.000000 0.512501 0.858687 -0.589548 0.000000 0.000000 0.000000 1.000000
1.000000 -0.000000 0.000000 -2.204408 -0.000000 0.858687 -0.512501 2.933696 0.000000 0.512501 0.858687 -0.589548 0.000000 0.000000 0.000000 1.000000
1.000000 -0.000000 0.000000 -2.204408 -0.000000 0.858687 -0.512501 2.933696 0.000000 0.512501 0.858687 -0.589548 0.000000 0.000000 0.000000 1.000000
1.000000 0.000000 0.000000 -2.204408 -0.000000 0.858687 -0.512501 2.933696 0.000000 0.512501 0.858687 -0.589548 0.000000 0.000000 0.000000 1.000000
1.000000 0.000000 -0.000000 -2.204408 -0.000000 0.858687 -0.512501 2.933696 0.000000 0.512501 0.858687 -0.589548 0.000000 0.000000 0.000000 1.000000
1.000000 -0.000000 0.000000 -2.204408 -0.000000 0.858687 -0.512501 2.933696 0.000000 0.512501 0.858687 -0.589548 0.000000 0.000000 0.000000 1.000000
1.000000 0.000000 -0.000000 -2.204408 -0.000000 0.858687 -0.512501 2.933696 -0.000000 0.512501 0.858687 -0.589548 0.000000 0.000000 0.000000 1.000000
1.000000 0.000000 0.000000 -2.204408 0.000000 0.858687 -0.512501 2.933696 0.000000 0.512501 0.858687 -0.589548 0.000000 0.000000 0.000000 1.000000
1.000000 0.000000 0.000000 -2.204408 0.000000 0.858687 -0.512501 2.933696 0.000000 0.512501 0.858687 -0.589548 0.000000 0.000000 0.000000 1.000000
1.000000 0.000000 0.000000 -2.204408 0.000000 0.860815 -0.508917 2.933696 0.000000 0.508917 0.860815 -0.589548 0.000000 0.000000 0.000000 1.000000
1.000000 0.000000 0.000000 -2.204408 0.000000 0.866852 -0.498565 2.933696 0.000000 0.498565 0.866852 -0.589548 0.000000 0.000000 0.000000 1.000000
1.000000 0.000000 0.000000 -2.204408 0.000000 0.876177 -0.481990 2.933696 0.000000 0.481990 0.876177 -0.589548 0.000000 0.000000 0.000000 1.000000
1.000000 0.000000 0.000000 -2.204408 0.000000 0.888076 -0.459697 2.933696 0.000000 0.459697 0.888076 -0.589548 0.000000 0.000000 0.000000 1.000000
1.000000 0.000000 0.000000 -2.204408 0.000000 0.901786 -0.432183 2.933696 0.000000 0.432183 0.901786 -0.589548 0.000000 0.000000 0.000000 1.000000
1.000000 0.000000 0.000000 -2.204408 0.000000 0.916529 -0.399968 2.933696 0.000000 0.399968 0.916529 -0.589548 0.000000 0.000000 0.000000 1.000000
1.000000 0.000000 0.000000 -2.204408 0.000000 0.931550 -0.363612 2.933696 0.000000 0.363612 0.931550 -0.589548 0.000000 0.000000 0.000000 1.000000
1.000000 0.000000 0.000000 -2.204408 0.000000 0.946147 -0.323738 2.933696 0.000000 0.323738 0.946147 -0.589548 0.000000 0.000000 0.000000 1.000000
1.000000 0.000000 0.000000 -2.204408 0.000000 0.959699 -0.281031 2.933696 0.000000 0.281031 0.959699 -0.589548 0.000000 0.000000 0.000000 1.000000
1.000000 0.000000 0.000000 -2.204408 0.000000 0.971695 -0.236241 2.933696 0.000000 0.236241 0.971695 -0.589548 0.000000 0.000000 0.000000 1.000000
1.000000 0.000000 0.000000 -2.204408 0.000000 0.981750 -0.190175 2.933696 0.000000 0.190175 0.981750 -0.589548 0.000000 0.000000 0.000000 1.000000
1.000000 0.000000 0.000000 -2.204408 0.000000 0.989623 -0.143687 2.933696 0.000000 0.143687 0.989623 -0.589548 0.000000 0.000000 0.000000 1.000000
1.000000 0.000000 0.000000 -2.204408 0.000000 0.995220 -0.097657 2.933696 0.000000 0.097657 0.995220 -0.589548 0.000000 0.000000 0.000000 1.000000
1.000000 0.000000 0.000000 -2.204408 0.000000 0.998596 -0.052979 2.933696 0.000000 0.052979 0.998596 -0.589548 0.000000 0.000000 0.000000 1.000000
1.000000 0.000000 0.000000 -2.204408 0.000000 0.999944 -0.010538 2.933696 0.000000 0.010538 0.999944 -0.589548 0.000000 0.000000 0.000000 1.000000
1.000000 0.000000 0.000000 -2.204408 0.000000 0.999585 0.028796 2.933696 0.000000 -0.028796 0.999585 -0.589548 0.000000 0.000000 0.000000 1.000000
1.000000 0.000000 0.000000 -2.204408 0.000000 0.997938 0.064187 2.933696 0.000000 -0.064187 0.997938 -0.589548 0.000000 0.000000 0.000000 1.000000
1.000000 0.000000 0.000000 -2.204408 0.000000 0.995493 0.094830 2.933696 0.000000 -0.094830 0.995493 -0.589548 0.000000 0.000000 0.000000 1.000000
1.000000 0.000000 0.000000 -2.204408 0.000000 0.992779 0.119954 2.933696 0.000000 -0.119954 0.992779 -0.589548 0.000000 0.000000 0.000000 1.000000
1.000000 0.000000 0.000000 -2.204408 0.000000 0.990319 0.138812 2.933696 0.000000 -0.138812 0.990319 -0.589548 0.000000 0.000000 0.000000 1.000000
1.000000 0.000000 0.000000 -2.204408 0.000000 0.988584 0.150669 2.933696 0.000000 -0.150669 0.988584 -0.589548 0.000000 0.000000 0.000000 1.000000
1.000000 0.000000 0.000000 -2.204408 0.000000 0.987948 0.154789 2.933696 0.000000 -0.154789 0.987948 -0.589548 0.000000 0.000000 0.000000 1.000000</float_array><technique_common><accessor source="#neck01_jnt-Matrix-animation-output-transform-array" count="31" stride="16"><param type="float4x4"/></accessor></technique_common></source><source id="neck01_jnt-Interpolations"><Name_array id="neck01_jnt-Interpolations-array" count="31">
 LINEAR LINEAR LINEAR LINEAR LINEAR LINEAR LINEAR LINEAR LINEAR LINEAR LINEAR
LINEAR LINEAR LINEAR LINEAR LINEAR LINEAR LINEAR LINEAR LINEAR LINEAR LINEAR LINEAR
LINEAR LINEAR LINEAR LINEAR LINEAR LINEAR LINEAR LINEAR</Name_array><technique_common><accessor source="#neck01_jnt-Interpolations-array" count="31"><param type="name"/></accessor></technique_common></source><sampler id="neck01_jnt-Matrix-animation-transform"><input semantic="INPUT" source="#neck01_jnt-Matrix-animation-input"/><input semantic="OUTPUT" source="#neck01_jnt-Matrix-animation-output-transform"/><input semantic="INTERPOLATION" source="#neck01_jnt-Interpolations"/></sampler><channel source="#neck01_jnt-Matrix-animation-transform" target="neck01_jnt/matrix"/></animation></animation>
    <animation id="neck02_jnt-anim" name="neck02_jnt"><animation><source id="neck02_jnt-Matrix-animation-input"><float_array id="neck02_jnt-Matrix-animation-input-array" count="31">

0.000000 0.033333 0.066667 0.100000 0.133333 0.166667 0.200000 0.233333 0.266667 0.300000 0.333333 0.366667 0.400000 0.433333 0.466667 0.500000
0.533333 0.566667 0.600000 0.633333 0.666667 0.700000 0.733333 0.766667 0.800000 0.833333 0.866667 0.900000 0.933333 0.966667 1.000000</float_array><technique_common><accessor source="#neck02_jnt-Matrix-animation-input-array" count="31"><param name="TIME" type="float"/></accessor></technique_common></source><source id="neck02_jnt-Matrix-animation-output-transform"><float_array id="neck02_jnt-Matrix-animation-output-transform-array" count="496">

1.000000 0.000000 -0.000000 -0.006357 -0.000000 0.891667 0.452691 -1.778614 -0.000000 -0.452691 0.891667 0.674803 0.000000 0.000000 0.000000 1.000000
1.000000 0.000000 -0.000000 -0.006357 -0.000000 0.891667 0.452691 -1.778614 -0.000000 -0.452691 0.891667 0.674803 0.000000 0.000000 0.000000 1.000000
1.000000 0.000000 -0.000000 -0.006357 -0.000000 0.891667 0.452691 -1.778614 -0.000000 -0.452691 0.891667 0.674803 0.000000 0.000000 0.000000 1.000000
1.000000 -0.000000 0.000000 -0.006357 0.000000 0.891667 0.452691 -1.778614 0.000000 -0.452691 0.891667 0.674803 0.000000 0.000000 0.000000 1.000000
1.000000 0.000000 -0.000000 -0.006357 -0.000000 0.891667 0.452691 -1.778614 0.000000 -0.452691 0.891667 0.674803 0.000000 0.000000 0.000000 1.000000
1.000000 0.000000 -0.000000 -0.006357 -0.000000 0.891667 0.452691 -1.778614 0.000000 -0.452691 0.891667 0.674803 0.000000 0.000000 0.000000 1.000000
1.000000 0.000000 -0.000000 -0.006357 0.000000 0.892624 0.450802 -1.778614 -0.000000 -0.450802 0.892624 0.674803 0.000000 0.000000 0.000000 1.000000
1.000000 0.000000 0.000000 -0.006357 0.000000 0.895367 0.445329 -1.778614 0.000000 -0.445329 0.895367 0.674803 0.000000 0.000000 0.000000 1.000000
1.000000 0.000000 0.000000 -0.006357 0.000000 0.899678 0.436554 -1.778614 0.000000 -0.436554 0.899678 0.674803 0.000000 0.000000 0.000000 1.000000
1.000000 0.000000 0.000000 -0.006357 0.000000 0.905313 0.424744 -1.778614 0.000000 -0.424744 0.905313 0.674803 0.000000 0.000000 0.000000 1.000000
1.000000 0.000000 0.000000 -0.006357 0.000000 0.912011 0.410165 -1.778614 0.000000 -0.410165 0.912011 0.674803 0.000000 0.000000 0.000000 1.000000
1.000000 0.000000 0.000000 -0.006357 0.000000 0.919504 0.393081 -1.778614 0.000000 -0.393081 0.919504 0.674803 0.000000 0.000000 0.000000 1.000000
1.000000 0.000000 0.000000 -0.006357 0.000000 0.927525 0.373762 -1.778614 0.000000 -0.373762 0.927525 0.674803 0.000000 0.000000 0.000000 1.000000
1.000000 0.000000 0.000000 -0.006357 0.000000 0.935816 0.352488 -1.778614 0.000000 -0.352488 0.935816 0.674803 0.000000 0.000000 0.000000 1.000000
1.000000 0.000000 0.000000 -0.006357 0.000000 0.944138 0.329552 -1.778614 0.000000 -0.329552 0.944138 0.674803 0.000000 0.000000 0.000000 1.000000
1.000000 0.000000 0.000000 -0.006357 0.000000 0.952269 0.305259 -1.778614 0.000000 -0.305259 0.952269 0.674803 0.000000 0.000000 0.000000 1.000000
1.000000 0.000000 0.000000 -0.006357 0.000000 0.960020 0.279930 -1.778614 0.000000 -0.279930 0.960020 0.674803 0.000000 0.000000 0.000000 1.000000
1.000000 0.000000 0.000000 -0.006357 0.000000 0.967230 0.253900 -1.778614 0.000000 -0.253900 0.967230 0.674803 0.000000 0.000000 0.000000 1.000000
1.000000 0.000000 0.000000 -0.006357 0.000000 0.973774 0.227515 -1.778614 0.000000 -0.227515 0.973774 0.674803 0.000000 0.000000 0.000000 1.000000
1.000000 0.000000 0.000000 -0.006357 0.000000 0.979564 0.201133 -1.778614 0.000000 -0.201133 0.979564 0.674803 0.000000 0.000000 0.000000 1.000000
1.000000 0.000000 0.000000 -0.006357 0.000000 0.984547 0.175118 -1.778614 0.000000 -0.175118 0.984547 0.674803 0.000000 0.000000 0.000000 1.000000
1.000000 0.000000 0.000000 -0.006357 0.000000 0.988710 0.149841 -1.778614 0.000000 -0.149841 0.988710 0.674803 0.000000 0.000000 0.000000 1.000000
1.000000 0.000000 0.000000 -0.006357 0.000000 0.992072 0.125674 -1.778614 0.000000 -0.125674 0.992072 0.674803 0.000000 0.000000 0.000000 1.000000
1.000000 0.000000 0.000000 -0.006357 0.000000 0.994682 0.102991 -1.778614 0.000000 -0.102991 0.994682 0.674803 0.000000 0.000000 0.000000 1.000000
1.000000 0.000000 0.000000 -0.006357 0.000000 0.996619 0.082163 -1.778614 0.000000 -0.082163 0.996619 0.674803 0.000000 0.000000 0.000000 1.000000
1.000000 0.000000 0.000000 -0.006357 0.000000 0.997978 0.063558 -1.778614 0.000000 -0.063558 0.997978 0.674803 0.000000 0.000000 0.000000 1.000000
1.000000 0.000000 0.000000 -0.006357 0.000000 0.998869 0.047539 -1.778614 0.000000 -0.047539 0.998869 0.674803 0.000000 0.000000 0.000000 1.000000
1.000000 0.000000 0.000000 -0.006357 0.000000 0.999406 0.034465 -1.778614 0.000000 -0.034465 0.999406 0.674803 0.000000 0.000000 0.000000 1.000000
1.000000 0.000000 0.000000 -0.006357 0.000000 0.999695 0.024692 -1.778614 0.000000 -0.024692 0.999695 0.674803 0.000000 0.000000 0.000000 1.000000
1.000000 0.000000 0.000000 -0.006357 0.000000 0.999828 0.018572 -1.778614 0.000000 -0.018572 0.999828 0.674803 0.000000 0.000000 0.000000 1.000000
1.000000 0.000000 0.000000 -0.006357 0.000000 0.999865 0.016454 -1.778614 0.000000 -0.016454 0.999865 0.674803 0.000000 0.000000 0.000000 1.000000</float_array><technique_common><accessor source="#neck02_jnt-Matrix-animation-output-transform-array" count="31" stride="16"><param type="float4x4"/></accessor></technique_common></source><source id="neck02_jnt-Interpolations"><Name_array id="neck02_jnt-Interpolations-array" count="31">
 LINEAR LINEAR LINEAR LINEAR LINEAR LINEAR LINEAR LINEAR LINEAR LINEAR LINEAR
LINEAR LINEAR LINEAR LINEAR LINEAR LINEAR LINEAR LINEAR LINEAR LINEAR LINEAR LINEAR
LINEAR LINEAR LINEAR LINEAR LINEAR LINEAR LINEAR LINEAR</Name_array><technique_common><accessor source="#neck02_jnt-Interpolations-array" count="31"><param type="name"/></accessor></technique_common></source><sampler id="neck02_jnt-Matrix-animation-transform"><input semantic="INPUT" source="#neck02_jnt-Matrix-animation-input"/><input semantic="OUTPUT" source="#neck02_jnt-Matrix-animation-output-transform"/><input semantic="INTERPOLATION" source="#neck02_jnt-Interpolations"/></sampler><channel source="#neck02_jnt-Matrix-animation-transform" target="neck02_jnt/matrix"/></animation></animation>
    <animation id="head_jnt-anim" name="head_jnt"><animation><source id="head_jnt-Matrix-animation-input"><float_array id="head_jnt-Matrix-animation-input-array" count="31">

0.000000 0.033333 0.066667 0.100000 0.133333 0.166667 0.200000 0.233333 0.266667 0.300000 0.333333 0.366667 0.400000 0.433333 0.466667 0.500000
0.533333 0.566667 0.600000 0.633333 0.666667 0.700000 0.733333 0.766667 0.800000 0.833333 0.866667 0.900000 0.933333 0.966667 1.000000</float_array><technique_common><accessor source="#head_jnt-Matrix-animation-input-array" count="31"><param name="TIME" type="float"/></accessor></technique_common></source><source id="head_jnt-Matrix-animation-output-transform"><float_array id="head_jnt-Matrix-animation-output-transform-array" count="496">

1.000000 -0.000000 0.000000 0.006357 0.000000 0.998571 0.053436 0.733466 0.000000 -0.053436 0.998571 0.708435 0.000000 0.000000 0.000000 1.000000
1.000000 -0.000000 0.000000 0.006357 0.000000 0.998571 0.053436 0.733466 0.000000 -0.053436 0.998571 0.708435 0.000000 0.000000 0.000000 1.000000
1.000000 -0.000000 0.000000 0.006357 0.000000 0.998571 0.053436 0.733466 0.000000 -0.053436 0.998571 0.708435 0.000000 0.000000 0.000000 1.000000
0.999800 -0.019733 -0.003104 0.005294 0.019833 0.999131 0.036647 0.713599 0.002378 -0.036701 0.999323 0.703247 0.000000 0.000000 0.000000 1.000000
0.997957 -0.063430 -0.007586 0.002954 0.063427 0.997986 -0.000627 0.669890 0.007610 0.000145 0.999971 0.691832 0.000000 0.000000 0.000000 1.000000
0.994187 -0.107302 -0.008805 0.000615 0.106894 0.993538 -0.038150 0.626182 0.012842 0.036987 0.999233 0.680418 0.000000 0.000000 0.000000 1.000000
0.991839 -0.127230 -0.008274 -0.000448 0.126587 0.990418 -0.055216 0.606314 0.015220 0.053718 0.998440 0.675230 0.000000 0.000000 0.000000 1.000000
0.995999 -0.089313 0.003163 -0.000419 0.089369 0.995342 -0.036171 0.606853 0.000082 0.036309 0.999341 0.675371 0.000000 0.000000 0.000000 1.000000
0.999423 -0.007156 0.033199 -0.000338 0.007085 0.999972 0.002272 0.608372 -0.033214 -0.002036 0.999446 0.675767 0.000000 0.000000 0.000000 1.000000
0.994960 0.072502 0.069270 -0.000212 -0.075073 0.996554 0.035268 0.610727 -0.066475 -0.040290 0.996974 0.676382 0.000000 0.000000 0.000000 1.000000
0.990337 0.107654 0.087420 -0.000049 -0.112151 0.992518 0.048261 0.613775 -0.081571 -0.057599 0.995002 0.677178 0.000000 0.000000 0.000000 1.000000
0.990893 0.103896 0.085651 0.000144 -0.107870 0.993229 0.043136 0.617371 -0.080589 -0.051982 0.995391 0.678117 0.000000 0.000000 0.000000 1.000000
0.992117 0.095317 0.081352 0.000358 -0.097996 0.994747 0.029588 0.621370 -0.078105 -0.037327 0.996246 0.679162 0.000000 0.000000 0.000000 1.000000
0.993396 0.085960 0.075990 0.000586 -0.086993 0.996155 0.010389 0.625630 -0.074805 -0.016931 0.997054 0.680274 0.000000 0.000000 0.000000 1.000000
0.994288 0.079970 0.070682 0.000820 -0.079348 0.996780 -0.011567 0.630005 -0.071380 0.005893 0.997432 0.681417 0.000000 0.000000 0.000000 1.000000
0.994882 0.077002 0.065421 0.001069 -0.074776 0.996557 -0.035827 0.634663 -0.067955 0.030751 0.997214 0.682633 0.000000 0.000000 0.000000 1.000000
0.995476 0.073823 0.059816 0.001345 -0.070018 0.995530 -0.063386 0.639819 -0.064228 0.058911 0.996195 0.683980 0.000000 0.000000 0.000000 1.000000
0.996057 0.070364 0.054026 0.001644 -0.065117 0.993497 -0.093403 0.645400 -0.060247 0.089516 0.994161 0.685437 0.000000 0.000000 0.000000 1.000000
0.996616 0.066580 0.048202 0.001961 -0.060113 0.990331 -0.125024 0.651329 -0.056060 0.121703 0.990982 0.686985 0.000000 0.000000 0.000000 1.000000
0.997144 0.062451 0.042481 0.002293 -0.055048 0.986001 -0.157392 0.657533 -0.051715 0.154604 0.986622 0.688605 0.000000 0.000000 0.000000 1.000000
0.997632 0.057984 0.036982 0.002636 -0.049963 0.980579 -0.189656 0.663938 -0.047260 0.187360 0.981154 0.690278 0.000000 0.000000 0.000000 1.000000
0.998077 0.053212 0.031804 0.002985 -0.044900 0.974245 -0.220977 0.670469 -0.042744 0.219124 0.974760 0.691983 0.000000 0.000000 0.000000 1.000000
0.998473 0.048187 0.027024 0.003338 -0.039901 0.967284 -0.250538 0.677051 -0.038213 0.249078 0.967729 0.693702 0.000000 0.000000 0.000000 1.000000
0.998818 0.042982 0.022693 0.003689 -0.035009 0.960073 -0.277552 0.683611 -0.033717 0.276429 0.960443 0.695415 0.000000 0.000000 0.000000 1.000000
0.999112 0.037682 0.018835 0.004035 -0.030266 0.953062 -0.301259 0.690073 -0.029303 0.300421 0.953356 0.697103 0.000000 0.000000 0.000000 1.000000
0.999356 0.032380 0.015452 0.004371 -0.025714 0.946755 -0.320927 0.696364 -0.025021 0.320323 0.946978 0.698746 0.000000 0.000000 0.000000 1.000000
0.999552 0.027175 0.012520 0.004695 -0.021395 0.941675 -0.335843 0.702409 -0.020917 0.335424 0.941835 0.700324 0.000000 0.000000 0.000000 1.000000
0.999704 0.022168 0.010003 0.005001 -0.017352 0.938333 -0.345297 0.708134 -0.017041 0.345021 0.938440 0.701819 0.000000 0.000000 0.000000 1.000000
0.999817 0.017458 0.007848 0.005286 -0.013628 0.937185 -0.348566 0.713463 -0.013440 0.348395 0.937252 0.703211 0.000000 0.000000 0.000000 1.000000
0.999896 0.013094 0.006098 0.005547 -0.010264 0.941126 -0.337899 0.718324 -0.010163 0.337802 0.941162 0.704480 0.000000 0.000000 0.000000 1.000000
0.999947 0.009194 0.004634 0.005778 -0.007302 0.950607 -0.310310 0.722641 -0.007258 0.310260 0.950624 0.705608 0.000000 0.000000 0.000000 1.000000</float_array><technique_common><accessor source="#head_jnt-Matrix-animation-output-transform-array" count="31" stride="16"><param type="float4x4"/></accessor></technique_common></source><source id="head_jnt-Interpolations"><Name_array id="head_jnt-Interpolations-array" count="31">
 LINEAR LINEAR LINEAR LINEAR LINEAR LINEAR LINEAR LINEAR LINEAR LINEAR LINEAR
LINEAR LINEAR LINEAR LINEAR LINEAR LINEAR LINEAR LINEAR LINEAR LINEAR LINEAR LINEAR
LINEAR LINEAR LINEAR LINEAR LINEAR LINEAR LINEAR LINEAR</Name_array><technique_common><accessor source="#head_jnt-Interpolations-array" count="31"><param type="name"/></accessor></technique_common></source><sampler id="head_jnt-Matrix-animation-transform"><input semantic="INPUT" source="#head_jnt-Matrix-animation-input"/><input semantic="OUTPUT" source="#head_jnt-Matrix-animation-output-transform"/><input semantic="INTERPOLATION" source="#head_jnt-Interpolations"/></sampler><channel source="#head_jnt-Matrix-animation-transform" target="head_jnt/matrix"/></animation></animation>
    <animation id="lowereye_jnt-anim" name="lowereye_jnt"><animation><source id="lowereye_jnt-Matrix-animation-input"><float_array id="lowereye_jnt-Matrix-animation-input-array" count="31">

0.000000 0.033333 0.066667 0.100000 0.133333 0.166667 0.200000 0.233333 0.266667 0.300000 0.333333 0.366667 0.400000 0.433333 0.466667 0.500000
0.533333 0.566667 0.600000 0.633333 0.666667 0.700000 0.733333 0.766667 0.800000 0.833333 0.866667 0.900000 0.933333 0.966667 1.000000</float_array><technique_common><accessor source="#lowereye_jnt-Matrix-animation-input-array" count="31"><param name="TIME" type="float"/></accessor></technique_common></source><source id="lowereye_jnt-Matrix-animation-output-transform"><float_array id="lowereye_jnt-Matrix-animation-output-transform-array" count="496">

1.000000 -0.000000 0.000000 0.001055 0.000000 1.219564 -0.000000 0.308096 -0.000000 -0.000000 1.000000 1.884512 0.000000 0.000000 0.000000 1.000000
1.000000 -0.000000 0.000000 0.001055 0.000000 1.219564 -0.000000 0.308096 -0.000000 -0.000000 1.000000 1.884512 0.000000 0.000000 0.000000 1.000000
1.000000 -0.000000 0.000000 0.001055 0.000000 1.219564 -0.000000 0.308096 -0.000000 -0.000000 1.000000 1.884512 0.000000 0.000000 0.000000 1.000000
1.000000 0.000000 -0.000000 0.001055 0.000000 1.219564 -0.000000 0.308096 0.000000 0.000000 1.000000 1.884512 0.000000 0.000000 0.000000 1.000000
1.000000 -0.000000 0.000000 0.001055 -0.000000 1.219564 0.000000 0.308096 -0.000000 -0.000000 1.000000 1.884512 0.000000 0.000000 0.000000 1.000000
1.000000 0.000000 0.000000 0.001055 -0.000000 1.219564 0.000000 0.308096 0.000000 -0.000000 1.000000 1.884512 0.000000 0.000000 0.000000 1.000000
1.000000 0.000000 0.000000 0.001055 -0.000000 1.191054 0.000000 0.308096 0.000000 -0.000000 1.000000 1.884512 0.000000 0.000000 0.000000 1.000000
1.000000 -0.000000 0.000000 0.001055 -0.000000 1.018931 -0.000000 0.308096 -0.000000 -0.000000 1.000000 1.884512 0.000000 0.000000 0.000000 1.000000
1.000000 -0.000000 0.000000 0.001055 -0.000000 0.885412 0.000000 0.308096 0.000000 0.000000 1.000000 1.884512 0.000000 0.000000 0.000000 1.000000
1.000000 -0.000000 -0.000000 0.001055 -0.000000 0.968160 0.000000 0.308096 -0.000000 0.000000 1.000000 1.884512 0.000000 0.000000 0.000000 1.000000
1.000000 0.000000 0.000000 0.001055 -0.000000 1.120837 0.000000 0.308096 0.000000 -0.000000 1.000000 1.884512 0.000000 0.000000 0.000000 1.000000
1.000000 0.000000 0.000000 0.001055 0.000000 1.208903 0.000000 0.308096 0.000000 0.000000 1.000000 1.884512 0.000000 0.000000 0.000000 1.000000
1.000000 0.000000 0.000000 0.001055 0.000000 1.219564 0.000000 0.308096 -0.000000 0.000000 1.000000 1.884512 0.000000 0.000000 0.000000 1.000000
1.000000 -0.000000 0.000000 0.001055 0.000000 1.219564 -0.000000 0.308096 -0.000000 -0.000000 1.000000 1.884512 0.000000 0.000000 0.000000 1.000000
1.000000 0.000000 0.000000 0.001055 0.000000 1.219564 0.000000 0.308096 0.000000 -0.000000 1.000000 1.884512 0.000000 0.000000 0.000000 1.000000
1.000000 0.000000 0.000000 0.001055 0.000000 1.219564 0.000000 0.308096 0.000000 -0.000000 1.000000 1.884512 0.000000 0.000000 0.000000 1.000000
1.000000 -0.000000 0.000000 0.001055 -0.000000 1.219564 -0.000000 0.308096 -0.000000 -0.000000 1.000000 1.884512 0.000000 0.000000 0.000000 1.000000
1.000000 0.000000 0.000000 0.001055 0.000000 1.219564 0.000000 0.308096 0.000000 0.000000 1.000000 1.884512 0.000000 0.000000 0.000000 1.000000
1.000000 0.000000 0.000000 0.001055 -0.000000 1.219564 0.000000 0.308096 -0.000000 0.000000 1.000000 1.884512 0.000000 0.000000 0.000000 1.000000
1.000000 -0.000000 -0.000000 0.001055 -0.000000 1.219564 -0.000000 0.308096 0.000000 0.000000 1.000000 1.884512 0.000000 0.000000 0.000000 1.000000
1.000000 -0.000000 -0.000000 0.001055 0.000000 1.219564 0.000000 0.308096 0.000000 -0.000000 1.000000 1.884512 0.000000 0.000000 0.000000 1.000000
1.000000 -0.000000 0.000000 0.001055 -0.000000 1.204710 -0.000000 0.308096 0.000000 -0.000000 1.000000 1.884512 0.000000 0.000000 0.000000 1.000000
1.000000 0.000000 0.000000 0.001055 0.000000 1.061228 -0.000000 0.308096 0.000000 0.000000 1.000000 1.884512 0.000000 0.000000 0.000000 1.000000
1.000000 0.000000 0.000000 0.001055 -0.000000 0.744916 0.000000 0.308096 0.000000 0.000000 1.000000 1.884512 0.000000 0.000000 0.000000 1.000000
1.000000 0.000000 -0.000000 0.001055 0.000000 0.428605 0.000000 0.308096 -0.000000 0.000000 1.000000 1.884512 0.000000 0.000000 0.000000 1.000000
1.000000 0.000000 0.000000 0.001055 -0.000000 0.285123 0.000000 0.308096 0.000000 -0.000000 1.000000 1.884512 0.000000 0.000000 0.000000 1.000000
1.000000 -0.000000 0.000000 0.001055 0.000000 0.270268 -0.000000 0.308096 0.000000 -0.000000 1.000000 1.884512 0.000000 0.000000 0.000000 1.000000
1.000000 0.000000 0.000000 0.001055 -0.000000 0.270268 -0.000000 0.308096 -0.000000 0.000000 1.000000 1.884512 0.000000 0.000000 0.000000 1.000000
1.000000 0.000000 0.000000 0.001055 -0.000000 0.270268 0.000000 0.308096 -0.000000 0.000000 1.000000 1.884512 0.000000 0.000000 0.000000 1.000000
1.000000 -0.000000 -0.000000 0.001055 -0.000000 0.270268 0.000000 0.308096 -0.000000 0.000000 1.000000 1.884512 0.000000 0.000000 0.000000 1.000000
1.000000 0.000000 -0.000000 0.001055 0.000000 0.270268 0.000000 0.308096 -0.000000 0.000000 1.000000 1.884512 0.000000 0.000000 0.000000 1.000000</float_array><technique_common><accessor source="#lowereye_jnt-Matrix-animation-output-transform-array" count="31" stride="16"><param type="float4x4"/></accessor></technique_common></source><source id="lowereye_jnt-Interpolations"><Name_array id="lowereye_jnt-Interpolations-array" count="31">
 LINEAR LINEAR LINEAR LINEAR LINEAR LINEAR LINEAR LINEAR LINEAR LINEAR LINEAR
LINEAR LINEAR LINEAR LINEAR LINEAR LINEAR LINEAR LINEAR LINEAR LINEAR LINEAR LINEAR
LINEAR LINEAR LINEAR LINEAR LINEAR LINEAR LINEAR LINEAR</Name_array><technique_common><accessor source="#lowereye_jnt-Interpolations-array" count="31"><param type="name"/></accessor></technique_common></source><sampler id="lowereye_jnt-Matrix-animation-transform"><input semantic="INPUT" source="#lowereye_jnt-Matrix-animation-input"/><input semantic="OUTPUT" source="#lowereye_jnt-Matrix-animation-output-transform"/><input semantic="INTERPOLATION" source="#lowereye_jnt-Interpolations"/></sampler><channel source="#lowereye_jnt-Matrix-animation-transform" target="lowereye_jnt/matrix"/></animation></animation>
    <animation id="uppereye_jnt-anim" name="uppereye_jnt"><animation><source id="uppereye_jnt-Matrix-animation-input"><float_array id="uppereye_jnt-Matrix-animation-input-array" count="31">

0.000000 0.033333 0.066667 0.100000 0.133333 0.166667 0.200000 0.233333 0.266667 0.300000 0.333333 0.366667 0.400000 0.433333 0.466667 0.500000
0.533333 0.566667 0.600000 0.633333 0.666667 0.700000 0.733333 0.766667 0.800000 0.833333 0.866667 0.900000 0.933333 0.966667 1.000000</float_array><technique_common><accessor source="#uppereye_jnt-Matrix-animation-input-array" count="31"><param name="TIME" type="float"/></accessor></technique_common></source><source id="uppereye_jnt-Matrix-animation-output-transform"><float_array id="uppereye_jnt-Matrix-animation-output-transform-array" count="496">

1.000000 -0.000000 0.000000 0.001055 0.000000 1.108718 -0.000000 0.951152 -0.000000 0.000000 1.000000 1.884512 0.000000 0.000000 0.000000 1.000000
1.000000 -0.000000 0.000000 0.001055 0.000000 1.108718 -0.000000 0.951152 -0.000000 0.000000 1.000000 1.884512 0.000000 0.000000 0.000000 1.000000
1.000000 -0.000000 0.000000 0.001055 0.000000 1.108718 -0.000000 0.951152 -0.000000 0.000000 1.000000 1.884512 0.000000 0.000000 0.000000 1.000000
1.000000 0.000000 -0.000000 0.001055 0.000000 1.108718 -0.000000 0.951152 0.000000 0.000000 1.000000 1.884512 0.000000 0.000000 0.000000 1.000000
1.000000 -0.000000 0.000000 0.001055 -0.000000 1.108718 0.000000 0.951152 -0.000000 -0.000000 1.000000 1.884512 0.000000 0.000000 0.000000 1.000000
1.000000 0.000000 0.000000 0.001055 -0.000000 1.108718 0.000000 0.951152 0.000000 -0.000000 1.000000 1.884512 0.000000 0.000000 0.000000 1.000000
1.000000 0.000000 0.000000 0.001055 -0.000000 1.083051 0.000000 0.951152 0.000000 -0.000000 1.000000 1.884512 0.000000 0.000000 0.000000 1.000000
1.000000 0.000000 0.000000 0.001055 -0.000000 0.928089 -0.000000 0.951152 -0.000000 -0.000000 1.000000 1.884512 0.000000 0.000000 0.000000 1.000000
1.000000 -0.000000 0.000000 0.001055 -0.000000 0.807882 0.000000 0.951152 0.000000 -0.000000 1.000000 1.884512 0.000000 0.000000 0.000000 1.000000
1.000000 -0.000000 -0.000000 0.001055 -0.000000 0.882380 0.000000 0.951152 -0.000000 0.000000 1.000000 1.884512 0.000000 0.000000 0.000000 1.000000
1.000000 -0.000000 0.000000 0.001055 -0.000000 1.019835 0.000000 0.951152 0.000000 0.000000 1.000000 1.884512 0.000000 0.000000 0.000000 1.000000
1.000000 0.000000 0.000000 0.001055 0.000000 1.099120 0.000000 0.951152 0.000000 0.000000 1.000000 1.884512 0.000000 0.000000 0.000000 1.000000
1.000000 0.000000 0.000000 0.001055 0.000000 1.108718 0.000000 0.951152 -0.000000 0.000000 1.000000 1.884512 0.000000 0.000000 0.000000 1.000000
1.000000 -0.000000 0.000000 0.001055 0.000000 1.108718 -0.000000 0.951152 -0.000000 -0.000000 1.000000 1.884512 0.000000 0.000000 0.000000 1.000000
1.000000 -0.000000 0.000000 0.001055 0.000000 1.108718 0.000000 0.951152 0.000000 -0.000000 1.000000 1.884512 0.000000 0.000000 0.000000 1.000000
1.000000 0.000000 0.000000 0.001055 0.000000 1.108718 0.000000 0.951152 0.000000 0.000000 1.000000 1.884512 0.000000 0.000000 0.000000 1.000000
1.000000 0.000000 0.000000 0.001055 -0.000000 1.108718 -0.000000 0.951152 -0.000000 0.000000 1.000000 1.884512 0.000000 0.000000 0.000000 1.000000
1.000000 -0.000000 0.000000 0.001055 0.000000 1.108718 0.000000 0.951152 0.000000 0.000000 1.000000 1.884512 0.000000 0.000000 0.000000 1.000000
1.000000 0.000000 0.000000 0.001055 -0.000000 1.108718 0.000000 0.951152 -0.000000 0.000000 1.000000 1.884512 0.000000 0.000000 0.000000 1.000000
1.000000 -0.000000 -0.000000 0.001055 -0.000000 1.108718 -0.000000 0.951152 0.000000 0.000000 1.000000 1.884512 0.000000 0.000000 0.000000 1.000000
1.000000 0.000000 -0.000000 0.001055 0.000000 1.108718 0.000000 0.951152 0.000000 -0.000000 1.000000 1.884512 0.000000 0.000000 0.000000 1.000000
1.000000 -0.000000 0.000000 0.001055 -0.000000 1.095345 -0.000000 0.951152 0.000000 -0.000000 1.000000 1.884512 0.000000 0.000000 0.000000 1.000000
1.000000 0.000000 0.000000 0.001055 0.000000 0.966168 -0.000000 0.951152 0.000000 0.000000 1.000000 1.884512 0.000000 0.000000 0.000000 1.000000
1.000000 0.000000 0.000000 0.001055 -0.000000 0.681395 0.000000 0.951152 0.000000 -0.000000 1.000000 1.884512 0.000000 0.000000 0.000000 1.000000
1.000000 0.000000 -0.000000 0.001055 0.000000 0.396621 0.000000 0.951152 -0.000000 0.000000 1.000000 1.884512 0.000000 0.000000 0.000000 1.000000
1.000000 -0.000000 0.000000 0.001055 -0.000000 0.267445 0.000000 0.951152 0.000000 -0.000000 1.000000 1.884512 0.000000 0.000000 0.000000 1.000000
1.000000 0.000000 0.000000 0.001055 0.000000 0.254071 -0.000000 0.951152 0.000000 -0.000000 1.000000 1.884512 0.000000 0.000000 0.000000 1.000000
1.000000 0.000000 0.000000 0.001055 -0.000000 0.267222 -0.000000 0.951152 -0.000000 0.000000 1.000000 1.884512 0.000000 0.000000 0.000000 1.000000
1.000000 -0.000000 0.000000 0.001055 -0.000000 0.373482 0.000000 0.951152 -0.000000 0.000000 1.000000 1.884512 0.000000 0.000000 0.000000 1.000000
1.000000 -0.000000 -0.000000 0.001055 -0.000000 0.550683 0.000000 0.951152 -0.000000 0.000000 1.000000 1.884512 0.000000 0.000000 0.000000 1.000000
1.000000 0.000000 -0.000000 0.001055 0.000000 0.642982 0.000000 0.951152 -0.000000 -0.000000 1.000000 1.884512 0.000000 0.000000 0.000000 1.000000</float_array><technique_common><accessor source="#uppereye_jnt-Matrix-animation-output-transform-array" count="31" stride="16"><param type="float4x4"/></accessor></technique_common></source><source id="uppereye_jnt-Interpolations"><Name_array id="uppereye_jnt-Interpolations-array" count="31">
 LINEAR LINEAR LINEAR LINEAR LINEAR LINEAR LINEAR LINEAR LINEAR LINEAR LINEAR
LINEAR LINEAR LINEAR LINEAR LINEAR LINEAR LINEAR LINEAR LINEAR LINEAR LINEAR LINEAR
LINEAR LINEAR LINEAR LINEAR LINEAR LINEAR LINEAR LINEAR</Name_array><technique_common><accessor source="#uppereye_jnt-Interpolations-array" count="31"><param type="name"/></accessor></technique_common></source><sampler id="uppereye_jnt-Matrix-animation-transform"><input semantic="INPUT" source="#uppereye_jnt-Matrix-animation-input"/><input semantic="OUTPUT" source="#uppereye_jnt-Matrix-animation-output-transform"/><input semantic="INTERPOLATION" source="#uppereye_jnt-Interpolations"/></sampler><channel source="#uppereye_jnt-Matrix-animation-transform" target="uppereye_jnt/matrix"/></animation></animation>
    <animation id="mouth_jnt-anim" name="mouth_jnt"><animation><source id="mouth_jnt-Matrix-animation-input"><float_array id="mouth_jnt-Matrix-animation-input-array" count="31">

0.000000 0.033333 0.066667 0.100000 0.133333 0.166667 0.200000 0.233333 0.266667 0.300000 0.333333 0.366667 0.400000 0.433333 0.466667 0.500000
0.533333 0.566667 0.600000 0.633333 0.666667 0.700000 0.733333 0.766667 0.800000 0.833333 0.866667 0.900000 0.933333 0.966667 1.000000</float_array><technique_common><accessor source="#mouth_jnt-Matrix-animation-input-array" count="31"><param name="TIME" type="float"/></accessor></technique_common></source><source id="mouth_jnt-Matrix-animation-output-transform"><float_array id="mouth_jnt-Matrix-animation-output-transform-array" count="496">

1.000000 -0.000000 0.000000 0.001055 0.000000 1.000000 -0.000000 1.208776 -0.000000 -0.000000 1.000000 0.621134 0.000000 0.000000 0.000000 1.000000
1.000000 -0.000000 0.000000 0.001055 0.000000 1.000000 -0.000000 1.208776 -0.000000 -0.000000 1.000000 0.621134 0.000000 0.000000 0.000000 1.000000
1.000000 -0.000000 0.000000 0.001055 0.000000 1.000000 -0.000000 1.208776 -0.000000 -0.000000 1.000000 0.621134 0.000000 0.000000 0.000000 1.000000
