<?xml version="1.0" encoding="utf-8"?>
<COLLADA xmlns="http://www.collada.org/2005/11/COLLADASchema" version="1.4.1">
  <asset><contributor><author></author><authoring_tool>FBX COLLADA exporter</authoring_tool><comments></comments></contributor><created>2020-02-26T11:03:31Z</created><keywords></keywords><modified>2020-02-26T11:03:31Z</modified><revision></revision><subject></subject><title></title><unit meter="0.010000" name="centimeter"></unit><up_axis>Y_UP</up_axis></asset>
  <library_animations>
    <animation id="root_jnt-anim" name="root_jnt"><animation><source id="root_jnt-Matrix-animation-input"><float_array id="root_jnt-Matrix-animation-input-array" count="19">

0.000000 0.033333 0.066667 0.100000 0.133333 0.166667 0.200000 0.233333 0.266667 0.300000 0.333333 0.366667 0.400000 0.433333 0.466667 0.500000
0.533333 0.566667 0.600000</float_array><technique_common><accessor source="#root_jnt-Matrix-animation-input-array" count="19"><param name="TIME" type="float"/></accessor></technique_common></source><source id="root_jnt-Matrix-animation-output-transform"><float_array id="root_jnt-Matrix-animation-output-transform-array" count="304">

1.000000 0.000000 0.000000 0.000000 0.000000 1.000000 0.000000 0.000000 0.000000 0.000000 1.000000 0.000000 0.000000 0.000000 0.000000 1.000000
1.000000 0.000000 0.000000 0.000000 0.000000 1.000000 0.000000 0.000000 0.000000 0.000000 1.000000 0.000000 0.000000 0.000000 0.000000 1.000000
1.000000 0.000000 0.000000 0.000000 0.000000 1.000000 0.000000 0.000000 0.000000 0.000000 1.000000 0.000000 0.000000 0.000000 0.000000 1.000000
1.000000 0.000000 0.000000 0.000000 0.000000 1.000000 0.000000 0.000000 0.000000 0.000000 1.000000 0.000000 0.000000 0.000000 0.000000 1.000000
1.000000 0.000000 0.000000 0.000000 0.000000 1.000000 0.000000 0.000000 0.000000 0.000000 1.000000 0.000000 0.000000 0.000000 0.000000 1.000000
1.000000 0.000000 0.000000 0.000000 0.000000 1.000000 0.000000 0.000000 0.000000 0.000000 1.000000 0.000000 0.000000 0.000000 0.000000 1.000000
1.000000 0.000000 0.000000 0.000000 0.000000 1.000000 0.000000 0.000000 0.000000 0.000000 1.000000 0.000000 0.000000 0.000000 0.000000 1.000000
1.000000 0.000000 0.000000 0.000000 0.000000 1.000000 0.000000 0.000000 0.000000 0.000000 1.000000 0.000000 0.000000 0.000000 0.000000 1.000000
1.000000 0.000000 0.000000 0.000000 0.000000 1.000000 0.000000 0.000000 0.000000 0.000000 1.000000 0.000000 0.000000 0.000000 0.000000 1.000000
1.000000 0.000000 0.000000 0.000000 0.000000 1.000000 0.000000 0.000000 0.000000 0.000000 1.000000 0.000000 0.000000 0.000000 0.000000 1.000000
1.000000 0.000000 0.000000 0.000000 0.000000 1.000000 0.000000 0.000000 0.000000 0.000000 1.000000 0.000000 0.000000 0.000000 0.000000 1.000000
1.000000 0.000000 0.000000 0.000000 0.000000 1.000000 0.000000 0.000000 0.000000 0.000000 1.000000 0.000000 0.000000 0.000000 0.000000 1.000000
1.000000 0.000000 0.000000 0.000000 0.000000 1.000000 0.000000 0.000000 0.000000 0.000000 1.000000 0.000000 0.000000 0.000000 0.000000 1.000000
1.000000 0.000000 0.000000 0.000000 0.000000 1.000000 0.000000 0.000000 0.000000 0.000000 1.000000 0.000000 0.000000 0.000000 0.000000 1.000000
1.000000 0.000000 0.000000 0.000000 0.000000 1.000000 0.000000 0.000000 0.000000 0.000000 1.000000 0.000000 0.000000 0.000000 0.000000 1.000000
1.000000 0.000000 0.000000 0.000000 0.000000 1.000000 0.000000 0.000000 0.000000 0.000000 1.000000 0.000000 0.000000 0.000000 0.000000 1.000000
1.000000 0.000000 0.000000 0.000000 0.000000 1.000000 0.000000 0.000000 0.000000 0.000000 1.000000 0.000000 0.000000 0.000000 0.000000 1.000000
1.000000 0.000000 0.000000 0.000000 0.000000 1.000000 0.000000 0.000000 0.000000 0.000000 1.000000 0.000000 0.000000 0.000000 0.000000 1.000000
1.000000 0.000000 0.000000 0.000000 0.000000 1.000000 0.000000 0.000000 0.000000 0.000000 1.000000 0.000000 0.000000 0.000000 0.000000 1.000000</float_array><technique_common><accessor source="#root_jnt-Matrix-animation-output-transform-array" count="19" stride="16"><param type="float4x4"/></accessor></technique_common></source><source id="root_jnt-Interpolations"><Name_array id="root_jnt-Interpolations-array" count="19">
 LINEAR LINEAR LINEAR LINEAR LINEAR LINEAR LINEAR LINEAR LINEAR LINEAR LINEAR
LINEAR LINEAR LINEAR LINEAR LINEAR LINEAR LINEAR LINEAR</Name_array><technique_common><accessor source="#root_jnt-Interpolations-array" count="19"><param type="name"/></accessor></technique_common></source><sampler id="root_jnt-Matrix-animation-transform"><input semantic="INPUT" source="#root_jnt-Matrix-animation-input"/><input semantic="OUTPUT" source="#root_jnt-Matrix-animation-output-transform"/><input semantic="INTERPOLATION" source="#root_jnt-Interpolations"/></sampler><channel source="#root_jnt-Matrix-animation-transform" target="root_jnt/matrix"/></animation></animation>
    <animation id="jnt_hips-anim" name="jnt_hips"><animation><source id="jnt_hips-Matrix-animation-input"><float_array id="jnt_hips-Matrix-animation-input-array" count="19">

0.000000 0.033333 0.066667 0.100000 0.133333 0.166667 0.200000 0.233333 0.266667 0.300000 0.333333 0.366667 0.400000 0.433333 0.466667 0.500000
0.533333 0.566667 0.600000</float_array><technique_common><accessor source="#jnt_hips-Matrix-animation-input-array" count="19"><param name="TIME" type="float"/></accessor></technique_common></source><source id="jnt_hips-Matrix-animation-output-transform"><float_array id="jnt_hips-Matrix-animation-output-transform-array" count="304">

0.998535 0.015752 -0.051760 -0.024407 -0.006153 0.983534 0.180616 1.750390 0.053753 -0.180033 0.982191 -0.133086 0.000000 0.000000 0.000000 1.000000
0.996740 0.021656 -0.077724 -0.022801 -0.008151 0.985404 0.170039 1.956736 0.080272 -0.168851 0.982367 -0.129279 0.000000 0.000000 0.000000 1.000000
0.993625 -0.024307 -0.110084 -0.021355 0.041454 0.986845 0.156262 2.108679 0.104837 -0.159829 0.981562 -0.129719 0.000000 0.000000 0.000000 1.000000
0.990901 -0.064287 -0.118245 -0.013298 0.082677 0.983993 0.157865 2.196211 0.106203 -0.166205 0.980355 -0.129648 0.000000 0.000000 0.000000 1.000000
0.994401 -0.056129 -0.089536 -0.007091 0.071556 0.981123 0.179662 2.113658 0.077762 -0.185062 0.979645 -0.127852 0.000000 0.000000 0.000000 1.000000
0.999212 -0.023829 -0.031732 -0.005461 0.030178 0.975549 0.217700 1.868576 0.025768 -0.218486 0.975500 -0.127284 0.000000 0.000000 0.000000 1.000000
0.999604 0.010491 0.026128 0.000573 -0.016724 0.967788 0.251210 1.666107 -0.022651 -0.251547 0.967580 -0.130436 0.000000 0.000000 0.000000 1.000000
0.997907 0.032894 0.055674 0.014049 -0.045902 0.966755 0.251553 1.560124 -0.045548 -0.253582 0.966241 -0.138692 0.000000 0.000000 0.000000 1.000000
0.998673 0.016441 0.048797 0.031150 -0.026639 0.975948 0.216370 1.589889 -0.044066 -0.217383 0.975091 -0.145776 0.000000 0.000000 0.000000 1.000000
0.998243 -0.022653 0.054753 0.031949 0.012450 0.983594 0.179969 1.784431 -0.057932 -0.178971 0.982147 -0.146932 0.000000 0.000000 0.000000 1.000000
0.996673 -0.033272 0.074407 0.022404 0.020434 0.985732 0.167079 1.962960 -0.078904 -0.165003 0.983132 -0.139629 0.000000 0.000000 0.000000 1.000000
0.994592 0.034071 0.098110 0.014023 -0.049781 0.985465 0.162423 2.120137 -0.091150 -0.166428 0.981832 -0.123064 0.000000 0.000000 0.000000 1.000000
0.992357 0.081830 0.092367 0.003089 -0.097056 0.979828 0.174689 2.203753 -0.076210 -0.182318 0.980282 -0.112651 0.000000 0.000000 0.000000 1.000000
0.995097 0.074602 0.064929 -0.005174 -0.086447 0.975020 0.204605 2.099577 -0.048043 -0.209215 0.976689 -0.109447 0.000000 0.000000 0.000000 1.000000
0.998046 0.059040 0.020437 -0.007529 -0.062194 0.969951 0.235218 1.864817 -0.005935 -0.236030 0.971728 -0.106002 0.000000 0.000000 0.000000 1.000000
0.999208 0.037206 -0.014081 -0.006438 -0.032347 0.965906 0.256865 1.677180 0.023158 -0.256206 0.966345 -0.105450 0.000000 0.000000 0.000000 1.000000
0.999714 0.003846 -0.023613 -0.014874 0.002284 0.967138 0.254242 1.541920 0.023815 -0.254223 0.966852 -0.112049 0.000000 0.000000 0.000000 1.000000
0.999494 -0.001350 -0.031795 -0.023639 0.008226 0.976104 0.217147 1.558316 0.030742 -0.217299 0.975621 -0.126366 0.000000 0.000000 0.000000 1.000000
0.998549 0.015989 -0.051428 -0.024376 -0.006436 0.983496 0.180813 1.748701 0.053470 -0.180219 0.982172 -0.133115 0.000000 0.000000 0.000000 1.000000</float_array><technique_common><accessor source="#jnt_hips-Matrix-animation-output-transform-array" count="19" stride="16"><param type="float4x4"/></accessor></technique_common></source><source id="jnt_hips-Interpolations"><Name_array id="jnt_hips-Interpolations-array" count="19">
 LINEAR LINEAR LINEAR LINEAR LINEAR LINEAR LINEAR LINEAR LINEAR LINEAR LINEAR
LINEAR LINEAR LINEAR LINEAR LINEAR LINEAR LINEAR LINEAR</Name_array><technique_common><accessor source="#jnt_hips-Interpolations-array" count="19"><param type="name"/></accessor></technique_common></source><sampler id="jnt_hips-Matrix-animation-transform"><input semantic="INPUT" source="#jnt_hips-Matrix-animation-input"/><input semantic="OUTPUT" source="#jnt_hips-Matrix-animation-output-transform"/><input semantic="INTERPOLATION" source="#jnt_hips-Interpolations"/></sampler><channel source="#jnt_hips-Matrix-animation-transform" target="jnt_hips/matrix"/></animation></animation>
    <animation id="jnt_spine1-anim" name="jnt_spine1"><animation><source id="jnt_spine1-Matrix-animation-input"><float_array id="jnt_spine1-Matrix-animation-input-array" count="19">

0.000000 0.033333 0.066667 0.100000 0.133333 0.166667 0.200000 0.233333 0.266667 0.300000 0.333333 0.366667 0.400000 0.433333 0.466667 0.500000
0.533333 0.566667 0.600000</float_array><technique_common><accessor source="#jnt_spine1-Matrix-animation-input-array" count="19"><param name="TIME" type="float"/></accessor></technique_common></source><source id="jnt_spine1-Matrix-animation-output-transform"><float_array id="jnt_spine1-Matrix-animation-output-transform-array" count="304">

-0.016915 0.091282 0.995681 -0.000000 0.999688 0.019844 0.015164 0.212132 -0.018374 0.995627 -0.091589 0.023482 0.000000 0.000000 0.000000 1.000000
-0.030880 0.108084 0.993662 0.000000 0.999184 0.029249 0.027870 0.212132 -0.026052 0.993711 -0.108899 0.023482 0.000000 0.000000 0.000000 1.000000
-0.021556 0.108188 0.993897 -0.000000 0.999324 0.031958 0.018195 0.212132 -0.029795 0.993617 -0.108804 0.023482 0.000000 0.000000 0.000000 1.000000
-0.015737 0.094159 0.995433 0.000000 0.999583 0.025594 0.013382 0.212132 -0.024217 0.995228 -0.094522 0.023482 0.000000 0.000000 0.000000 1.000000
-0.030788 0.067638 0.997235 -0.000000 0.999494 0.010049 0.030176 0.212132 -0.007981 0.997659 -0.067913 0.023482 0.000000 0.000000 0.000000 1.000000
-0.049920 0.019120 0.998570 0.000000 0.998739 -0.004342 0.050012 0.212132 0.005292 0.999808 -0.018879 0.023482 0.000000 0.000000 0.000000 1.000000
-0.065483 -0.034749 0.997248 -0.000000 0.997795 -0.013124 0.065061 0.212132 0.010827 0.999310 0.035532 0.023482 0.000000 0.000000 0.000000 1.000000
-0.068186 -0.064389 0.995593 -0.000000 0.997656 -0.010200 0.067668 0.212132 0.005798 0.997873 0.064934 0.023482 0.000000 0.000000 0.000000 1.000000
-0.042081 -0.083323 0.995634 0.000000 0.998831 0.020201 0.043906 0.212132 -0.023772 0.996318 0.082376 0.023482 0.000000 0.000000 0.000000 1.000000
-0.009092 -0.105963 0.994328 0.000000 0.998801 0.046871 0.014128 0.212132 -0.048102 0.993265 0.105410 0.023482 0.000000 0.000000 0.000000 1.000000
0.006149 -0.126545 0.991942 -0.000000 0.998499 0.054762 0.000796 0.212132 -0.054422 0.990448 0.126692 0.023482 0.000000 0.000000 0.000000 1.000000
-0.008648 -0.131433 0.991287 -0.000000 0.998599 0.050621 0.015424 0.212132 -0.052207 0.990032 0.130811 0.023482 0.000000 0.000000 0.000000 1.000000
-0.010149 -0.116181 0.993176 0.000000 0.999158 0.038302 0.014691 0.212132 -0.039748 0.992489 0.115695 0.023482 0.000000 0.000000 0.000000 1.000000
0.010439 -0.087757 0.996087 -0.000000 0.999675 0.024080 -0.008355 0.212132 -0.023253 0.995851 0.087980 0.023482 0.000000 0.000000 0.000000 1.000000
0.026484 -0.041575 0.998784 -0.000000 0.999608 0.010204 -0.026081 0.212132 -0.009107 0.999083 0.041829 0.023482 0.000000 0.000000 0.000000 1.000000
0.032896 0.011582 0.999392 0.000000 0.999454 -0.003317 -0.032859 0.212132 0.002934 0.999927 -0.011685 0.023482 0.000000 0.000000 0.000000 1.000000
0.032722 0.045798 0.998415 -0.000000 0.999386 -0.014030 -0.032110 0.212132 0.012537 0.998852 -0.046229 0.023482 0.000000 0.000000 0.000000 1.000000
0.014172 0.068295 0.997565 0.000000 0.999897 -0.003373 -0.013974 0.212132 0.002410 0.997659 -0.068336 0.023482 0.000000 0.000000 0.000000 1.000000
-0.016826 0.091145 0.995695 0.000000 0.999688 0.019909 0.015071 0.212132 -0.018450 0.995639 -0.091452 0.023482 0.000000 0.000000 0.000000 1.000000</float_array><technique_common><accessor source="#jnt_spine1-Matrix-animation-output-transform-array" count="19" stride="16"><param type="float4x4"/></accessor></technique_common></source><source id="jnt_spine1-Interpolations"><Name_array id="jnt_spine1-Interpolations-array" count="19">
 LINEAR LINEAR LINEAR LINEAR LINEAR LINEAR LINEAR LINEAR LINEAR LINEAR LINEAR
LINEAR LINEAR LINEAR LINEAR LINEAR LINEAR LINEAR LINEAR</Name_array><technique_common><accessor source="#jnt_spine1-Interpolations-array" count="19"><param type="name"/></accessor></technique_common></source><sampler id="jnt_spine1-Matrix-animation-transform"><input semantic="INPUT" source="#jnt_spine1-Matrix-animation-input"/><input semantic="OUTPUT" source="#jnt_spine1-Matrix-animation-output-transform"/><input semantic="INTERPOLATION" source="#jnt_spine1-Interpolations"/></sampler><channel source="#jnt_spine1-Matrix-animation-transform" target="jnt_spine1/matrix"/></animation></animation>
    <animation id="jnt_spine2-anim" name="jnt_spine2"><animation><source id="jnt_spine2-Matrix-animation-input"><float_array id="jnt_spine2-Matrix-animation-input-array" count="19">

0.000000 0.033333 0.066667 0.100000 0.133333 0.166667 0.200000 0.233333 0.266667 0.300000 0.333333 0.366667 0.400000 0.433333 0.466667 0.500000
0.533333 0.566667 0.600000</float_array><technique_common><accessor source="#jnt_spine2-Matrix-animation-input-array" count="19"><param name="TIME" type="float"/></accessor></technique_common></source><source id="jnt_spine2-Matrix-animation-output-transform"><float_array id="jnt_spine2-Matrix-animation-output-transform-array" count="304">

0.989512 -0.144123 -0.009768 0.426849 0.142568 0.985247 -0.094668 0.000000 0.023268 0.092282 0.995461 -0.000000 0.000000 0.000000 0.000000 1.000000
0.991340 -0.131323 -0.000165 0.426849 0.130486 0.985161 -0.111498 -0.000000 0.014804 0.110511 0.993765 -0.000000 0.000000 0.000000 0.000000 1.000000
0.992066 -0.125140 -0.012009 0.426849 0.123162 0.986630 -0.106732 -0.000000 0.025205 0.104406 0.994215 0.000000 0.000000 0.000000 0.000000 1.000000
0.991772 -0.127189 -0.014524 0.426849 0.125397 0.988040 -0.089737 -0.000000 0.025764 0.087177 0.995860 0.000000 0.000000 0.000000 0.000000 1.000000
0.990198 -0.139572 0.005268 0.426848 0.139611 0.987953 -0.066765 -0.000000 0.004114 0.066846 0.997755 -0.000000 0.000000 0.000000 0.000000 1.000000
0.987508 -0.153858 0.034003 0.426849 0.154693 0.987684 -0.023455 0.000000 -0.029975 0.028422 0.999146 0.000000 0.000000 0.000000 0.000000 1.000000
0.983856 -0.168956 0.059000 0.426848 0.167681 0.985499 0.025963 0.000000 -0.062531 -0.015651 0.997920 -0.000000 0.000000 0.000000 0.000000 1.000000
0.982605 -0.173391 0.066511 0.426849 0.169943 0.983949 0.054444 -0.000000 -0.074883 -0.042194 0.996299 0.000000 0.000000 0.000000 0.000000 1.000000
0.987201 -0.152840 0.045541 0.426848 0.149053 0.985797 0.077379 0.000000 -0.056721 -0.069600 0.995961 -0.000000 0.000000 0.000000 0.000000 1.000000
0.991033 -0.132101 0.020063 0.426849 0.129261 0.985886 0.106398 -0.000000 -0.033835 -0.102851 0.994121 -0.000000 0.000000 0.000000 0.000000 1.000000
0.992140 -0.124815 0.008916 0.426849 0.122644 0.984076 0.128655 -0.000000 -0.024832 -0.126550 0.991649 -0.000000 0.000000 0.000000 0.000000 1.000000
0.991402 -0.128756 0.023315 0.426849 0.124790 0.983957 0.127502 0.000000 -0.039358 -0.123497 0.991564 0.000000 0.000000 0.000000 0.000000 1.000000
0.990425 -0.136846 0.018177 0.426849 0.134133 0.985095 0.107687 0.000000 -0.032643 -0.104218 0.994019 0.000000 0.000000 0.000000 0.000000 1.000000
0.989096 -0.146918 -0.010211 0.426848 0.147257 0.985640 0.082636 0.000000 -0.002076 -0.083239 0.996527 -0.000000 0.000000 0.000000 0.000000 1.000000
0.986673 -0.158851 -0.035242 0.426849 0.160211 0.986278 0.039858 0.000000 0.028427 -0.044973 0.998584 -0.000000 0.000000 0.000000 0.000000 1.000000
0.984203 -0.170182 -0.048808 0.426848 0.169838 0.985409 -0.011122 -0.000000 0.049989 0.002657 0.998746 -0.000000 0.000000 0.000000 0.000000 1.000000
0.982478 -0.179383 -0.050575 0.426848 0.177197 0.983152 -0.044867 -0.000000 0.057771 0.035119 0.997712 -0.000000 0.000000 0.000000 0.000000 1.000000
0.985070 -0.168615 -0.034729 0.426848 0.165959 0.983728 -0.068817 0.000000 0.045768 0.062026 0.997025 -0.000000 0.000000 0.000000 0.000000 1.000000
0.989461 -0.144464 -0.009860 0.426848 0.142901 0.985212 -0.094534 -0.000000 0.023371 0.092129 0.995473 -0.000000 0.000000 0.000000 0.000000 1.000000</float_array><technique_common><accessor source="#jnt_spine2-Matrix-animation-output-transform-array" count="19" stride="16"><param type="float4x4"/></accessor></technique_common></source><source id="jnt_spine2-Interpolations"><Name_array id="jnt_spine2-Interpolations-array" count="19">
 LINEAR LINEAR LINEAR LINEAR LINEAR LINEAR LINEAR LINEAR LINEAR LINEAR LINEAR
LINEAR LINEAR LINEAR LINEAR LINEAR LINEAR LINEAR LINEAR</Name_array><technique_common><accessor source="#jnt_spine2-Interpolations-array" count="19"><param type="name"/></accessor></technique_common></source><sampler id="jnt_spine2-Matrix-animation-transform"><input semantic="INPUT" source="#jnt_spine2-Matrix-animation-input"/><input semantic="OUTPUT" source="#jnt_spine2-Matrix-animation-output-transform"/><input semantic="INTERPOLATION" source="#jnt_spine2-Interpolations"/></sampler><channel source="#jnt_spine2-Matrix-animation-transform" target="jnt_spine2/matrix"/></animation></animation>
    <animation id="jnt_spine3-anim" name="jnt_spine3"><animation><source id="jnt_spine3-Matrix-animation-input"><float_array id="jnt_spine3-Matrix-animation-input-array" count="19">

0.000000 0.033333 0.066667 0.100000 0.133333 0.166667 0.200000 0.233333 0.266667 0.300000 0.333333 0.366667 0.400000 0.433333 0.466667 0.500000
0.533333 0.566667 0.600000</float_array><technique_common><accessor source="#jnt_spine3-Matrix-animation-input-array" count="19"><param name="TIME" type="float"/></accessor></technique_common></source><source id="jnt_spine3-Matrix-animation-output-transform"><float_array id="jnt_spine3-Matrix-animation-output-transform-array" count="304">

0.990562 -0.130387 0.042266 0.555067 0.133716 0.987019 -0.088956 -0.000000 -0.030119 0.093768 0.995138 -0.000000 0.000000 0.000000 0.000000 1.000000
0.991330 -0.116217 0.061312 0.555067 0.121888 0.987624 -0.098707 -0.000000 -0.049082 0.105324 0.993226 -0.000000 0.000000 0.000000 0.000000 1.000000
0.992697 -0.110366 0.048694 0.555067 0.114782 0.988359 -0.099858 -0.000000 -0.037106 0.104718 0.993809 -0.000000 0.000000 0.000000 0.000000 1.000000
0.992802 -0.113722 0.037567 0.555067 0.116571 0.989518 -0.085232 -0.000000 -0.027480 0.088998 0.995653 0.000000 0.000000 0.000000 0.000000 1.000000
0.990892 -0.127803 0.042430 0.555067 0.129938 0.990154 -0.052062 -0.000000 -0.035359 0.057101 0.997742 -0.000000 0.000000 0.000000 0.000000 1.000000
0.988679 -0.143407 0.044131 0.555067 0.143369 0.989661 0.004051 -0.000000 -0.044256 0.002322 0.999018 -0.000000 0.000000 0.000000 0.000000 1.000000
0.986757 -0.157556 0.038561 0.555067 0.154908 0.985850 0.064057 -0.000000 -0.048108 -0.057236 0.997201 -0.000000 0.000000 0.000000 0.000000 1.000000
0.986669 -0.160230 0.028474 0.555067 0.156892 0.983022 0.095145 -0.000000 -0.043236 -0.089409 0.995056 -0.000000 0.000000 0.000000 0.000000 1.000000
0.990512 -0.137361 -0.004198 0.555067 0.137042 0.985010 0.104762 -0.000000 -0.010255 -0.104343 0.994489 -0.000000 0.000000 0.000000 0.000000 1.000000
0.992532 -0.113685 -0.044235 0.555067 0.118136 0.986173 0.116222 -0.000000 0.030411 -0.120580 0.992238 -0.000000 0.000000 0.000000 0.000000 1.000000
0.992321 -0.103335 -0.067979 0.555067 0.111526 0.985165 0.130433 -0.000000 0.053493 -0.137013 0.989124 0.000000 0.000000 0.000000 0.000000 1.000000
0.992722 -0.106594 -0.056045 0.555067 0.113438 0.983920 0.137961 -0.000000 0.040438 -0.143315 0.988851 -0.000000 0.000000 0.000000 0.000000 1.000000
0.991805 -0.117080 -0.051147 0.555067 0.122405 0.985469 0.117764 0.000000 0.036616 -0.123059 0.991724 0.000000 0.000000 0.000000 0.000000 1.000000
0.989445 -0.130556 -0.062882 0.555067 0.135336 0.987649 0.078947 0.000000 0.051799 -0.086624 0.994894 -0.000000 0.000000 0.000000 0.000000 1.000000
0.987329 -0.146509 -0.060972 0.555067 0.148254 0.988630 0.025128 -0.000000 0.056598 -0.033849 0.997823 -0.000000 0.000000 0.000000 0.000000 1.000000
0.986207 -0.159726 -0.043403 0.555067 0.158474 0.986879 -0.030912 -0.000000 0.047771 0.023607 0.998579 0.000000 0.000000 0.000000 0.000000 1.000000
0.985398 -0.168423 -0.025007 0.555067 0.166511 0.983886 -0.065138 -0.000000 0.035575 0.060023 0.997563 -0.000000 0.000000 0.000000 0.000000 1.000000
0.987678 -0.156449 0.003874 0.555067 0.156261 0.984526 -0.079318 -0.000000 0.008595 0.078946 0.996842 -0.000000 0.000000 0.000000 0.000000 1.000000
0.990522 -0.130738 0.042120 0.555067 0.134050 0.986981 -0.088873 -0.000000 -0.029953 0.093677 0.995152 -0.000000 0.000000 0.000000 0.000000 1.000000</float_array><technique_common><accessor source="#jnt_spine3-Matrix-animation-output-transform-array" count="19" stride="16"><param type="float4x4"/></accessor></technique_common></source><source id="jnt_spine3-Interpolations"><Name_array id="jnt_spine3-Interpolations-array" count="19">
 LINEAR LINEAR LINEAR LINEAR LINEAR LINEAR LINEAR LINEAR LINEAR LINEAR LINEAR
LINEAR LINEAR LINEAR LINEAR LINEAR LINEAR LINEAR LINEAR</Name_array><technique_common><accessor source="#jnt_spine3-Interpolations-array" count="19"><param type="name"/></accessor></technique_common></source><sampler id="jnt_spine3-Matrix-animation-transform"><input semantic="INPUT" source="#jnt_spine3-Matrix-animation-input"/><input semantic="OUTPUT" source="#jnt_spine3-Matrix-animation-output-transform"/><input semantic="INTERPOLATION" source="#jnt_spine3-Interpolations"/></sampler><channel source="#jnt_spine3-Matrix-animation-transform" target="jnt_spine3/matrix"/></animation></animation>
    <animation id="jnt_neck-anim" name="jnt_neck"><animation><source id="jnt_neck-Matrix-animation-input"><float_array id="jnt_neck-Matrix-animation-input-array" count="19">

0.000000 0.033333 0.066667 0.100000 0.133333 0.166667 0.200000 0.233333 0.266667 0.300000 0.333333 0.366667 0.400000 0.433333 0.466667 0.500000
0.533333 0.566667 0.600000</float_array><technique_common><accessor source="#jnt_neck-Matrix-animation-input-array" count="19"><param name="TIME" type="float"/></accessor></technique_common></source><source id="jnt_neck-Matrix-animation-output-transform"><float_array id="jnt_neck-Matrix-animation-output-transform-array" count="304">

0.962085 -0.269500 0.041967 0.867450 0.265396 0.960488 0.083834 0.171570 -0.062902 -0.069517 0.995596 0.000000 0.000000 0.000000 0.000000 1.000000
0.956282 -0.287934 0.051167 0.867451 0.282454 0.954707 0.093564 0.171571 -0.075789 -0.075022 0.994298 -0.000000 0.000000 0.000000 0.000000 1.000000
0.951940 -0.300465 0.059416 0.867457 0.295963 0.952324 0.074067 0.171572 -0.078838 -0.052923 0.995482 -0.000000 0.000000 0.000000 0.000000 1.000000
0.949837 -0.307406 0.057545 0.867450 0.304979 0.951186 0.047264 0.171570 -0.069265 -0.027343 0.997223 0.000000 0.000000 0.000000 0.000000 1.000000
0.954195 -0.295859 0.044479 0.867450 0.294977 0.955167 0.025399 0.171571 -0.050000 -0.011116 0.998687 -0.000000 0.000000 0.000000 0.000000 1.000000
0.961152 -0.274932 0.024467 0.867462 0.275208 0.961346 -0.008662 0.171572 -0.021140 0.015059 0.999663 0.000000 0.000000 0.000000 0.000000 1.000000
0.967930 -0.251176 -0.004740 0.867463 0.250652 0.966836 -0.049015 0.171573 0.016894 0.046255 0.998787 -0.000000 0.000000 0.000000 0.000000 1.000000
0.972961 -0.230100 -0.020030 0.867453 0.228250 0.971149 -0.069082 0.171571 0.035348 0.062642 0.997410 -0.000000 0.000000 0.000000 0.000000 1.000000
0.971124 -0.238208 -0.013250 0.867450 0.236051 0.967420 -0.091536 0.171571 0.034622 0.085765 0.995714 -0.000000 0.000000 0.000000 0.000000 1.000000
0.967322 -0.253407 -0.008516 0.867457 0.250737 0.961041 -0.116326 0.171571 0.037662 0.110389 0.993175 -0.000000 0.000000 0.000000 0.000000 1.000000
0.964934 -0.261601 -0.021613 0.867454 0.256421 0.957022 -0.135486 0.171571 0.056128 0.125193 0.990543 -0.000000 0.000000 0.000000 0.000000 1.000000
0.964802 -0.259737 -0.041147 0.867461 0.252399 0.958521 -0.132409 0.171572 0.073832 0.117363 0.990341 -0.000000 0.000000 0.000000 0.000000 1.000000
0.968088 -0.246971 -0.042562 0.867450 0.240622 0.963467 -0.117614 0.171570 0.070054 0.103620 0.992147 -0.000000 0.000000 0.000000 0.000000 1.000000
0.971797 -0.234092 -0.028487 0.867455 0.230251 0.967998 -0.099818 0.171572 0.050942 0.090444 0.994598 0.000000 0.000000 0.000000 0.000000 1.000000
0.974351 -0.224869 -0.008547 0.867454 0.223889 0.972527 -0.063762 0.171572 0.022650 0.060213 0.997929 0.000001 0.000000 0.000000 0.000000 1.000000
0.974490 -0.223795 0.016905 0.867457 0.223970 0.974552 -0.009264 0.171571 -0.014401 0.012814 0.999814 0.000000 0.000000 0.000000 0.000000 1.000000
0.973964 -0.223525 0.037812 0.867461 0.222361 0.974417 0.032662 0.171573 -0.044146 -0.023404 0.998751 -0.000000 0.000000 0.000000 0.000000 1.000000
0.970918 -0.234584 0.047837 0.867457 0.231633 0.970949 0.060036 0.171572 -0.060530 -0.047210 0.997049 0.000000 0.000000 0.000000 0.000000 1.000000
0.963730 -0.263476 0.042495 0.867461 0.259381 0.962179 0.083265 0.171573 -0.062826 -0.069223 0.995621 0.000000 0.000000 0.000000 0.000000 1.000000</float_array><technique_common><accessor source="#jnt_neck-Matrix-animation-output-transform-array" count="19" stride="16"><param type="float4x4"/></accessor></technique_common></source><source id="jnt_neck-Interpolations"><Name_array id="jnt_neck-Interpolations-array" count="19">
 LINEAR LINEAR LINEAR LINEAR LINEAR LINEAR LINEAR LINEAR LINEAR LINEAR LINEAR
LINEAR LINEAR LINEAR LINEAR LINEAR LINEAR LINEAR LINEAR</Name_array><technique_common><accessor source="#jnt_neck-Interpolations-array" count="19"><param type="name"/></accessor></technique_common></source><sampler id="jnt_neck-Matrix-animation-transform"><input semantic="INPUT" source="#jnt_neck-Matrix-animation-input"/><input semantic="OUTPUT" source="#jnt_neck-Matrix-animation-output-transform"/><input semantic="INTERPOLATION" source="#jnt_neck-Interpolations"/></sampler><channel source="#jnt_neck-Matrix-animation-transform" target="jnt_neck/matrix"/></animation></animation>
    <animation id="jnt_head-anim" name="jnt_head"><animation><source id="jnt_head-Matrix-animation-input"><float_array id="jnt_head-Matrix-animation-input-array" count="19">

0.000000 0.033333 0.066667 0.100000 0.133333 0.166667 0.200000 0.233333 0.266667 0.300000 0.333333 0.366667 0.400000 0.433333 0.466667 0.500000
0.533333 0.566667 0.600000</float_array><technique_common><accessor source="#jnt_head-Matrix-animation-input-array" count="19"><param name="TIME" type="float"/></accessor></technique_common></source><source id="jnt_head-Matrix-animation-output-transform"><float_array id="jnt_head-Matrix-animation-output-transform-array" count="304">

0.999780 0.015947 -0.013657 0.273591 -0.014627 0.995671 0.091795 0.000000 0.015062 -0.091575 0.995684 -0.000000 0.000000 0.000000 0.000000 1.000000
0.999808 0.004983 -0.018971 0.273591 -0.003069 0.995021 0.099620 0.000000 0.019373 -0.099542 0.994845 -0.000000 0.000000 0.000000 0.000000 1.000000
0.999822 -0.005910 -0.017932 0.273592 0.007305 0.996867 0.078762 0.000001 0.017411 -0.078879 0.996732 -0.000000 0.000000 0.000000 0.000000 1.000000
0.999624 -0.003210 -0.027243 0.273590 0.004721 0.998441 0.055609 0.000000 0.027022 -0.055716 0.998081 -0.000000 0.000000 0.000000 0.000000 1.000000
0.998688 0.016670 -0.048413 0.273591 -0.014690 0.999052 0.040970 0.000001 0.049051 -0.040205 0.997987 -0.000000 0.000000 0.000000 0.000000 1.000000
0.996776 0.031194 -0.073917 0.273592 -0.030376 0.999465 0.012163 0.000001 0.074256 -0.009879 0.997190 -0.000000 0.000000 0.000000 0.000000 1.000000
0.995036 0.046089 -0.088194 0.273592 -0.048191 0.998599 -0.021857 0.000001 0.087064 0.025999 0.995863 -0.000000 0.000000 0.000000 0.000000 1.000000
0.994720 0.060483 -0.082914 0.273590 -0.063846 0.997216 -0.038524 0.000000 0.080354 0.043614 0.995812 -0.000000 0.000000 0.000000 0.000000 1.000000
0.996592 0.051193 -0.064682 0.273593 -0.055362 0.996388 -0.064385 0.000000 0.061153 0.067746 0.995827 -0.000000 0.000000 0.000000 0.000000 1.000000
0.997565 0.045999 -0.052428 0.273592 -0.050638 0.994572 -0.090898 -0.000000 0.047962 0.093332 0.994479 0.000000 0.000000 0.000000 0.000000 1.000000
0.997801 0.048727 -0.044921 0.273591 -0.053283 0.992881 -0.106533 0.000001 0.039410 0.108692 0.993294 -0.000000 0.000000 0.000000 0.000000 1.000000
0.998037 0.052266 -0.034495 0.273591 -0.055511 0.993337 -0.100996 0.000000 0.028986 0.102712 0.994289 0.000000 0.000000 0.000000 0.000000 1.000000
0.998243 0.058438 -0.009815 0.273590 -0.059070 0.994485 -0.086661 0.000001 0.004697 0.087088 0.996190 0.000000 0.000000 0.000000 0.000000 1.000000
0.997566 0.066663 0.020448 0.273591 -0.065059 0.995352 -0.071003 0.000000 -0.025087 0.069500 0.997266 0.000000 0.000000 0.000000 0.000000 1.000000
0.996563 0.069229 0.045489 0.273590 -0.067423 0.996918 -0.040099 0.000000 -0.048124 0.036894 0.998160 0.000000 0.000000 0.000000 0.000000 1.000000
0.996379 0.064804 0.055038 0.273592 -0.065322 0.997835 0.007655 0.000000 -0.054423 -0.011222 0.998455 0.000000 0.000000 0.000000 0.000000 1.000000
0.996873 0.064503 0.045646 0.273591 -0.066698 0.996603 0.048320 0.000001 -0.042374 -0.051213 0.997788 0.000000 0.000000 0.000000 0.000000 1.000000
0.998604 0.049453 0.018580 0.273591 -0.050685 0.996040 0.073048 0.000000 -0.014894 -0.073888 0.997155 0.000000 0.000000 0.000000 0.000000 1.000000
0.999769 0.019137 -0.009814 0.273591 -0.018155 0.995597 0.091960 0.000000 0.011530 -0.091761 0.995714 -0.000000 0.000000 0.000000 0.000000 1.000000</float_array><technique_common><accessor source="#jnt_head-Matrix-animation-output-transform-array" count="19" stride="16"><param type="float4x4"/></accessor></technique_common></source><source id="jnt_head-Interpolations"><Name_array id="jnt_head-Interpolations-array" count="19">
 LINEAR LINEAR LINEAR LINEAR LINEAR LINEAR LINEAR LINEAR LINEAR LINEAR LINEAR
LINEAR LINEAR LINEAR LINEAR LINEAR LINEAR LINEAR LINEAR</Name_array><technique_common><accessor source="#jnt_head-Interpolations-array" count="19"><param type="name"/></accessor></technique_common></source><sampler id="jnt_head-Matrix-animation-transform"><input semantic="INPUT" source="#jnt_head-Matrix-animation-input"/><input semantic="OUTPUT" source="#jnt_head-Matrix-animation-output-transform"/><input semantic="INTERPOLATION" source="#jnt_head-Interpolations"/></sampler><channel source="#jnt_head-Matrix-animation-transform" target="jnt_head/matrix"/></animation></animation>
    <animation id="jnt_left_shoulder-anim" name="jnt_left_shoulder"><animation><source id="jnt_left_shoulder-Matrix-animation-input"><float_array id="jnt_left_shoulder-Matrix-animation-input-array" count="19">

0.000000 0.033333 0.066667 0.100000 0.133333 0.166667 0.200000 0.233333 0.266667 0.300000 0.333333 0.366667 0.400000 0.433333 0.466667 0.500000
0.533333 0.566667 0.600000</float_array><technique_common><accessor source="#jnt_left_shoulder-Matrix-animation-input-array" count="19"><param name="TIME" type="float"/></accessor></technique_common></source><source id="jnt_left_shoulder-Matrix-animation-output-transform"><float_array id="jnt_left_shoulder-Matrix-animation-output-transform-array" count="304">

0.116587 -0.042941 -0.992252 0.635987 -0.353741 -0.935343 -0.001086 0.114391 -0.928049 0.351127 -0.124239 0.266187 0.000000 0.000000 0.000000 1.000000
0.116587 -0.042941 -0.992252 0.635987 -0.353741 -0.935343 -0.001086 0.114392 -0.928049 0.351127 -0.124239 0.266187 0.000000 0.000000 0.000000 1.000000
0.116587 -0.042941 -0.992252 0.635987 -0.353741 -0.935343 -0.001086 0.114392 -0.928049 0.351127 -0.124239 0.266187 0.000000 0.000000 0.000000 1.000000
0.116587 -0.042941 -0.992252 0.635987 -0.353741 -0.935343 -0.001086 0.114391 -0.928049 0.351127 -0.124239 0.266187 0.000000 0.000000 0.000000 1.000000
0.116587 -0.042941 -0.992252 0.635987 -0.353742 -0.935343 -0.001086 0.114392 -0.928049 0.351127 -0.124239 0.266187 0.000000 0.000000 0.000000 1.000000
0.116587 -0.042941 -0.992252 0.635987 -0.353742 -0.935343 -0.001086 0.114392 -0.928049 0.351127 -0.124239 0.266187 0.000000 0.000000 0.000000 1.000000
0.116587 -0.042941 -0.992252 0.635988 -0.353741 -0.935343 -0.001086 0.114392 -0.928049 0.351127 -0.124239 0.266187 0.000000 0.000000 0.000000 1.000000
0.116587 -0.042941 -0.992252 0.635987 -0.353741 -0.935343 -0.001086 0.114392 -0.928049 0.351127 -0.124239 0.266187 0.000000 0.000000 0.000000 1.000000
0.116587 -0.042941 -0.992252 0.635987 -0.353741 -0.935343 -0.001086 0.114391 -0.928049 0.351127 -0.124239 0.266187 0.000000 0.000000 0.000000 1.000000
0.116587 -0.042941 -0.992252 0.635987 -0.353741 -0.935343 -0.001086 0.114392 -0.928049 0.351127 -0.124239 0.266187 0.000000 0.000000 0.000000 1.000000
0.116587 -0.042941 -0.992252 0.635987 -0.353742 -0.935343 -0.001086 0.114392 -0.928049 0.351127 -0.124239 0.266187 0.000000 0.000000 0.000000 1.000000
0.116587 -0.042941 -0.992252 0.635987 -0.353741 -0.935343 -0.001086 0.114392 -0.928049 0.351127 -0.124239 0.266187 0.000000 0.000000 0.000000 1.000000
0.116587 -0.042941 -0.992252 0.635987 -0.353741 -0.935343 -0.001086 0.114392 -0.928049 0.351127 -0.124239 0.266187 0.000000 0.000000 0.000000 1.000000
0.116587 -0.042941 -0.992252 0.635987 -0.353741 -0.935343 -0.001086 0.114391 -0.928049 0.351127 -0.124239 0.266187 0.000000 0.000000 0.000000 1.000000
0.116587 -0.042941 -0.992252 0.635987 -0.353741 -0.935343 -0.001086 0.114392 -0.928049 0.351127 -0.124239 0.266187 0.000000 0.000000 0.000000 1.000000
0.116587 -0.042941 -0.992252 0.635987 -0.353741 -0.935343 -0.001086 0.114392 -0.928049 0.351127 -0.124239 0.266187 0.000000 0.000000 0.000000 1.000000
0.116587 -0.042941 -0.992252 0.635987 -0.353741 -0.935343 -0.001086 0.114392 -0.928049 0.351127 -0.124239 0.266187 0.000000 0.000000 0.000000 1.000000
0.116587 -0.042941 -0.992252 0.635988 -0.353742 -0.935343 -0.001086 0.114392 -0.928049 0.351127 -0.124239 0.266187 0.000000 0.000000 0.000000 1.000000
0.116587 -0.042941 -0.992252 0.635987 -0.353741 -0.935343 -0.001086 0.114392 -0.928049 0.351127 -0.124239 0.266187 0.000000 0.000000 0.000000 1.000000</float_array><technique_common><accessor source="#jnt_left_shoulder-Matrix-animation-output-transform-array" count="19" stride="16"><param type="float4x4"/></accessor></technique_common></source><source id="jnt_left_shoulder-Interpolations"><Name_array id="jnt_left_shoulder-Interpolations-array" count="19">
 LINEAR LINEAR LINEAR LINEAR LINEAR LINEAR LINEAR LINEAR LINEAR LINEAR LINEAR
LINEAR LINEAR LINEAR LINEAR LINEAR LINEAR LINEAR LINEAR</Name_array><technique_common><accessor source="#jnt_left_shoulder-Interpolations-array" count="19"><param type="name"/></accessor></technique_common></source><sampler id="jnt_left_shoulder-Matrix-animation-transform"><input semantic="INPUT" source="#jnt_left_shoulder-Matrix-animation-input"/><input semantic="OUTPUT" source="#jnt_left_shoulder-Matrix-animation-output-transform"/><input semantic="INTERPOLATION" source="#jnt_left_shoulder-Interpolations"/></sampler><channel source="#jnt_left_shoulder-Matrix-animation-transform" target="jnt_left_shoulder/matrix"/></animation></animation>
    <animation id="jnt_left_arm-anim" name="jnt_left_arm"><animation><source id="jnt_left_arm-Matrix-animation-input"><float_array id="jnt_left_arm-Matrix-animation-input-array" count="19">

0.000000 0.033333 0.066667 0.100000 0.133333 0.166667 0.200000 0.233333 0.266667 0.300000 0.333333 0.366667 0.400000 0.433333 0.466667 0.500000
0.533333 0.566667 0.600000</float_array><technique_common><accessor source="#jnt_left_arm-Matrix-animation-input-array" count="19"><param name="TIME" type="float"/></accessor></technique_common></source><source id="jnt_left_arm-Matrix-animation-output-transform"><float_array id="jnt_left_arm-Matrix-animation-output-transform-array" count="304">

0.698246 -0.415064 0.583245 -0.525417 0.498956 0.866414 0.019243 -0.032447 -0.513319 0.277577 0.812068 0.009491 0.000000 0.000000 0.000000 1.000000
0.733881 -0.377862 0.564481 -0.525417 0.463650 0.885965 -0.009728 -0.032447 -0.496435 0.268861 0.825389 0.009492 0.000000 0.000000 0.000000 1.000000
0.814184 -0.269314 0.514368 -0.525417 0.354716 0.932085 -0.073451 -0.032447 -0.459654 0.242257 0.854418 0.009491 0.000000 0.000000 0.000000 1.000000
0.884307 -0.121954 0.450697 -0.525417 0.202833 0.969784 -0.135563 -0.032447 -0.420546 0.211296 0.882323 0.009492 0.000000 0.000000 0.000000 1.000000
0.907103 -0.034727 0.419473 -0.525417 0.111258 0.980927 -0.159384 -0.032447 -0.405938 0.191247 0.893666 0.009492 0.000000 0.000000 0.000000 1.000000
0.903021 -0.019648 0.429147 -0.525417 0.088729 0.985944 -0.141565 -0.032447 -0.420333 0.165914 0.892072 0.009491 0.000000 0.000000 0.000000 1.000000
0.894062 -0.013240 0.447748 -0.525417 0.068169 0.991942 -0.106789 -0.032448 -0.442727 0.125999 0.887760 0.009491 0.000000 0.000000 0.000000 1.000000
0.879174 -0.038460 0.474946 -0.525417 0.079487 0.994609 -0.066597 -0.032447 -0.469824 0.096303 0.877492 0.009492 0.000000 0.000000 0.000000 1.000000
0.867208 -0.081625 0.491211 -0.525417 0.119628 0.991734 -0.046401 -0.032447 -0.483363 0.099002 0.869804 0.009492 0.000000 0.000000 0.000000 1.000000
0.865305 -0.093977 0.492358 -0.525417 0.134701 0.989732 -0.047821 -0.032447 -0.482808 0.107701 0.869078 0.009491 0.000000 0.000000 0.000000 1.000000
0.857774 -0.132708 0.496600 -0.525416 0.181168 0.982156 -0.050466 -0.032448 -0.481042 0.133257 0.866511 0.009491 0.000000 0.000000 0.000000 1.000000
0.839428 -0.199944 0.505354 -0.525417 0.260449 0.964131 -0.051165 -0.032447 -0.476997 0.174569 0.861394 0.009491 0.000000 0.000000 0.000000 1.000000
0.803974 -0.290621 0.518811 -0.525417 0.366275 0.929318 -0.047023 -0.032447 -0.468474 0.227832 0.853595 0.009491 0.000000 0.000000 0.000000 1.000000
0.748116 -0.392070 0.535353 -0.525417 0.484410 0.874067 -0.036797 -0.032448 -0.453507 0.286859 0.843827 0.009491 0.000000 0.000000 0.000000 1.000000
0.677441 -0.485855 0.552285 -0.525417 0.594223 0.804011 -0.021580 -0.032447 -0.433558 0.342800 0.833376 0.009491 0.000000 0.000000 0.000000 1.000000
0.616854 -0.545872 0.567023 -0.525417 0.665001 0.746829 -0.004472 -0.032447 -0.421028 0.379830 0.823690 0.009491 0.000000 0.000000 0.000000 1.000000
0.603028 -0.549921 0.577879 -0.525417 0.668249 0.743863 0.010543 -0.032447 -0.435661 0.379809 0.816054 0.009491 0.000000 0.000000 0.000000 1.000000
0.635675 -0.505304 0.583597 -0.525418 0.611169 0.791262 0.019402 -0.032447 -0.471582 0.344343 0.811812 0.009491 0.000000 0.000000 0.000000 1.000000
0.698170 -0.415159 0.583269 -0.525417 0.499080 0.866342 0.019249 -0.032447 -0.513302 0.277658 0.812051 0.009491 0.000000 0.000000 0.000000 1.000000</float_array><technique_common><accessor source="#jnt_left_arm-Matrix-animation-output-transform-array" count="19" stride="16"><param type="float4x4"/></accessor></technique_common></source><source id="jnt_left_arm-Interpolations"><Name_array id="jnt_left_arm-Interpolations-array" count="19">
 LINEAR LINEAR LINEAR LINEAR LINEAR LINEAR LINEAR LINEAR LINEAR LINEAR LINEAR
