<?xml version="1.0" encoding="utf-8"?>
<COLLADA xmlns="http://www.collada.org/2005/11/COLLADASchema" version="1.4.1">
  <asset><contributor><author></author><authoring_tool>FBX COLLADA exporter</authoring_tool><comments></comments></contributor><created>2020-02-26T11:00:51Z</created><keywords></keywords><modified>2020-02-26T11:00:51Z</modified><revision></revision><subject></subject><title></title><unit meter="0.010000" name="centimeter"></unit><up_axis>Y_UP</up_axis></asset>
  <library_animations>
    <animation id="root_jnt-anim" name="root_jnt"><animation><source id="root_jnt-Matrix-animation-input"><float_array id="root_jnt-Matrix-animation-input-array" count="21">

0.000000 0.033333 0.066667 0.100000 0.133333 0.166667 0.200000 0.233333 0.266667 0.300000 0.333333 0.366667 0.400000 0.433333 0.466667 0.500000
0.533333 0.566667 0.600000 0.633333 0.666667</float_array><technique_common><accessor source="#root_jnt-Matrix-animation-input-array" count="21"><param name="TIME" type="float"/></accessor></technique_common></source><source id="root_jnt-Matrix-animation-output-transform"><float_array id="root_jnt-Matrix-animation-output-transform-array" count="336">

1.000000 0.000000 0.000000 0.000000 0.000000 1.000000 0.000000 0.000000 0.000000 0.000000 1.000000 0.000000 0.000000 0.000000 0.000000 1.000000
1.000000 0.000000 0.000000 0.000000 0.000000 1.000000 0.000000 0.000000 0.000000 0.000000 1.000000 0.000000 0.000000 0.000000 0.000000 1.000000
1.000000 0.000000 0.000000 0.000000 0.000000 1.000000 0.000000 0.000000 0.000000 0.000000 1.000000 0.000000 0.000000 0.000000 0.000000 1.000000
1.000000 0.000000 0.000000 0.000000 0.000000 1.000000 0.000000 0.000000 0.000000 0.000000 1.000000 0.000000 0.000000 0.000000 0.000000 1.000000
1.000000 0.000000 0.000000 0.000000 0.000000 1.000000 0.000000 0.000000 0.000000 0.000000 1.000000 0.000000 0.000000 0.000000 0.000000 1.000000
1.000000 0.000000 0.000000 0.000000 0.000000 1.000000 0.000000 0.000000 0.000000 0.000000 1.000000 0.000000 0.000000 0.000000 0.000000 1.000000
1.000000 0.000000 0.000000 0.000000 0.000000 1.000000 0.000000 0.000000 0.000000 0.000000 1.000000 0.000000 0.000000 0.000000 0.000000 1.000000
1.000000 0.000000 0.000000 0.000000 0.000000 1.000000 0.000000 0.000000 0.000000 0.000000 1.000000 0.000000 0.000000 0.000000 0.000000 1.000000
1.000000 0.000000 0.000000 0.000000 0.000000 1.000000 0.000000 0.000000 0.000000 0.000000 1.000000 0.000000 0.000000 0.000000 0.000000 1.000000
1.000000 0.000000 0.000000 0.000000 0.000000 1.000000 0.000000 0.000000 0.000000 0.000000 1.000000 0.000000 0.000000 0.000000 0.000000 1.000000
1.000000 0.000000 0.000000 0.000000 0.000000 1.000000 0.000000 0.000000 0.000000 0.000000 1.000000 0.000000 0.000000 0.000000 0.000000 1.000000
1.000000 0.000000 0.000000 0.000000 0.000000 1.000000 0.000000 0.000000 0.000000 0.000000 1.000000 0.000000 0.000000 0.000000 0.000000 1.000000
1.000000 0.000000 0.000000 0.000000 0.000000 1.000000 0.000000 0.000000 0.000000 0.000000 1.000000 0.000000 0.000000 0.000000 0.000000 1.000000
1.000000 0.000000 0.000000 0.000000 0.000000 1.000000 0.000000 0.000000 0.000000 0.000000 1.000000 0.000000 0.000000 0.000000 0.000000 1.000000
1.000000 0.000000 0.000000 0.000000 0.000000 1.000000 0.000000 0.000000 0.000000 0.000000 1.000000 0.000000 0.000000 0.000000 0.000000 1.000000
1.000000 0.000000 0.000000 0.000000 0.000000 1.000000 0.000000 0.000000 0.000000 0.000000 1.000000 0.000000 0.000000 0.000000 0.000000 1.000000
1.000000 0.000000 0.000000 0.000000 0.000000 1.000000 0.000000 0.000000 0.000000 0.000000 1.000000 0.000000 0.000000 0.000000 0.000000 1.000000
1.000000 0.000000 0.000000 0.000000 0.000000 1.000000 0.000000 0.000000 0.000000 0.000000 1.000000 0.000000 0.000000 0.000000 0.000000 1.000000
1.000000 0.000000 0.000000 0.000000 0.000000 1.000000 0.000000 0.000000 0.000000 0.000000 1.000000 0.000000 0.000000 0.000000 0.000000 1.000000
1.000000 0.000000 0.000000 0.000000 0.000000 1.000000 0.000000 0.000000 0.000000 0.000000 1.000000 0.000000 0.000000 0.000000 0.000000 1.000000
1.000000 0.000000 0.000000 0.000000 0.000000 1.000000 0.000000 0.000000 0.000000 0.000000 1.000000 0.000000 0.000000 0.000000 0.000000 1.000000</float_array><technique_common><accessor source="#root_jnt-Matrix-animation-output-transform-array" count="21" stride="16"><param type="float4x4"/></accessor></technique_common></source><source id="root_jnt-Interpolations"><Name_array id="root_jnt-Interpolations-array" count="21">
 LINEAR LINEAR LINEAR LINEAR LINEAR LINEAR LINEAR LINEAR LINEAR LINEAR LINEAR
LINEAR LINEAR LINEAR LINEAR LINEAR LINEAR LINEAR LINEAR LINEAR LINEAR</Name_array><technique_common><accessor source="#root_jnt-Interpolations-array" count="21"><param type="name"/></accessor></technique_common></source><sampler id="root_jnt-Matrix-animation-transform"><input semantic="INPUT" source="#root_jnt-Matrix-animation-input"/><input semantic="OUTPUT" source="#root_jnt-Matrix-animation-output-transform"/><input semantic="INTERPOLATION" source="#root_jnt-Interpolations"/></sampler><channel source="#root_jnt-Matrix-animation-transform" target="root_jnt/matrix"/></animation></animation>
    <animation id="jnt_hips-anim" name="jnt_hips"><animation><source id="jnt_hips-Matrix-animation-input"><float_array id="jnt_hips-Matrix-animation-input-array" count="21">

0.000000 0.033333 0.066667 0.100000 0.133333 0.166667 0.200000 0.233333 0.266667 0.300000 0.333333 0.366667 0.400000 0.433333 0.466667 0.500000
0.533333 0.566667 0.600000 0.633333 0.666667</float_array><technique_common><accessor source="#jnt_hips-Matrix-animation-input-array" count="21"><param name="TIME" type="float"/></accessor></technique_common></source><source id="jnt_hips-Matrix-animation-output-transform"><float_array id="jnt_hips-Matrix-animation-output-transform-array" count="336">

0.961463 0.055178 -0.269342 -0.011449 -0.002571 0.981416 0.191875 2.028563 0.274924 -0.183788 0.943737 -0.270758 0.000000 0.000000 0.000000 1.000000
0.958204 0.034741 -0.283969 -0.004611 -0.003188 0.993834 0.110829 1.789180 0.286069 -0.105291 0.952407 -0.296686 0.000000 0.000000 0.000000 1.000000
0.953553 0.004820 -0.301188 0.008556 -0.005619 0.999983 -0.001787 1.341102 0.301174 0.003396 0.953563 -0.353802 0.000000 0.000000 0.000000 1.000000
0.950078 -0.018033 -0.311491 0.014940 -0.008766 0.996392 -0.084421 1.100008 0.311889 0.082937 0.946492 -0.398124 0.000000 0.000000 0.000000 1.000000
0.950039 -0.023586 -0.311237 0.012026 -0.010021 0.994322 -0.105941 1.115016 0.311969 0.103767 0.944409 -0.417550 0.000000 0.000000 0.000000 1.000000
0.951438 -0.022983 -0.306980 0.006307 -0.010508 0.994203 -0.107003 1.151840 0.307660 0.105033 0.945682 -0.428782 0.000000 0.000000 0.000000 1.000000
0.952147 -0.019843 -0.304994 -0.000465 -0.010814 0.995078 -0.098502 1.201619 0.305448 0.097087 0.947246 -0.435617 0.000000 0.000000 0.000000 1.000000
0.950075 -0.017677 -0.311521 -0.006527 -0.011412 0.995757 -0.091307 1.255465 0.311813 0.090303 0.945842 -0.441839 0.000000 0.000000 0.000000 1.000000
0.944056 -0.017090 -0.329342 -0.012490 -0.012436 0.996101 -0.087337 1.314300 0.329551 0.086547 0.940163 -0.448476 0.000000 0.000000 0.000000 1.000000
0.934141 -0.016140 -0.356539 -0.019130 -0.013681 0.996623 -0.080960 1.381270 0.356642 0.080506 0.930766 -0.453975 0.000000 0.000000 0.000000 1.000000
0.922903 -0.014852 -0.384747 -0.025299 -0.014596 0.997188 -0.073506 1.450912 0.384757 0.073455 0.920091 -0.458180 0.000000 0.000000 0.000000 1.000000
0.913802 -0.013426 -0.405938 -0.029852 -0.014816 0.997686 -0.066349 1.517767 0.405889 0.066644 0.911489 -0.460981 0.000000 0.000000 0.000000 1.000000
0.910932 -0.012233 -0.412376 -0.031652 -0.014156 0.998045 -0.060877 1.576381 0.412314 0.061292 0.908978 -0.462299 0.000000 0.000000 0.000000 1.000000
0.913863 -0.011716 -0.405853 -0.031065 -0.013172 0.998202 -0.058474 1.632412 0.405809 0.058783 0.912066 -0.453245 0.000000 0.000000 0.000000 1.000000
0.919875 -0.011334 -0.392049 -0.029479 -0.011754 0.998337 -0.056439 1.692643 0.392036 0.056525 0.918212 -0.428806 0.000000 0.000000 0.000000 1.000000
0.927761 -0.011084 -0.373009 -0.027249 -0.010065 0.998452 -0.054704 1.753475 0.373038 0.054506 0.926214 -0.394093 0.000000 0.000000 0.000000 1.000000
0.936380 -0.010952 -0.350817 -0.024725 -0.008255 0.998549 -0.053208 1.811308 0.350891 0.052719 0.934931 -0.354223 0.000000 0.000000 0.000000 1.000000
0.944744 -0.010911 -0.327628 -0.022254 -0.006466 0.998631 -0.051905 1.862545 0.327746 0.051155 0.943380 -0.314316 0.000000 0.000000 0.000000 1.000000
0.952073 -0.010929 -0.305677 -0.020179 -0.004834 0.998699 -0.050763 1.903588 0.305834 0.049808 0.950781 -0.279502 0.000000 0.000000 0.000000 1.000000
0.957789 -0.010964 -0.287263 -0.018838 -0.003493 0.998755 -0.049764 1.930839 0.287451 0.048666 0.956558 -0.254923 0.000000 0.000000 0.000000 1.000000
0.961460 -0.010974 -0.274724 -0.018568 -0.002571 0.998800 -0.048898 1.940702 0.274931 0.047720 0.960279 -0.245722 0.000000 0.000000 0.000000 1.000000</float_array><technique_common><accessor source="#jnt_hips-Matrix-animation-output-transform-array" count="21" stride="16"><param type="float4x4"/></accessor></technique_common></source><source id="jnt_hips-Interpolations"><Name_array id="jnt_hips-Interpolations-array" count="21">
 LINEAR LINEAR LINEAR LINEAR LINEAR LINEAR LINEAR LINEAR LINEAR LINEAR LINEAR
LINEAR LINEAR LINEAR LINEAR LINEAR LINEAR LINEAR LINEAR LINEAR LINEAR</Name_array><technique_common><accessor source="#jnt_hips-Interpolations-array" count="21"><param type="name"/></accessor></technique_common></source><sampler id="jnt_hips-Matrix-animation-transform"><input semantic="INPUT" source="#jnt_hips-Matrix-animation-input"/><input semantic="OUTPUT" source="#jnt_hips-Matrix-animation-output-transform"/><input semantic="INTERPOLATION" source="#jnt_hips-Interpolations"/></sampler><channel source="#jnt_hips-Matrix-animation-transform" target="jnt_hips/matrix"/></animation></animation>
    <animation id="jnt_spine1-anim" name="jnt_spine1"><animation><source id="jnt_spine1-Matrix-animation-input"><float_array id="jnt_spine1-Matrix-animation-input-array" count="21">

0.000000 0.033333 0.066667 0.100000 0.133333 0.166667 0.200000 0.233333 0.266667 0.300000 0.333333 0.366667 0.400000 0.433333 0.466667 0.500000
0.533333 0.566667 0.600000 0.633333 0.666667</float_array><technique_common><accessor source="#jnt_spine1-Matrix-animation-input-array" count="21"><param name="TIME" type="float"/></accessor></technique_common></source><source id="jnt_spine1-Matrix-animation-output-transform"><float_array id="jnt_spine1-Matrix-animation-output-transform-array" count="336">

0.052271 0.039047 0.997869 0.000000 0.958240 -0.283279 -0.039110 0.212132 0.281149 0.958242 -0.052223 0.023482 0.000000 0.000000 0.000000 1.000000
0.035470 0.089537 0.995352 0.000000 0.950466 -0.310773 -0.005915 0.212132 0.308799 0.946258 -0.096126 0.023482 0.000000 0.000000 0.000000 1.000000
0.004247 0.182660 0.983167 -0.000000 0.931295 -0.358840 0.062645 0.212132 0.364242 0.915352 -0.171634 0.023482 0.000000 0.000000 0.000000 1.000000
-0.012569 0.232142 0.972601 0.000000 0.912951 -0.394099 0.105862 0.212132 0.407876 0.889267 -0.206981 0.023482 0.000000 0.000000 0.000000 1.000000
-0.008402 0.230426 0.973054 -0.000000 0.906232 -0.409581 0.104816 0.212132 0.422697 0.882693 -0.205378 0.023482 0.000000 0.000000 0.000000 1.000000
-0.004234 0.228540 0.973525 -0.000000 0.905271 -0.412699 0.100820 0.212132 0.424814 0.881731 -0.205143 0.023482 0.000000 0.000000 0.000000 1.000000
-0.004283 0.228431 0.973551 0.000000 0.910890 -0.400830 0.098056 0.212132 0.412627 0.887218 -0.206359 0.023482 0.000000 0.000000 0.000000 1.000000
-0.004331 0.228320 0.973576 0.000000 0.921335 -0.377569 0.092645 0.212132 0.388745 0.897392 -0.208724 0.023482 0.000000 0.000000 0.000000 1.000000
-0.001721 0.211221 0.977437 -0.000000 0.931172 -0.356013 0.078573 0.212132 0.364577 0.910297 -0.196070 0.023482 0.000000 0.000000 0.000000 1.000000
0.004501 0.170458 0.985355 -0.000000 0.940782 -0.334747 0.053611 0.212132 0.338983 0.926762 -0.161871 0.023482 0.000000 0.000000 0.000000 1.000000
0.011929 0.121048 0.992575 0.000000 0.949861 -0.311540 0.026578 0.212132 0.312444 0.942491 -0.118695 0.023482 0.000000 0.000000 0.000000 1.000000
0.018151 0.078482 0.996750 -0.000000 0.958210 -0.286020 0.005072 0.212132 0.285489 0.955004 -0.080394 0.023482 0.000000 0.000000 0.000000 1.000000
0.020760 0.058497 0.998072 0.000000 0.965743 -0.259455 -0.004880 0.212132 0.258670 0.963982 -0.061879 0.023482 0.000000 0.000000 0.000000 1.000000
0.019920 0.055454 0.998262 -0.000000 0.973201 -0.229861 -0.006651 0.212132 0.229093 0.971642 -0.058547 0.023482 0.000000 0.000000 0.000000 1.000000
0.017707 0.053168 0.998429 0.000000 0.980624 -0.195776 -0.006965 0.212132 0.195098 0.979206 -0.055604 0.023482 0.000000 0.000000 0.000000 1.000000
0.014578 0.051531 0.998565 -0.000000 0.987143 -0.159718 -0.006169 0.212132 0.159171 0.985817 -0.053197 0.023482 0.000000 0.000000 0.000000 1.000000
0.010990 0.050433 0.998667 -0.000000 0.992236 -0.124282 -0.004643 0.212132 0.123882 0.990964 -0.051408 0.023482 0.000000 0.000000 0.000000 1.000000
0.007402 0.049768 0.998733 0.000000 0.995745 -0.092110 -0.002790 0.212132 0.091854 0.994504 -0.050238 0.023482 0.000000 0.000000 0.000000 1.000000
0.004273 0.049425 0.998769 -0.000000 0.997828 -0.065864 -0.001009 0.212132 0.065733 0.996604 -0.049599 0.023482 0.000000 0.000000 0.000000 1.000000
0.002059 0.049301 0.998782 -0.000000 0.998838 -0.048191 0.000319 0.212132 0.048148 0.997621 -0.049343 0.023482 0.000000 0.000000 0.000000 1.000000
0.001219 0.049282 0.998784 0.000000 0.999129 -0.041720 0.000839 0.212132 0.041711 0.997913 -0.049290 0.023482 0.000000 0.000000 0.000000 1.000000</float_array><technique_common><accessor source="#jnt_spine1-Matrix-animation-output-transform-array" count="21" stride="16"><param type="float4x4"/></accessor></technique_common></source><source id="jnt_spine1-Interpolations"><Name_array id="jnt_spine1-Interpolations-array" count="21">
 LINEAR LINEAR LINEAR LINEAR LINEAR LINEAR LINEAR LINEAR LINEAR LINEAR LINEAR
LINEAR LINEAR LINEAR LINEAR LINEAR LINEAR LINEAR LINEAR LINEAR LINEAR</Name_array><technique_common><accessor source="#jnt_spine1-Interpolations-array" count="21"><param type="name"/></accessor></technique_common></source><sampler id="jnt_spine1-Matrix-animation-transform"><input semantic="INPUT" source="#jnt_spine1-Matrix-animation-input"/><input semantic="OUTPUT" source="#jnt_spine1-Matrix-animation-output-transform"/><input semantic="INTERPOLATION" source="#jnt_spine1-Interpolations"/></sampler><channel source="#jnt_spine1-Matrix-animation-transform" target="jnt_spine1/matrix"/></animation></animation>
    <animation id="jnt_spine2-anim" name="jnt_spine2"><animation><source id="jnt_spine2-Matrix-animation-input"><float_array id="jnt_spine2-Matrix-animation-input-array" count="21">

0.000000 0.033333 0.066667 0.100000 0.133333 0.166667 0.200000 0.233333 0.266667 0.300000 0.333333 0.366667 0.400000 0.433333 0.466667 0.500000
0.533333 0.566667 0.600000 0.633333 0.666667</float_array><technique_common><accessor source="#jnt_spine2-Matrix-animation-input-array" count="21"><param name="TIME" type="float"/></accessor></technique_common></source><source id="jnt_spine2-Matrix-animation-output-transform"><float_array id="jnt_spine2-Matrix-animation-output-transform-array" count="336">

0.967730 -0.250691 -0.025557 0.426849 0.249054 0.966960 -0.054415 -0.000000 0.038354 0.046293 0.998191 -0.000000 0.000000 0.000000 0.000000 1.000000
0.966427 -0.254992 -0.031585 0.426849 0.251306 0.963666 -0.090513 -0.000000 0.053518 0.079537 0.995394 0.000000 0.000000 0.000000 0.000000 1.000000
0.963015 -0.266178 -0.041842 0.426848 0.256735 0.953585 -0.157363 0.000000 0.081786 0.140801 0.986654 0.000000 0.000000 0.000000 0.000000 1.000000
0.959663 -0.277313 -0.046315 0.426849 0.263740 0.945000 -0.193434 0.000000 0.097410 0.173417 0.980019 -0.000000 0.000000 0.000000 0.000000 1.000000
0.956081 -0.289669 -0.044722 0.426848 0.276305 0.941649 -0.192232 0.000000 0.097796 0.171433 0.980330 0.000000 0.000000 0.000000 0.000000 1.000000
0.953471 -0.298305 -0.043662 0.426848 0.285140 0.939312 -0.190754 0.000000 0.097916 0.169429 0.980666 -0.000000 0.000000 0.000000 0.000000 1.000000
0.955438 -0.291725 -0.045106 0.426848 0.278442 0.941380 -0.190457 -0.000000 0.098023 0.169411 0.980659 -0.000000 0.000000 0.000000 0.000000 1.000000
0.959576 -0.277273 -0.048312 0.426849 0.263720 0.945742 -0.189802 0.000000 0.098317 0.169389 0.980633 -0.000000 0.000000 0.000000 0.000000 1.000000
0.963561 -0.261588 -0.055879 0.426849 0.247350 0.950878 -0.186142 -0.000000 0.101826 0.165538 0.980933 0.000000 0.000000 0.000000 0.000000 1.000000
0.966990 -0.245374 -0.068716 0.426849 0.230173 0.956812 -0.177571 0.000000 0.109319 0.155893 0.981706 0.000000 0.000000 0.000000 0.000000 1.000000
0.970124 -0.227839 -0.083360 0.426849 0.211950 0.963120 -0.165764 0.000000 0.118053 0.143143 0.982636 -0.000000 0.000000 0.000000 0.000000 1.000000
0.973278 -0.208398 -0.096440 0.426849 0.192437 0.969368 -0.152624 0.000000 0.125292 0.129987 0.983568 -0.000000 0.000000 0.000000 0.000000 1.000000
0.976814 -0.186736 -0.104708 0.426849 0.171378 0.975161 -0.140324 -0.000000 0.128310 0.119126 0.984553 -0.000000 0.000000 0.000000 0.000000 1.000000
0.981583 -0.159991 -0.104388 0.426849 0.146360 0.981007 -0.127291 0.000000 0.122771 0.109669 0.986357 -0.000000 0.000000 0.000000 0.000000 1.000000
0.987268 -0.127472 -0.095142 0.426849 0.116641 0.986858 -0.111835 -0.000000 0.108147 0.099313 0.989162 -0.000000 0.000000 0.000000 0.000000 1.000000
0.992578 -0.092267 -0.079221 0.426848 0.084525 0.991779 -0.096068 0.000000 0.087434 0.088659 0.992217 -0.000000 0.000000 0.000000 0.000000 1.000000
0.996593 -0.057393 -0.059232 0.426849 0.052460 0.995273 -0.081732 -0.000000 0.063643 0.078347 0.994893 0.000000 0.000000 0.000000 0.000000 1.000000
0.998942 -0.025729 -0.038118 0.426849 0.023015 0.997280 -0.070016 0.000000 0.039816 0.069065 0.996817 -0.000000 0.000000 0.000000 0.000000 1.000000
0.999819 0.000023 -0.019049 0.426849 -0.001195 0.998105 -0.061522 -0.000000 0.019012 0.061533 0.997924 0.000000 0.000000 0.000000 0.000000 1.000000
0.999836 0.017310 -0.005276 0.426848 -0.017580 0.998253 -0.056400 0.000000 0.004291 0.056483 0.998394 -0.000000 0.000000 0.000000 0.000000 1.000000
0.999721 0.023636 0.000001 0.426848 -0.023601 0.998226 -0.054656 0.000000 -0.001293 0.054641 0.998505 -0.000000 0.000000 0.000000 0.000000 1.000000</float_array><technique_common><accessor source="#jnt_spine2-Matrix-animation-output-transform-array" count="21" stride="16"><param type="float4x4"/></accessor></technique_common></source><source id="jnt_spine2-Interpolations"><Name_array id="jnt_spine2-Interpolations-array" count="21">
 LINEAR LINEAR LINEAR LINEAR LINEAR LINEAR LINEAR LINEAR LINEAR LINEAR LINEAR
LINEAR LINEAR LINEAR LINEAR LINEAR LINEAR LINEAR LINEAR LINEAR LINEAR</Name_array><technique_common><accessor source="#jnt_spine2-Interpolations-array" count="21"><param type="name"/></accessor></technique_common></source><sampler id="jnt_spine2-Matrix-animation-transform"><input semantic="INPUT" source="#jnt_spine2-Matrix-animation-input"/><input semantic="OUTPUT" source="#jnt_spine2-Matrix-animation-output-transform"/><input semantic="INTERPOLATION" source="#jnt_spine2-Interpolations"/></sampler><channel source="#jnt_spine2-Matrix-animation-transform" target="jnt_spine2/matrix"/></animation></animation>
    <animation id="jnt_spine3-anim" name="jnt_spine3"><animation><source id="jnt_spine3-Matrix-animation-input"><float_array id="jnt_spine3-Matrix-animation-input-array" count="21">

0.000000 0.033333 0.066667 0.100000 0.133333 0.166667 0.200000 0.233333 0.266667 0.300000 0.333333 0.366667 0.400000 0.433333 0.466667 0.500000
0.533333 0.566667 0.600000 0.633333 0.666667</float_array><technique_common><accessor source="#jnt_spine3-Matrix-animation-input-array" count="21"><param name="TIME" type="float"/></accessor></technique_common></source><source id="jnt_spine3-Matrix-animation-output-transform"><float_array id="jnt_spine3-Matrix-animation-output-transform-array" count="336">

0.970719 -0.240057 -0.008781 0.555067 0.239256 0.969454 -0.054005 0.000000 0.021477 0.050323 0.998502 -0.000000 0.000000 0.000000 0.000000 1.000000
0.981641 -0.183385 -0.052443 0.555067 0.178488 0.980140 -0.086411 0.000000 0.067248 0.075465 0.994878 -0.000000 0.000000 0.000000 0.000000 1.000000
0.986379 -0.082165 -0.142499 0.555067 0.063333 0.989225 -0.131998 -0.000000 0.151809 0.121175 0.980954 -0.000000 0.000000 0.000000 0.000000 1.000000
0.980418 -0.030364 -0.194573 0.555067 0.001229 0.988966 -0.148141 0.000000 0.196924 0.145001 0.969637 -0.000000 0.000000 0.000000 0.000000 1.000000
0.980556 -0.052411 -0.189113 0.555067 0.023532 0.988125 -0.151837 -0.000000 0.194826 0.144435 0.970145 -0.000000 0.000000 0.000000 0.000000 1.000000
0.979649 -0.084653 -0.181992 0.555067 0.056004 0.985984 -0.157163 0.000000 0.192746 0.143772 0.970659 -0.000000 0.000000 0.000000 0.000000 1.000000
0.978562 -0.100243 -0.179911 0.555067 0.071430 0.984522 -0.160041 0.000000 0.193169 0.143759 0.970577 -0.000000 0.000000 0.000000 0.000000 1.000000
0.977589 -0.111595 -0.178511 0.555067 0.082663 0.983319 -0.162022 -0.000000 0.193614 0.143635 0.970506 -0.000000 0.000000 0.000000 0.000000 1.000000
0.976802 -0.124208 -0.174445 0.555067 0.096279 0.982354 -0.160345 -0.000000 0.191283 0.139830 0.971524 -0.000000 0.000000 0.000000 0.000000 1.000000
0.976446 -0.136948 -0.166726 0.555067 0.111564 0.981887 -0.153137 0.000000 0.184678 0.130930 0.974039 -0.000000 0.000000 0.000000 0.000000 1.000000
0.976547 -0.147969 -0.156398 0.555067 0.125938 0.981752 -0.142485 -0.000000 0.174627 0.119447 0.977363 0.000000 0.000000 0.000000 0.000000 1.000000
0.977271 -0.155333 -0.144270 0.555067 0.136792 0.981949 -0.130632 0.000000 0.161957 0.107928 0.980878 -0.000000 0.000000 0.000000 0.000000 1.000000
0.978892 -0.156932 -0.130931 0.555067 0.141478 0.982638 -0.120028 0.000000 0.147494 0.098971 0.984099 0.000000 0.000000 0.000000 0.000000 1.000000
0.982396 -0.147094 -0.115155 0.555067 0.134647 0.984846 -0.109313 -0.000000 0.129489 0.091883 0.987315 -0.000000 0.000000 0.000000 0.000000 1.000000
0.987553 -0.124544 -0.096060 0.555067 0.115269 0.988614 -0.096728 -0.000000 0.107013 0.084451 0.990665 -0.000000 0.000000 0.000000 0.000000 1.000000
0.992795 -0.093589 -0.074829 0.555067 0.087229 0.992625 -0.084178 0.000000 0.082156 0.077044 0.993637 -0.000000 0.000000 0.000000 0.000000 1.000000
0.996878 -0.058551 -0.052968 0.555067 0.054601 0.995823 -0.073174 -0.000000 0.057031 0.070053 0.995912 -0.000000 0.000000 0.000000 0.000000 1.000000
0.999195 -0.023779 -0.032314 0.555067 0.021653 0.997674 -0.064638 0.000000 0.033776 0.063886 0.997385 -0.000000 0.000000 0.000000 0.000000 1.000000
0.999868 0.006383 -0.014929 0.555067 -0.007252 0.998240 -0.058860 -0.000000 0.014527 0.058961 0.998155 -0.000000 0.000000 0.000000 0.000000 1.000000
0.999614 0.027625 -0.002962 0.555067 -0.027747 0.998065 -0.055638 -0.000000 0.001420 0.055699 0.998447 0.000000 0.000000 0.000000 0.000000 1.000000
0.999363 0.035660 0.001476 0.555067 -0.035526 0.997876 -0.054607 -0.000000 -0.003420 0.054520 0.998507 -0.000000 0.000000 0.000000 0.000000 1.000000</float_array><technique_common><accessor source="#jnt_spine3-Matrix-animation-output-transform-array" count="21" stride="16"><param type="float4x4"/></accessor></technique_common></source><source id="jnt_spine3-Interpolations"><Name_array id="jnt_spine3-Interpolations-array" count="21">
 LINEAR LINEAR LINEAR LINEAR LINEAR LINEAR LINEAR LINEAR LINEAR LINEAR LINEAR
LINEAR LINEAR LINEAR LINEAR LINEAR LINEAR LINEAR LINEAR LINEAR LINEAR</Name_array><technique_common><accessor source="#jnt_spine3-Interpolations-array" count="21"><param type="name"/></accessor></technique_common></source><sampler id="jnt_spine3-Matrix-animation-transform"><input semantic="INPUT" source="#jnt_spine3-Matrix-animation-input"/><input semantic="OUTPUT" source="#jnt_spine3-Matrix-animation-output-transform"/><input semantic="INTERPOLATION" source="#jnt_spine3-Interpolations"/></sampler><channel source="#jnt_spine3-Matrix-animation-transform" target="jnt_spine3/matrix"/></animation></animation>
    <animation id="jnt_neck-anim" name="jnt_neck"><animation><source id="jnt_neck-Matrix-animation-input"><float_array id="jnt_neck-Matrix-animation-input-array" count="21">

0.000000 0.033333 0.066667 0.100000 0.133333 0.166667 0.200000 0.233333 0.266667 0.300000 0.333333 0.366667 0.400000 0.433333 0.466667 0.500000
0.533333 0.566667 0.600000 0.633333 0.666667</float_array><technique_common><accessor source="#jnt_neck-Matrix-animation-input-array" count="21"><param name="TIME" type="float"/></accessor></technique_common></source><source id="jnt_neck-Matrix-animation-output-transform"><float_array id="jnt_neck-Matrix-animation-output-transform-array" count="336">

0.965254 -0.261241 -0.006129 0.867449 0.260178 0.962982 -0.070514 0.171570 0.024323 0.066469 0.997492 -0.000000 0.000000 0.000000 0.000000 1.000000
0.947233 -0.316001 0.053778 0.867454 0.318495 0.946778 -0.046604 0.171573 -0.036189 0.061273 0.997465 0.000000 0.000000 0.000000 0.000000 1.000000
0.884300 -0.435483 0.168428 0.867452 0.437708 0.898750 0.025682 0.171573 -0.162559 0.051012 0.985379 0.000000 0.000000 0.000000 0.000000 1.000000
0.795949 -0.551031 0.250661 0.867450 0.540943 0.833283 0.114108 0.171570 -0.271748 0.044769 0.961327 0.000000 0.000000 0.000000 0.000000 1.000000
0.693978 -0.646333 0.317251 0.867453 0.639316 0.755836 0.141372 0.171574 -0.331163 0.104715 0.937745 0.000001 0.000000 0.000000 0.000000 1.000000
0.627996 -0.688206 0.363309 0.867456 0.693316 0.706812 0.140464 0.171573 -0.353460 0.163677 0.921019 0.000000 0.000000 0.000000 0.000000 1.000000
0.686475 -0.625042 0.371585 0.867455 0.636863 0.763430 0.107607 0.171571 -0.350938 0.162779 0.922142 0.000000 0.000000 0.000000 0.000000 1.000000
0.768764 -0.525904 0.363904 0.867452 0.545912 0.836038 0.054957 0.171574 -0.333140 0.156411 0.929814 0.000001 0.000000 0.000000 0.000000 1.000000
0.830340 -0.455382 0.321190 0.867456 0.476438 0.879086 0.014677 0.171571 -0.289037 0.140840 0.946901 0.000000 0.000000 0.000000 0.000000 1.000000
0.890867 -0.376474 0.254209 0.867459 0.394211 0.918784 -0.020815 0.171573 -0.225727 0.118756 0.966925 0.000000 0.000000 0.000000 0.000000 1.000000
0.937258 -0.300154 0.177356 0.867454 0.311956 0.949157 -0.042233 0.171574 -0.155662 0.094910 0.983240 0.000001 0.000000 0.000000 0.000000 1.000000
0.964333 -0.241721 0.107858 0.867450 0.248120 0.967423 -0.050288 0.171570 -0.092188 0.075256 0.992894 -0.000000 0.000000 0.000000 0.000000 1.000000
0.973635 -0.219397 0.062445 0.867451 0.222788 0.973384 -0.053756 0.171572 -0.048989 0.066251 0.996600 0.000000 0.000000 0.000000 0.000000 1.000000
0.973339 -0.226233 0.037819 0.867455 0.228146 0.971911 -0.057782 0.171573 -0.023685 0.064869 0.997613 -0.000000 0.000000 0.000000 0.000000 1.000000
0.970318 -0.241038 0.019588 0.867455 0.241794 0.968416 -0.060873 0.171572 -0.004297 0.063803 0.997953 -0.000000 0.000000 0.000000 0.000000 1.000000
0.965307 -0.261026 0.006861 0.867454 0.260927 0.963272 -0.063434 0.171570 0.009949 0.063023 0.997962 -0.000000 0.000000 0.000000 0.000000 1.000000
0.959013 -0.283358 -0.001314 0.867462 0.282667 0.956976 -0.065551 0.171573 0.019832 0.062493 0.997848 -0.000000 0.000000 0.000000 0.000000 1.000000
0.952225 -0.305339 -0.005930 0.867457 0.304275 0.950212 -0.067181 0.171570 0.026147 0.062167 0.997723 -0.000000 0.000000 0.000000 0.000000 1.000000
0.945937 -0.324253 -0.007991 0.867450 0.322991 0.943936 -0.068271 0.171569 0.029680 0.061999 0.997635 -0.000000 0.000000 0.000000 0.000000 1.000000
0.941285 -0.337505 -0.008505 0.867460 0.336165 0.939284 -0.068838 0.171572 0.031222 0.061937 0.997592 -0.000000 0.000000 0.000000 0.000000 1.000000
0.939486 -0.342483 -0.008460 0.867450 0.341130 0.937481 -0.068989 0.171571 0.031559 0.061928 0.997582 0.000000 0.000000 0.000000 0.000000 1.000000</float_array><technique_common><accessor source="#jnt_neck-Matrix-animation-output-transform-array" count="21" stride="16"><param type="float4x4"/></accessor></technique_common></source><source id="jnt_neck-Interpolations"><Name_array id="jnt_neck-Interpolations-array" count="21">
 LINEAR LINEAR LINEAR LINEAR LINEAR LINEAR LINEAR LINEAR LINEAR LINEAR LINEAR
LINEAR LINEAR LINEAR LINEAR LINEAR LINEAR LINEAR LINEAR LINEAR LINEAR</Name_array><technique_common><accessor source="#jnt_neck-Interpolations-array" count="21"><param type="name"/></accessor></technique_common></source><sampler id="jnt_neck-Matrix-animation-transform"><input semantic="INPUT" source="#jnt_neck-Matrix-animation-input"/><input semantic="OUTPUT" source="#jnt_neck-Matrix-animation-output-transform"/><input semantic="INTERPOLATION" source="#jnt_neck-Interpolations"/></sampler><channel source="#jnt_neck-Matrix-animation-transform" target="jnt_neck/matrix"/></animation></animation>
    <animation id="jnt_head-anim" name="jnt_head"><animation><source id="jnt_head-Matrix-animation-input"><float_array id="jnt_head-Matrix-animation-input-array" count="21">

0.000000 0.033333 0.066667 0.100000 0.133333 0.166667 0.200000 0.233333 0.266667 0.300000 0.333333 0.366667 0.400000 0.433333 0.466667 0.500000
0.533333 0.566667 0.600000 0.633333 0.666667</float_array><technique_common><accessor source="#jnt_head-Matrix-animation-input-array" count="21"><param name="TIME" type="float"/></accessor></technique_common></source><source id="jnt_head-Matrix-animation-output-transform"><float_array id="jnt_head-Matrix-animation-output-transform-array" count="336">

0.976804 0.210962 -0.036729 0.273591 -0.212907 0.975152 -0.061225 0.000000 0.022900 0.067625 0.997448 -0.000000 0.000000 0.000000 0.000000 1.000000
0.964628 0.262549 -0.023693 0.273591 -0.262676 0.964881 -0.002342 0.000000 0.022246 0.008483 0.999717 -0.000000 0.000000 0.000000 0.000000 1.000000
0.932429 0.360952 0.017036 0.273591 -0.360741 0.927069 0.102025 0.000000 0.021032 -0.101277 0.994636 0.000000 0.000000 0.000000 0.000000 1.000000
0.900804 0.431186 0.051286 0.273592 -0.433747 0.887970 0.152878 0.000000 0.020378 -0.159958 0.986913 0.000000 0.000000 0.000000 0.000000 1.000000
0.886469 0.459370 0.056150 0.273591 -0.462340 0.873724 0.151159 -0.000000 0.020378 -0.159958 0.986913 0.000000 0.000000 0.000000 0.000000 1.000000
0.878914 0.473370 0.058575 0.273591 -0.476544 0.866218 0.150236 -0.000000 0.020378 -0.159958 0.986913 0.000000 0.000000 0.000000 0.000000 1.000000
0.875111 0.480217 0.059764 0.273592 -0.483493 0.862441 0.149767 -0.000000 0.020378 -0.159958 0.986913 0.000000 0.000000 0.000000 0.000000 1.000000
0.871468 0.486658 0.060883 0.273592 -0.490028 0.858823 0.149316 -0.000000 0.020378 -0.159958 0.986913 0.000000 0.000000 0.000000 0.000000 1.000000
0.867159 0.494513 0.059094 0.273592 -0.497820 0.857202 0.131834 0.000000 0.014538 -0.143739 0.989509 0.000000 0.000000 0.000000 0.000000 1.000000
0.863742 0.501262 0.051832 0.273592 -0.503935 0.859036 0.090039 0.000001 0.000608 -0.103890 0.994589 -0.000000 0.000000 0.000000 0.000000 1.000000
0.861071 0.506820 0.041115 0.273592 -0.508233 0.860372 0.038192 0.000000 -0.016017 -0.053782 0.998424 -0.000000 0.000000 0.000000 0.000000 1.000000
0.859232 0.510742 0.029379 0.273591 -0.510709 0.859705 -0.009175 0.000000 -0.029943 -0.007121 0.999526 -0.000000 0.000000 0.000000 0.000000 1.000000
0.858539 0.512384 0.019303 0.273592 -0.511498 0.858466 -0.037493 0.000001 -0.035782 0.022315 0.999110 0.000000 0.000000 0.000000 0.000000 1.000000
0.867451 0.497411 0.010565 0.273591 -0.496416 0.866741 -0.048283 0.000001 -0.033174 0.036638 0.998778 0.000000 0.000000 0.000000 0.000000 1.000000
0.889638 0.456664 0.001749 0.273593 -0.455909 0.888375 -0.054182 0.000000 -0.026297 0.047404 0.998530 -0.000000 0.000000 0.000000 0.000000 1.000000
0.917694 0.397230 -0.006699 0.273591 -0.396941 0.916062 -0.057168 0.000000 -0.016572 0.055122 0.998342 0.000000 0.000000 0.000000 0.000000 1.000000
0.944938 0.326924 -0.014614 0.273591 -0.327205 0.943125 -0.058747 0.000001 -0.005423 0.060294 0.998166 0.000000 0.000000 0.000000 0.000000 1.000000
0.966769 0.254725 -0.021737 0.273592 -0.255586 0.964931 -0.059860 0.000001 0.005727 0.063426 0.997970 0.000000 0.000000 0.000000 0.000000 1.000000
0.981292 0.190536 -0.027616 0.273591 -0.191906 0.979524 -0.060867 0.000001 0.015453 0.065028 0.997764 0.000000 0.000000 0.000000 0.000000 1.000000
0.988980 0.144625 -0.031651 0.273594 -0.146354 0.987309 -0.061659 0.000000 0.022332 0.065611 0.997595 0.000000 0.000000 0.000000 0.000000 1.000000
0.991332 0.127126 -0.033157 0.273591 -0.128989 0.989709 -0.061952 0.000000 0.024940 0.065692 0.997528 -0.000000 0.000000 0.000000 0.000000 1.000000</float_array><technique_common><accessor source="#jnt_head-Matrix-animation-output-transform-array" count="21" stride="16"><param type="float4x4"/></accessor></technique_common></source><source id="jnt_head-Interpolations"><Name_array id="jnt_head-Interpolations-array" count="21">
 LINEAR LINEAR LINEAR LINEAR LINEAR LINEAR LINEAR LINEAR LINEAR LINEAR LINEAR
LINEAR LINEAR LINEAR LINEAR LINEAR LINEAR LINEAR LINEAR LINEAR LINEAR</Name_array><technique_common><accessor source="#jnt_head-Interpolations-array" count="21"><param type="name"/></accessor></technique_common></source><sampler id="jnt_head-Matrix-animation-transform"><input semantic="INPUT" source="#jnt_head-Matrix-animation-input"/><input semantic="OUTPUT" source="#jnt_head-Matrix-animation-output-transform"/><input semantic="INTERPOLATION" source="#jnt_head-Interpolations"/></sampler><channel source="#jnt_head-Matrix-animation-transform" target="jnt_head/matrix"/></animation></animation>
    <animation id="jnt_left_shoulder-anim" name="jnt_left_shoulder"><animation><source id="jnt_left_shoulder-Matrix-animation-input"><float_array id="jnt_left_shoulder-Matrix-animation-input-array" count="21">

0.000000 0.033333 0.066667 0.100000 0.133333 0.166667 0.200000 0.233333 0.266667 0.300000 0.333333 0.366667 0.400000 0.433333 0.466667 0.500000
0.533333 0.566667 0.600000 0.633333 0.666667</float_array><technique_common><accessor source="#jnt_left_shoulder-Matrix-animation-input-array" count="21"><param name="TIME" type="float"/></accessor></technique_common></source><source id="jnt_left_shoulder-Matrix-animation-output-transform"><float_array id="jnt_left_shoulder-Matrix-animation-output-transform-array" count="336">

-0.307993 0.097250 -0.946405 0.635987 0.311872 -0.929476 -0.197004 0.114392 -0.898819 -0.355834 0.255942 0.266187 0.000000 0.000000 0.000000 1.000000
-0.221076 0.147301 -0.964068 0.635987 0.256497 -0.944944 -0.203198 0.114391 -0.940922 -0.292203 0.171123 0.266187 0.000000 0.000000 0.000000 1.000000
-0.052098 0.213208 -0.975617 0.635987 0.131661 -0.966949 -0.218345 0.114392 -0.989925 -0.139826 0.022305 0.266187 0.000000 0.000000 0.000000 1.000000
0.043658 0.240634 -0.969634 0.635987 0.019877 -0.970576 -0.239973 0.114391 -0.998849 -0.008797 -0.047157 0.266187 0.000000 0.000000 0.000000 1.000000
0.051849 0.261162 -0.963902 0.635987 -0.043650 -0.963685 -0.263451 0.114392 -0.997700 0.055734 -0.038567 0.266187 0.000000 0.000000 0.000000 1.000000
0.056428 0.277194 -0.959156 0.635987 -0.091248 -0.955234 -0.281428 0.114392 -0.994228 0.103401 -0.028609 0.266187 0.000000 0.000000 0.000000 1.000000
0.058695 0.287691 -0.955923 0.635987 -0.121051 -0.948456 -0.292877 0.114392 -0.990909 0.132906 -0.020845 0.266187 0.000000 0.000000 0.000000 1.000000
0.059821 0.291261 -0.954772 0.635987 -0.131318 -0.945875 -0.296774 0.114392 -0.989534 0.143132 -0.018335 0.266187 0.000000 0.000000 0.000000 1.000000
0.059179 0.278773 -0.958532 0.635987 -0.101326 -0.953578 -0.283588 0.114391 -0.993092 0.113907 -0.028185 0.266187 0.000000 0.000000 0.000000 1.000000
0.055998 0.248661 -0.966970 0.635987 -0.028512 -0.967697 -0.250499 0.114392 -0.998024 0.041598 -0.047099 0.266187 0.000000 0.000000 0.000000 1.000000
0.051229 0.210759 -0.976195 0.635987 0.061079 -0.976310 -0.207579 0.114392 -0.996817 -0.048991 -0.062888 0.266187 0.000000 0.000000 0.000000 1.000000
0.046370 0.175741 -0.983344 0.635987 0.140891 -0.975713 -0.167734 0.114391 -0.988939 -0.130767 -0.070004 0.266187 0.000000 0.000000 0.000000 1.000000
0.043456 0.155342 -0.986904 0.635987 0.185233 -0.971963 -0.144834 0.114391 -0.981733 -0.176514 -0.071012 0.266187 0.000000 0.000000 0.000000 1.000000
0.040395 0.147577 -0.988225 0.635987 0.201183 -0.969979 -0.136628 0.114392 -0.978721 -0.193295 -0.068872 0.266187 0.000000 0.000000 0.000000 1.000000
0.034332 0.142008 -0.989270 0.635987 0.212780 -0.968197 -0.131599 0.114392 -0.976497 -0.205979 -0.063457 0.266187 0.000000 0.000000 0.000000 1.000000
0.026316 0.138217 -0.990052 0.635988 0.220715 -0.966757 -0.129098 0.114391 -0.974983 -0.215122 -0.055948 0.266187 0.000000 0.000000 0.000000 1.000000
0.017401 0.135856 -0.990576 0.635987 0.225670 -0.965695 -0.128479 0.114391 -0.974048 -0.221308 -0.047463 0.266187 0.000000 0.000000 0.000000 1.000000
0.008639 0.134604 -0.990862 0.635987 0.228326 -0.964988 -0.129098 0.114392 -0.973546 -0.225124 -0.039070 0.266187 0.000000 0.000000 0.000000 1.000000
0.001083 0.134144 -0.990961 0.635987 0.229367 -0.964576 -0.130321 0.114392 -0.973339 -0.227153 -0.031812 0.266187 0.000000 0.000000 0.000000 1.000000
-0.004219 0.134135 -0.990954 0.635987 0.229485 -0.964386 -0.131516 0.114392 -0.973303 -0.227964 -0.026713 0.266187 0.000000 0.000000 0.000000 1.000000
-0.006219 0.134216 -0.990933 0.635987 0.229371 -0.964340 -0.132054 0.114391 -0.973319 -0.228112 -0.024788 0.266187 0.000000 0.000000 0.000000 1.000000</float_array><technique_common><accessor source="#jnt_left_shoulder-Matrix-animation-output-transform-array" count="21" stride="16"><param type="float4x4"/></accessor></technique_common></source><source id="jnt_left_shoulder-Interpolations"><Name_array id="jnt_left_shoulder-Interpolations-array" count="21">
 LINEAR LINEAR LINEAR LINEAR LINEAR LINEAR LINEAR LINEAR LINEAR LINEAR LINEAR
LINEAR LINEAR LINEAR LINEAR LINEAR LINEAR LINEAR LINEAR LINEAR LINEAR</Name_array><technique_common><accessor source="#jnt_left_shoulder-Interpolations-array" count="21"><param type="name"/></accessor></technique_common></source><sampler id="jnt_left_shoulder-Matrix-animation-transform"><input semantic="INPUT" source="#jnt_left_shoulder-Matrix-animation-input"/><input semantic="OUTPUT" source="#jnt_left_shoulder-Matrix-animation-output-transform"/><input semantic="INTERPOLATION" source="#jnt_left_shoulder-Interpolations"/></sampler><channel source="#jnt_left_shoulder-Matrix-animation-transform" target="jnt_left_shoulder/matrix"/></animation></animation>
    <animation id="jnt_left_arm-anim" name="jnt_left_arm"><animation><source id="jnt_left_arm-Matrix-animation-input"><float_array id="jnt_left_arm-Matrix-animation-input-array" count="21">

0.000000 0.033333 0.066667 0.100000 0.133333 0.166667 0.200000 0.233333 0.266667 0.300000 0.333333 0.366667 0.400000 0.433333 0.466667 0.500000
0.533333 0.566667 0.600000 0.633333 0.666667</float_array><technique_common><accessor source="#jnt_left_arm-Matrix-animation-input-array" count="21"><param name="TIME" type="float"/></accessor></technique_common></source><source id="jnt_left_arm-Matrix-animation-output-transform"><float_array id="jnt_left_arm-Matrix-animation-output-transform-array" count="336">

0.799976 -0.512771 0.311617 -0.525417 0.322674 0.805482 0.497073 -0.032448 -0.505886 -0.297095 0.809823 0.009492 0.000000 0.000000 0.000000 1.000000
0.794604 -0.501523 0.342169 -0.525417 0.338946 0.834028 0.435331 -0.032447 -0.503707 -0.229939 0.832711 0.009492 0.000000 0.000000 0.000000 1.000000
0.764399 -0.515659 0.387028 -0.525417 0.421318 0.853888 0.305559 -0.032447 -0.488043 -0.070507 0.869967 0.009491 0.000000 0.000000 0.000000 1.000000
0.719065 -0.585014 0.375105 -0.525417 0.544684 0.809652 0.218593 -0.032448 -0.431585 0.047131 0.900840 0.009492 0.000000 0.000000 0.000000 1.000000
