<?xml version="1.0" encoding="utf-8"?>
<COLLADA xmlns="http://www.collada.org/2005/11/COLLADASchema" version="1.4.1">
  <asset><contributor><author></author><authoring_tool>FBX COLLADA exporter</authoring_tool><comments></comments></contributor><created>2020-02-26T11:29:50Z</created><keywords></keywords><modified>2020-02-26T11:29:50Z</modified><revision></revision><subject></subject><title></title><unit meter="0.010000" name="centimeter"></unit><up_axis>Y_UP</up_axis></asset>
  <library_animations>
    <animation id="root_jnt-anim" name="root_jnt"><animation><source id="root_jnt-Matrix-animation-input"><float_array id="root_jnt-Matrix-animation-input-array" count="13">

0.000000 0.033333 0.066667 0.100000 0.133333 0.166667 0.200000 0.233333 0.266667 0.300000 0.333333 0.366667 0.400000</float_array><technique_common><accessor source="#root_jnt-Matrix-animation-input-array" count="13"><param name="TIME" type="float"/></accessor></technique_common></source><source id="root_jnt-Matrix-animation-output-transform"><float_array id="root_jnt-Matrix-animation-output-transform-array" count="208">

1.000000 0.000000 0.000000 0.000000 0.000000 1.000000 0.000000 0.000000 0.000000 0.000000 1.000000 0.000000 0.000000 0.000000 0.000000 1.000000
1.000000 0.000000 0.000000 0.000000 0.000000 1.000000 0.000000 0.000000 0.000000 0.000000 1.000000 0.000000 0.000000 0.000000 0.000000 1.000000
1.000000 0.000000 0.000000 0.000000 0.000000 1.000000 0.000000 0.000000 0.000000 0.000000 1.000000 0.000000 0.000000 0.000000 0.000000 1.000000
1.000000 0.000000 0.000000 0.000000 0.000000 1.000000 0.000000 0.000000 0.000000 0.000000 1.000000 0.000000 0.000000 0.000000 0.000000 1.000000
1.000000 0.000000 0.000000 0.000000 0.000000 1.000000 0.000000 0.000000 0.000000 0.000000 1.000000 0.000000 0.000000 0.000000 0.000000 1.000000
1.000000 0.000000 0.000000 0.000000 0.000000 1.000000 0.000000 0.000000 0.000000 0.000000 1.000000 0.000000 0.000000 0.000000 0.000000 1.000000
1.000000 0.000000 0.000000 0.000000 0.000000 1.000000 0.000000 0.000000 0.000000 0.000000 1.000000 0.000000 0.000000 0.000000 0.000000 1.000000
1.000000 0.000000 0.000000 0.000000 0.000000 1.000000 0.000000 0.000000 0.000000 0.000000 1.000000 0.000000 0.000000 0.000000 0.000000 1.000000
1.000000 0.000000 0.000000 0.000000 0.000000 1.000000 0.000000 0.000000 0.000000 0.000000 1.000000 0.000000 0.000000 0.000000 0.000000 1.000000
1.000000 0.000000 0.000000 0.000000 0.000000 1.000000 0.000000 0.000000 0.000000 0.000000 1.000000 0.000000 0.000000 0.000000 0.000000 1.000000
1.000000 0.000000 0.000000 0.000000 0.000000 1.000000 0.000000 0.000000 0.000000 0.000000 1.000000 0.000000 0.000000 0.000000 0.000000 1.000000
1.000000 0.000000 0.000000 0.000000 0.000000 1.000000 0.000000 0.000000 0.000000 0.000000 1.000000 0.000000 0.000000 0.000000 0.000000 1.000000
1.000000 0.000000 0.000000 0.000000 0.000000 1.000000 0.000000 0.000000 0.000000 0.000000 1.000000 0.000000 0.000000 0.000000 0.000000 1.000000</float_array><technique_common><accessor source="#root_jnt-Matrix-animation-output-transform-array" count="13" stride="16"><param type="float4x4"/></accessor></technique_common></source><source id="root_jnt-Interpolations"><Name_array id="root_jnt-Interpolations-array" count="13">
 LINEAR LINEAR LINEAR LINEAR LINEAR LINEAR LINEAR LINEAR LINEAR LINEAR LINEAR
LINEAR LINEAR</Name_array><technique_common><accessor source="#root_jnt-Interpolations-array" count="13"><param type="name"/></accessor></technique_common></source><sampler id="root_jnt-Matrix-animation-transform"><input semantic="INPUT" source="#root_jnt-Matrix-animation-input"/><input semantic="OUTPUT" source="#root_jnt-Matrix-animation-output-transform"/><input semantic="INTERPOLATION" source="#root_jnt-Interpolations"/></sampler><channel source="#root_jnt-Matrix-animation-transform" target="root_jnt/matrix"/></animation></animation>
    <animation id="jnt_hips-anim" name="jnt_hips"><animation><source id="jnt_hips-Matrix-animation-input"><float_array id="jnt_hips-Matrix-animation-input-array" count="13">

0.000000 0.033333 0.066667 0.100000 0.133333 0.166667 0.200000 0.233333 0.266667 0.300000 0.333333 0.366667 0.400000</float_array><technique_common><accessor source="#jnt_hips-Matrix-animation-input-array" count="13"><param name="TIME" type="float"/></accessor></technique_common></source><source id="jnt_hips-Matrix-animation-output-transform"><float_array id="jnt_hips-Matrix-animation-output-transform-array" count="208">

0.961460 -0.010974 -0.274724 0.004961 -0.002571 0.998800 -0.048898 1.940860 0.274931 0.047720 0.960279 -0.144768 0.000000 0.000000 0.000000 1.000000
0.961460 -0.010974 -0.274724 0.004961 -0.002571 0.998800 -0.048898 1.940860 0.274931 0.047720 0.960279 -0.145694 0.000000 0.000000 0.000000 1.000000
0.961460 -0.010974 -0.274724 0.004961 -0.002571 0.998800 -0.048898 1.940860 0.274931 0.047720 0.960279 -0.148276 0.000000 0.000000 0.000000 1.000000
0.961460 -0.010974 -0.274724 0.004961 -0.002571 0.998800 -0.048898 1.940860 0.274931 0.047720 0.960279 -0.152222 0.000000 0.000000 0.000000 1.000000
0.961460 -0.010974 -0.274724 0.004961 -0.002571 0.998800 -0.048898 1.940860 0.274931 0.047720 0.960279 -0.157240 0.000000 0.000000 0.000000 1.000000
0.961460 -0.010974 -0.274724 0.004961 -0.002571 0.998800 -0.048898 1.940860 0.274931 0.047720 0.960279 -0.163037 0.000000 0.000000 0.000000 1.000000
0.961460 -0.010974 -0.274724 0.004961 -0.002571 0.998800 -0.048898 1.940860 0.274931 0.047720 0.960279 -0.171125 0.000000 0.000000 0.000000 1.000000
0.961460 -0.010974 -0.274724 0.004960 -0.002571 0.998800 -0.048898 1.940860 0.274931 0.047720 0.960279 -0.181919 0.000000 0.000000 0.000000 1.000000
0.961460 -0.010974 -0.274724 0.004960 -0.002571 0.998800 -0.048898 1.940860 0.274931 0.047720 0.960279 -0.193486 0.000000 0.000000 0.000000 1.000000
0.961460 -0.010974 -0.274724 0.004960 -0.002571 0.998800 -0.048898 1.940860 0.274931 0.047720 0.960279 -0.207459 0.000000 0.000000 0.000000 1.000000
0.961460 -0.010974 -0.274724 0.004960 -0.002571 0.998800 -0.048898 1.940860 0.274931 0.047720 0.960279 -0.223499 0.000000 0.000000 0.000000 1.000000
0.961460 -0.010974 -0.274724 0.004960 -0.002571 0.998800 -0.048898 1.940860 0.274931 0.047720 0.960279 -0.236712 0.000000 0.000000 0.000000 1.000000
0.961460 -0.010974 -0.274724 0.004960 -0.002571 0.998800 -0.048898 1.940860 0.274931 0.047720 0.960279 -0.242203 0.000000 0.000000 0.000000 1.000000</float_array><technique_common><accessor source="#jnt_hips-Matrix-animation-output-transform-array" count="13" stride="16"><param type="float4x4"/></accessor></technique_common></source><source id="jnt_hips-Interpolations"><Name_array id="jnt_hips-Interpolations-array" count="13">
 LINEAR LINEAR LINEAR LINEAR LINEAR LINEAR LINEAR LINEAR LINEAR LINEAR LINEAR
LINEAR LINEAR</Name_array><technique_common><accessor source="#jnt_hips-Interpolations-array" count="13"><param type="name"/></accessor></technique_common></source><sampler id="jnt_hips-Matrix-animation-transform"><input semantic="INPUT" source="#jnt_hips-Matrix-animation-input"/><input semantic="OUTPUT" source="#jnt_hips-Matrix-animation-output-transform"/><input semantic="INTERPOLATION" source="#jnt_hips-Interpolations"/></sampler><channel source="#jnt_hips-Matrix-animation-transform" target="jnt_hips/matrix"/></animation></animation>
    <animation id="jnt_spine1-anim" name="jnt_spine1"><animation><source id="jnt_spine1-Matrix-animation-input"><float_array id="jnt_spine1-Matrix-animation-input-array" count="13">

0.000000 0.033333 0.066667 0.100000 0.133333 0.166667 0.200000 0.233333 0.266667 0.300000 0.333333 0.366667 0.400000</float_array><technique_common><accessor source="#jnt_spine1-Matrix-animation-input-array" count="13"><param name="TIME" type="float"/></accessor></technique_common></source><source id="jnt_spine1-Matrix-animation-output-transform"><float_array id="jnt_spine1-Matrix-animation-output-transform-array" count="208">

0.072039 0.040209 0.996591 0.000000 0.918731 -0.391628 -0.050610 0.212132 0.388257 0.919245 -0.065154 0.023482 0.000000 0.000000 0.000000 1.000000
0.073132 0.038623 0.996574 0.000000 0.915922 -0.398001 -0.051788 0.212132 0.394638 0.916571 -0.064482 0.023482 0.000000 0.000000 0.000000 1.000000
0.045444 0.042726 0.998053 0.000000 0.954331 -0.297166 -0.030732 0.212132 0.295274 0.953869 -0.054279 0.023482 0.000000 0.000000 0.000000 1.000000
0.008651 0.045492 0.998927 0.000000 0.987326 -0.158702 -0.001323 0.212132 0.158472 0.986278 -0.046288 0.023482 0.000000 0.000000 0.000000 1.000000
-0.015925 0.045937 0.998817 0.000000 0.997909 -0.061851 0.018755 0.212132 0.062640 0.997028 -0.044856 0.023482 0.000000 0.000000 0.000000 1.000000
-0.010558 0.047659 0.998808 0.000000 0.996929 -0.077006 0.014212 0.212132 0.077591 0.995891 -0.046699 0.023482 0.000000 0.000000 0.000000 1.000000
0.010462 0.048459 0.998770 0.000000 0.989671 -0.143317 -0.003413 0.212132 0.142976 0.988490 -0.049458 0.023482 0.000000 0.000000 0.000000 1.000000
0.009966 0.048718 0.998763 0.000000 0.993120 -0.117026 -0.004202 0.212132 0.116677 0.991933 -0.049549 0.023482 0.000000 0.000000 0.000000 1.000000
0.004881 0.048769 0.998798 -0.000000 0.995704 -0.092589 -0.000345 0.212132 0.092461 0.994509 -0.049011 0.023482 0.000000 0.000000 0.000000 1.000000
0.005394 0.048705 0.998799 -0.000000 0.995426 -0.095529 -0.000717 0.212132 0.095380 0.994234 -0.048997 0.023482 0.000000 0.000000 0.000000 1.000000
0.005826 0.048759 0.998794 0.000000 0.995391 -0.095892 -0.001125 0.212132 0.095722 0.994197 -0.049093 0.023482 0.000000 0.000000 0.000000 1.000000
0.005235 0.048766 0.998797 -0.000000 0.995588 -0.093828 -0.000637 0.212132 0.093684 0.994393 -0.049042 0.023482 0.000000 0.000000 0.000000 1.000000
0.004881 0.048769 0.998798 0.000000 0.995704 -0.092589 -0.000345 0.212132 0.092461 0.994509 -0.049011 0.023482 0.000000 0.000000 0.000000 1.000000</float_array><technique_common><accessor source="#jnt_spine1-Matrix-animation-output-transform-array" count="13" stride="16"><param type="float4x4"/></accessor></technique_common></source><source id="jnt_spine1-Interpolations"><Name_array id="jnt_spine1-Interpolations-array" count="13">
 LINEAR LINEAR LINEAR LINEAR LINEAR LINEAR LINEAR LINEAR LINEAR LINEAR LINEAR
LINEAR LINEAR</Name_array><technique_common><accessor source="#jnt_spine1-Interpolations-array" count="13"><param type="name"/></accessor></technique_common></source><sampler id="jnt_spine1-Matrix-animation-transform"><input semantic="INPUT" source="#jnt_spine1-Matrix-animation-input"/><input semantic="OUTPUT" source="#jnt_spine1-Matrix-animation-output-transform"/><input semantic="INTERPOLATION" source="#jnt_spine1-Interpolations"/></sampler><channel source="#jnt_spine1-Matrix-animation-transform" target="jnt_spine1/matrix"/></animation></animation>
    <animation id="jnt_spine2-anim" name="jnt_spine2"><animation><source id="jnt_spine2-Matrix-animation-input"><float_array id="jnt_spine2-Matrix-animation-input-array" count="13">

0.000000 0.033333 0.066667 0.100000 0.133333 0.166667 0.200000 0.233333 0.266667 0.300000 0.333333 0.366667 0.400000</float_array><technique_common><accessor source="#jnt_spine2-Matrix-animation-input-array" count="13"><param name="TIME" type="float"/></accessor></technique_common></source><source id="jnt_spine2-Matrix-animation-output-transform"><float_array id="jnt_spine2-Matrix-animation-output-transform-array" count="208">

0.983963 -0.176167 -0.027965 0.426849 0.174341 0.982974 -0.058037 -0.000000 0.037713 0.052231 0.997923 0.000000 0.000000 0.000000 0.000000 1.000000
0.992506 -0.120581 -0.019782 0.426849 0.119280 0.991202 -0.057365 -0.000000 0.026525 0.054575 0.998157 -0.000000 0.000000 0.000000 0.000000 1.000000
0.995253 -0.095976 -0.016119 0.426848 0.094891 0.993781 -0.058267 -0.000000 0.021611 0.056461 0.998171 0.000000 0.000000 0.000000 0.000000 1.000000
0.996776 -0.079074 -0.013586 0.426849 0.078147 0.995203 -0.058848 -0.000000 0.018175 0.057597 0.998174 -0.000000 0.000000 0.000000 0.000000 1.000000
0.998690 -0.050342 -0.009142 0.426848 0.049725 0.997054 -0.058408 0.000000 0.012056 0.057877 0.998251 -0.000000 0.000000 0.000000 0.000000 1.000000
0.999967 0.008095 -0.000339 0.426849 -0.008101 0.998314 -0.057469 -0.000000 -0.000127 0.057470 0.998347 -0.000000 0.000000 0.000000 0.000000 1.000000
0.998192 0.059800 0.006039 0.426848 -0.059363 0.996625 -0.056706 0.000000 -0.009409 0.056245 0.998373 -0.000000 0.000000 0.000000 0.000000 1.000000
0.999719 0.023698 -0.000831 0.426849 -0.023708 0.998163 -0.055748 -0.000000 -0.000492 0.055752 0.998445 0.000000 0.000000 0.000000 0.000000 1.000000
0.999933 -0.008091 -0.008245 0.426848 0.007622 0.998433 -0.055441 -0.000000 0.008680 0.055374 0.998428 -0.000000 0.000000 0.000000 0.000000 1.000000
0.999924 -0.008801 -0.008669 0.426849 0.008307 0.998430 -0.055403 -0.000000 0.009143 0.055327 0.998426 0.000000 0.000000 0.000000 0.000000 1.000000
0.999933 -0.008091 -0.008245 0.426848 0.007621 0.998433 -0.055441 -0.000000 0.008680 0.055374 0.998428 -0.000000 0.000000 0.000000 0.000000 1.000000
0.999933 -0.008091 -0.008245 0.426848 0.007621 0.998433 -0.055441 -0.000000 0.008680 0.055374 0.998428 0.000000 0.000000 0.000000 0.000000 1.000000
0.999933 -0.008091 -0.008245 0.426849 0.007621 0.998433 -0.055441 -0.000000 0.008680 0.055374 0.998428 0.000000 0.000000 0.000000 0.000000 1.000000</float_array><technique_common><accessor source="#jnt_spine2-Matrix-animation-output-transform-array" count="13" stride="16"><param type="float4x4"/></accessor></technique_common></source><source id="jnt_spine2-Interpolations"><Name_array id="jnt_spine2-Interpolations-array" count="13">
 LINEAR LINEAR LINEAR LINEAR LINEAR LINEAR LINEAR LINEAR LINEAR LINEAR LINEAR
LINEAR LINEAR</Name_array><technique_common><accessor source="#jnt_spine2-Interpolations-array" count="13"><param type="name"/></accessor></technique_common></source><sampler id="jnt_spine2-Matrix-animation-transform"><input semantic="INPUT" source="#jnt_spine2-Matrix-animation-input"/><input semantic="OUTPUT" source="#jnt_spine2-Matrix-animation-output-transform"/><input semantic="INTERPOLATION" source="#jnt_spine2-Interpolations"/></sampler><channel source="#jnt_spine2-Matrix-animation-transform" target="jnt_spine2/matrix"/></animation></animation>
    <animation id="jnt_spine3-anim" name="jnt_spine3"><animation><source id="jnt_spine3-Matrix-animation-input"><float_array id="jnt_spine3-Matrix-animation-input-array" count="13">

0.000000 0.033333 0.066667 0.100000 0.133333 0.166667 0.200000 0.233333 0.266667 0.300000 0.333333 0.366667 0.400000</float_array><technique_common><accessor source="#jnt_spine3-Matrix-animation-input-array" count="13"><param name="TIME" type="float"/></accessor></technique_common></source><source id="jnt_spine3-Matrix-animation-output-transform"><float_array id="jnt_spine3-Matrix-animation-output-transform-array" count="208">

0.986078 -0.165549 -0.015587 0.555067 0.164429 0.984755 -0.056754 -0.000000 0.024745 0.053401 0.998266 -0.000000 0.000000 0.000000 0.000000 1.000000
0.993932 -0.109481 -0.010634 0.555067 0.108712 0.992456 -0.056686 -0.000000 0.016760 0.055186 0.998335 -0.000000 0.000000 0.000000 0.000000 1.000000
0.996373 -0.084661 -0.008519 0.555067 0.084030 0.994775 -0.057985 0.000000 0.013383 0.057059 0.998281 -0.000000 0.000000 0.000000 0.000000 1.000000
0.997687 -0.067631 -0.006862 0.555067 0.067113 0.996011 -0.058799 -0.000000 0.010812 0.058202 0.998246 -0.000000 0.000000 0.000000 0.000000 1.000000
0.999244 -0.038676 -0.003928 0.555067 0.038380 0.997551 -0.058475 -0.000000 0.006180 0.058280 0.998281 -0.000000 0.000000 0.000000 0.000000 1.000000
0.999795 0.020185 0.001521 0.555067 -0.020064 0.998137 -0.057624 -0.000000 -0.002681 0.057581 0.998337 0.000000 0.000000 0.000000 0.000000 1.000000
0.997382 0.072132 0.005034 0.555067 -0.071731 0.995809 -0.056740 0.000000 -0.009106 0.056231 0.998376 -0.000000 0.000000 0.000000 0.000000 1.000000
0.999363 0.035698 0.000441 0.555067 -0.035617 0.997803 -0.055870 0.000000 -0.002434 0.055818 0.998438 -0.000000 0.000000 0.000000 0.000000 1.000000
0.999981 0.003538 -0.005077 0.555067 -0.003816 0.998441 -0.055678 -0.000000 0.004873 0.055696 0.998436 -0.000000 0.000000 0.000000 0.000000 1.000000
0.999981 0.002805 -0.005462 0.555067 -0.003105 0.998446 -0.055641 0.000000 0.005297 0.055657 0.998436 -0.000000 0.000000 0.000000 0.000000 1.000000
0.999981 0.003538 -0.005077 0.555067 -0.003815 0.998441 -0.055678 -0.000000 0.004872 0.055696 0.998436 -0.000000 0.000000 0.000000 0.000000 1.000000
0.999981 0.003538 -0.005077 0.555067 -0.003815 0.998441 -0.055678 -0.000000 0.004872 0.055696 0.998436 -0.000000 0.000000 0.000000 0.000000 1.000000
0.999981 0.003538 -0.005078 0.555067 -0.003815 0.998441 -0.055678 0.000000 0.004873 0.055696 0.998436 -0.000000 0.000000 0.000000 0.000000 1.000000</float_array><technique_common><accessor source="#jnt_spine3-Matrix-animation-output-transform-array" count="13" stride="16"><param type="float4x4"/></accessor></technique_common></source><source id="jnt_spine3-Interpolations"><Name_array id="jnt_spine3-Interpolations-array" count="13">
 LINEAR LINEAR LINEAR LINEAR LINEAR LINEAR LINEAR LINEAR LINEAR LINEAR LINEAR
LINEAR LINEAR</Name_array><technique_common><accessor source="#jnt_spine3-Interpolations-array" count="13"><param type="name"/></accessor></technique_common></source><sampler id="jnt_spine3-Matrix-animation-transform"><input semantic="INPUT" source="#jnt_spine3-Matrix-animation-input"/><input semantic="OUTPUT" source="#jnt_spine3-Matrix-animation-output-transform"/><input semantic="INTERPOLATION" source="#jnt_spine3-Interpolations"/></sampler><channel source="#jnt_spine3-Matrix-animation-transform" target="jnt_spine3/matrix"/></animation></animation>
    <animation id="jnt_neck-anim" name="jnt_neck"><animation><source id="jnt_neck-Matrix-animation-input"><float_array id="jnt_neck-Matrix-animation-input-array" count="13">

0.000000 0.033333 0.066667 0.100000 0.133333 0.166667 0.200000 0.233333 0.266667 0.300000 0.333333 0.366667 0.400000</float_array><technique_common><accessor source="#jnt_neck-Matrix-animation-input-array" count="13"><param name="TIME" type="float"/></accessor></technique_common></source><source id="jnt_neck-Matrix-animation-output-transform"><float_array id="jnt_neck-Matrix-animation-output-transform-array" count="208">

0.992237 0.123571 -0.014028 0.867460 -0.124273 0.989499 -0.073807 0.171572 0.004760 0.074977 0.997174 -0.000000 0.000000 0.000000 0.000000 1.000000
0.998762 0.047453 -0.014914 0.867457 -0.048382 0.996387 -0.069804 0.171572 0.011548 0.070439 0.997449 -0.000000 0.000000 0.000000 0.000000 1.000000
0.997718 -0.065373 -0.016914 0.867459 0.064141 0.995802 -0.065295 0.171572 0.021112 0.064061 0.997723 -0.000000 0.000000 0.000000 0.000000 1.000000
0.990677 -0.135016 -0.018158 0.867450 0.133622 0.988995 -0.063522 0.171570 0.026535 0.060503 0.997815 -0.000000 0.000000 0.000000 0.000000 1.000000
0.980706 -0.194561 -0.019005 0.867449 0.193046 0.979190 -0.062618 0.171570 0.030792 0.057741 0.997857 -0.000000 0.000000 0.000000 0.000000 1.000000
0.970923 -0.238706 -0.018091 0.867448 0.237172 0.969439 -0.062745 0.171570 0.032516 0.056630 0.997866 -0.000000 0.000000 0.000000 0.000000 1.000000
0.965134 -0.261376 -0.014083 0.867459 0.259974 0.963446 -0.064691 0.171572 0.030477 0.058774 0.997806 -0.000000 0.000000 0.000000 0.000000 1.000000
0.963001 -0.269352 -0.008815 0.867454 0.268172 0.960995 -0.067623 0.171571 0.026686 0.062757 0.997672 -0.000000 0.000000 0.000000 0.000000 1.000000
0.960920 -0.276767 -0.005734 0.867459 0.275727 0.958743 -0.069185 0.171572 0.024645 0.064901 0.997587 -0.000000 0.000000 0.000000 0.000000 1.000000
0.956892 -0.290388 -0.005748 0.867450 0.289319 0.954736 -0.069087 0.171571 0.025550 0.064446 0.997594 0.000000 0.000000 0.000000 0.000000 1.000000
0.952335 -0.304976 -0.006899 0.867462 0.303808 0.950245 -0.068820 0.171573 0.027544 0.063444 0.997605 0.000000 0.000000 0.000000 0.000000 1.000000
0.948534 -0.316568 -0.008268 0.867451 0.315296 0.946512 -0.068578 0.171570 0.029535 0.062442 0.997611 -0.000000 0.000000 0.000000 0.000000 1.000000
0.946937 -0.321294 -0.008931 0.867450 0.319974 0.944948 -0.068478 0.171570 0.030441 0.061986 0.997613 0.000000 0.000000 0.000000 0.000000 1.000000</float_array><technique_common><accessor source="#jnt_neck-Matrix-animation-output-transform-array" count="13" stride="16"><param type="float4x4"/></accessor></technique_common></source><source id="jnt_neck-Interpolations"><Name_array id="jnt_neck-Interpolations-array" count="13">
 LINEAR LINEAR LINEAR LINEAR LINEAR LINEAR LINEAR LINEAR LINEAR LINEAR LINEAR
LINEAR LINEAR</Name_array><technique_common><accessor source="#jnt_neck-Interpolations-array" count="13"><param type="name"/></accessor></technique_common></source><sampler id="jnt_neck-Matrix-animation-transform"><input semantic="INPUT" source="#jnt_neck-Matrix-animation-input"/><input semantic="OUTPUT" source="#jnt_neck-Matrix-animation-output-transform"/><input semantic="INTERPOLATION" source="#jnt_neck-Interpolations"/></sampler><channel source="#jnt_neck-Matrix-animation-transform" target="jnt_neck/matrix"/></animation></animation>
    <animation id="jnt_head-anim" name="jnt_head"><animation><source id="jnt_head-Matrix-animation-input"><float_array id="jnt_head-Matrix-animation-input-array" count="13">

0.000000 0.033333 0.066667 0.100000 0.133333 0.166667 0.200000 0.233333 0.266667 0.300000 0.333333 0.366667 0.400000</float_array><technique_common><accessor source="#jnt_head-Matrix-animation-input-array" count="13"><param name="TIME" type="float"/></accessor></technique_common></source><source id="jnt_head-Matrix-animation-output-transform"><float_array id="jnt_head-Matrix-animation-output-transform-array" count="208">

0.823437 0.564178 -0.060455 0.273593 -0.566714 0.823016 -0.038463 0.000000 0.028056 0.065933 0.997430 -0.000000 0.000000 0.000000 0.000000 1.000000
0.864278 0.499568 -0.058788 0.273591 -0.502069 0.863904 -0.039950 0.000000 0.030829 0.064043 0.997471 -0.000000 0.000000 0.000000 0.000000 1.000000
0.915299 0.398888 -0.055817 0.273591 -0.401335 0.914934 -0.042727 0.000001 0.034026 0.061509 0.997526 -0.000000 0.000000 0.000000 0.000000 1.000000
0.941126 0.333895 -0.052883 0.273590 -0.336279 0.940673 -0.045292 0.000001 0.034623 0.060409 0.997573 -0.000000 0.000000 0.000000 0.000000 1.000000
0.959698 0.276536 -0.050072 0.273591 -0.278864 0.959146 -0.047675 0.000000 0.034843 0.059717 0.997607 -0.000000 0.000000 0.000000 0.000000 1.000000
0.971320 0.232914 -0.047841 0.273592 -0.235206 0.970677 -0.049649 0.000000 0.034874 0.059477 0.997620 -0.000000 0.000000 0.000000 0.000000 1.000000
0.976642 0.210348 -0.043860 0.273591 -0.212535 0.975705 -0.053193 0.000000 0.031605 0.061272 0.997621 -0.000000 0.000000 0.000000 0.000000 1.000000
0.978506 0.202656 -0.038168 0.273591 -0.204632 0.977117 -0.058041 0.000000 0.025532 0.064604 0.997584 -0.000000 0.000000 0.000000 0.000000 1.000000
0.980112 0.195357 -0.034876 0.273591 -0.197193 0.978482 -0.060727 0.000000 0.022262 0.066397 0.997545 -0.000000 0.000000 0.000000 0.000000 1.000000
0.982800 0.181429 -0.034452 0.273590 -0.183265 0.981172 -0.060957 0.000001 0.022744 0.066223 0.997546 0.000000 0.000000 0.000000 0.000000 1.000000
0.985463 0.166350 -0.034495 0.273591 -0.168213 0.983866 -0.060923 0.000001 0.023803 0.065840 0.997546 -0.000000 0.000000 0.000000 0.000000 1.000000
0.987421 0.154250 -0.034732 0.273590 -0.156145 0.985861 -0.060798 0.000001 0.024863 0.065457 0.997546 0.000000 0.000000 0.000000 0.000000 1.000000
0.988178 0.149293 -0.034877 0.273591 -0.151203 0.986636 -0.060727 0.000001 0.025345 0.065283 0.997545 -0.000000 0.000000 0.000000 0.000000 1.000000</float_array><technique_common><accessor source="#jnt_head-Matrix-animation-output-transform-array" count="13" stride="16"><param type="float4x4"/></accessor></technique_common></source><source id="jnt_head-Interpolations"><Name_array id="jnt_head-Interpolations-array" count="13">
 LINEAR LINEAR LINEAR LINEAR LINEAR LINEAR LINEAR LINEAR LINEAR LINEAR LINEAR
LINEAR LINEAR</Name_array><technique_common><accessor source="#jnt_head-Interpolations-array" count="13"><param type="name"/></accessor></technique_common></source><sampler id="jnt_head-Matrix-animation-transform"><input semantic="INPUT" source="#jnt_head-Matrix-animation-input"/><input semantic="OUTPUT" source="#jnt_head-Matrix-animation-output-transform"/><input semantic="INTERPOLATION" source="#jnt_head-Interpolations"/></sampler><channel source="#jnt_head-Matrix-animation-transform" target="jnt_head/matrix"/></animation></animation>
    <animation id="jnt_left_shoulder-anim" name="jnt_left_shoulder"><animation><source id="jnt_left_shoulder-Matrix-animation-input"><float_array id="jnt_left_shoulder-Matrix-animation-input-array" count="13">

0.000000 0.033333 0.066667 0.100000 0.133333 0.166667 0.200000 0.233333 0.266667 0.300000 0.333333 0.366667 0.400000</float_array><technique_common><accessor source="#jnt_left_shoulder-Matrix-animation-input-array" count="13"><param name="TIME" type="float"/></accessor></technique_common></source><source id="jnt_left_shoulder-Matrix-animation-output-transform"><float_array id="jnt_left_shoulder-Matrix-animation-output-transform-array" count="208">

-0.059014 0.139145 -0.988512 0.635987 -0.012890 -0.990262 -0.138622 0.114392 -0.998174 0.004561 0.060233 0.266187 0.000000 0.000000 0.000000 1.000000
-0.074137 0.134447 -0.988144 0.635987 -0.014290 -0.990912 -0.133752 0.114392 -0.997146 0.004205 0.075385 0.266187 0.000000 0.000000 0.000000 1.000000
-0.097081 0.127213 -0.987113 0.635988 -0.014297 -0.991874 -0.126420 0.114391 -0.995174 0.001840 0.098111 0.266187 0.000000 0.000000 0.000000 1.000000
-0.113905 0.121787 -0.985999 0.635987 -0.013473 -0.992556 -0.121041 0.114391 -0.993400 -0.000502 0.114698 0.266187 0.000000 0.000000 0.000000 1.000000
-0.129312 0.116607 -0.984724 0.635987 -0.010702 -0.993168 -0.116202 0.114392 -0.991546 -0.004487 0.129676 0.266187 0.000000 0.000000 0.000000 1.000000
-0.137873 0.112753 -0.984011 0.635987 0.003287 -0.993442 -0.114294 0.114392 -0.990444 -0.018992 0.136598 0.266187 0.000000 0.000000 0.000000 1.000000
-0.112222 0.110942 -0.987471 0.635987 0.065341 -0.990773 -0.118739 0.114392 -0.991533 -0.077847 0.103937 0.266187 0.000000 0.000000 0.000000 1.000000
-0.058524 0.118364 -0.991244 0.635987 0.155670 -0.979717 -0.126178 0.114392 -0.986074 -0.161691 0.038911 0.266187 0.000000 0.000000 0.000000 1.000000
-0.028390 0.126635 -0.991543 0.635987 0.201171 -0.970923 -0.129761 0.114392 -0.979145 -0.203153 0.002090 0.266187 0.000000 0.000000 0.000000 1.000000
-0.028390 0.126634 -0.991543 0.635987 0.201171 -0.970924 -0.129761 0.114392 -0.979145 -0.203153 0.002089 0.266187 0.000000 0.000000 0.000000 1.000000
-0.028390 0.126635 -0.991543 0.635987 0.201171 -0.970923 -0.129761 0.114392 -0.979145 -0.203154 0.002089 0.266187 0.000000 0.000000 0.000000 1.000000
-0.028390 0.126635 -0.991543 0.635987 0.201171 -0.970923 -0.129761 0.114392 -0.979145 -0.203153 0.002089 0.266187 0.000000 0.000000 0.000000 1.000000
-0.028390 0.126635 -0.991543 0.635987 0.201171 -0.970923 -0.129761 0.114392 -0.979145 -0.203154 0.002089 0.266187 0.000000 0.000000 0.000000 1.000000</float_array><technique_common><accessor source="#jnt_left_shoulder-Matrix-animation-output-transform-array" count="13" stride="16"><param type="float4x4"/></accessor></technique_common></source><source id="jnt_left_shoulder-Interpolations"><Name_array id="jnt_left_shoulder-Interpolations-array" count="13">
 LINEAR LINEAR LINEAR LINEAR LINEAR LINEAR LINEAR LINEAR LINEAR LINEAR LINEAR
LINEAR LINEAR</Name_array><technique_common><accessor source="#jnt_left_shoulder-Interpolations-array" count="13"><param type="name"/></accessor></technique_common></source><sampler id="jnt_left_shoulder-Matrix-animation-transform"><input semantic="INPUT" source="#jnt_left_shoulder-Matrix-animation-input"/><input semantic="OUTPUT" source="#jnt_left_shoulder-Matrix-animation-output-transform"/><input semantic="INTERPOLATION" source="#jnt_left_shoulder-Interpolations"/></sampler><channel source="#jnt_left_shoulder-Matrix-animation-transform" target="jnt_left_shoulder/matrix"/></animation></animation>
    <animation id="jnt_left_arm-anim" name="jnt_left_arm"><animation><source id="jnt_left_arm-Matrix-animation-input"><float_array id="jnt_left_arm-Matrix-animation-input-array" count="13">

0.000000 0.033333 0.066667 0.100000 0.133333 0.166667 0.200000 0.233333 0.266667 0.300000 0.333333 0.366667 0.400000</float_array><technique_common><accessor source="#jnt_left_arm-Matrix-animation-input-array" count="13"><param name="TIME" type="float"/></accessor></technique_common></source><source id="jnt_left_arm-Matrix-animation-output-transform"><float_array id="jnt_left_arm-Matrix-animation-output-transform-array" count="208">

0.605128 0.407965 0.683655 -0.525417 -0.329457 0.910069 -0.251461 -0.032447 -0.724760 -0.073069 0.685116 0.009491 0.000000 0.000000 0.000000 1.000000
0.824924 0.138240 0.548078 -0.525417 -0.276652 0.944300 0.178217 -0.032447 -0.492913 -0.298643 0.817220 0.009492 0.000000 0.000000 0.000000 1.000000
0.834399 -0.105355 0.540997 -0.525417 -0.113875 0.927429 0.356242 -0.032447 -0.539268 -0.358854 0.761849 0.009491 0.000000 0.000000 0.000000 1.000000
0.656935 -0.167247 0.735163 -0.525417 -0.000757 0.974939 0.222471 -0.032447 -0.753947 -0.146705 0.640345 0.009492 0.000000 0.000000 0.000000 1.000000
0.286150 0.259031 0.922508 -0.525417 0.170918 0.933527 -0.315141 -0.032447 -0.942818 0.247850 0.222855 0.009491 0.000000 0.000000 0.000000 1.000000
0.695163 -0.186250 0.694305 -0.525418 0.168516 0.981161 0.094476 -0.032447 -0.698821 0.051326 0.713453 0.009492 0.000000 0.000000 0.000000 1.000000
0.828564 -0.254204 0.498861 -0.525417 0.232889 0.966730 0.105807 -0.032447 -0.509161 0.028512 0.860199 0.009492 0.000000 0.000000 0.000000 1.000000
0.847866 -0.212634 0.485706 -0.525417 0.198474 0.976742 0.081139 -0.032448 -0.491662 0.027605 0.870348 0.009491 0.000000 0.000000 0.000000 1.000000
0.804164 -0.293883 0.516675 -0.525417 0.293962 0.952116 0.084032 -0.032447 -0.516631 0.084308 0.852048 0.009491 0.000000 0.000000 0.000000 1.000000
0.681656 -0.528696 0.505792 -0.525417 0.519998 0.836373 0.173445 -0.032447 -0.514730 0.144781 0.845039 0.009491 0.000000 0.000000 0.000000 1.000000
0.530835 -0.681260 0.504083 -0.525417 0.667541 0.702570 0.246545 -0.032447 -0.522115 0.205622 0.827717 0.009491 0.000000 0.000000 0.000000 1.000000
0.663591 -0.548626 0.508583 -0.525417 0.512471 0.828643 0.225223 -0.032448 -0.544996 0.111178 0.831035 0.009491 0.000000 0.000000 0.000000 1.000000
0.750898 -0.425851 0.504780 -0.525417 0.393487 0.902344 0.175909 -0.032447 -0.530396 0.066534 0.845135 0.009492 0.000000 0.000000 0.000000 1.000000</float_array><technique_common><accessor source="#jnt_left_arm-Matrix-animation-output-transform-array" count="13" stride="16"><param type="float4x4"/></accessor></technique_common></source><source id="jnt_left_arm-Interpolations"><Name_array id="jnt_left_arm-Interpolations-array" count="13">
 LINEAR LINEAR LINEAR LINEAR LINEAR LINEAR LINEAR LINEAR LINEAR LINEAR LINEAR
LINEAR LINEAR</Name_array><technique_common><accessor source="#jnt_left_arm-Interpolations-array" count="13"><param type="name"/></accessor></technique_common></source><sampler id="jnt_left_arm-Matrix-animation-transform"><input semantic="INPUT" source="#jnt_left_arm-Matrix-animation-input"/><input semantic="OUTPUT" source="#jnt_left_arm-Matrix-animation-output-transform"/><input semantic="INTERPOLATION" source="#jnt_left_arm-Interpolations"/></sampler><channel source="#jnt_left_arm-Matrix-animation-transform" target="jnt_left_arm/matrix"/></animation></animation>
    <animation id="jnt_left_armroll-anim" name="jnt_left_armroll"><animation><source id="jnt_left_armroll-Matrix-animation-input"><float_array id="jnt_left_armroll-Matrix-animation-input-array" count="13">

0.000000 0.033333 0.066667 0.100000 0.133333 0.166667 0.200000 0.233333 0.266667 0.300000 0.333333 0.366667 0.400000</float_array><technique_common><accessor source="#jnt_left_armroll-Matrix-animation-input-array" count="13"><param name="TIME" type="float"/></accessor></technique_common></source><source id="jnt_left_armroll-Matrix-animation-output-transform"><float_array id="jnt_left_armroll-Matrix-animation-output-transform-array" count="208">

1.000000 -0.000007 -0.000001 -0.421995 0.000007 0.940965 0.338504 0.000001 -0.000001 -0.338504 0.940965 -0.000004 0.000000 0.000000 0.000000 1.000000
1.000000 -0.000004 -0.000000 -0.421995 0.000004 0.990508 0.137456 0.000001 -0.000000 -0.137456 0.990508 -0.000004 0.000000 0.000000 0.000000 1.000000
1.000000 -0.000001 -0.000000 -0.421995 0.000001 0.999997 0.002491 0.000001 0.000000 -0.002491 0.999997 -0.000004 0.000000 0.000000 0.000000 1.000000
1.000000 -0.000004 -0.000001 -0.421995 0.000004 0.989562 0.144105 0.000001 0.000000 -0.144105 0.989562 -0.000004 0.000000 0.000000 0.000000 1.000000
1.000000 -0.000003 -0.000000 -0.421995 0.000003 0.992358 0.123395 0.000001 0.000000 -0.123395 0.992358 -0.000004 0.000000 0.000000 0.000000 1.000000
1.000000 0.000000 0.000000 -0.421995 0.000000 0.999873 -0.015926 0.000001 0.000000 0.015926 0.999873 -0.000004 0.000000 0.000000 0.000000 1.000000
1.000000 -0.000002 -0.000000 -0.421995 0.000002 0.999536 0.030460 0.000001 -0.000000 -0.030460 0.999536 -0.000004 0.000000 0.000000 0.000000 1.000000
1.000000 -0.000002 -0.000000 -0.421995 0.000002 0.997530 0.070238 0.000001 0.000000 -0.070238 0.997530 -0.000004 0.000000 0.000000 0.000000 1.000000
1.000000 -0.000003 -0.000000 -0.421995 0.000003 0.995308 0.096761 0.000001 0.000000 -0.096761 0.995308 -0.000004 0.000000 0.000000 0.000000 1.000000
1.000000 -0.000003 -0.000000 -0.421995 0.000003 0.996236 0.086683 0.000001 -0.000000 -0.086683 0.996236 -0.000004 0.000000 0.000000 0.000000 1.000000
1.000000 -0.000003 -0.000000 -0.421995 0.000003 0.996575 0.082698 0.000001 -0.000000 -0.082698 0.996575 -0.000004 0.000000 0.000000 0.000000 1.000000
1.000000 -0.000003 -0.000000 -0.421995 0.000003 0.995840 0.091114 0.000001 -0.000000 -0.091114 0.995840 -0.000004 0.000000 0.000000 0.000000 1.000000
1.000000 -0.000003 -0.000000 -0.421995 0.000003 0.995053 0.099350 0.000001 -0.000000 -0.099350 0.995053 -0.000004 0.000000 0.000000 0.000000 1.000000</float_array><technique_common><accessor source="#jnt_left_armroll-Matrix-animation-output-transform-array" count="13" stride="16"><param type="float4x4"/></accessor></technique_common></source><source id="jnt_left_armroll-Interpolations"><Name_array id="jnt_left_armroll-Interpolations-array" count="13">
 LINEAR LINEAR LINEAR LINEAR LINEAR LINEAR LINEAR LINEAR LINEAR LINEAR LINEAR
LINEAR LINEAR</Name_array><technique_common><accessor source="#jnt_left_armroll-Interpolations-array" count="13"><param type="name"/></accessor></technique_common></source><sampler id="jnt_left_armroll-Matrix-animation-transform"><input semantic="INPUT" source="#jnt_left_armroll-Matrix-animation-input"/><input semantic="OUTPUT" source="#jnt_left_armroll-Matrix-animation-output-transform"/><input semantic="INTERPOLATION" source="#jnt_left_armroll-Interpolations"/></sampler><channel source="#jnt_left_armroll-Matrix-animation-transform" target="jnt_left_armroll/matrix"/></animation></animation>
    <animation id="jnt_left_forearm-anim" name="jnt_left_forearm"><animation><source id="jnt_left_forearm-Matrix-animation-input"><float_array id="jnt_left_forearm-Matrix-animation-input-array" count="13">

0.000000 0.033333 0.066667 0.100000 0.133333 0.166667 0.200000 0.233333 0.266667 0.300000 0.333333 0.366667 0.400000</float_array><technique_common><accessor source="#jnt_left_forearm-Matrix-animation-input-array" count="13"><param name="TIME" type="float"/></accessor></technique_common></source><source id="jnt_left_forearm-Matrix-animation-output-transform"><float_array id="jnt_left_forearm-Matrix-animation-output-transform-array" count="208">

-0.323727 -0.932159 -0.162109 -0.843982 0.943612 -0.330627 0.016802 0.000004 -0.069260 -0.147529 0.986630 0.000003 0.000000 0.000000 0.000000 1.000000
-0.258468 -0.959333 -0.113467 -0.843982 0.965690 -0.259661 -0.004391 0.000002 -0.025250 -0.110709 0.993532 0.000003 0.000000 0.000000 0.000000 1.000000
-0.049947 -0.995786 -0.076914 -0.843981 0.998748 -0.049572 -0.006779 -0.000003 0.002938 -0.077157 0.997015 0.000002 0.000000 0.000000 0.000000 1.000000
0.250740 -0.965444 -0.071042 -0.843982 0.967865 0.251468 -0.001351 -0.000001 0.019169 -0.068420 0.997472 0.000002 0.000000 0.000000 0.000000 1.000000
0.414172 -0.907014 -0.076068 -0.843981 0.909531 0.415621 -0.003567 0.000001 0.034851 -0.067709 0.997096 0.000004 0.000000 0.000000 0.000000 1.000000
0.376286 -0.922481 -0.086242 -0.843981 0.925337 0.378850 -0.014966 0.000046 0.046478 -0.074171 0.996162 0.000013 0.000000 0.000000 0.000000 1.000000
0.330936 -0.939575 -0.087634 -0.843982 0.942866 0.333024 -0.009969 -0.000003 0.038551 -0.079328 0.996103 0.000003 0.000000 0.000000 0.000000 1.000000
0.235626 -0.967337 -0.093481 -0.843982 0.971508 0.236981 -0.003501 0.000001 0.025540 -0.089993 0.995615 0.000003 0.000000 0.000000 0.000000 1.000000
0.310947 -0.945219 -0.099363 -0.843981 0.950211 0.311403 0.011292 0.000006 0.020269 -0.097927 0.994987 0.000003 0.000000 0.000000 0.000000 1.000000
0.651940 -0.754073 -0.079674 -0.843981 0.757984 0.650973 0.041148 -0.000066 0.020837 -0.087217 0.995971 -0.000006 0.000000 0.000000 0.000000 1.000000
0.910221 -0.411740 -0.044365 -0.843981 0.413610 0.909192 0.047922 -0.000127 0.020605 -0.061969 0.997865 -0.000190 0.000000 0.000000 0.000000 1.000000
0.771307 -0.632684 -0.069260 -0.843981 0.636133 0.769835 0.051848 0.000000 0.020516 -0.084050 0.996250 0.000003 0.000000 0.000000 0.000000 1.000000
0.622663 -0.777472 -0.088475 -0.843982 0.782248 0.621289 0.045693 -0.000030 0.019443 -0.097661 0.995030 0.000000 0.000000 0.000000 0.000000 1.000000</float_array><technique_common><accessor source="#jnt_left_forearm-Matrix-animation-output-transform-array" count="13" stride="16"><param type="float4x4"/></accessor></technique_common></source><source id="jnt_left_forearm-Interpolations"><Name_array id="jnt_left_forearm-Interpolations-array" count="13">
 LINEAR LINEAR LINEAR LINEAR LINEAR LINEAR LINEAR LINEAR LINEAR LINEAR LINEAR
LINEAR LINEAR</Name_array><technique_common><accessor source="#jnt_left_forearm-Interpolations-array" count="13"><param type="name"/></accessor></technique_common></source><sampler id="jnt_left_forearm-Matrix-animation-transform"><input semantic="INPUT" source="#jnt_left_forearm-Matrix-animation-input"/><input semantic="OUTPUT" source="#jnt_left_forearm-Matrix-animation-output-transform"/><input semantic="INTERPOLATION" source="#jnt_left_forearm-Interpolations"/></sampler><channel source="#jnt_left_forearm-Matrix-animation-transform" target="jnt_left_forearm/matrix"/></animation></animation>
    <animation id="jnt_left_forearmroll-anim" name="jnt_left_forearmroll"><animation><source id="jnt_left_forearmroll-Matrix-animation-input"><float_array id="jnt_left_forearmroll-Matrix-animation-input-array" count="13">

0.000000 0.033333 0.066667 0.100000 0.133333 0.166667 0.200000 0.233333 0.266667 0.300000 0.333333 0.366667 0.400000</float_array><technique_common><accessor source="#jnt_left_forearmroll-Matrix-animation-input-array" count="13"><param name="TIME" type="float"/></accessor></technique_common></source><source id="jnt_left_forearmroll-Matrix-animation-output-transform"><float_array id="jnt_left_forearmroll-Matrix-animation-output-transform-array" count="208">

1.000000 -0.000005 0.000000 -0.487002 0.000005 0.958454 0.285248 0.000000 -0.000001 -0.285248 0.958454 -0.000004 0.000000 0.000000 0.000000 1.000000
1.000000 -0.000005 0.000000 -0.487002 0.000004 0.968622 0.248538 -0.000000 -0.000002 -0.248538 0.968622 -0.000004 0.000000 0.000000 0.000000 1.000000
1.000000 -0.000005 0.000000 -0.487002 0.000004 0.952355 0.304992 0.000000 -0.000001 -0.304992 0.952355 -0.000004 0.000000 0.000000 0.000000 1.000000
