<?xml version="1.0" encoding="utf-8"?>
<COLLADA xmlns="http://www.collada.org/2005/11/COLLADASchema" version="1.4.1">
  <asset><contributor><author></author><authoring_tool>FBX COLLADA exporter</authoring_tool><comments></comments></contributor><created>2020-02-26T10:59:29Z</created><keywords></keywords><modified>2020-02-26T10:59:29Z</modified><revision></revision><subject></subject><title></title><unit meter="0.010000" name="centimeter"></unit><up_axis>Y_UP</up_axis></asset>
  <library_animations>
    <animation id="root_jnt-anim" name="root_jnt"><animation><source id="root_jnt-Matrix-animation-input"><float_array id="root_jnt-Matrix-animation-input-array" count="13">

0.000000 0.033333 0.066667 0.100000 0.133333 0.166667 0.200000 0.233333 0.266667 0.300000 0.333333 0.366667 0.400000</float_array><technique_common><accessor source="#root_jnt-Matrix-animation-input-array" count="13"><param name="TIME" type="float"/></accessor></technique_common></source><source id="root_jnt-Matrix-animation-output-transform"><float_array id="root_jnt-Matrix-animation-output-transform-array" count="208">

1.000000 0.000000 0.000000 0.000000 0.000000 1.000000 0.000000 0.000000 0.000000 0.000000 1.000000 0.000000 0.000000 0.000000 0.000000 1.000000
1.000000 0.000000 0.000000 0.000000 0.000000 1.000000 0.000000 0.000000 0.000000 0.000000 1.000000 0.000000 0.000000 0.000000 0.000000 1.000000
1.000000 0.000000 0.000000 0.000000 0.000000 1.000000 0.000000 0.000000 0.000000 0.000000 1.000000 0.000000 0.000000 0.000000 0.000000 1.000000
1.000000 0.000000 0.000000 0.000000 0.000000 1.000000 0.000000 0.000000 0.000000 0.000000 1.000000 0.000000 0.000000 0.000000 0.000000 1.000000
1.000000 0.000000 0.000000 0.000000 0.000000 1.000000 0.000000 0.000000 0.000000 0.000000 1.000000 0.000000 0.000000 0.000000 0.000000 1.000000
1.000000 0.000000 0.000000 0.000000 0.000000 1.000000 0.000000 0.000000 0.000000 0.000000 1.000000 0.000000 0.000000 0.000000 0.000000 1.000000
1.000000 0.000000 0.000000 0.000000 0.000000 1.000000 0.000000 0.000000 0.000000 0.000000 1.000000 0.000000 0.000000 0.000000 0.000000 1.000000
1.000000 0.000000 0.000000 0.000000 0.000000 1.000000 0.000000 0.000000 0.000000 0.000000 1.000000 0.000000 0.000000 0.000000 0.000000 1.000000
1.000000 0.000000 0.000000 0.000000 0.000000 1.000000 0.000000 0.000000 0.000000 0.000000 1.000000 0.000000 0.000000 0.000000 0.000000 1.000000
1.000000 0.000000 0.000000 0.000000 0.000000 1.000000 0.000000 0.000000 0.000000 0.000000 1.000000 0.000000 0.000000 0.000000 0.000000 1.000000
1.000000 0.000000 0.000000 0.000000 0.000000 1.000000 0.000000 0.000000 0.000000 0.000000 1.000000 0.000000 0.000000 0.000000 0.000000 1.000000
1.000000 0.000000 0.000000 0.000000 0.000000 1.000000 0.000000 0.000000 0.000000 0.000000 1.000000 0.000000 0.000000 0.000000 0.000000 1.000000
1.000000 0.000000 0.000000 0.000000 0.000000 1.000000 0.000000 0.000000 0.000000 0.000000 1.000000 0.000000 0.000000 0.000000 0.000000 1.000000</float_array><technique_common><accessor source="#root_jnt-Matrix-animation-output-transform-array" count="13" stride="16"><param type="float4x4"/></accessor></technique_common></source><source id="root_jnt-Interpolations"><Name_array id="root_jnt-Interpolations-array" count="13">
 LINEAR LINEAR LINEAR LINEAR LINEAR LINEAR LINEAR LINEAR LINEAR LINEAR LINEAR
LINEAR LINEAR</Name_array><technique_common><accessor source="#root_jnt-Interpolations-array" count="13"><param type="name"/></accessor></technique_common></source><sampler id="root_jnt-Matrix-animation-transform"><input semantic="INPUT" source="#root_jnt-Matrix-animation-input"/><input semantic="OUTPUT" source="#root_jnt-Matrix-animation-output-transform"/><input semantic="INTERPOLATION" source="#root_jnt-Interpolations"/></sampler><channel source="#root_jnt-Matrix-animation-transform" target="root_jnt/matrix"/></animation></animation>
    <animation id="jnt_hips-anim" name="jnt_hips"><animation><source id="jnt_hips-Matrix-animation-input"><float_array id="jnt_hips-Matrix-animation-input-array" count="13">

0.000000 0.033333 0.066667 0.100000 0.133333 0.166667 0.200000 0.233333 0.266667 0.300000 0.333333 0.366667 0.400000</float_array><technique_common><accessor source="#jnt_hips-Matrix-animation-input-array" count="13"><param name="TIME" type="float"/></accessor></technique_common></source><source id="jnt_hips-Matrix-animation-output-transform"><float_array id="jnt_hips-Matrix-animation-output-transform-array" count="208">

0.919777 0.000001 -0.392442 0.029704 -0.037480 0.995429 -0.087842 1.214980 0.390648 0.095504 0.915573 -0.238767 0.000000 0.000000 0.000000 1.000000
0.919777 0.000001 -0.392442 0.004101 -0.036872 0.995577 -0.086416 1.226385 0.390706 0.093954 0.915708 -0.245513 0.000000 0.000000 0.000000 1.000000
0.919777 0.000001 -0.392442 -0.013509 -0.036510 0.995663 -0.085569 1.279268 0.390740 0.093032 0.915788 -0.251523 0.000000 0.000000 0.000000 1.000000
0.919777 0.000001 -0.392441 -0.016535 -0.036798 0.995594 -0.086242 1.326729 0.390712 0.093765 0.915725 -0.250563 0.000000 0.000000 0.000000 1.000000
0.919777 0.000001 -0.392442 -0.007632 -0.037531 0.995417 -0.087961 1.317046 0.390643 0.095633 0.915561 -0.246724 0.000000 0.000000 0.000000 1.000000
0.919777 0.000001 -0.392442 0.008655 -0.038384 0.995205 -0.089961 1.264036 0.390560 0.097807 0.915367 -0.242500 0.000000 0.000000 0.000000 1.000000
0.919777 0.000001 -0.392442 0.037117 -0.039079 0.995030 -0.091590 1.216209 0.390491 0.099578 0.915205 -0.238238 0.000000 0.000000 0.000000 1.000000
0.919777 0.000001 -0.392442 0.077021 -0.039489 0.994925 -0.092551 1.225577 0.390450 0.100623 0.915109 -0.233434 0.000000 0.000000 0.000000 1.000000
0.919777 0.000001 -0.392442 0.105822 -0.039538 0.994912 -0.092664 1.287035 0.390445 0.100746 0.915097 -0.230515 0.000000 0.000000 0.000000 1.000000
0.919777 0.000001 -0.392442 0.106703 -0.039214 0.994995 -0.091905 1.335544 0.390477 0.099921 0.915174 -0.231655 0.000000 0.000000 0.000000 1.000000
0.919777 0.000001 -0.392441 0.090552 -0.038673 0.995133 -0.090636 1.325463 0.390531 0.098542 0.915300 -0.234595 0.000000 0.000000 0.000000 1.000000
0.919777 0.000001 -0.392441 0.064059 -0.038059 0.995286 -0.089198 1.268300 0.390592 0.096979 0.915442 -0.237337 0.000000 0.000000 0.000000 1.000000
0.919777 0.000001 -0.392442 0.029734 -0.037480 0.995429 -0.087842 1.214789 0.390648 0.095504 0.915573 -0.238577 0.000000 0.000000 0.000000 1.000000</float_array><technique_common><accessor source="#jnt_hips-Matrix-animation-output-transform-array" count="13" stride="16"><param type="float4x4"/></accessor></technique_common></source><source id="jnt_hips-Interpolations"><Name_array id="jnt_hips-Interpolations-array" count="13">
 LINEAR LINEAR LINEAR LINEAR LINEAR LINEAR LINEAR LINEAR LINEAR LINEAR LINEAR
LINEAR LINEAR</Name_array><technique_common><accessor source="#jnt_hips-Interpolations-array" count="13"><param type="name"/></accessor></technique_common></source><sampler id="jnt_hips-Matrix-animation-transform"><input semantic="INPUT" source="#jnt_hips-Matrix-animation-input"/><input semantic="OUTPUT" source="#jnt_hips-Matrix-animation-output-transform"/><input semantic="INTERPOLATION" source="#jnt_hips-Interpolations"/></sampler><channel source="#jnt_hips-Matrix-animation-transform" target="jnt_hips/matrix"/></animation></animation>
    <animation id="jnt_spine1-anim" name="jnt_spine1"><animation><source id="jnt_spine1-Matrix-animation-input"><float_array id="jnt_spine1-Matrix-animation-input-array" count="13">

0.000000 0.033333 0.066667 0.100000 0.133333 0.166667 0.200000 0.233333 0.266667 0.300000 0.333333 0.366667 0.400000</float_array><technique_common><accessor source="#jnt_spine1-Matrix-animation-input-array" count="13"><param name="TIME" type="float"/></accessor></technique_common></source><source id="jnt_spine1-Matrix-animation-output-transform"><float_array id="jnt_spine1-Matrix-animation-output-transform-array" count="208">

0.046818 0.004299 0.998894 -0.000000 0.998744 -0.018078 -0.046733 0.212132 0.017857 0.999827 -0.005140 0.023482 0.000000 0.000000 0.000000 1.000000
0.082180 0.026542 0.996264 -0.000000 0.992368 -0.094399 -0.079344 0.212132 0.091941 0.995181 -0.034097 0.023482 0.000000 0.000000 0.000000 1.000000
0.074679 0.029149 0.996782 0.000000 0.983118 -0.169590 -0.068696 0.212132 0.167041 0.985084 -0.041322 0.023482 0.000000 0.000000 0.000000 1.000000
0.090340 0.033380 0.995351 -0.000000 0.982269 -0.167841 -0.083524 0.212132 0.164272 0.985249 -0.047951 0.023482 0.000000 0.000000 0.000000 1.000000
0.118878 0.038010 0.992181 -0.000000 0.985484 -0.126489 -0.113230 0.212132 0.121196 0.991240 -0.052495 0.023482 0.000000 0.000000 0.000000 1.000000
0.125315 0.036366 0.991450 0.000000 0.989407 -0.078391 -0.122181 0.212132 0.073278 0.996259 -0.045804 0.023482 0.000000 0.000000 0.000000 1.000000
0.090083 0.018080 0.995770 -0.000000 0.992996 -0.078370 -0.088409 0.212132 0.076440 0.996760 -0.025013 0.023482 0.000000 0.000000 0.000000 1.000000
0.029409 -0.014450 0.999463 -0.000000 0.989583 -0.140556 -0.031150 0.212132 0.140930 0.989967 0.010165 0.023482 0.000000 0.000000 0.000000 1.000000
-0.004341 -0.031529 0.999493 -0.000000 0.984049 -0.177892 -0.001337 0.212132 0.177844 0.983545 0.031798 0.023482 0.000000 0.000000 0.000000 1.000000
-0.023728 -0.033571 0.999155 -0.000000 0.987832 -0.154447 0.018270 0.212132 0.153703 0.987431 0.036828 0.023482 0.000000 0.000000 0.000000 1.000000
-0.057024 -0.041111 0.997526 -0.000000 0.992215 -0.113132 0.052058 0.212132 0.110712 0.992729 0.047242 0.023482 0.000000 0.000000 0.000000 1.000000
-0.052522 -0.037537 0.997914 -0.000000 0.996399 -0.068581 0.049863 0.212132 0.066566 0.996939 0.041004 0.023482 0.000000 0.000000 0.000000 1.000000
0.046784 0.004268 0.998896 -0.000000 0.998746 -0.018024 -0.046700 0.212132 0.017805 0.999828 -0.005106 0.023482 0.000000 0.000000 0.000000 1.000000</float_array><technique_common><accessor source="#jnt_spine1-Matrix-animation-output-transform-array" count="13" stride="16"><param type="float4x4"/></accessor></technique_common></source><source id="jnt_spine1-Interpolations"><Name_array id="jnt_spine1-Interpolations-array" count="13">
 LINEAR LINEAR LINEAR LINEAR LINEAR LINEAR LINEAR LINEAR LINEAR LINEAR LINEAR
LINEAR LINEAR</Name_array><technique_common><accessor source="#jnt_spine1-Interpolations-array" count="13"><param type="name"/></accessor></technique_common></source><sampler id="jnt_spine1-Matrix-animation-transform"><input semantic="INPUT" source="#jnt_spine1-Matrix-animation-input"/><input semantic="OUTPUT" source="#jnt_spine1-Matrix-animation-output-transform"/><input semantic="INTERPOLATION" source="#jnt_spine1-Interpolations"/></sampler><channel source="#jnt_spine1-Matrix-animation-transform" target="jnt_spine1/matrix"/></animation></animation>
    <animation id="jnt_spine2-anim" name="jnt_spine2"><animation><source id="jnt_spine2-Matrix-animation-input"><float_array id="jnt_spine2-Matrix-animation-input-array" count="13">

0.000000 0.033333 0.066667 0.100000 0.133333 0.166667 0.200000 0.233333 0.266667 0.300000 0.333333 0.366667 0.400000</float_array><technique_common><accessor source="#jnt_spine2-Matrix-animation-input-array" count="13"><param name="TIME" type="float"/></accessor></technique_common></source><source id="jnt_spine2-Matrix-animation-output-transform"><float_array id="jnt_spine2-Matrix-animation-output-transform-array" count="208">

0.882573 -0.468271 0.042270 0.426849 0.468686 0.883365 0.000091 0.000000 -0.037383 0.019732 0.999106 0.000000 0.000000 0.000000 0.000000 1.000000
0.898379 -0.437884 0.034228 0.426849 0.437548 0.899031 0.017171 -0.000000 -0.038291 -0.000449 0.999267 -0.000000 0.000000 0.000000 0.000000 1.000000
0.914196 -0.405161 0.009495 0.426848 0.404961 0.914161 0.017788 0.000000 -0.015887 -0.012416 0.999797 -0.000000 0.000000 0.000000 0.000000 1.000000
0.915425 -0.402341 0.010886 0.426848 0.402281 0.915487 0.007373 0.000000 -0.012933 -0.002370 0.999914 0.000000 0.000000 0.000000 0.000000 1.000000
0.908820 -0.416175 0.029064 0.426848 0.416641 0.908990 -0.012158 0.000000 -0.021359 0.023159 0.999504 -0.000000 0.000000 0.000000 0.000000 1.000000
0.900827 -0.432252 0.040848 0.426849 0.433676 0.900318 -0.036774 -0.000000 -0.020880 0.050841 0.998488 -0.000000 0.000000 0.000000 0.000000 1.000000
0.902985 -0.428331 0.033910 0.426849 0.429657 0.900791 -0.063020 -0.000000 -0.003553 0.071476 0.997436 0.000000 0.000000 0.000000 0.000000 1.000000
0.913924 -0.405593 0.015417 0.426849 0.405366 0.910171 -0.085247 -0.000000 0.020544 0.084159 0.996241 -0.000000 0.000000 0.000000 0.000000 1.000000
0.917878 -0.396710 0.011055 0.426849 0.396024 0.913768 -0.090511 0.000000 0.025805 0.087456 0.995834 0.000000 0.000000 0.000000 0.000000 1.000000
0.912304 -0.409437 0.007887 0.426849 0.408791 0.909386 -0.076855 0.000000 0.024295 0.073340 0.997011 -0.000000 0.000000 0.000000 0.000000 1.000000
0.903394 -0.428723 -0.008728 0.426848 0.427508 0.902048 -0.059555 -0.000000 0.033406 0.050071 0.998187 0.000000 0.000000 0.000000 0.000000 1.000000
0.894075 -0.447862 -0.007032 0.426849 0.447350 0.893623 -0.036286 0.000000 0.022535 0.029296 0.999317 0.000000 0.000000 0.000000 0.000000 1.000000
0.882545 -0.468322 0.042298 0.426849 0.468737 0.883338 0.000105 -0.000000 -0.037413 0.019734 0.999105 0.000000 0.000000 0.000000 0.000000 1.000000</float_array><technique_common><accessor source="#jnt_spine2-Matrix-animation-output-transform-array" count="13" stride="16"><param type="float4x4"/></accessor></technique_common></source><source id="jnt_spine2-Interpolations"><Name_array id="jnt_spine2-Interpolations-array" count="13">
 LINEAR LINEAR LINEAR LINEAR LINEAR LINEAR LINEAR LINEAR LINEAR LINEAR LINEAR
LINEAR LINEAR</Name_array><technique_common><accessor source="#jnt_spine2-Interpolations-array" count="13"><param type="name"/></accessor></technique_common></source><sampler id="jnt_spine2-Matrix-animation-transform"><input semantic="INPUT" source="#jnt_spine2-Matrix-animation-input"/><input semantic="OUTPUT" source="#jnt_spine2-Matrix-animation-output-transform"/><input semantic="INTERPOLATION" source="#jnt_spine2-Interpolations"/></sampler><channel source="#jnt_spine2-Matrix-animation-transform" target="jnt_spine2/matrix"/></animation></animation>
    <animation id="jnt_spine3-anim" name="jnt_spine3"><animation><source id="jnt_spine3-Matrix-animation-input"><float_array id="jnt_spine3-Matrix-animation-input-array" count="13">

0.000000 0.033333 0.066667 0.100000 0.133333 0.166667 0.200000 0.233333 0.266667 0.300000 0.333333 0.366667 0.400000</float_array><technique_common><accessor source="#jnt_spine3-Matrix-animation-input-array" count="13"><param name="TIME" type="float"/></accessor></technique_common></source><source id="jnt_spine3-Matrix-animation-output-transform"><float_array id="jnt_spine3-Matrix-animation-output-transform-array" count="208">

0.892626 -0.449482 -0.034418 0.555067 0.449217 0.893288 -0.015510 -0.000000 0.037717 -0.001617 0.999287 0.000000 0.000000 0.000000 0.000000 1.000000
0.907530 -0.419271 -0.024516 0.555067 0.419292 0.907840 -0.004544 -0.000000 0.024162 -0.006155 0.999689 -0.000000 0.000000 0.000000 0.000000 1.000000
0.921423 -0.387179 -0.032731 0.555067 0.387237 0.921968 -0.004819 0.000000 0.032043 -0.008235 0.999453 -0.000000 0.000000 0.000000 0.000000 1.000000
0.922788 -0.384541 -0.024313 0.555067 0.383917 0.922981 -0.026723 0.000000 0.032716 0.015326 0.999347 -0.000000 0.000000 0.000000 0.000000 1.000000
0.917664 -0.397349 -0.002486 0.555067 0.396592 0.916270 -0.056256 0.000000 0.024631 0.050638 0.998413 -0.000000 0.000000 0.000000 0.000000 1.000000
0.911437 -0.411255 0.012339 0.555067 0.410808 0.907966 -0.082669 -0.000000 0.022795 0.080417 0.996501 -0.000000 0.000000 0.000000 0.000000 1.000000
0.912883 -0.408220 0.001103 0.555067 0.406165 0.908009 -0.102706 0.000000 0.040925 0.094207 0.994711 -0.000000 0.000000 0.000000 0.000000 1.000000
0.920111 -0.390461 -0.030578 0.555067 0.384921 0.915944 -0.113496 -0.000000 0.072323 0.092659 0.993068 -0.000000 0.000000 0.000000 0.000000 1.000000
0.922202 -0.384063 -0.045161 0.555067 0.377192 0.919101 -0.113932 -0.000000 0.085265 0.088034 0.992462 -0.000000 0.000000 0.000000 0.000000 1.000000
0.916812 -0.396316 -0.048876 0.555067 0.390363 0.915289 -0.099315 -0.000000 0.084096 0.071974 0.993855 0.000000 0.000000 0.000000 0.000000 1.000000
0.907403 -0.414414 -0.069867 0.555067 0.409652 0.909305 -0.073138 -0.000000 0.093840 0.037745 0.994872 -0.000000 0.000000 0.000000 0.000000 1.000000
0.899034 -0.430683 -0.079051 0.555067 0.428635 0.902494 -0.042148 -0.000000 0.089495 0.004009 0.995979 -0.000000 0.000000 0.000000 0.000000 1.000000
0.892602 -0.449533 -0.034386 0.555067 0.449269 0.893262 -0.015498 0.000000 0.037683 -0.001615 0.999288 -0.000000 0.000000 0.000000 0.000000 1.000000</float_array><technique_common><accessor source="#jnt_spine3-Matrix-animation-output-transform-array" count="13" stride="16"><param type="float4x4"/></accessor></technique_common></source><source id="jnt_spine3-Interpolations"><Name_array id="jnt_spine3-Interpolations-array" count="13">
 LINEAR LINEAR LINEAR LINEAR LINEAR LINEAR LINEAR LINEAR LINEAR LINEAR LINEAR
LINEAR LINEAR</Name_array><technique_common><accessor source="#jnt_spine3-Interpolations-array" count="13"><param type="name"/></accessor></technique_common></source><sampler id="jnt_spine3-Matrix-animation-transform"><input semantic="INPUT" source="#jnt_spine3-Matrix-animation-input"/><input semantic="OUTPUT" source="#jnt_spine3-Matrix-animation-output-transform"/><input semantic="INTERPOLATION" source="#jnt_spine3-Interpolations"/></sampler><channel source="#jnt_spine3-Matrix-animation-transform" target="jnt_spine3/matrix"/></animation></animation>
    <animation id="jnt_neck-anim" name="jnt_neck"><animation><source id="jnt_neck-Matrix-animation-input"><float_array id="jnt_neck-Matrix-animation-input-array" count="13">

0.000000 0.033333 0.066667 0.100000 0.133333 0.166667 0.200000 0.233333 0.266667 0.300000 0.333333 0.366667 0.400000</float_array><technique_common><accessor source="#jnt_neck-Matrix-animation-input-array" count="13"><param name="TIME" type="float"/></accessor></technique_common></source><source id="jnt_neck-Matrix-animation-output-transform"><float_array id="jnt_neck-Matrix-animation-output-transform-array" count="208">

0.991230 0.130754 0.019160 0.867451 -0.120999 0.956285 -0.266230 0.171571 -0.053133 0.261576 0.963719 -0.000000 0.000000 0.000000 0.000000 1.000000
0.990122 0.138331 0.022887 0.867454 -0.127370 0.955620 -0.265644 0.171566 -0.058618 0.260105 0.963799 -0.000000 0.000000 0.000000 0.000000 1.000000
0.987781 0.152706 0.031142 0.867450 -0.139228 0.954428 -0.263976 0.171571 -0.070034 0.256415 0.964026 -0.000000 0.000000 0.000000 0.000000 1.000000
0.986120 0.161249 0.039578 0.867455 -0.145568 0.954293 -0.261026 0.171573 -0.079859 0.251641 0.964520 -0.000001 0.000000 0.000000 0.000000 1.000000
0.986480 0.156631 0.048218 0.867450 -0.139497 0.956940 -0.254571 0.171570 -0.086015 0.244403 0.965851 -0.000000 0.000000 0.000000 0.000000 1.000000
0.987597 0.146392 0.056750 0.867451 -0.128236 0.960640 -0.246429 0.171571 -0.090592 0.236095 0.967498 -0.000000 0.000000 0.000000 0.000000 1.000000
0.988242 0.140357 0.060645 0.867455 -0.121829 0.962507 -0.242361 0.171571 -0.092388 0.232123 0.968289 0.000000 0.000000 0.000000 0.000000 1.000000
0.988567 0.139321 0.057656 0.867451 -0.121358 0.962125 -0.244107 0.171569 -0.089481 0.234319 0.968033 -0.000000 0.000000 0.000000 0.000000 1.000000
0.989225 0.137608 0.049968 0.867460 -0.121131 0.961021 -0.248527 0.171572 -0.082220 0.239796 0.967335 -0.000001 0.000000 0.000000 0.000000 1.000000
0.989985 0.135398 0.039967 0.867449 -0.120967 0.959534 -0.254287 0.171570 -0.072779 0.246906 0.966303 0.000000 0.000000 0.000000 0.000000 1.000000
0.990634 0.133218 0.029936 0.867449 -0.120970 0.957990 -0.260040 0.171576 -0.063320 0.253983 0.965134 -0.000001 0.000000 0.000000 0.000000 1.000000
0.991070 0.131474 0.022235 0.867451 -0.120991 0.956776 -0.264462 0.171575 -0.056044 0.259410 0.964140 -0.000001 0.000000 0.000000 0.000000 1.000000
0.991229 0.130757 0.019162 0.867455 -0.121000 0.956285 -0.266230 0.171572 -0.053136 0.261577 0.963719 -0.000001 0.000000 0.000000 0.000000 1.000000</float_array><technique_common><accessor source="#jnt_neck-Matrix-animation-output-transform-array" count="13" stride="16"><param type="float4x4"/></accessor></technique_common></source><source id="jnt_neck-Interpolations"><Name_array id="jnt_neck-Interpolations-array" count="13">
 LINEAR LINEAR LINEAR LINEAR LINEAR LINEAR LINEAR LINEAR LINEAR LINEAR LINEAR
LINEAR LINEAR</Name_array><technique_common><accessor source="#jnt_neck-Interpolations-array" count="13"><param type="name"/></accessor></technique_common></source><sampler id="jnt_neck-Matrix-animation-transform"><input semantic="INPUT" source="#jnt_neck-Matrix-animation-input"/><input semantic="OUTPUT" source="#jnt_neck-Matrix-animation-output-transform"/><input semantic="INTERPOLATION" source="#jnt_neck-Interpolations"/></sampler><channel source="#jnt_neck-Matrix-animation-transform" target="jnt_neck/matrix"/></animation></animation>
    <animation id="jnt_head-anim" name="jnt_head"><animation><source id="jnt_head-Matrix-animation-input"><float_array id="jnt_head-Matrix-animation-input-array" count="13">

0.000000 0.033333 0.066667 0.100000 0.133333 0.166667 0.200000 0.233333 0.266667 0.300000 0.333333 0.366667 0.400000</float_array><technique_common><accessor source="#jnt_head-Matrix-animation-input-array" count="13"><param name="TIME" type="float"/></accessor></technique_common></source><source id="jnt_head-Matrix-animation-output-transform"><float_array id="jnt_head-Matrix-animation-output-transform-array" count="208">

0.803867 0.549674 -0.227281 0.273590 -0.577315 0.813010 -0.075650 0.000000 0.143199 0.192025 0.970887 -0.000000 0.000000 0.000000 0.000000 1.000000
0.799897 0.556697 -0.224173 0.273593 -0.583415 0.808885 -0.073016 0.000000 0.140683 0.189191 0.971810 -0.000000 0.000000 0.000000 0.000000 1.000000
0.792427 0.569988 -0.217196 0.273591 -0.594692 0.801133 -0.067285 0.000001 0.135651 0.182483 0.973806 -0.000000 0.000000 0.000000 0.000000 1.000000
0.788443 0.578143 -0.210019 0.273592 -0.600804 0.797033 -0.061424 0.000001 0.131880 0.174610 0.975766 -0.000000 0.000000 0.000000 0.000000 1.000000
0.791972 0.576032 -0.202402 0.273591 -0.596435 0.800794 -0.054729 0.000000 0.130557 0.164063 0.977772 -0.000000 0.000000 0.000000 0.000000 1.000000
0.798506 0.569665 -0.194601 0.273591 -0.587767 0.807631 -0.047564 0.000001 0.130070 0.152360 0.979729 -0.000000 0.000000 0.000000 0.000000 1.000000
0.802710 0.564952 -0.191012 0.273591 -0.582027 0.811955 -0.044416 0.000001 0.130000 0.146827 0.980582 -0.000000 0.000000 0.000000 0.000000 1.000000
0.803718 0.562614 -0.193655 0.273591 -0.580415 0.812962 -0.047023 0.000000 0.130979 0.150194 0.979942 -0.000000 0.000000 0.000000 0.000000 1.000000
0.804197 0.559561 -0.200396 0.273592 -0.579194 0.813473 -0.052885 0.000000 0.133424 0.158598 0.978287 -0.000000 0.000000 0.000000 0.000000 1.000000
0.804296 0.556202 -0.209159 0.273591 -0.578315 0.813579 -0.060347 0.000000 0.136602 0.169497 0.976018 -0.000000 0.000000 0.000000 0.000000 1.000000
0.804166 0.553025 -0.217899 0.273592 -0.577736 0.813408 -0.067740 0.000000 0.139779 0.180362 0.973618 -0.000000 0.000000 0.000000 0.000000 1.000000
0.803969 0.550624 -0.224604 0.273592 -0.577414 0.813146 -0.073396 0.000000 0.142222 0.188697 0.971682 -0.000000 0.000000 0.000000 0.000000 1.000000
0.803866 0.549675 -0.227281 0.273591 -0.577315 0.813009 -0.075650 0.000000 0.143199 0.192025 0.970886 -0.000000 0.000000 0.000000 0.000000 1.000000</float_array><technique_common><accessor source="#jnt_head-Matrix-animation-output-transform-array" count="13" stride="16"><param type="float4x4"/></accessor></technique_common></source><source id="jnt_head-Interpolations"><Name_array id="jnt_head-Interpolations-array" count="13">
 LINEAR LINEAR LINEAR LINEAR LINEAR LINEAR LINEAR LINEAR LINEAR LINEAR LINEAR
LINEAR LINEAR</Name_array><technique_common><accessor source="#jnt_head-Interpolations-array" count="13"><param type="name"/></accessor></technique_common></source><sampler id="jnt_head-Matrix-animation-transform"><input semantic="INPUT" source="#jnt_head-Matrix-animation-input"/><input semantic="OUTPUT" source="#jnt_head-Matrix-animation-output-transform"/><input semantic="INTERPOLATION" source="#jnt_head-Interpolations"/></sampler><channel source="#jnt_head-Matrix-animation-transform" target="jnt_head/matrix"/></animation></animation>
    <animation id="jnt_left_shoulder-anim" name="jnt_left_shoulder"><animation><source id="jnt_left_shoulder-Matrix-animation-input"><float_array id="jnt_left_shoulder-Matrix-animation-input-array" count="13">

0.000000 0.033333 0.066667 0.100000 0.133333 0.166667 0.200000 0.233333 0.266667 0.300000 0.333333 0.366667 0.400000</float_array><technique_common><accessor source="#jnt_left_shoulder-Matrix-animation-input-array" count="13"><param name="TIME" type="float"/></accessor></technique_common></source><source id="jnt_left_shoulder-Matrix-animation-output-transform"><float_array id="jnt_left_shoulder-Matrix-animation-output-transform-array" count="208">

0.143203 0.023341 -0.989418 0.635987 0.164151 -0.986435 0.000488 0.114391 -0.975985 -0.162484 -0.145092 0.266187 0.000000 0.000000 0.000000 1.000000
0.129448 0.015456 -0.991466 0.635987 0.191006 -0.981541 0.009636 0.114392 -0.973016 -0.190624 -0.130011 0.266187 0.000000 0.000000 0.000000 1.000000
0.133272 0.009455 -0.991034 0.635987 0.215144 -0.976385 0.019616 0.114392 -0.967446 -0.215829 -0.132159 0.266187 0.000000 0.000000 0.000000 1.000000
0.128319 0.009069 -0.991691 0.635987 0.213213 -0.976828 0.018655 0.114391 -0.968542 -0.213835 -0.127279 0.266187 0.000000 0.000000 0.000000 1.000000
0.124696 0.010724 -0.992137 0.635987 0.209243 -0.977737 0.015730 0.114392 -0.969880 -0.209559 -0.124164 0.266187 0.000000 0.000000 0.000000 1.000000
0.126719 0.015986 -0.991810 0.635987 0.194243 -0.980912 0.009007 0.114392 -0.972734 -0.193793 -0.127405 0.266187 0.000000 0.000000 0.000000 1.000000
0.135774 0.023828 -0.990453 0.635987 0.167841 -0.985814 -0.000708 0.114392 -0.976419 -0.166143 -0.137847 0.266187 0.000000 0.000000 0.000000 1.000000
0.154163 0.024970 -0.987730 0.635987 0.165340 -0.986236 0.000874 0.114391 -0.974113 -0.163446 -0.156170 0.266187 0.000000 0.000000 0.000000 1.000000
0.160149 0.023753 -0.986807 0.635987 0.171502 -0.985175 0.004120 0.114391 -0.972080 -0.169899 -0.161849 0.266187 0.000000 0.000000 0.000000 1.000000
0.152331 0.024529 -0.988025 0.635987 0.166134 -0.986102 0.001133 0.114392 -0.974266 -0.164318 -0.154289 0.266187 0.000000 0.000000 0.000000 1.000000
0.147206 0.024611 -0.988800 0.635987 0.165084 -0.986279 0.000029 0.114392 -0.975232 -0.163239 -0.149249 0.266187 0.000000 0.000000 0.000000 1.000000
0.144198 0.024097 -0.989255 0.635987 0.167337 -0.985900 0.000376 0.114392 -0.975298 -0.165593 -0.146197 0.266187 0.000000 0.000000 0.000000 1.000000
0.142578 0.024904 -0.989470 0.635987 0.164292 -0.986411 -0.001153 0.114392 -0.976053 -0.162398 -0.144732 0.266187 0.000000 0.000000 0.000000 1.000000</float_array><technique_common><accessor source="#jnt_left_shoulder-Matrix-animation-output-transform-array" count="13" stride="16"><param type="float4x4"/></accessor></technique_common></source><source id="jnt_left_shoulder-Interpolations"><Name_array id="jnt_left_shoulder-Interpolations-array" count="13">
 LINEAR LINEAR LINEAR LINEAR LINEAR LINEAR LINEAR LINEAR LINEAR LINEAR LINEAR
LINEAR LINEAR</Name_array><technique_common><accessor source="#jnt_left_shoulder-Interpolations-array" count="13"><param type="name"/></accessor></technique_common></source><sampler id="jnt_left_shoulder-Matrix-animation-transform"><input semantic="INPUT" source="#jnt_left_shoulder-Matrix-animation-input"/><input semantic="OUTPUT" source="#jnt_left_shoulder-Matrix-animation-output-transform"/><input semantic="INTERPOLATION" source="#jnt_left_shoulder-Interpolations"/></sampler><channel source="#jnt_left_shoulder-Matrix-animation-transform" target="jnt_left_shoulder/matrix"/></animation></animation>
    <animation id="jnt_left_arm-anim" name="jnt_left_arm"><animation><source id="jnt_left_arm-Matrix-animation-input"><float_array id="jnt_left_arm-Matrix-animation-input-array" count="13">

0.000000 0.033333 0.066667 0.100000 0.133333 0.166667 0.200000 0.233333 0.266667 0.300000 0.333333 0.366667 0.400000</float_array><technique_common><accessor source="#jnt_left_arm-Matrix-animation-input-array" count="13"><param name="TIME" type="float"/></accessor></technique_common></source><source id="jnt_left_arm-Matrix-animation-output-transform"><float_array id="jnt_left_arm-Matrix-animation-output-transform-array" count="208">

0.972195 -0.233704 0.014796 -0.525418 0.214312 0.862505 -0.458427 -0.032447 0.094374 0.448852 0.888609 0.009491 0.000000 0.000000 0.000000 1.000000
0.957322 -0.287328 0.031252 -0.525417 0.272647 0.861904 -0.427535 -0.032447 0.095907 0.417809 0.903459 0.009491 0.000000 0.000000 0.000000 1.000000
0.923406 -0.381241 0.044459 -0.525416 0.363318 0.830833 -0.421565 -0.032447 0.123780 0.405428 0.905708 0.009491 0.000000 0.000000 0.000000 1.000000
0.899365 -0.435221 0.041544 -0.525417 0.411064 0.809415 -0.419373 -0.032448 0.148894 0.394247 0.906863 0.009491 0.000000 0.000000 0.000000 1.000000
0.879669 -0.472803 0.051382 -0.525416 0.447408 0.786067 -0.426527 -0.032447 0.161274 0.398191 0.903014 0.009492 0.000000 0.000000 0.000000 1.000000
0.881251 -0.471677 0.030296 -0.525417 0.437572 0.789942 -0.429561 -0.032447 0.178682 0.391807 0.902530 0.009492 0.000000 0.000000 0.000000 1.000000
0.902288 -0.430105 -0.029777 -0.525417 0.378740 0.823742 -0.421906 -0.032447 0.205992 0.369403 0.906151 0.009491 0.000000 0.000000 0.000000 1.000000
0.909353 -0.412628 -0.053056 -0.525417 0.354028 0.834500 -0.422224 -0.032447 0.218497 0.365168 0.904937 0.009491 0.000000 0.000000 0.000000 1.000000
0.920113 -0.387735 -0.055262 -0.525417 0.330798 0.844909 -0.420358 -0.032448 0.209679 0.368496 0.905674 0.009492 0.000000 0.000000 0.000000 1.000000
0.942694 -0.329657 -0.051525 -0.525417 0.279622 0.864799 -0.417053 -0.032447 0.182043 0.378746 0.907420 0.009492 0.000000 0.000000 0.000000 1.000000
0.958891 -0.282579 -0.026035 -0.525417 0.244305 0.868713 -0.430874 -0.032447 0.144373 0.406801 0.902036 0.009492 0.000000 0.000000 0.000000 1.000000
0.967754 -0.251884 0.002648 -0.525417 0.226358 0.864975 -0.447862 -0.032448 0.110519 0.434019 0.894099 0.009491 0.000000 0.000000 0.000000 1.000000
0.972248 -0.233461 0.015134 -0.525417 0.214155 0.862076 -0.459307 -0.032447 0.094183 0.449802 0.888148 0.009491 0.000000 0.000000 0.000000 1.000000</float_array><technique_common><accessor source="#jnt_left_arm-Matrix-animation-output-transform-array" count="13" stride="16"><param type="float4x4"/></accessor></technique_common></source><source id="jnt_left_arm-Interpolations"><Name_array id="jnt_left_arm-Interpolations-array" count="13">
 LINEAR LINEAR LINEAR LINEAR LINEAR LINEAR LINEAR LINEAR LINEAR LINEAR LINEAR
LINEAR LINEAR</Name_array><technique_common><accessor source="#jnt_left_arm-Interpolations-array" count="13"><param type="name"/></accessor></technique_common></source><sampler id="jnt_left_arm-Matrix-animation-transform"><input semantic="INPUT" source="#jnt_left_arm-Matrix-animation-input"/><input semantic="OUTPUT" source="#jnt_left_arm-Matrix-animation-output-transform"/><input semantic="INTERPOLATION" source="#jnt_left_arm-Interpolations"/></sampler><channel source="#jnt_left_arm-Matrix-animation-transform" target="jnt_left_arm/matrix"/></animation></animation>
    <animation id="jnt_left_armroll-anim" name="jnt_left_armroll"><animation><source id="jnt_left_armroll-Matrix-animation-input"><float_array id="jnt_left_armroll-Matrix-animation-input-array" count="13">

0.000000 0.033333 0.066667 0.100000 0.133333 0.166667 0.200000 0.233333 0.266667 0.300000 0.333333 0.366667 0.400000</float_array><technique_common><accessor source="#jnt_left_armroll-Matrix-animation-input-array" count="13"><param name="TIME" type="float"/></accessor></technique_common></source><source id="jnt_left_armroll-Matrix-animation-output-transform"><float_array id="jnt_left_armroll-Matrix-animation-output-transform-array" count="208">

1.000000 -0.000007 -0.000001 -0.421995 0.000007 0.936289 0.351230 0.000001 -0.000001 -0.351230 0.936289 -0.000004 0.000000 0.000000 0.000000 1.000000
1.000000 -0.000007 -0.000001 -0.421995 0.000007 0.939553 0.342403 0.000002 -0.000001 -0.342403 0.939553 -0.000004 0.000000 0.000000 0.000000 1.000000
1.000000 -0.000007 -0.000001 -0.421995 0.000007 0.941951 0.335751 0.000001 -0.000001 -0.335751 0.941951 -0.000004 0.000000 0.000000 0.000000 1.000000
1.000000 -0.000007 -0.000002 -0.421995 0.000007 0.938213 0.346059 0.000001 -0.000001 -0.346059 0.938213 -0.000004 0.000000 0.000000 0.000000 1.000000
1.000000 -0.000007 -0.000002 -0.421995 0.000007 0.927741 0.373225 0.000002 -0.000001 -0.373225 0.927741 -0.000004 0.000000 0.000000 0.000000 1.000000
1.000000 -0.000008 -0.000002 -0.421995 0.000008 0.918386 0.395686 0.000002 -0.000001 -0.395686 0.918386 -0.000004 0.000000 0.000000 0.000000 1.000000
1.000000 -0.000008 -0.000002 -0.421995 0.000008 0.917661 0.397363 0.000001 -0.000001 -0.397363 0.917661 -0.000004 0.000000 0.000000 0.000000 1.000000
1.000000 -0.000008 -0.000002 -0.421995 0.000008 0.925006 0.379952 0.000001 -0.000001 -0.379952 0.925006 -0.000004 0.000000 0.000000 0.000000 1.000000
1.000000 -0.000007 -0.000002 -0.421995 0.000007 0.934793 0.355194 0.000001 -0.000001 -0.355194 0.934793 -0.000004 0.000000 0.000000 0.000000 1.000000
1.000000 -0.000007 -0.000001 -0.421995 0.000007 0.945557 0.325456 0.000001 -0.000001 -0.325456 0.945557 -0.000004 0.000000 0.000000 0.000000 1.000000
1.000000 -0.000006 -0.000002 -0.421995 0.000006 0.955896 0.293705 0.000001 0.000000 -0.293705 0.955896 -0.000004 0.000000 0.000000 0.000000 1.000000
1.000000 -0.000006 -0.000002 -0.421995 0.000006 0.964390 0.264484 0.000002 -0.000000 -0.264484 0.964390 -0.000004 0.000000 0.000000 0.000000 1.000000
1.000000 -0.000005 -0.000001 -0.421995 0.000006 0.968990 0.247101 0.000001 0.000000 -0.247101 0.968990 -0.000004 0.000000 0.000000 0.000000 1.000000</float_array><technique_common><accessor source="#jnt_left_armroll-Matrix-animation-output-transform-array" count="13" stride="16"><param type="float4x4"/></accessor></technique_common></source><source id="jnt_left_armroll-Interpolations"><Name_array id="jnt_left_armroll-Interpolations-array" count="13">
 LINEAR LINEAR LINEAR LINEAR LINEAR LINEAR LINEAR LINEAR LINEAR LINEAR LINEAR
LINEAR LINEAR</Name_array><technique_common><accessor source="#jnt_left_armroll-Interpolations-array" count="13"><param type="name"/></accessor></technique_common></source><sampler id="jnt_left_armroll-Matrix-animation-transform"><input semantic="INPUT" source="#jnt_left_armroll-Matrix-animation-input"/><input semantic="OUTPUT" source="#jnt_left_armroll-Matrix-animation-output-transform"/><input semantic="INTERPOLATION" source="#jnt_left_armroll-Interpolations"/></sampler><channel source="#jnt_left_armroll-Matrix-animation-transform" target="jnt_left_armroll/matrix"/></animation></animation>
    <animation id="jnt_left_forearm-anim" name="jnt_left_forearm"><animation><source id="jnt_left_forearm-Matrix-animation-input"><float_array id="jnt_left_forearm-Matrix-animation-input-array" count="13">

0.000000 0.033333 0.066667 0.100000 0.133333 0.166667 0.200000 0.233333 0.266667 0.300000 0.333333 0.366667 0.400000</float_array><technique_common><accessor source="#jnt_left_forearm-Matrix-animation-input-array" count="13"><param name="TIME" type="float"/></accessor></technique_common></source><source id="jnt_left_forearm-Matrix-animation-output-transform"><float_array id="jnt_left_forearm-Matrix-animation-output-transform-array" count="208">

0.571321 -0.684102 -0.453427 -0.843981 0.819414 0.506681 0.268019 0.000001 0.046391 -0.524670 0.850041 0.000003 0.000000 0.000000 0.000000 1.000000
0.570396 -0.688460 -0.447964 -0.843981 0.819766 0.511232 0.258120 0.000001 0.051308 -0.514456 0.855981 0.000003 0.000000 0.000000 0.000000 1.000000
0.560842 -0.688539 -0.459750 -0.843981 0.826174 0.501511 0.256754 -0.000001 0.053785 -0.523832 0.850122 0.000007 0.000000 0.000000 0.000000 1.000000
0.526013 -0.698541 -0.485129 -0.843982 0.848727 0.467724 0.246773 -0.000000 0.054526 -0.541548 0.838900 0.000006 0.000000 0.000000 0.000000 1.000000
0.493932 -0.712531 -0.498328 -0.843982 0.867616 0.441599 0.228544 0.000004 0.057216 -0.545243 0.836323 -0.000009 0.000000 0.000000 0.000000 1.000000
0.471153 -0.722693 -0.505696 -0.843982 0.879974 0.424443 0.213292 0.000008 0.060495 -0.545493 0.835929 -0.000026 0.000000 0.000000 0.000000 1.000000
0.462098 -0.733545 -0.498373 -0.843981 0.884455 0.422290 0.198519 -0.000001 0.064835 -0.532524 0.843928 0.000007 0.000000 0.000000 0.000000 1.000000
0.485055 -0.727238 -0.485640 -0.843981 0.872061 0.443573 0.206767 -0.000001 0.065048 -0.523801 0.849353 0.000008 0.000000 0.000000 0.000000 1.000000
0.514009 -0.705914 -0.487320 -0.843981 0.855774 0.460887 0.235019 0.000000 0.058696 -0.537838 0.841003 0.000004 0.000000 0.000000 0.000000 1.000000
0.530715 -0.692149 -0.489153 -0.843981 0.846009 0.467413 0.256506 0.000001 0.051096 -0.549959 0.833627 0.000002 0.000000 0.000000 0.000000 1.000000
0.550055 -0.682086 -0.481869 -0.843981 0.833884 0.480078 0.272329 0.000001 0.045583 -0.551619 0.832850 0.000003 0.000000 0.000000 0.000000 1.000000
0.566939 -0.675948 -0.470823 -0.843982 0.822497 0.496137 0.278114 0.000001 0.045602 -0.544924 0.837245 0.000003 0.000000 0.000000 0.000000 1.000000
0.571231 -0.684139 -0.453485 -0.843981 0.819477 0.506596 0.267987 0.000001 0.046393 -0.524704 0.850020 0.000003 0.000000 0.000000 0.000000 1.000000</float_array><technique_common><accessor source="#jnt_left_forearm-Matrix-animation-output-transform-array" count="13" stride="16"><param type="float4x4"/></accessor></technique_common></source><source id="jnt_left_forearm-Interpolations"><Name_array id="jnt_left_forearm-Interpolations-array" count="13">
 LINEAR LINEAR LINEAR LINEAR LINEAR LINEAR LINEAR LINEAR LINEAR LINEAR LINEAR
LINEAR LINEAR</Name_array><technique_common><accessor source="#jnt_left_forearm-Interpolations-array" count="13"><param type="name"/></accessor></technique_common></source><sampler id="jnt_left_forearm-Matrix-animation-transform"><input semantic="INPUT" source="#jnt_left_forearm-Matrix-animation-input"/><input semantic="OUTPUT" source="#jnt_left_forearm-Matrix-animation-output-transform"/><input semantic="INTERPOLATION" source="#jnt_left_forearm-Interpolations"/></sampler><channel source="#jnt_left_forearm-Matrix-animation-transform" target="jnt_left_forearm/matrix"/></animation></animation>
    <animation id="jnt_left_forearmroll-anim" name="jnt_left_forearmroll"><animation><source id="jnt_left_forearmroll-Matrix-animation-input"><float_array id="jnt_left_forearmroll-Matrix-animation-input-array" count="13">

0.000000 0.033333 0.066667 0.100000 0.133333 0.166667 0.200000 0.233333 0.266667 0.300000 0.333333 0.366667 0.400000</float_array><technique_common><accessor source="#jnt_left_forearmroll-Matrix-animation-input-array" count="13"><param name="TIME" type="float"/></accessor></technique_common></source><source id="jnt_left_forearmroll-Matrix-animation-output-transform"><float_array id="jnt_left_forearmroll-Matrix-animation-output-transform-array" count="208">

1.000000 0.000004 0.000000 -0.487002 -0.000003 0.748972 -0.662602 0.000000 -0.000003 0.662602 0.748972 -0.000004 0.000000 0.000000 0.000000 1.000000
1.000000 0.000004 0.000000 -0.487001 -0.000002 0.747195 -0.664605 0.000000 -0.000003 0.664605 0.747195 -0.000004 0.000000 0.000000 0.000000 1.000000
1.000000 0.000004 0.000000 -0.487002 -0.000003 0.740843 -0.671678 0.000000 -0.000003 0.671678 0.740843 -0.000004 0.000000 0.000000 0.000000 1.000000
