<?xml version="1.0" encoding="utf-8"?>
<COLLADA xmlns="http://www.collada.org/2005/11/COLLADASchema" version="1.4.1">
  <asset><contributor><author></author><authoring_tool>FBX COLLADA exporter</authoring_tool><comments></comments></contributor><created>2020-02-26T11:01:36Z</created><keywords></keywords><modified>2020-02-26T11:01:36Z</modified><revision></revision><subject></subject><title></title><unit meter="0.010000" name="centimeter"></unit><up_axis>Y_UP</up_axis></asset>
  <library_animations>
    <animation id="root_soilbag-anim" name="root_soilbag"><animation><source id="root_soilbag-Matrix-animation-input"><float_array id="root_soilbag-Matrix-animation-input-array" count="121">

0.000000 0.033333 0.066667 0.100000 0.133333 0.166667 0.200000 0.233333 0.266667 0.300000 0.333333 0.366667 0.400000 0.433333 0.466667 0.500000
0.533333 0.566667 0.600000 0.633333 0.666667 0.700000 0.733333 0.766667 0.800000 0.833333 0.866667 0.900000 0.933333 0.966667 1.000000 1.033333
1.066667 1.100000 1.133333 1.166667 1.200000 1.233333 1.266667 1.300000 1.333333 1.366667 1.400000 1.433333 1.466667 1.500000 1.533333 1.566667
1.600000 1.633333 1.666667 1.700000 1.733333 1.766667 1.800000 1.833333 1.866667 1.900000 1.933333 1.966667 2.000000 2.033333 2.066667 2.100000
2.133333 2.166667 2.200000 2.233333 2.266667 2.300000 2.333333 2.366667 2.400000 2.433333 2.466667 2.500000 2.533333 2.566667 2.600000 2.633333
2.666667 2.700000 2.733333 2.766667 2.800000 2.833333 2.866667 2.900000 2.933333 2.966667 3.000000 3.033333 3.066667 3.100000 3.133333 3.166667
3.200000 3.233333 3.266667 3.300000 3.333333 3.366667 3.400000 3.433333 3.466667 3.500000 3.533333 3.566667 3.600000 3.633333 3.666667 3.700000
3.733333 3.766667 3.800000 3.833333 3.866667 3.900000 3.933333 3.966667 4.000000</float_array><technique_common><accessor source="#root_soilbag-Matrix-animation-input-array" count="121"><param name="TIME" type="float"/></accessor></technique_common></source><source id="root_soilbag-Matrix-animation-output-transform"><float_array id="root_soilbag-Matrix-animation-output-transform-array" count="1936">

0.998206 -0.059865 -0.000000 1.137497 0.026699 0.445183 0.895042 0.071695 -0.053581 -0.893436 0.445983 -0.084106 0.000000 0.000000 0.000000 1.000000
0.998206 -0.059865 -0.000000 1.137497 0.026699 0.445183 0.895042 0.071695 -0.053581 -0.893436 0.445983 -0.084106 0.000000 0.000000 0.000000 1.000000
0.998206 -0.059865 -0.000000 1.137497 0.026699 0.445183 0.895042 0.071695 -0.053581 -0.893436 0.445983 -0.084106 0.000000 0.000000 0.000000 1.000000
0.998206 -0.059865 -0.000000 1.137497 0.026699 0.445183 0.895042 0.071695 -0.053581 -0.893436 0.445983 -0.084106 0.000000 0.000000 0.000000 1.000000
0.998206 -0.059865 -0.000000 1.137497 0.026699 0.445183 0.895042 0.071695 -0.053581 -0.893436 0.445983 -0.084106 0.000000 0.000000 0.000000 1.000000
0.998206 -0.059865 -0.000000 1.137497 0.026699 0.445183 0.895042 0.071695 -0.053581 -0.893436 0.445983 -0.084106 0.000000 0.000000 0.000000 1.000000
0.998206 -0.059865 -0.000000 1.137497 0.026699 0.445183 0.895042 0.071695 -0.053581 -0.893436 0.445983 -0.084106 0.000000 0.000000 0.000000 1.000000
0.998206 -0.059865 -0.000000 1.137497 0.026699 0.445183 0.895042 0.071695 -0.053581 -0.893436 0.445983 -0.084106 0.000000 0.000000 0.000000 1.000000
0.998206 -0.059865 -0.000000 1.137497 0.026699 0.445183 0.895042 0.071695 -0.053581 -0.893436 0.445983 -0.084106 0.000000 0.000000 0.000000 1.000000
0.998206 -0.059865 -0.000000 1.137497 0.026699 0.445183 0.895042 0.071695 -0.053581 -0.893436 0.445983 -0.084106 0.000000 0.000000 0.000000 1.000000
0.998206 -0.059865 -0.000000 1.137497 0.026699 0.445183 0.895042 0.071695 -0.053581 -0.893436 0.445983 -0.084106 0.000000 0.000000 0.000000 1.000000
0.998206 -0.059865 -0.000000 1.137497 0.026699 0.445183 0.895042 0.071695 -0.053581 -0.893436 0.445983 -0.084106 0.000000 0.000000 0.000000 1.000000
0.998206 -0.059865 -0.000000 1.137497 0.026699 0.445183 0.895042 0.071695 -0.053581 -0.893436 0.445983 -0.084106 0.000000 0.000000 0.000000 1.000000
0.998206 -0.059865 -0.000000 1.137497 0.026699 0.445183 0.895042 0.071695 -0.053581 -0.893436 0.445983 -0.084106 0.000000 0.000000 0.000000 1.000000
0.998206 -0.059865 -0.000000 1.137497 0.026699 0.445183 0.895042 0.071695 -0.053581 -0.893436 0.445983 -0.084106 0.000000 0.000000 0.000000 1.000000
0.998206 -0.059865 -0.000000 1.137497 0.026699 0.445183 0.895042 0.071695 -0.053581 -0.893436 0.445983 -0.084106 0.000000 0.000000 0.000000 1.000000
0.998206 -0.059865 -0.000000 1.137497 0.026699 0.445183 0.895042 0.071695 -0.053581 -0.893436 0.445983 -0.084106 0.000000 0.000000 0.000000 1.000000
0.998206 -0.059865 -0.000000 1.137497 0.026699 0.445183 0.895042 0.071695 -0.053581 -0.893436 0.445983 -0.084106 0.000000 0.000000 0.000000 1.000000
0.998206 -0.059865 -0.000000 1.137497 0.026699 0.445183 0.895042 0.071695 -0.053581 -0.893436 0.445983 -0.084106 0.000000 0.000000 0.000000 1.000000
0.998206 -0.059865 -0.000000 1.137497 0.026699 0.445183 0.895042 0.071695 -0.053581 -0.893436 0.445983 -0.084106 0.000000 0.000000 0.000000 1.000000
0.998206 -0.059865 -0.000000 1.137497 0.026699 0.445183 0.895042 0.071695 -0.053581 -0.893436 0.445983 -0.084106 0.000000 0.000000 0.000000 1.000000
0.998206 -0.059865 -0.000000 1.137497 0.026699 0.445183 0.895042 0.071695 -0.053581 -0.893436 0.445983 -0.084106 0.000000 0.000000 0.000000 1.000000
0.998206 -0.059865 -0.000000 1.137497 0.026699 0.445183 0.895042 0.071695 -0.053581 -0.893436 0.445983 -0.084106 0.000000 0.000000 0.000000 1.000000
0.998206 -0.059865 -0.000000 1.137497 0.026699 0.445183 0.895042 0.071695 -0.053581 -0.893436 0.445983 -0.084106 0.000000 0.000000 0.000000 1.000000
0.998206 -0.059865 -0.000000 1.137497 0.026699 0.445183 0.895042 0.071695 -0.053581 -0.893436 0.445983 -0.084106 0.000000 0.000000 0.000000 1.000000
0.998206 -0.059865 -0.000000 1.137497 0.026699 0.445183 0.895042 0.071695 -0.053581 -0.893436 0.445983 -0.084106 0.000000 0.000000 0.000000 1.000000
0.998206 -0.059865 -0.000000 1.137497 0.026699 0.445183 0.895042 0.071695 -0.053581 -0.893436 0.445983 -0.084106 0.000000 0.000000 0.000000 1.000000
0.998206 -0.059865 -0.000000 1.137497 0.026699 0.445183 0.895042 0.071695 -0.053581 -0.893436 0.445983 -0.084106 0.000000 0.000000 0.000000 1.000000
0.998206 -0.059865 -0.000000 1.137497 0.026699 0.445183 0.895042 0.071695 -0.053581 -0.893436 0.445983 -0.084106 0.000000 0.000000 0.000000 1.000000
0.998206 -0.059865 -0.000000 1.137497 0.026699 0.445183 0.895042 0.071695 -0.053581 -0.893436 0.445983 -0.084106 0.000000 0.000000 0.000000 1.000000
0.998206 -0.059865 -0.000000 1.137497 0.026699 0.445183 0.895042 0.071695 -0.053581 -0.893436 0.445983 -0.084106 0.000000 0.000000 0.000000 1.000000
0.998206 -0.059865 -0.000000 1.137497 0.026699 0.445183 0.895042 0.071695 -0.053581 -0.893436 0.445983 -0.084106 0.000000 0.000000 0.000000 1.000000
0.998206 -0.059865 -0.000000 1.137497 0.026699 0.445183 0.895042 0.071695 -0.053581 -0.893436 0.445983 -0.084106 0.000000 0.000000 0.000000 1.000000
0.998206 -0.059865 -0.000000 1.137497 0.026699 0.445183 0.895042 0.071695 -0.053581 -0.893436 0.445983 -0.084106 0.000000 0.000000 0.000000 1.000000
0.998206 -0.059865 -0.000000 1.137497 0.026699 0.445183 0.895042 0.071695 -0.053581 -0.893436 0.445983 -0.084106 0.000000 0.000000 0.000000 1.000000
0.998206 -0.059865 -0.000000 1.137497 0.026699 0.445183 0.895042 0.071695 -0.053581 -0.893436 0.445983 -0.084106 0.000000 0.000000 0.000000 1.000000
0.998206 -0.059865 -0.000000 1.137497 0.026699 0.445183 0.895042 0.071695 -0.053581 -0.893436 0.445983 -0.084106 0.000000 0.000000 0.000000 1.000000
0.998206 -0.059865 -0.000000 1.137497 0.026699 0.445183 0.895042 0.071695 -0.053581 -0.893436 0.445983 -0.084106 0.000000 0.000000 0.000000 1.000000
0.998206 -0.059865 -0.000000 1.137497 0.026699 0.445183 0.895042 0.071695 -0.053581 -0.893436 0.445983 -0.084106 0.000000 0.000000 0.000000 1.000000
0.998206 -0.059865 -0.000000 1.137497 0.026699 0.445183 0.895042 0.071695 -0.053581 -0.893436 0.445983 -0.084106 0.000000 0.000000 0.000000 1.000000
0.998206 -0.059865 -0.000000 1.137497 0.026699 0.445183 0.895042 0.071695 -0.053581 -0.893436 0.445983 -0.084106 0.000000 0.000000 0.000000 1.000000
0.998206 -0.059865 -0.000000 1.137497 0.026699 0.445183 0.895042 0.071695 -0.053581 -0.893436 0.445983 -0.084106 0.000000 0.000000 0.000000 1.000000
0.998206 -0.059865 -0.000000 1.137497 0.026699 0.445183 0.895042 0.071695 -0.053581 -0.893436 0.445983 -0.084106 0.000000 0.000000 0.000000 1.000000
0.998206 -0.059865 -0.000000 1.137497 0.026699 0.445183 0.895042 0.071695 -0.053581 -0.893436 0.445983 -0.084106 0.000000 0.000000 0.000000 1.000000
0.998206 -0.059865 -0.000000 1.137497 0.026699 0.445183 0.895042 0.071695 -0.053581 -0.893436 0.445983 -0.084106 0.000000 0.000000 0.000000 1.000000
0.998206 -0.059865 -0.000000 1.137497 0.026699 0.445183 0.895042 0.071695 -0.053581 -0.893436 0.445983 -0.084106 0.000000 0.000000 0.000000 1.000000
0.998206 -0.059865 -0.000000 1.137497 0.026699 0.445183 0.895042 0.071695 -0.053581 -0.893436 0.445983 -0.084106 0.000000 0.000000 0.000000 1.000000
0.998206 -0.059865 -0.000000 1.137497 0.026699 0.445183 0.895042 0.071695 -0.053581 -0.893436 0.445983 -0.084106 0.000000 0.000000 0.000000 1.000000
0.998206 -0.059865 -0.000000 1.137497 0.026699 0.445183 0.895042 0.071695 -0.053581 -0.893436 0.445983 -0.084106 0.000000 0.000000 0.000000 1.000000
0.998206 -0.059865 -0.000000 1.137497 0.026699 0.445183 0.895042 0.071695 -0.053581 -0.893436 0.445983 -0.084106 0.000000 0.000000 0.000000 1.000000
0.998206 -0.059865 -0.000000 1.137497 0.026699 0.445183 0.895042 0.071695 -0.053581 -0.893436 0.445983 -0.084106 0.000000 0.000000 0.000000 1.000000
0.998206 -0.059865 -0.000000 1.137497 0.026699 0.445183 0.895042 0.071695 -0.053581 -0.893436 0.445983 -0.084106 0.000000 0.000000 0.000000 1.000000
0.998206 -0.059865 -0.000000 1.137497 0.026699 0.445183 0.895042 0.071695 -0.053581 -0.893436 0.445983 -0.084106 0.000000 0.000000 0.000000 1.000000
0.998206 -0.059865 -0.000000 1.137497 0.026699 0.445183 0.895042 0.071695 -0.053581 -0.893436 0.445983 -0.084106 0.000000 0.000000 0.000000 1.000000
0.998206 -0.059865 -0.000000 1.137497 0.026699 0.445183 0.895042 0.071695 -0.053581 -0.893436 0.445983 -0.084106 0.000000 0.000000 0.000000 1.000000
0.998206 -0.059865 -0.000000 1.137497 0.026699 0.445183 0.895042 0.071695 -0.053581 -0.893436 0.445983 -0.084106 0.000000 0.000000 0.000000 1.000000
0.998206 -0.059865 -0.000000 1.137497 0.026699 0.445183 0.895042 0.071695 -0.053581 -0.893436 0.445983 -0.084106 0.000000 0.000000 0.000000 1.000000
0.998206 -0.059865 -0.000000 1.137497 0.026699 0.445183 0.895042 0.071695 -0.053581 -0.893436 0.445983 -0.084106 0.000000 0.000000 0.000000 1.000000
0.998206 -0.059865 -0.000000 1.137497 0.026699 0.445183 0.895042 0.071695 -0.053581 -0.893436 0.445983 -0.084106 0.000000 0.000000 0.000000 1.000000
0.998206 -0.059865 -0.000000 1.137497 0.026699 0.445183 0.895042 0.071695 -0.053581 -0.893436 0.445983 -0.084106 0.000000 0.000000 0.000000 1.000000
0.998206 -0.059865 -0.000000 1.137497 0.026699 0.445183 0.895042 0.071695 -0.053581 -0.893436 0.445983 -0.084106 0.000000 0.000000 0.000000 1.000000
0.998206 -0.059865 -0.000000 1.137497 0.026699 0.445183 0.895042 0.071695 -0.053581 -0.893436 0.445983 -0.084106 0.000000 0.000000 0.000000 1.000000
0.998206 -0.059865 -0.000000 1.137497 0.026699 0.445183 0.895042 0.071695 -0.053581 -0.893436 0.445983 -0.084106 0.000000 0.000000 0.000000 1.000000
0.998206 -0.059865 -0.000000 1.137497 0.026699 0.445183 0.895042 0.071695 -0.053581 -0.893436 0.445983 -0.084106 0.000000 0.000000 0.000000 1.000000
0.998206 -0.059865 -0.000000 1.137497 0.026699 0.445183 0.895042 0.071695 -0.053581 -0.893436 0.445983 -0.084106 0.000000 0.000000 0.000000 1.000000
0.998206 -0.059865 -0.000000 1.137497 0.026699 0.445183 0.895042 0.071695 -0.053581 -0.893436 0.445983 -0.084106 0.000000 0.000000 0.000000 1.000000
0.998206 -0.059865 -0.000000 1.137497 0.026699 0.445183 0.895042 0.071695 -0.053581 -0.893436 0.445983 -0.084106 0.000000 0.000000 0.000000 1.000000
0.998206 -0.059865 -0.000000 1.137497 0.026699 0.445183 0.895042 0.071695 -0.053581 -0.893436 0.445983 -0.084106 0.000000 0.000000 0.000000 1.000000
0.998206 -0.059865 -0.000000 1.137497 0.026699 0.445183 0.895042 0.071695 -0.053581 -0.893436 0.445983 -0.084106 0.000000 0.000000 0.000000 1.000000
0.998206 -0.059865 -0.000000 1.137497 0.026699 0.445183 0.895042 0.071695 -0.053581 -0.893436 0.445983 -0.084106 0.000000 0.000000 0.000000 1.000000
0.998206 -0.059865 -0.000000 1.137497 0.026699 0.445183 0.895042 0.071695 -0.053581 -0.893436 0.445983 -0.084106 0.000000 0.000000 0.000000 1.000000
0.998206 -0.059865 -0.000000 1.137497 0.026699 0.445183 0.895042 0.071695 -0.053581 -0.893436 0.445983 -0.084106 0.000000 0.000000 0.000000 1.000000
0.998206 -0.059865 -0.000000 1.137497 0.026699 0.445183 0.895042 0.071695 -0.053581 -0.893436 0.445983 -0.084106 0.000000 0.000000 0.000000 1.000000
0.998206 -0.059865 -0.000000 1.137497 0.026699 0.445183 0.895042 0.071695 -0.053581 -0.893436 0.445983 -0.084106 0.000000 0.000000 0.000000 1.000000
0.998206 -0.059865 -0.000000 1.137497 0.026699 0.445183 0.895042 0.071695 -0.053581 -0.893436 0.445983 -0.084106 0.000000 0.000000 0.000000 1.000000
0.998206 -0.059865 -0.000000 1.137497 0.026699 0.445183 0.895042 0.071695 -0.053581 -0.893436 0.445983 -0.084106 0.000000 0.000000 0.000000 1.000000
0.998206 -0.059865 -0.000000 1.137497 0.026699 0.445183 0.895042 0.071695 -0.053581 -0.893436 0.445983 -0.084106 0.000000 0.000000 0.000000 1.000000
0.998206 -0.059865 -0.000000 1.137497 0.026699 0.445183 0.895042 0.071695 -0.053581 -0.893436 0.445983 -0.084106 0.000000 0.000000 0.000000 1.000000
0.998206 -0.059865 -0.000000 1.137497 0.026699 0.445183 0.895042 0.071695 -0.053581 -0.893436 0.445983 -0.084106 0.000000 0.000000 0.000000 1.000000
0.998206 -0.059865 -0.000000 1.137497 0.026699 0.445183 0.895042 0.071695 -0.053581 -0.893436 0.445983 -0.084106 0.000000 0.000000 0.000000 1.000000
0.998206 -0.059865 -0.000000 1.137497 0.026699 0.445183 0.895042 0.071695 -0.053581 -0.893436 0.445983 -0.084106 0.000000 0.000000 0.000000 1.000000
0.998206 -0.059865 -0.000000 1.137497 0.026699 0.445183 0.895042 0.071695 -0.053581 -0.893436 0.445983 -0.084106 0.000000 0.000000 0.000000 1.000000
0.998206 -0.059865 -0.000000 1.137497 0.026699 0.445183 0.895042 0.071695 -0.053581 -0.893436 0.445983 -0.084106 0.000000 0.000000 0.000000 1.000000
0.998206 -0.059865 -0.000000 1.137497 0.026699 0.445183 0.895042 0.071695 -0.053581 -0.893436 0.445983 -0.084106 0.000000 0.000000 0.000000 1.000000
0.998206 -0.059865 -0.000000 1.137497 0.026699 0.445183 0.895042 0.071695 -0.053581 -0.893436 0.445983 -0.084106 0.000000 0.000000 0.000000 1.000000
0.998206 -0.059865 -0.000000 1.137497 0.026699 0.445183 0.895042 0.071695 -0.053581 -0.893436 0.445983 -0.084106 0.000000 0.000000 0.000000 1.000000
0.998206 -0.059865 -0.000000 1.137497 0.026699 0.445183 0.895042 0.071695 -0.053581 -0.893436 0.445983 -0.084106 0.000000 0.000000 0.000000 1.000000
0.998206 -0.059865 -0.000000 1.137497 0.026699 0.445183 0.895042 0.071695 -0.053581 -0.893436 0.445983 -0.084106 0.000000 0.000000 0.000000 1.000000
0.998206 -0.059865 -0.000000 1.137497 0.026699 0.445183 0.895042 0.071695 -0.053581 -0.893436 0.445983 -0.084106 0.000000 0.000000 0.000000 1.000000
0.998206 -0.059865 -0.000000 1.137497 0.026699 0.445183 0.895042 0.071695 -0.053581 -0.893436 0.445983 -0.084106 0.000000 0.000000 0.000000 1.000000
0.998206 -0.059865 -0.000000 1.137497 0.026699 0.445183 0.895042 0.071695 -0.053581 -0.893436 0.445983 -0.084106 0.000000 0.000000 0.000000 1.000000
0.998206 -0.059865 -0.000000 1.137497 0.026699 0.445183 0.895042 0.071695 -0.053581 -0.893436 0.445983 -0.084106 0.000000 0.000000 0.000000 1.000000
0.998206 -0.059865 -0.000000 1.137497 0.026699 0.445183 0.895042 0.071695 -0.053581 -0.893436 0.445983 -0.084106 0.000000 0.000000 0.000000 1.000000
0.998206 -0.059865 -0.000000 1.137497 0.026699 0.445183 0.895042 0.071695 -0.053581 -0.893436 0.445983 -0.084106 0.000000 0.000000 0.000000 1.000000
0.998206 -0.059865 -0.000000 1.137497 0.026699 0.445183 0.895042 0.071695 -0.053581 -0.893436 0.445983 -0.084106 0.000000 0.000000 0.000000 1.000000
0.998206 -0.059865 -0.000000 1.137497 0.026699 0.445183 0.895042 0.071695 -0.053581 -0.893436 0.445983 -0.084106 0.000000 0.000000 0.000000 1.000000
0.998206 -0.059865 -0.000000 1.137497 0.026699 0.445183 0.895042 0.071695 -0.053581 -0.893436 0.445983 -0.084106 0.000000 0.000000 0.000000 1.000000
0.998206 -0.059865 -0.000000 1.137497 0.026699 0.445183 0.895042 0.071695 -0.053581 -0.893436 0.445983 -0.084106 0.000000 0.000000 0.000000 1.000000
0.998206 -0.059865 -0.000000 1.137497 0.026699 0.445183 0.895042 0.071695 -0.053581 -0.893436 0.445983 -0.084106 0.000000 0.000000 0.000000 1.000000
0.998206 -0.059865 -0.000000 1.137497 0.026699 0.445183 0.895042 0.071695 -0.053581 -0.893436 0.445983 -0.084106 0.000000 0.000000 0.000000 1.000000
0.998206 -0.059865 -0.000000 1.137497 0.026699 0.445183 0.895042 0.071695 -0.053581 -0.893436 0.445983 -0.084106 0.000000 0.000000 0.000000 1.000000
0.998206 -0.059865 -0.000000 1.137497 0.026699 0.445183 0.895042 0.071695 -0.053581 -0.893436 0.445983 -0.084106 0.000000 0.000000 0.000000 1.000000
0.998206 -0.059865 -0.000000 1.137497 0.026699 0.445183 0.895042 0.071695 -0.053581 -0.893436 0.445983 -0.084106 0.000000 0.000000 0.000000 1.000000
0.998206 -0.059865 -0.000000 1.137497 0.026699 0.445183 0.895042 0.071695 -0.053581 -0.893436 0.445983 -0.084106 0.000000 0.000000 0.000000 1.000000
0.998206 -0.059865 -0.000000 1.137497 0.026699 0.445183 0.895042 0.071695 -0.053581 -0.893436 0.445983 -0.084106 0.000000 0.000000 0.000000 1.000000
0.998206 -0.059865 -0.000000 1.137497 0.026699 0.445183 0.895042 0.071695 -0.053581 -0.893436 0.445983 -0.084106 0.000000 0.000000 0.000000 1.000000
0.998206 -0.059865 -0.000000 1.137497 0.026699 0.445183 0.895042 0.071695 -0.053581 -0.893436 0.445983 -0.084106 0.000000 0.000000 0.000000 1.000000
0.998206 -0.059865 -0.000000 1.137497 0.026699 0.445183 0.895042 0.071695 -0.053581 -0.893436 0.445983 -0.084106 0.000000 0.000000 0.000000 1.000000
0.998206 -0.059865 -0.000000 1.137497 0.026699 0.445183 0.895042 0.071695 -0.053581 -0.893436 0.445983 -0.084106 0.000000 0.000000 0.000000 1.000000
0.998206 -0.059865 -0.000000 1.137497 0.026699 0.445183 0.895042 0.071695 -0.053581 -0.893436 0.445983 -0.084106 0.000000 0.000000 0.000000 1.000000
0.998206 -0.059865 -0.000000 1.137497 0.026699 0.445183 0.895042 0.071695 -0.053581 -0.893436 0.445983 -0.084106 0.000000 0.000000 0.000000 1.000000
0.998206 -0.059865 -0.000000 1.137497 0.026699 0.445183 0.895042 0.071695 -0.053581 -0.893436 0.445983 -0.084106 0.000000 0.000000 0.000000 1.000000
0.998206 -0.059865 -0.000000 1.137497 0.026699 0.445183 0.895042 0.071695 -0.053581 -0.893436 0.445983 -0.084106 0.000000 0.000000 0.000000 1.000000
0.998206 -0.059865 -0.000000 1.137497 0.026699 0.445183 0.895042 0.071695 -0.053581 -0.893436 0.445983 -0.084106 0.000000 0.000000 0.000000 1.000000
0.998206 -0.059865 -0.000000 1.137497 0.026699 0.445183 0.895042 0.071695 -0.053581 -0.893436 0.445983 -0.084106 0.000000 0.000000 0.000000 1.000000
0.998206 -0.059865 -0.000000 1.137497 0.026699 0.445183 0.895042 0.071695 -0.053581 -0.893436 0.445983 -0.084106 0.000000 0.000000 0.000000 1.000000
0.998206 -0.059865 -0.000000 1.137497 0.026699 0.445183 0.895042 0.071695 -0.053581 -0.893436 0.445983 -0.084106 0.000000 0.000000 0.000000 1.000000
0.998206 -0.059865 -0.000000 1.137497 0.026699 0.445183 0.895042 0.071695 -0.053581 -0.893436 0.445983 -0.084106 0.000000 0.000000 0.000000 1.000000
0.998206 -0.059865 -0.000000 1.137497 0.026699 0.445183 0.895042 0.071695 -0.053581 -0.893436 0.445983 -0.084106 0.000000 0.000000 0.000000 1.000000
0.998206 -0.059865 -0.000000 1.137497 0.026699 0.445183 0.895042 0.071695 -0.053581 -0.893436 0.445983 -0.084106 0.000000 0.000000 0.000000 1.000000
0.998206 -0.059865 -0.000000 1.137497 0.026699 0.445183 0.895042 0.071695 -0.053581 -0.893436 0.445983 -0.084106 0.000000 0.000000 0.000000 1.000000</float_array><technique_common><accessor source="#root_soilbag-Matrix-animation-output-transform-array" count="121" stride="16"><param type="float4x4"/></accessor></technique_common></source><source id="root_soilbag-Interpolations"><Name_array id="root_soilbag-Interpolations-array" count="121">
 LINEAR LINEAR LINEAR LINEAR LINEAR LINEAR LINEAR LINEAR LINEAR LINEAR LINEAR
LINEAR LINEAR LINEAR LINEAR LINEAR LINEAR LINEAR LINEAR LINEAR LINEAR LINEAR LINEAR
LINEAR LINEAR LINEAR LINEAR LINEAR LINEAR LINEAR LINEAR LINEAR LINEAR LINEAR LINEAR
LINEAR LINEAR LINEAR LINEAR LINEAR LINEAR LINEAR LINEAR LINEAR LINEAR LINEAR LINEAR
LINEAR LINEAR LINEAR LINEAR LINEAR LINEAR LINEAR LINEAR LINEAR LINEAR LINEAR LINEAR
LINEAR LINEAR LINEAR LINEAR LINEAR LINEAR LINEAR LINEAR LINEAR LINEAR LINEAR LINEAR
LINEAR LINEAR LINEAR LINEAR LINEAR LINEAR LINEAR LINEAR LINEAR LINEAR LINEAR LINEAR
LINEAR LINEAR LINEAR LINEAR LINEAR LINEAR LINEAR LINEAR LINEAR LINEAR LINEAR LINEAR
LINEAR LINEAR LINEAR LINEAR LINEAR LINEAR LINEAR LINEAR LINEAR LINEAR LINEAR LINEAR
LINEAR LINEAR LINEAR LINEAR LINEAR LINEAR LINEAR LINEAR LINEAR LINEAR LINEAR LINEAR
LINEAR LINEAR</Name_array><technique_common><accessor source="#root_soilbag-Interpolations-array" count="121"><param type="name"/></accessor></technique_common></source><sampler id="root_soilbag-Matrix-animation-transform"><input semantic="INPUT" source="#root_soilbag-Matrix-animation-input"/><input semantic="OUTPUT" source="#root_soilbag-Matrix-animation-output-transform"/><input semantic="INTERPOLATION" source="#root_soilbag-Interpolations"/></sampler><channel source="#root_soilbag-Matrix-animation-transform" target="root_soilbag/matrix"/></animation></animation>
    <animation id="jnt_back01-anim" name="jnt_back01"><animation><source id="jnt_back01-Matrix-animation-input"><float_array id="jnt_back01-Matrix-animation-input-array" count="121">

0.000000 0.033333 0.066667 0.100000 0.133333 0.166667 0.200000 0.233333 0.266667 0.300000 0.333333 0.366667 0.400000 0.433333 0.466667 0.500000
0.533333 0.566667 0.600000 0.633333 0.666667 0.700000 0.733333 0.766667 0.800000 0.833333 0.866667 0.900000 0.933333 0.966667 1.000000 1.033333
1.066667 1.100000 1.133333 1.166667 1.200000 1.233333 1.266667 1.300000 1.333333 1.366667 1.400000 1.433333 1.466667 1.500000 1.533333 1.566667
1.600000 1.633333 1.666667 1.700000 1.733333 1.766667 1.800000 1.833333 1.866667 1.900000 1.933333 1.966667 2.000000 2.033333 2.066667 2.100000
2.133333 2.166667 2.200000 2.233333 2.266667 2.300000 2.333333 2.366667 2.400000 2.433333 2.466667 2.500000 2.533333 2.566667 2.600000 2.633333
2.666667 2.700000 2.733333 2.766667 2.800000 2.833333 2.866667 2.900000 2.933333 2.966667 3.000000 3.033333 3.066667 3.100000 3.133333 3.166667
3.200000 3.233333 3.266667 3.300000 3.333333 3.366667 3.400000 3.433333 3.466667 3.500000 3.533333 3.566667 3.600000 3.633333 3.666667 3.700000
3.733333 3.766667 3.800000 3.833333 3.866667 3.900000 3.933333 3.966667 4.000000</float_array><technique_common><accessor source="#jnt_back01-Matrix-animation-input-array" count="121"><param name="TIME" type="float"/></accessor></technique_common></source><source id="jnt_back01-Matrix-animation-output-transform"><float_array id="jnt_back01-Matrix-animation-output-transform-array" count="1936">

1.000000 -0.000000 -0.000000 0.047379 0.000000 0.612587 0.790403 -0.433586 -0.000000 -0.790403 0.612587 -0.723190 0.000000 0.000000 0.000000 1.000000
1.000000 -0.000000 -0.000000 0.047379 0.000000 0.612482 0.790484 -0.434146 -0.000000 -0.790484 0.612482 -0.722467 0.000000 0.000000 0.000000 1.000000
1.000000 -0.000000 -0.000000 0.047379 0.000000 0.612174 0.790723 -0.435769 -0.000000 -0.790723 0.612174 -0.720373 0.000000 0.000000 0.000000 1.000000
1.000000 -0.000000 -0.000000 0.047379 0.000000 0.611668 0.791115 -0.438365 -0.000000 -0.791115 0.611668 -0.717024 0.000000 0.000000 0.000000 1.000000
1.000000 -0.000000 -0.000000 0.047379 0.000000 0.610972 0.791652 -0.441846 -0.000000 -0.791652 0.610972 -0.712532 0.000000 0.000000 0.000000 1.000000
1.000000 -0.000000 -0.000000 0.047379 0.000000 0.610094 0.792329 -0.446123 -0.000000 -0.792329 0.610094 -0.707013 0.000000 0.000000 0.000000 1.000000
1.000000 -0.000000 -0.000000 0.047379 0.000000 0.609039 0.793140 -0.451108 -0.000000 -0.793140 0.609039 -0.700581 0.000000 0.000000 0.000000 1.000000
1.000000 -0.000000 -0.000000 0.047379 0.000000 0.607816 0.794078 -0.456713 -0.000000 -0.794078 0.607816 -0.693349 0.000000 0.000000 0.000000 1.000000
1.000000 -0.000000 -0.000000 0.047379 0.000000 0.606431 0.795136 -0.462849 -0.000000 -0.795136 0.606431 -0.685432 0.000000 0.000000 0.000000 1.000000
1.000000 -0.000000 -0.000000 0.047379 0.000000 0.604890 0.796309 -0.469428 -0.000000 -0.796309 0.604890 -0.676944 0.000000 0.000000 0.000000 1.000000
1.000000 -0.000000 -0.000000 0.047379 0.000000 0.603202 0.797589 -0.476360 -0.000000 -0.797589 0.603202 -0.667999 0.000000 0.000000 0.000000 1.000000
1.000000 -0.000000 -0.000000 0.047379 0.000000 0.601371 0.798970 -0.483558 -0.000000 -0.798970 0.601371 -0.658712 0.000000 0.000000 0.000000 1.000000
1.000000 -0.000000 -0.000000 0.047379 0.000000 0.599406 0.800445 -0.490933 -0.000000 -0.800445 0.599406 -0.649196 0.000000 0.000000 0.000000 1.000000
1.000000 -0.000000 -0.000000 0.047379 0.000000 0.597313 0.802008 -0.498397 -0.000000 -0.802008 0.597313 -0.639566 0.000000 0.000000 0.000000 1.000000
1.000000 -0.000000 -0.000000 0.047379 0.000000 0.595099 0.803652 -0.505860 -0.000000 -0.803652 0.595099 -0.629936 0.000000 0.000000 0.000000 1.000000
1.000000 -0.000000 -0.000000 0.047379 0.000000 0.592771 0.805371 -0.513235 -0.000000 -0.805371 0.592771 -0.620421 0.000000 0.000000 0.000000 1.000000
1.000000 -0.000000 -0.000000 0.047379 0.000000 0.590335 0.807158 -0.520433 -0.000000 -0.807158 0.590335 -0.611134 0.000000 0.000000 0.000000 1.000000
1.000000 -0.000000 -0.000000 0.047379 0.000000 0.587799 0.809007 -0.527365 -0.000000 -0.809007 0.587799 -0.602189 0.000000 0.000000 0.000000 1.000000
1.000000 -0.000000 -0.000000 0.047379 0.000000 0.585170 0.810911 -0.533944 -0.000000 -0.810911 0.585170 -0.593701 0.000000 0.000000 0.000000 1.000000
1.000000 -0.000000 -0.000000 0.047379 0.000000 0.582454 0.812864 -0.540080 -0.000000 -0.812864 0.582454 -0.585784 0.000000 0.000000 0.000000 1.000000
1.000000 -0.000000 -0.000000 0.047379 0.000000 0.579659 0.814859 -0.545685 -0.000000 -0.814859 0.579659 -0.578552 0.000000 0.000000 0.000000 1.000000
1.000000 -0.000000 -0.000000 0.047379 0.000000 0.576792 0.816891 -0.550670 -0.000000 -0.816891 0.576792 -0.572119 0.000000 0.000000 0.000000 1.000000
1.000000 -0.000000 -0.000000 0.047379 0.000000 0.573860 0.818953 -0.554948 -0.000000 -0.818953 0.573860 -0.566600 0.000000 0.000000 0.000000 1.000000
1.000000 -0.000000 -0.000000 0.047379 0.000000 0.570871 0.821040 -0.558429 -0.000000 -0.821040 0.570871 -0.562109 0.000000 0.000000 0.000000 1.000000
1.000000 -0.000000 -0.000000 0.047379 0.000000 0.567832 0.823145 -0.561025 -0.000000 -0.823145 0.567832 -0.558759 0.000000 0.000000 0.000000 1.000000
1.000000 -0.000000 -0.000000 0.047379 0.000000 0.564750 0.825262 -0.562647 -0.000000 -0.825262 0.564750 -0.556666 0.000000 0.000000 0.000000 1.000000
1.000000 -0.000000 -0.000000 0.047379 0.000000 0.561632 0.827387 -0.563208 -0.000000 -0.827387 0.561632 -0.555943 0.000000 0.000000 0.000000 1.000000
1.000000 -0.000000 -0.000000 0.047379 0.000000 0.558488 0.829513 -0.563164 -0.000000 -0.829513 0.558488 -0.555999 0.000000 0.000000 0.000000 1.000000
1.000000 -0.000000 -0.000000 0.047379 0.000000 0.555323 0.831635 -0.563034 -0.000000 -0.831635 0.555323 -0.556167 0.000000 0.000000 0.000000 1.000000
1.000000 -0.000000 -0.000000 0.047379 0.000000 0.552147 0.833747 -0.562820 -0.000000 -0.833747 0.552147 -0.556443 0.000000 0.000000 0.000000 1.000000
1.000000 -0.000000 -0.000000 0.047379 0.000000 0.548966 0.835844 -0.562523 -0.000000 -0.835844 0.548966 -0.556825 0.000000 0.000000 0.000000 1.000000
1.000000 -0.000000 -0.000000 0.047379 0.000000 0.545790 0.837922 -0.562146 -0.000000 -0.837922 0.545790 -0.557312 0.000000 0.000000 0.000000 1.000000
1.000000 -0.000000 -0.000000 0.047379 0.000000 0.542625 0.839975 -0.561691 -0.000000 -0.839975 0.542625 -0.557900 0.000000 0.000000 0.000000 1.000000
1.000000 -0.000000 -0.000000 0.047379 0.000000 0.539480 0.841998 -0.561158 -0.000000 -0.841998 0.539480 -0.558587 0.000000 0.000000 0.000000 1.000000
1.000000 -0.000000 -0.000000 0.047379 0.000000 0.536363 0.843987 -0.560551 -0.000000 -0.843987 0.536363 -0.559371 0.000000 0.000000 0.000000 1.000000
1.000000 -0.000000 -0.000000 0.047379 0.000000 0.533283 0.845937 -0.559870 -0.000000 -0.845937 0.533283 -0.560249 0.000000 0.000000 0.000000 1.000000
1.000000 -0.000000 -0.000000 0.047379 0.000000 0.530247 0.847843 -0.559119 -0.000000 -0.847843 0.530247 -0.561218 0.000000 0.000000 0.000000 1.000000
1.000000 -0.000000 -0.000000 0.047379 0.000000 0.527265 0.849701 -0.558298 -0.000000 -0.849701 0.527265 -0.562277 0.000000 0.000000 0.000000 1.000000
1.000000 -0.000000 -0.000000 0.047379 0.000000 0.524344 0.851507 -0.557410 -0.000000 -0.851507 0.524344 -0.563424 0.000000 0.000000 0.000000 1.000000
1.000000 -0.000000 -0.000000 0.047379 0.000000 0.521493 0.853256 -0.556456 -0.000000 -0.853256 0.521493 -0.564654 0.000000 0.000000 0.000000 1.000000
1.000000 -0.000000 -0.000000 0.047379 0.000000 0.518720 0.854944 -0.555438 -0.000000 -0.854944 0.518720 -0.565967 0.000000 0.000000 0.000000 1.000000
1.000000 -0.000000 -0.000000 0.047379 0.000000 0.516034 0.856568 -0.554359 -0.000000 -0.856568 0.516034 -0.567360 0.000000 0.000000 0.000000 1.000000
1.000000 -0.000000 -0.000000 0.047379 0.000000 0.513444 0.858123 -0.553220 -0.000000 -0.858123 0.513444 -0.568830 0.000000 0.000000 0.000000 1.000000
1.000000 -0.000000 -0.000000 0.047379 0.000000 0.510959 0.859605 -0.552022 -0.000000 -0.859605 0.510959 -0.570375 0.000000 0.000000 0.000000 1.000000
1.000000 -0.000000 -0.000000 0.047379 0.000000 0.508586 0.861011 -0.550769 -0.000000 -0.861011 0.508586 -0.571992 0.000000 0.000000 0.000000 1.000000
1.000000 -0.000000 -0.000000 0.047379 0.000000 0.506335 0.862337 -0.549461 -0.000000 -0.862337 0.506335 -0.573679 0.000000 0.000000 0.000000 1.000000
1.000000 -0.000000 -0.000000 0.047379 0.000000 0.504215 0.863578 -0.548101 -0.000000 -0.863578 0.504215 -0.575434 0.000000 0.000000 0.000000 1.000000
1.000000 -0.000000 -0.000000 0.047379 0.000000 0.502233 0.864732 -0.546690 -0.000000 -0.864732 0.502233 -0.577255 0.000000 0.000000 0.000000 1.000000
1.000000 -0.000000 -0.000000 0.047379 0.000000 0.500400 0.865794 -0.545231 -0.000000 -0.865794 0.500400 -0.579138 0.000000 0.000000 0.000000 1.000000
1.000000 -0.000000 -0.000000 0.047379 0.000000 0.498723 0.866761 -0.543724 -0.000000 -0.866761 0.498723 -0.581081 0.000000 0.000000 0.000000 1.000000
1.000000 -0.000000 -0.000000 0.047379 0.000000 0.497211 0.867630 -0.542173 -0.000000 -0.867630 0.497211 -0.583083 0.000000 0.000000 0.000000 1.000000
1.000000 -0.000000 -0.000000 0.047379 0.000000 0.495873 0.868395 -0.540579 -0.000000 -0.868395 0.495873 -0.585140 0.000000 0.000000 0.000000 1.000000
1.000000 -0.000000 -0.000000 0.047379 0.000000 0.494718 0.869054 -0.538943 -0.000000 -0.869054 0.494718 -0.587250 0.000000 0.000000 0.000000 1.000000
1.000000 -0.000000 -0.000000 0.047379 0.000000 0.493754 0.869602 -0.537268 -0.000000 -0.869602 0.493754 -0.589411 0.000000 0.000000 0.000000 1.000000
1.000000 -0.000000 -0.000000 0.047379 0.000000 0.492989 0.870036 -0.535556 -0.000000 -0.870036 0.492989 -0.591621 0.000000 0.000000 0.000000 1.000000
1.000000 -0.000000 -0.000000 0.047379 0.000000 0.492432 0.870351 -0.533808 -0.000000 -0.870351 0.492432 -0.593876 0.000000 0.000000 0.000000 1.000000
1.000000 -0.000000 -0.000000 0.047379 0.000000 0.492092 0.870543 -0.532027 -0.000000 -0.870543 0.492092 -0.596175 0.000000 0.000000 0.000000 1.000000
1.000000 -0.000000 -0.000000 0.047379 0.000000 0.491977 0.870608 -0.530213 -0.000000 -0.870608 0.491977 -0.598514 0.000000 0.000000 0.000000 1.000000
1.000000 -0.000000 -0.000000 0.047379 0.000000 0.493459 0.869769 -0.528370 -0.000000 -0.869769 0.493459 -0.600893 0.000000 0.000000 0.000000 1.000000
1.000000 -0.000000 -0.000000 0.047379 0.000000 0.497682 0.867360 -0.526498 -0.000000 -0.867360 0.497682 -0.603308 0.000000 0.000000 0.000000 1.000000
1.000000 -0.000000 -0.000000 0.047379 0.000000 0.504301 0.863528 -0.524601 -0.000000 -0.863528 0.504301 -0.605756 0.000000 0.000000 0.000000 1.000000
1.000000 -0.000000 -0.000000 0.047379 0.000000 0.512965 0.858409 -0.522678 -0.000000 -0.858409 0.512965 -0.608236 0.000000 0.000000 0.000000 1.000000
1.000000 -0.000000 -0.000000 0.047379 0.000000 0.523321 0.852136 -0.520734 -0.000000 -0.852136 0.523321 -0.610745 0.000000 0.000000 0.000000 1.000000
1.000000 -0.000000 -0.000000 0.047379 0.000000 0.535012 0.844844 -0.518769 -0.000000 -0.844844 0.535012 -0.613281 0.000000 0.000000 0.000000 1.000000
1.000000 -0.000000 -0.000000 0.047379 0.000000 0.547691 0.836681 -0.516785 -0.000000 -0.836681 0.547691 -0.615840 0.000000 0.000000 0.000000 1.000000
1.000000 -0.000000 -0.000000 0.047379 0.000000 0.561015 0.827806 -0.514784 -0.000000 -0.827806 0.561015 -0.618422 0.000000 0.000000 0.000000 1.000000
1.000000 -0.000000 -0.000000 0.047379 0.000000 0.574651 0.818399 -0.512769 -0.000000 -0.818399 0.574651 -0.621023 0.000000 0.000000 0.000000 1.000000
1.000000 -0.000000 -0.000000 0.047379 0.000000 0.588279 0.808658 -0.510740 -0.000000 -0.808658 0.588279 -0.623640 0.000000 0.000000 0.000000 1.000000
1.000000 -0.000000 -0.000000 0.047379 0.000000 0.601594 0.798802 -0.508700 -0.000000 -0.798802 0.601594 -0.626272 0.000000 0.000000 0.000000 1.000000
1.000000 -0.000000 -0.000000 0.047379 0.000000 0.614304 0.789069 -0.506650 -0.000000 -0.789069 0.614304 -0.628917 0.000000 0.000000 0.000000 1.000000
1.000000 -0.000000 -0.000000 0.047379 0.000000 0.626133 0.779716 -0.504593 -0.000000 -0.779716 0.626133 -0.631571 0.000000 0.000000 0.000000 1.000000
1.000000 -0.000000 -0.000000 0.047379 0.000000 0.636817 0.771015 -0.502531 -0.000000 -0.771015 0.636817 -0.634232 0.000000 0.000000 0.000000 1.000000
1.000000 -0.000000 -0.000000 0.047379 0.000000 0.646105 0.763248 -0.500465 -0.000000 -0.763248 0.646105 -0.636898 0.000000 0.000000 0.000000 1.000000
1.000000 -0.000000 -0.000000 0.047379 0.000000 0.653754 0.756707 -0.498397 -0.000000 -0.756707 0.653754 -0.639566 0.000000 0.000000 0.000000 1.000000
1.000000 -0.000000 -0.000000 0.047379 0.000000 0.659522 0.751685 -0.496328 -0.000000 -0.751685 0.659522 -0.642235 0.000000 0.000000 0.000000 1.000000
1.000000 -0.000000 -0.000000 0.047379 0.000000 0.663168 0.748470 -0.494262 -0.000000 -0.748470 0.663168 -0.644901 0.000000 0.000000 0.000000 1.000000
1.000000 -0.000000 -0.000000 0.047379 0.000000 0.664442 0.747340 -0.492200 -0.000000 -0.747340 0.664442 -0.647562 0.000000 0.000000 0.000000 1.000000
1.000000 -0.000000 -0.000000 0.047379 0.000000 0.664229 0.747529 -0.490143 -0.000000 -0.747529 0.664229 -0.650216 0.000000 0.000000 0.000000 1.000000
1.000000 -0.000000 -0.000000 0.047379 0.000000 0.663614 0.748075 -0.488093 -0.000000 -0.748075 0.663614 -0.652860 0.000000 0.000000 0.000000 1.000000
1.000000 -0.000000 -0.000000 0.047379 0.000000 0.662629 0.748947 -0.486053 -0.000000 -0.748947 0.662629 -0.655492 0.000000 0.000000 0.000000 1.000000
1.000000 -0.000000 -0.000000 0.047379 0.000000 0.661309 0.750114 -0.484025 -0.000000 -0.750114 0.661309 -0.658110 0.000000 0.000000 0.000000 1.000000
1.000000 -0.000000 -0.000000 0.047379 0.000000 0.659685 0.751542 -0.482009 -0.000000 -0.751542 0.659685 -0.660711 0.000000 0.000000 0.000000 1.000000
1.000000 -0.000000 -0.000000 0.047379 0.000000 0.657792 0.753200 -0.480008 -0.000000 -0.753200 0.657792 -0.663292 0.000000 0.000000 0.000000 1.000000
1.000000 -0.000000 -0.000000 0.047379 0.000000 0.655662 0.755055 -0.478024 -0.000000 -0.755055 0.655662 -0.665852 0.000000 0.000000 0.000000 1.000000
1.000000 -0.000000 -0.000000 0.047379 0.000000 0.653328 0.757075 -0.476059 -0.000000 -0.757075 0.653328 -0.668388 0.000000 0.000000 0.000000 1.000000
1.000000 -0.000000 -0.000000 0.047379 0.000000 0.650823 0.759229 -0.474115 -0.000000 -0.759229 0.650823 -0.670897 0.000000 0.000000 0.000000 1.000000
1.000000 -0.000000 -0.000000 0.047379 0.000000 0.648182 0.761485 -0.472193 -0.000000 -0.761485 0.648182 -0.673377 0.000000 0.000000 0.000000 1.000000
1.000000 -0.000000 -0.000000 0.047379 0.000000 0.645438 0.763812 -0.470295 -0.000000 -0.763812 0.645438 -0.675825 0.000000 0.000000 0.000000 1.000000
1.000000 -0.000000 -0.000000 0.047379 0.000000 0.642626 0.766180 -0.468423 -0.000000 -0.766180 0.642626 -0.678240 0.000000 0.000000 0.000000 1.000000
1.000000 -0.000000 -0.000000 0.047379 0.000000 0.639781 0.768557 -0.466580 -0.000000 -0.768557 0.639781 -0.680618 0.000000 0.000000 0.000000 1.000000
1.000000 -0.000000 -0.000000 0.047379 0.000000 0.636937 0.770916 -0.464767 -0.000000 -0.770916 0.636937 -0.682958 0.000000 0.000000 0.000000 1.000000
1.000000 -0.000000 -0.000000 0.047379 0.000000 0.634131 0.773225 -0.462985 -0.000000 -0.773225 0.634131 -0.685257 0.000000 0.000000 0.000000 1.000000
1.000000 -0.000000 -0.000000 0.047379 0.000000 0.631399 0.775458 -0.461237 -0.000000 -0.775458 0.631399 -0.687512 0.000000 0.000000 0.000000 1.000000
1.000000 -0.000000 -0.000000 0.047379 0.000000 0.628778 0.777585 -0.459525 -0.000000 -0.777585 0.628778 -0.689721 0.000000 0.000000 0.000000 1.000000
1.000000 -0.000000 -0.000000 0.047379 0.000000 0.626303 0.779580 -0.457850 -0.000000 -0.779580 0.626303 -0.691882 0.000000 0.000000 0.000000 1.000000
1.000000 -0.000000 -0.000000 0.047379 0.000000 0.624013 0.781414 -0.456214 -0.000000 -0.781414 0.624013 -0.693993 0.000000 0.000000 0.000000 1.000000
1.000000 -0.000000 -0.000000 0.047379 0.000000 0.621945 0.783061 -0.454620 -0.000000 -0.783061 0.621945 -0.696050 0.000000 0.000000 0.000000 1.000000
1.000000 -0.000000 -0.000000 0.047379 0.000000 0.620136 0.784494 -0.453069 -0.000000 -0.784494 0.620136 -0.698051 0.000000 0.000000 0.000000 1.000000
1.000000 -0.000000 -0.000000 0.047379 0.000000 0.618624 0.785687 -0.451563 -0.000000 -0.785687 0.618624 -0.699995 0.000000 0.000000 0.000000 1.000000
1.000000 -0.000000 -0.000000 0.047379 0.000000 0.617447 0.786613 -0.450103 -0.000000 -0.786613 0.617447 -0.701878 0.000000 0.000000 0.000000 1.000000
1.000000 -0.000000 -0.000000 0.047379 0.000000 0.616641 0.787244 -0.448692 -0.000000 -0.787244 0.616641 -0.703698 0.000000 0.000000 0.000000 1.000000
1.000000 -0.000000 -0.000000 0.047379 0.000000 0.616064 0.787696 -0.447332 -0.000000 -0.787696 0.616064 -0.705453 0.000000 0.000000 0.000000 1.000000
1.000000 -0.000000 -0.000000 0.047379 0.000000 0.615544 0.788102 -0.446024 -0.000000 -0.788102 0.615544 -0.707141 0.000000 0.000000 0.000000 1.000000
1.000000 -0.000000 -0.000000 0.047379 0.000000 0.615079 0.788466 -0.444771 -0.000000 -0.788466 0.615079 -0.708758 0.000000 0.000000 0.000000 1.000000
1.000000 -0.000000 -0.000000 0.047379 0.000000 0.614665 0.788788 -0.443574 -0.000000 -0.788788 0.614665 -0.710303 0.000000 0.000000 0.000000 1.000000
1.000000 -0.000000 -0.000000 0.047379 0.000000 0.614299 0.789073 -0.442434 -0.000000 -0.789073 0.614299 -0.711773 0.000000 0.000000 0.000000 1.000000
1.000000 -0.000000 -0.000000 0.047379 0.000000 0.613979 0.789322 -0.441355 -0.000000 -0.789322 0.613979 -0.713165 0.000000 0.000000 0.000000 1.000000
1.000000 -0.000000 -0.000000 0.047379 0.000000 0.613702 0.789538 -0.440337 -0.000000 -0.789538 0.613702 -0.714478 0.000000 0.000000 0.000000 1.000000
1.000000 -0.000000 -0.000000 0.047379 0.000000 0.613464 0.789723 -0.439384 -0.000000 -0.789723 0.613464 -0.715709 0.000000 0.000000 0.000000 1.000000
1.000000 -0.000000 -0.000000 0.047379 0.000000 0.613263 0.789879 -0.438495 -0.000000 -0.789879 0.613263 -0.716855 0.000000 0.000000 0.000000 1.000000
