<?xml version="1.0" encoding="utf-8"?>
<COLLADA xmlns="http://www.collada.org/2005/11/COLLADASchema" version="1.4.1">
  <asset><contributor><author></author><authoring_tool>FBX COLLADA exporter</authoring_tool><comments></comments></contributor><created>2020-02-26T11:05:39Z</created><keywords></keywords><modified>2020-02-26T11:05:39Z</modified><revision></revision><subject></subject><title></title><unit meter="0.010000" name="centimeter"></unit><up_axis>Y_UP</up_axis></asset>
  <library_animations>
    <animation id="root_soilbag-anim" name="root_soilbag"><animation><source id="root_soilbag-Matrix-animation-input"><float_array id="root_soilbag-Matrix-animation-input-array" count="19">

0.000000 0.033333 0.066667 0.100000 0.133333 0.166667 0.200000 0.233333 0.266667 0.300000 0.333333 0.366667 0.400000 0.433333 0.466667 0.500000
0.533333 0.566667 0.600000</float_array><technique_common><accessor source="#root_soilbag-Matrix-animation-input-array" count="19"><param name="TIME" type="float"/></accessor></technique_common></source><source id="root_soilbag-Matrix-animation-output-transform"><float_array id="root_soilbag-Matrix-animation-output-transform-array" count="304">

0.998206 -0.059865 -0.000000 1.137497 0.026699 0.445183 0.895042 0.071695 -0.053581 -0.893436 0.445983 -0.084106 0.000000 0.000000 0.000000 1.000000
0.998206 -0.059865 -0.000000 1.137497 0.026699 0.445183 0.895042 0.071695 -0.053581 -0.893436 0.445983 -0.084106 0.000000 0.000000 0.000000 1.000000
0.998206 -0.059865 -0.000000 1.137497 0.026699 0.445183 0.895042 0.071695 -0.053581 -0.893436 0.445983 -0.084106 0.000000 0.000000 0.000000 1.000000
0.998206 -0.059865 -0.000000 1.137497 0.026699 0.445183 0.895042 0.071695 -0.053581 -0.893436 0.445983 -0.084106 0.000000 0.000000 0.000000 1.000000
0.998206 -0.059865 -0.000000 1.137497 0.026699 0.445183 0.895042 0.071695 -0.053581 -0.893436 0.445983 -0.084106 0.000000 0.000000 0.000000 1.000000
0.998206 -0.059865 -0.000000 1.137497 0.026699 0.445183 0.895042 0.071695 -0.053581 -0.893436 0.445983 -0.084106 0.000000 0.000000 0.000000 1.000000
0.998206 -0.059865 -0.000000 1.137497 0.026699 0.445183 0.895042 0.071695 -0.053581 -0.893436 0.445983 -0.084106 0.000000 0.000000 0.000000 1.000000
0.998206 -0.059865 -0.000000 1.137497 0.026699 0.445183 0.895042 0.071695 -0.053581 -0.893436 0.445983 -0.084106 0.000000 0.000000 0.000000 1.000000
0.998206 -0.059865 -0.000000 1.137497 0.026699 0.445183 0.895042 0.071695 -0.053581 -0.893436 0.445983 -0.084106 0.000000 0.000000 0.000000 1.000000
0.998206 -0.059865 -0.000000 1.137497 0.026699 0.445183 0.895042 0.071695 -0.053581 -0.893436 0.445983 -0.084106 0.000000 0.000000 0.000000 1.000000
0.998206 -0.059865 -0.000000 1.137497 0.026699 0.445183 0.895042 0.071695 -0.053581 -0.893436 0.445983 -0.084106 0.000000 0.000000 0.000000 1.000000
0.998206 -0.059865 -0.000000 1.137497 0.026699 0.445183 0.895042 0.071695 -0.053581 -0.893436 0.445983 -0.084106 0.000000 0.000000 0.000000 1.000000
0.998206 -0.059865 -0.000000 1.137497 0.026699 0.445183 0.895042 0.071695 -0.053581 -0.893436 0.445983 -0.084106 0.000000 0.000000 0.000000 1.000000
0.998206 -0.059865 -0.000000 1.137497 0.026699 0.445183 0.895042 0.071695 -0.053581 -0.893436 0.445983 -0.084106 0.000000 0.000000 0.000000 1.000000
0.998206 -0.059865 -0.000000 1.137497 0.026699 0.445183 0.895042 0.071695 -0.053581 -0.893436 0.445983 -0.084106 0.000000 0.000000 0.000000 1.000000
0.998206 -0.059865 -0.000000 1.137497 0.026699 0.445183 0.895042 0.071695 -0.053581 -0.893436 0.445983 -0.084106 0.000000 0.000000 0.000000 1.000000
0.998206 -0.059865 -0.000000 1.137497 0.026699 0.445183 0.895042 0.071695 -0.053581 -0.893436 0.445983 -0.084106 0.000000 0.000000 0.000000 1.000000
0.998206 -0.059865 -0.000000 1.137497 0.026699 0.445183 0.895042 0.071695 -0.053581 -0.893436 0.445983 -0.084106 0.000000 0.000000 0.000000 1.000000
0.998206 -0.059865 -0.000000 1.137497 0.026699 0.445183 0.895042 0.071695 -0.053581 -0.893436 0.445983 -0.084106 0.000000 0.000000 0.000000 1.000000</float_array><technique_common><accessor source="#root_soilbag-Matrix-animation-output-transform-array" count="19" stride="16"><param type="float4x4"/></accessor></technique_common></source><source id="root_soilbag-Interpolations"><Name_array id="root_soilbag-Interpolations-array" count="19">
 LINEAR LINEAR LINEAR LINEAR LINEAR LINEAR LINEAR LINEAR LINEAR LINEAR LINEAR
LINEAR LINEAR LINEAR LINEAR LINEAR LINEAR LINEAR LINEAR</Name_array><technique_common><accessor source="#root_soilbag-Interpolations-array" count="19"><param type="name"/></accessor></technique_common></source><sampler id="root_soilbag-Matrix-animation-transform"><input semantic="INPUT" source="#root_soilbag-Matrix-animation-input"/><input semantic="OUTPUT" source="#root_soilbag-Matrix-animation-output-transform"/><input semantic="INTERPOLATION" source="#root_soilbag-Interpolations"/></sampler><channel source="#root_soilbag-Matrix-animation-transform" target="root_soilbag/matrix"/></animation></animation>
    <animation id="jnt_back01-anim" name="jnt_back01"><animation><source id="jnt_back01-Matrix-animation-input"><float_array id="jnt_back01-Matrix-animation-input-array" count="19">

0.000000 0.033333 0.066667 0.100000 0.133333 0.166667 0.200000 0.233333 0.266667 0.300000 0.333333 0.366667 0.400000 0.433333 0.466667 0.500000
0.533333 0.566667 0.600000</float_array><technique_common><accessor source="#jnt_back01-Matrix-animation-input-array" count="19"><param name="TIME" type="float"/></accessor></technique_common></source><source id="jnt_back01-Matrix-animation-output-transform"><float_array id="jnt_back01-Matrix-animation-output-transform-array" count="304">

1.000000 -0.000000 -0.000000 0.047379 0.000000 0.612587 0.790403 -0.433586 -0.000000 -0.790403 0.612587 -0.723190 0.000000 0.000000 0.000000 1.000000
0.999509 -0.006841 0.030580 0.047379 -0.019381 0.631914 0.774796 -0.433586 -0.024624 -0.775008 0.631471 -0.723190 0.000000 0.000000 0.000000 1.000000
0.994384 -0.016946 0.104471 0.047379 -0.065345 0.678187 0.731979 -0.433586 -0.083255 -0.734694 0.673270 -0.723190 0.000000 0.000000 0.000000 1.000000
0.981049 -0.017113 0.193003 0.047379 -0.119090 0.732480 0.670292 -0.433586 -0.152842 -0.680574 0.716560 -0.723190 0.000000 0.000000 0.000000 1.000000
0.963971 -0.007022 0.265914 0.047379 -0.162528 0.775812 0.609672 -0.433586 -0.210580 -0.630924 0.746720 -0.723190 0.000000 0.000000 0.000000 1.000000
0.955252 -0.000000 0.295792 0.047379 -0.180169 0.793086 0.581853 -0.433586 -0.234588 -0.609109 0.757598 -0.723190 0.000000 0.000000 0.000000 1.000000
0.959524 0.003382 0.281605 0.047379 -0.179511 0.777814 0.602314 -0.433586 -0.216999 -0.628486 0.746938 -0.723190 0.000000 0.000000 0.000000 1.000000
0.969472 0.017194 0.244598 0.047379 -0.177157 0.738791 0.650234 -0.433586 -0.169526 -0.673716 0.719283 -0.723190 0.000000 0.000000 0.000000 1.000000
0.979929 0.046834 0.193770 0.047379 -0.172381 0.687270 0.705652 -0.433586 -0.100124 -0.724891 0.681549 -0.723190 0.000000 0.000000 0.000000 1.000000
0.986200 0.093281 0.136780 0.047379 -0.164661 0.638632 0.751689 -0.433586 -0.017234 -0.763838 0.645178 -0.723190 0.000000 0.000000 0.000000 1.000000
0.985582 0.150850 0.076626 0.047379 -0.153992 0.612119 0.775626 -0.433586 0.070099 -0.776244 0.626524 -0.723190 0.000000 0.000000 0.000000 1.000000
0.978182 0.207421 0.011672 0.047379 -0.140955 0.621362 0.770741 -0.433586 0.152615 -0.755570 0.637042 -0.723190 0.000000 0.000000 0.000000 1.000000
0.966933 0.249222 -0.054113 0.047379 -0.126542 0.653076 0.746645 -0.433586 0.221421 -0.715108 0.663018 -0.723190 0.000000 0.000000 0.000000 1.000000
0.956812 0.269547 -0.108884 0.047379 -0.111845 0.687037 0.717963 -0.433586 0.268332 -0.674778 0.687512 -0.723190 0.000000 0.000000 0.000000 1.000000
0.953330 0.268963 -0.137192 0.047379 -0.097718 0.704774 0.702670 -0.433586 0.285681 -0.656470 0.698164 -0.723190 0.000000 0.000000 0.000000 1.000000
0.967312 0.225068 -0.116843 0.047379 -0.075719 0.696080 0.713960 -0.433586 0.242022 -0.681775 0.690369 -0.723190 0.000000 0.000000 0.000000 1.000000
0.988573 0.136236 -0.064525 0.047379 -0.043429 0.667287 0.743533 -0.433586 0.144353 -0.732235 0.665579 -0.723190 0.000000 0.000000 0.000000 1.000000
0.998888 0.043459 -0.018300 0.047379 -0.013257 0.631250 0.775466 -0.433586 0.045253 -0.774361 0.631123 -0.723190 0.000000 0.000000 0.000000 1.000000
1.000000 -0.000000 -0.000000 0.047379 0.000000 0.612587 0.790403 -0.433586 -0.000000 -0.790403 0.612587 -0.723190 0.000000 0.000000 0.000000 1.000000</float_array><technique_common><accessor source="#jnt_back01-Matrix-animation-output-transform-array" count="19" stride="16"><param type="float4x4"/></accessor></technique_common></source><source id="jnt_back01-Interpolations"><Name_array id="jnt_back01-Interpolations-array" count="19">
 LINEAR LINEAR LINEAR LINEAR LINEAR LINEAR LINEAR LINEAR LINEAR LINEAR LINEAR
LINEAR LINEAR LINEAR LINEAR LINEAR LINEAR LINEAR LINEAR</Name_array><technique_common><accessor source="#jnt_back01-Interpolations-array" count="19"><param type="name"/></accessor></technique_common></source><sampler id="jnt_back01-Matrix-animation-transform"><input semantic="INPUT" source="#jnt_back01-Matrix-animation-input"/><input semantic="OUTPUT" source="#jnt_back01-Matrix-animation-output-transform"/><input semantic="INTERPOLATION" source="#jnt_back01-Interpolations"/></sampler><channel source="#jnt_back01-Matrix-animation-transform" target="jnt_back01/matrix"/></animation></animation>
    <animation id="jnt_back02-anim" name="jnt_back02"><animation><source id="jnt_back02-Matrix-animation-input"><float_array id="jnt_back02-Matrix-animation-input-array" count="19">

0.000000 0.033333 0.066667 0.100000 0.133333 0.166667 0.200000 0.233333 0.266667 0.300000 0.333333 0.366667 0.400000 0.433333 0.466667 0.500000
0.533333 0.566667 0.600000</float_array><technique_common><accessor source="#jnt_back02-Matrix-animation-input-array" count="19"><param name="TIME" type="float"/></accessor></technique_common></source><source id="jnt_back02-Matrix-animation-output-transform"><float_array id="jnt_back02-Matrix-animation-output-transform-array" count="304">

1.000000 -0.000000 -0.000000 0.032862 0.000000 0.979325 0.202291 -0.082005 0.000000 -0.202291 0.979325 -1.084539 0.000000 0.000000 0.000000 1.000000
1.000000 -0.000000 0.000000 0.032862 0.000000 0.979325 0.202291 -0.082005 -0.000000 -0.202291 0.979325 -1.084539 0.000000 0.000000 0.000000 1.000000
1.000000 -0.000000 0.000000 0.032862 0.000000 0.979325 0.202291 -0.082005 -0.000000 -0.202291 0.979325 -1.084539 0.000000 0.000000 0.000000 1.000000
1.000000 -0.000000 0.000000 0.032862 0.000000 0.979325 0.202291 -0.082005 -0.000000 -0.202291 0.979325 -1.084539 0.000000 0.000000 0.000000 1.000000
1.000000 -0.000000 0.000000 0.032862 0.000000 0.979325 0.202291 -0.082005 -0.000000 -0.202291 0.979325 -1.084539 0.000000 0.000000 0.000000 1.000000
1.000000 -0.000000 0.000000 0.032862 0.000000 0.979325 0.202291 -0.082005 -0.000000 -0.202291 0.979325 -1.084539 0.000000 0.000000 0.000000 1.000000
1.000000 -0.000000 0.000000 0.032862 0.000000 0.979325 0.202291 -0.082005 -0.000000 -0.202291 0.979325 -1.084539 0.000000 0.000000 0.000000 1.000000
1.000000 -0.000000 -0.000000 0.032862 0.000000 0.979325 0.202291 -0.082005 0.000000 -0.202291 0.979325 -1.084539 0.000000 0.000000 0.000000 1.000000
1.000000 -0.000000 0.000000 0.032862 0.000000 0.979325 0.202291 -0.082005 -0.000000 -0.202291 0.979325 -1.084539 0.000000 0.000000 0.000000 1.000000
1.000000 -0.000000 0.000000 0.032862 0.000000 0.979325 0.202291 -0.082005 -0.000000 -0.202291 0.979325 -1.084539 0.000000 0.000000 0.000000 1.000000
1.000000 -0.000000 0.000000 0.032862 0.000000 0.979325 0.202291 -0.082005 -0.000000 -0.202291 0.979325 -1.084539 0.000000 0.000000 0.000000 1.000000
1.000000 -0.000000 0.000000 0.032862 0.000000 0.979325 0.202291 -0.082005 -0.000000 -0.202291 0.979325 -1.084539 0.000000 0.000000 0.000000 1.000000
1.000000 -0.000000 0.000000 0.032862 0.000000 0.979325 0.202291 -0.082005 -0.000000 -0.202291 0.979325 -1.084539 0.000000 0.000000 0.000000 1.000000
1.000000 -0.000000 0.000000 0.032862 0.000000 0.979325 0.202291 -0.082005 -0.000000 -0.202291 0.979325 -1.084539 0.000000 0.000000 0.000000 1.000000
1.000000 -0.000000 0.000000 0.032862 0.000000 0.979325 0.202291 -0.082005 -0.000000 -0.202291 0.979325 -1.084539 0.000000 0.000000 0.000000 1.000000
1.000000 -0.000000 0.000000 0.032862 0.000000 0.979325 0.202291 -0.082005 -0.000000 -0.202291 0.979325 -1.084539 0.000000 0.000000 0.000000 1.000000
1.000000 -0.000000 0.000000 0.032862 0.000000 0.979325 0.202291 -0.082005 -0.000000 -0.202291 0.979325 -1.084539 0.000000 0.000000 0.000000 1.000000
1.000000 -0.000000 0.000000 0.032862 0.000000 0.979325 0.202291 -0.082005 -0.000000 -0.202291 0.979325 -1.084539 0.000000 0.000000 0.000000 1.000000
1.000000 -0.000000 -0.000000 0.032862 0.000000 0.979325 0.202291 -0.082005 0.000000 -0.202291 0.979325 -1.084539 0.000000 0.000000 0.000000 1.000000</float_array><technique_common><accessor source="#jnt_back02-Matrix-animation-output-transform-array" count="19" stride="16"><param type="float4x4"/></accessor></technique_common></source><source id="jnt_back02-Interpolations"><Name_array id="jnt_back02-Interpolations-array" count="19">
 LINEAR LINEAR LINEAR LINEAR LINEAR LINEAR LINEAR LINEAR LINEAR LINEAR LINEAR
LINEAR LINEAR LINEAR LINEAR LINEAR LINEAR LINEAR LINEAR</Name_array><technique_common><accessor source="#jnt_back02-Interpolations-array" count="19"><param type="name"/></accessor></technique_common></source><sampler id="jnt_back02-Matrix-animation-transform"><input semantic="INPUT" source="#jnt_back02-Matrix-animation-input"/><input semantic="OUTPUT" source="#jnt_back02-Matrix-animation-output-transform"/><input semantic="INTERPOLATION" source="#jnt_back02-Interpolations"/></sampler><channel source="#jnt_back02-Matrix-animation-transform" target="jnt_back02/matrix"/></animation></animation>
    <animation id="jnt_front01-anim" name="jnt_front01"><animation><source id="jnt_front01-Matrix-animation-input"><float_array id="jnt_front01-Matrix-animation-input-array" count="19">

0.000000 0.033333 0.066667 0.100000 0.133333 0.166667 0.200000 0.233333 0.266667 0.300000 0.333333 0.366667 0.400000 0.433333 0.466667 0.500000
0.533333 0.566667 0.600000</float_array><technique_common><accessor source="#jnt_front01-Matrix-animation-input-array" count="19"><param name="TIME" type="float"/></accessor></technique_common></source><source id="jnt_front01-Matrix-animation-output-transform"><float_array id="jnt_front01-Matrix-animation-output-transform-array" count="304">

0.966984 0.133918 -0.216812 0.102005 -0.254327 0.560909 -0.787844 -0.778173 0.016106 0.816974 0.576449 0.778428 0.000000 0.000000 0.000000 1.000000
0.966984 0.114697 -0.227566 0.102005 -0.254327 0.490786 -0.833335 -0.778173 0.016106 0.863698 0.503753 0.778428 0.000000 0.000000 0.000000 1.000000
0.966984 0.069606 -0.245146 0.102005 -0.254327 0.324390 -0.911092 -0.778173 0.016106 0.943359 0.331382 0.778428 0.000000 0.000000 0.000000 1.000000
0.966984 0.022004 -0.253885 0.102005 -0.254327 0.146293 -0.955990 -0.778173 0.016106 0.988997 0.147059 0.778428 0.000000 0.000000 0.000000 1.000000
0.966984 -0.000000 -0.254836 0.102005 -0.254327 0.063200 -0.965051 -0.778173 0.016106 0.998001 0.061113 0.778428 0.000000 0.000000 0.000000 1.000000
0.966984 0.010087 -0.254637 0.102005 -0.254327 0.101349 -0.961793 -0.778173 0.016106 0.994800 0.100569 0.778428 0.000000 0.000000 0.000000 1.000000
0.966984 0.034048 -0.252552 0.102005 -0.254327 0.191570 -0.947955 -0.778173 0.016106 0.980888 0.193905 0.778428 0.000000 0.000000 0.000000 1.000000
0.966984 0.062231 -0.247121 0.102005 -0.254327 0.296952 -0.920401 -0.778173 0.016106 0.952862 0.302975 0.778428 0.000000 0.000000 0.000000 1.000000
0.966984 0.085251 -0.240154 0.102005 -0.254327 0.382399 -0.888307 -0.778173 0.016106 0.920056 0.391456 0.778428 0.000000 0.000000 0.000000 1.000000
0.966984 0.094690 -0.236591 0.102005 -0.254327 0.417261 -0.872474 -0.778173 0.016106 0.903840 0.427567 0.778428 0.000000 0.000000 0.000000 1.000000
0.966984 0.086860 -0.239577 0.102005 -0.254327 0.388350 -0.885721 -0.778173 0.016106 0.917409 0.397620 0.778428 0.000000 0.000000 0.000000 1.000000
0.966984 0.069316 -0.245228 0.102005 -0.254327 0.323313 -0.911475 -0.778173 0.016106 0.943750 0.330268 0.778428 0.000000 0.000000 0.000000 1.000000
0.966984 0.051409 -0.249597 0.102005 -0.254327 0.256585 -0.932460 -0.778173 0.016106 0.965153 0.261188 0.778428 0.000000 0.000000 0.000000 1.000000
0.966984 0.043175 -0.251152 0.102005 -0.254327 0.225789 -0.940392 -0.778173 0.016106 0.973219 0.229315 0.778428 0.000000 0.000000 0.000000 1.000000
0.966984 0.053144 -0.249233 0.102005 -0.254327 0.263064 -0.930653 -0.778173 0.016106 0.963314 0.267895 0.778428 0.000000 0.000000 0.000000 1.000000
0.966984 0.076546 -0.243069 0.102005 -0.254327 0.350157 -0.901503 -0.778173 0.016106 0.933558 0.358064 0.778428 0.000000 0.000000 0.000000 1.000000
0.966984 0.103556 -0.232847 0.102005 -0.254327 0.449908 -0.856096 -0.778173 0.016106 0.887051 0.461391 0.778428 0.000000 0.000000 0.000000 1.000000
0.966984 0.125176 -0.221974 0.102005 -0.254327 0.529086 -0.809559 -0.778173 0.016106 0.839285 0.543453 0.778428 0.000000 0.000000 0.000000 1.000000
0.966984 0.133918 -0.216812 0.102005 -0.254327 0.560909 -0.787844 -0.778173 0.016106 0.816974 0.576449 0.778428 0.000000 0.000000 0.000000 1.000000</float_array><technique_common><accessor source="#jnt_front01-Matrix-animation-output-transform-array" count="19" stride="16"><param type="float4x4"/></accessor></technique_common></source><source id="jnt_front01-Interpolations"><Name_array id="jnt_front01-Interpolations-array" count="19">
 LINEAR LINEAR LINEAR LINEAR LINEAR LINEAR LINEAR LINEAR LINEAR LINEAR LINEAR
LINEAR LINEAR LINEAR LINEAR LINEAR LINEAR LINEAR LINEAR</Name_array><technique_common><accessor source="#jnt_front01-Interpolations-array" count="19"><param type="name"/></accessor></technique_common></source><sampler id="jnt_front01-Matrix-animation-transform"><input semantic="INPUT" source="#jnt_front01-Matrix-animation-input"/><input semantic="OUTPUT" source="#jnt_front01-Matrix-animation-output-transform"/><input semantic="INTERPOLATION" source="#jnt_front01-Interpolations"/></sampler><channel source="#jnt_front01-Matrix-animation-transform" target="jnt_front01/matrix"/></animation></animation>
    <animation id="jnt_front02-anim" name="jnt_front02"><animation><source id="jnt_front02-Matrix-animation-input"><float_array id="jnt_front02-Matrix-animation-input-array" count="19">

0.000000 0.033333 0.066667 0.100000 0.133333 0.166667 0.200000 0.233333 0.266667 0.300000 0.333333 0.366667 0.400000 0.433333 0.466667 0.500000
0.533333 0.566667 0.600000</float_array><technique_common><accessor source="#jnt_front02-Matrix-animation-input-array" count="19"><param name="TIME" type="float"/></accessor></technique_common></source><source id="jnt_front02-Matrix-animation-output-transform"><float_array id="jnt_front02-Matrix-animation-output-transform-array" count="304">

1.000000 0.000000 0.000000 0.048081 0.000000 0.936213 -0.351434 -0.221395 -0.000000 0.351434 0.936213 1.132922 0.000000 0.000000 0.000000 1.000000
1.000000 -0.000000 -0.000000 0.048081 0.000000 0.936213 -0.351434 -0.221395 0.000000 0.351434 0.936213 1.132922 0.000000 0.000000 0.000000 1.000000
1.000000 -0.000000 -0.000000 0.048081 0.000000 0.936213 -0.351434 -0.221395 0.000000 0.351434 0.936213 1.132922 0.000000 0.000000 0.000000 1.000000
1.000000 -0.000000 0.000000 0.048081 0.000000 0.936213 -0.351434 -0.221395 0.000000 0.351434 0.936213 1.132922 0.000000 0.000000 0.000000 1.000000
1.000000 0.000000 0.000000 0.048081 0.000000 0.936213 -0.351434 -0.221395 0.000000 0.351434 0.936213 1.132922 0.000000 0.000000 0.000000 1.000000
1.000000 0.000000 0.000000 0.048081 -0.000000 0.936213 -0.351434 -0.221395 0.000000 0.351434 0.936213 1.132922 0.000000 0.000000 0.000000 1.000000
1.000000 -0.000000 0.000000 0.048081 0.000000 0.936213 -0.351434 -0.221395 0.000000 0.351434 0.936213 1.132922 0.000000 0.000000 0.000000 1.000000
1.000000 0.000000 0.000000 0.048081 -0.000000 0.936213 -0.351434 -0.221395 0.000000 0.351434 0.936213 1.132922 0.000000 0.000000 0.000000 1.000000
1.000000 -0.000000 0.000000 0.048081 0.000000 0.936213 -0.351434 -0.221395 -0.000000 0.351434 0.936213 1.132922 0.000000 0.000000 0.000000 1.000000
1.000000 0.000000 0.000000 0.048081 0.000000 0.936213 -0.351434 -0.221395 0.000000 0.351434 0.936213 1.132922 0.000000 0.000000 0.000000 1.000000
1.000000 0.000000 0.000000 0.048081 0.000000 0.936213 -0.351434 -0.221395 -0.000000 0.351434 0.936213 1.132922 0.000000 0.000000 0.000000 1.000000
1.000000 0.000000 -0.000000 0.048081 -0.000000 0.936213 -0.351434 -0.221395 0.000000 0.351434 0.936213 1.132922 0.000000 0.000000 0.000000 1.000000
1.000000 0.000000 0.000000 0.048081 0.000000 0.936213 -0.351434 -0.221395 0.000000 0.351434 0.936213 1.132922 0.000000 0.000000 0.000000 1.000000
1.000000 -0.000000 -0.000000 0.048081 -0.000000 0.936213 -0.351434 -0.221395 0.000000 0.351434 0.936213 1.132922 0.000000 0.000000 0.000000 1.000000
1.000000 0.000000 0.000000 0.048081 0.000000 0.936213 -0.351434 -0.221395 0.000000 0.351434 0.936213 1.132922 0.000000 0.000000 0.000000 1.000000
1.000000 -0.000000 0.000000 0.048081 -0.000000 0.936213 -0.351434 -0.221395 0.000000 0.351434 0.936213 1.132922 0.000000 0.000000 0.000000 1.000000
1.000000 0.000000 -0.000000 0.048081 -0.000000 0.936213 -0.351434 -0.221395 -0.000000 0.351434 0.936213 1.132922 0.000000 0.000000 0.000000 1.000000
1.000000 0.000000 0.000000 0.048081 -0.000000 0.936213 -0.351434 -0.221395 0.000000 0.351434 0.936213 1.132922 0.000000 0.000000 0.000000 1.000000
1.000000 0.000000 0.000000 0.048081 0.000000 0.936213 -0.351434 -0.221395 -0.000000 0.351434 0.936213 1.132922 0.000000 0.000000 0.000000 1.000000</float_array><technique_common><accessor source="#jnt_front02-Matrix-animation-output-transform-array" count="19" stride="16"><param type="float4x4"/></accessor></technique_common></source><source id="jnt_front02-Interpolations"><Name_array id="jnt_front02-Interpolations-array" count="19">
 LINEAR LINEAR LINEAR LINEAR LINEAR LINEAR LINEAR LINEAR LINEAR LINEAR LINEAR
LINEAR LINEAR LINEAR LINEAR LINEAR LINEAR LINEAR LINEAR</Name_array><technique_common><accessor source="#jnt_front02-Interpolations-array" count="19"><param type="name"/></accessor></technique_common></source><sampler id="jnt_front02-Matrix-animation-transform"><input semantic="INPUT" source="#jnt_front02-Matrix-animation-input"/><input semantic="OUTPUT" source="#jnt_front02-Matrix-animation-output-transform"/><input semantic="INTERPOLATION" source="#jnt_front02-Interpolations"/></sampler><channel source="#jnt_front02-Matrix-animation-transform" target="jnt_front02/matrix"/></animation></animation>
  </library_animations>
  <library_visual_scenes>
    <visual_scene id="ani_char_soilbag_run_fwd" name="ani_char_soilbag_run_fwd">
      <node name="jnt_right_weapon" id="jnt_right_weapon" sid="jnt_right_weapon" type="JOINT"><matrix sid="matrix">1.000000 0.000000 0.000000 0.000000 0.000000 1.000000 0.000000 0.000000 0.000000 0.000000 1.000000 0.000000 0.000000 0.000000 0.000000 1.000000</matrix><extra><technique profile="FCOLLADA"><visibility>0.000000</visibility></technique></extra><node name="root_soilbag" id="root_soilbag" sid="root_soilbag" type="JOINT"><matrix sid="matrix">0.998206 -0.059865 -0.000000 1.137497 0.026699 0.445183 0.895042 0.071695 -0.053581 -0.893436 0.445983 -0.084106 0.000000 0.000000 0.000000 1.000000</matrix><extra><technique profile="FCOLLADA"><visibility>1.000000</visibility></technique></extra><node name="jnt_back01" id="jnt_back01" sid="jnt_back01" type="JOINT"><matrix sid="matrix">1.000000 -0.000000 -0.000000 0.047379 0.000000 0.612587 0.790403 -0.433586 -0.000000 -0.790403 0.612587 -0.723190 0.000000 0.000000 0.000000 1.000000</matrix><extra><technique profile="FCOLLADA"><visibility>1.000000</visibility></technique></extra><node name="jnt_back02" id="jnt_back02" sid="jnt_back02" type="JOINT"><matrix sid="matrix">1.000000 -0.000000 -0.000000 0.032862 0.000000 0.979325 0.202291 -0.082005 0.000000 -0.202291 0.979325 -1.084539 0.000000 0.000000 0.000000 1.000000</matrix><extra><technique profile="FCOLLADA"><visibility>1.000000</visibility></technique></extra></node></node><node name="jnt_front01" id="jnt_front01" sid="jnt_front01" type="JOINT"><matrix sid="matrix">0.966984 0.133918 -0.216812 0.102005 -0.254327 0.560909 -0.787844 -0.778173 0.016106 0.816974 0.576449 0.778428 0.000000 0.000000 0.000000 1.000000</matrix><extra><technique profile="FCOLLADA"><visibility>1.000000</visibility></technique></extra><node name="jnt_front02" id="jnt_front02" sid="jnt_front02" type="JOINT"><matrix sid="matrix">1.000000 0.000000 0.000000 0.048081 0.000000 0.936213 -0.351434 -0.221395 -0.000000 0.351434 0.936213 1.132922 0.000000 0.000000 0.000000 1.000000</matrix><extra><technique profile="FCOLLADA"><visibility>1.000000</visibility></technique></extra></node></node></node></node>
      <extra><technique profile="MAX3D"><frame_rate>30.000000</frame_rate></technique><technique profile="FCOLLADA"><start_time>0.000000</start_time><end_time>0.600000</end_time></technique></extra>
    </visual_scene>
  </library_visual_scenes>
  <scene>
    <instance_visual_scene url="#ani_char_soilbag_run_fwd"></instance_visual_scene>
  </scene>
</COLLADA>
