<?xml version="1.0" encoding="utf-8"?>
<COLLADA xmlns="http://www.collada.org/2005/11/COLLADASchema" version="1.4.1">
  <asset><contributor><author></author><authoring_tool>FBX COLLADA exporter</authoring_tool><comments></comments></contributor><created>2020-02-26T11:03:13Z</created><keywords></keywords><modified>2020-02-26T11:03:13Z</modified><revision></revision><subject></subject><title></title><unit meter="0.010000" name="centimeter"></unit><up_axis>Y_UP</up_axis></asset>
  <library_animations>
    <animation id="root_soilbag-anim" name="root_soilbag"><animation><source id="root_soilbag-Matrix-animation-input"><float_array id="root_soilbag-Matrix-animation-input-array" count="19">

0.000000 0.033333 0.066667 0.100000 0.133333 0.166667 0.200000 0.233333 0.266667 0.300000 0.333333 0.366667 0.400000 0.433333 0.466667 0.500000
0.533333 0.566667 0.600000</float_array><technique_common><accessor source="#root_soilbag-Matrix-animation-input-array" count="19"><param name="TIME" type="float"/></accessor></technique_common></source><source id="root_soilbag-Matrix-animation-output-transform"><float_array id="root_soilbag-Matrix-animation-output-transform-array" count="304">

0.998206 -0.059865 -0.000000 1.137497 0.026699 0.445183 0.895042 0.071695 -0.053581 -0.893436 0.445983 -0.084106 0.000000 0.000000 0.000000 1.000000
0.998206 -0.059865 -0.000000 1.137497 0.026699 0.445183 0.895042 0.071695 -0.053581 -0.893436 0.445983 -0.084106 0.000000 0.000000 0.000000 1.000000
0.998206 -0.059865 -0.000000 1.137497 0.026699 0.445183 0.895042 0.071695 -0.053581 -0.893436 0.445983 -0.084106 0.000000 0.000000 0.000000 1.000000
0.998206 -0.059865 -0.000000 1.137497 0.026699 0.445183 0.895042 0.071695 -0.053581 -0.893436 0.445983 -0.084106 0.000000 0.000000 0.000000 1.000000
0.998206 -0.059865 -0.000000 1.137497 0.026699 0.445183 0.895042 0.071695 -0.053581 -0.893436 0.445983 -0.084106 0.000000 0.000000 0.000000 1.000000
0.998206 -0.059865 -0.000000 1.137497 0.026699 0.445183 0.895042 0.071695 -0.053581 -0.893436 0.445983 -0.084106 0.000000 0.000000 0.000000 1.000000
0.998206 -0.059865 -0.000000 1.137497 0.026699 0.445183 0.895042 0.071695 -0.053581 -0.893436 0.445983 -0.084106 0.000000 0.000000 0.000000 1.000000
0.998206 -0.059865 -0.000000 1.137497 0.026699 0.445183 0.895042 0.071695 -0.053581 -0.893436 0.445983 -0.084106 0.000000 0.000000 0.000000 1.000000
0.998206 -0.059865 -0.000000 1.137497 0.026699 0.445183 0.895042 0.071695 -0.053581 -0.893436 0.445983 -0.084106 0.000000 0.000000 0.000000 1.000000
0.998206 -0.059865 -0.000000 1.137497 0.026699 0.445183 0.895042 0.071695 -0.053581 -0.893436 0.445983 -0.084106 0.000000 0.000000 0.000000 1.000000
0.998206 -0.059865 -0.000000 1.137497 0.026699 0.445183 0.895042 0.071695 -0.053581 -0.893436 0.445983 -0.084106 0.000000 0.000000 0.000000 1.000000
0.998206 -0.059865 -0.000000 1.137497 0.026699 0.445183 0.895042 0.071695 -0.053581 -0.893436 0.445983 -0.084106 0.000000 0.000000 0.000000 1.000000
0.998206 -0.059865 -0.000000 1.137497 0.026699 0.445183 0.895042 0.071695 -0.053581 -0.893436 0.445983 -0.084106 0.000000 0.000000 0.000000 1.000000
0.998206 -0.059865 -0.000000 1.137497 0.026699 0.445183 0.895042 0.071695 -0.053581 -0.893436 0.445983 -0.084106 0.000000 0.000000 0.000000 1.000000
0.998206 -0.059865 -0.000000 1.137497 0.026699 0.445183 0.895042 0.071695 -0.053581 -0.893436 0.445983 -0.084106 0.000000 0.000000 0.000000 1.000000
0.998206 -0.059865 -0.000000 1.137497 0.026699 0.445183 0.895042 0.071695 -0.053581 -0.893436 0.445983 -0.084106 0.000000 0.000000 0.000000 1.000000
0.998206 -0.059865 -0.000000 1.137497 0.026699 0.445183 0.895042 0.071695 -0.053581 -0.893436 0.445983 -0.084106 0.000000 0.000000 0.000000 1.000000
0.998206 -0.059865 -0.000000 1.137497 0.026699 0.445183 0.895042 0.071695 -0.053581 -0.893436 0.445983 -0.084106 0.000000 0.000000 0.000000 1.000000
0.998206 -0.059865 -0.000000 1.137497 0.026699 0.445183 0.895042 0.071695 -0.053581 -0.893436 0.445983 -0.084106 0.000000 0.000000 0.000000 1.000000</float_array><technique_common><accessor source="#root_soilbag-Matrix-animation-output-transform-array" count="19" stride="16"><param type="float4x4"/></accessor></technique_common></source><source id="root_soilbag-Interpolations"><Name_array id="root_soilbag-Interpolations-array" count="19">
 LINEAR LINEAR LINEAR LINEAR LINEAR LINEAR LINEAR LINEAR LINEAR LINEAR LINEAR
LINEAR LINEAR LINEAR LINEAR LINEAR LINEAR LINEAR LINEAR</Name_array><technique_common><accessor source="#root_soilbag-Interpolations-array" count="19"><param type="name"/></accessor></technique_common></source><sampler id="root_soilbag-Matrix-animation-transform"><input semantic="INPUT" source="#root_soilbag-Matrix-animation-input"/><input semantic="OUTPUT" source="#root_soilbag-Matrix-animation-output-transform"/><input semantic="INTERPOLATION" source="#root_soilbag-Interpolations"/></sampler><channel source="#root_soilbag-Matrix-animation-transform" target="root_soilbag/matrix"/></animation></animation>
    <animation id="jnt_back01-anim" name="jnt_back01"><animation><source id="jnt_back01-Matrix-animation-input"><float_array id="jnt_back01-Matrix-animation-input-array" count="19">

0.000000 0.033333 0.066667 0.100000 0.133333 0.166667 0.200000 0.233333 0.266667 0.300000 0.333333 0.366667 0.400000 0.433333 0.466667 0.500000
0.533333 0.566667 0.600000</float_array><technique_common><accessor source="#jnt_back01-Matrix-animation-input-array" count="19"><param name="TIME" type="float"/></accessor></technique_common></source><source id="jnt_back01-Matrix-animation-output-transform"><float_array id="jnt_back01-Matrix-animation-output-transform-array" count="304">

1.000000 -0.000000 -0.000000 0.043520 0.000000 0.455119 0.890431 -0.516490 -0.000000 -0.890431 0.455119 -0.561765 0.000000 0.000000 0.000000 1.000000
0.999700 0.004133 -0.024155 0.043520 0.019345 0.471972 0.881401 -0.516490 0.015043 -0.881604 0.471750 -0.561765 0.000000 0.000000 0.000000 1.000000
0.996563 0.010223 -0.082202 0.043520 0.065356 0.512672 0.856093 -0.516490 0.050895 -0.858524 0.510242 -0.561765 0.000000 0.000000 0.000000 1.000000
0.988384 0.010324 -0.151627 0.043520 0.119737 0.561535 0.818744 -0.516490 0.093596 -0.827388 0.553776 -0.561765 0.000000 0.000000 0.000000 1.000000
0.977867 0.004242 -0.209182 0.043520 0.164533 0.602008 0.781355 -0.516490 0.129244 -0.798479 0.587986 -0.561765 0.000000 0.000000 0.000000 1.000000
0.972480 0.000000 -0.232985 0.043520 0.183041 0.618692 0.764014 -0.516490 0.144146 -0.785634 0.601665 -0.561765 0.000000 0.000000 0.000000 1.000000
0.977867 0.006377 -0.209128 0.043520 0.164533 0.594001 0.787459 -0.516490 0.129244 -0.804439 0.579805 -0.561765 0.000000 0.000000 0.000000 1.000000
0.988384 0.015555 -0.151179 0.043520 0.119737 0.532920 0.837651 -0.516490 0.093596 -0.846023 0.524867 -0.561765 0.000000 0.000000 0.000000 1.000000
0.996563 0.015427 -0.081386 0.043520 0.065356 0.457225 0.886946 -0.516490 0.050895 -0.889217 0.454646 -0.561765 0.000000 0.000000 0.000000 1.000000
0.999700 0.006238 -0.023698 0.043520 0.019345 0.392738 0.919447 -0.516490 0.015043 -0.919629 0.392499 -0.561765 0.000000 0.000000 0.000000 1.000000
1.000000 -0.000000 -0.000000 0.043520 0.000000 0.365675 0.930742 -0.516490 -0.000000 -0.930742 0.365675 -0.561765 0.000000 0.000000 0.000000 1.000000
0.999877 0.002318 -0.015481 0.043520 0.013343 0.391000 0.920294 -0.516490 0.008186 -0.920388 0.390921 -0.561765 0.000000 0.000000 0.000000 1.000000
0.998746 0.004415 -0.049875 0.043520 0.042672 0.446048 0.893991 -0.516490 0.026193 -0.894998 0.445300 -0.561765 0.000000 0.000000 0.000000 1.000000
0.996431 0.002335 -0.084382 0.043520 0.071923 0.499831 0.863131 -0.516490 0.044192 -0.866120 0.497880 -0.561765 0.000000 0.000000 0.000000 1.000000
0.994989 0.000000 -0.099989 0.043520 0.085178 0.523744 0.847606 -0.516490 0.052369 -0.851876 0.521120 -0.561765 0.000000 0.000000 0.000000 1.000000
0.996431 0.001040 -0.084408 0.043520 0.071923 0.513009 0.855365 -0.516490 0.044192 -0.858383 0.511103 -0.561765 0.000000 0.000000 0.000000 1.000000
0.998746 0.001963 -0.050031 0.043520 0.042672 0.489365 0.871035 -0.516490 0.026193 -0.872077 0.488667 -0.561765 0.000000 0.000000 0.000000 1.000000
0.999877 0.001029 -0.015620 0.043520 0.013343 0.465784 0.884798 -0.516490 0.008186 -0.884898 0.465713 -0.561765 0.000000 0.000000 0.000000 1.000000
1.000000 -0.000000 -0.000000 0.043520 0.000000 0.455119 0.890431 -0.516490 -0.000000 -0.890431 0.455119 -0.561765 0.000000 0.000000 0.000000 1.000000</float_array><technique_common><accessor source="#jnt_back01-Matrix-animation-output-transform-array" count="19" stride="16"><param type="float4x4"/></accessor></technique_common></source><source id="jnt_back01-Interpolations"><Name_array id="jnt_back01-Interpolations-array" count="19">
 LINEAR LINEAR LINEAR LINEAR LINEAR LINEAR LINEAR LINEAR LINEAR LINEAR LINEAR
LINEAR LINEAR LINEAR LINEAR LINEAR LINEAR LINEAR LINEAR</Name_array><technique_common><accessor source="#jnt_back01-Interpolations-array" count="19"><param type="name"/></accessor></technique_common></source><sampler id="jnt_back01-Matrix-animation-transform"><input semantic="INPUT" source="#jnt_back01-Matrix-animation-input"/><input semantic="OUTPUT" source="#jnt_back01-Matrix-animation-output-transform"/><input semantic="INTERPOLATION" source="#jnt_back01-Interpolations"/></sampler><channel source="#jnt_back01-Matrix-animation-transform" target="jnt_back01/matrix"/></animation></animation>
    <animation id="jnt_back02-anim" name="jnt_back02"><animation><source id="jnt_back02-Matrix-animation-input"><float_array id="jnt_back02-Matrix-animation-input-array" count="19">

0.000000 0.033333 0.066667 0.100000 0.133333 0.166667 0.200000 0.233333 0.266667 0.300000 0.333333 0.366667 0.400000 0.433333 0.466667 0.500000
0.533333 0.566667 0.600000</float_array><technique_common><accessor source="#jnt_back02-Matrix-animation-input-array" count="19"><param name="TIME" type="float"/></accessor></technique_common></source><source id="jnt_back02-Matrix-animation-output-transform"><float_array id="jnt_back02-Matrix-animation-output-transform-array" count="304">

1.000000 -0.000000 -0.000000 0.032862 0.000000 0.979325 0.202291 -0.082005 0.000000 -0.202291 0.979325 -1.084539 0.000000 0.000000 0.000000 1.000000
1.000000 -0.000000 0.000000 0.032862 0.000000 0.979325 0.202291 -0.082005 -0.000000 -0.202291 0.979325 -1.084539 0.000000 0.000000 0.000000 1.000000
1.000000 -0.000000 0.000000 0.032862 0.000000 0.979325 0.202291 -0.082005 -0.000000 -0.202291 0.979325 -1.084539 0.000000 0.000000 0.000000 1.000000
1.000000 -0.000000 0.000000 0.032862 0.000000 0.979325 0.202291 -0.082005 -0.000000 -0.202291 0.979325 -1.084539 0.000000 0.000000 0.000000 1.000000
1.000000 -0.000000 0.000000 0.032862 0.000000 0.979325 0.202291 -0.082005 -0.000000 -0.202291 0.979325 -1.084539 0.000000 0.000000 0.000000 1.000000
1.000000 -0.000000 -0.000000 0.032862 0.000000 0.979325 0.202291 -0.082005 0.000000 -0.202291 0.979325 -1.084539 0.000000 0.000000 0.000000 1.000000
1.000000 -0.000000 0.000000 0.032862 0.000000 0.979325 0.202291 -0.082005 -0.000000 -0.202291 0.979325 -1.084539 0.000000 0.000000 0.000000 1.000000
1.000000 -0.000000 0.000000 0.032862 0.000000 0.979325 0.202291 -0.082005 -0.000000 -0.202291 0.979325 -1.084539 0.000000 0.000000 0.000000 1.000000
1.000000 -0.000000 -0.000000 0.032862 0.000000 0.979325 0.202291 -0.082005 0.000000 -0.202291 0.979325 -1.084539 0.000000 0.000000 0.000000 1.000000
1.000000 -0.000000 -0.000000 0.032862 0.000000 0.979325 0.202291 -0.082005 0.000000 -0.202291 0.979325 -1.084539 0.000000 0.000000 0.000000 1.000000
1.000000 -0.000000 -0.000000 0.032862 0.000000 0.979325 0.202291 -0.082005 0.000000 -0.202291 0.979325 -1.084539 0.000000 0.000000 0.000000 1.000000
1.000000 -0.000000 0.000000 0.032862 0.000000 0.979325 0.202291 -0.082005 -0.000000 -0.202291 0.979325 -1.084539 0.000000 0.000000 0.000000 1.000000
1.000000 -0.000000 0.000000 0.032862 0.000000 0.979325 0.202291 -0.082005 -0.000000 -0.202291 0.979325 -1.084539 0.000000 0.000000 0.000000 1.000000
1.000000 -0.000000 0.000000 0.032862 0.000000 0.979325 0.202291 -0.082005 -0.000000 -0.202291 0.979325 -1.084539 0.000000 0.000000 0.000000 1.000000
1.000000 -0.000000 0.000000 0.032862 0.000000 0.979325 0.202291 -0.082005 -0.000000 -0.202291 0.979325 -1.084539 0.000000 0.000000 0.000000 1.000000
1.000000 -0.000000 0.000000 0.032862 0.000000 0.979325 0.202291 -0.082005 -0.000000 -0.202291 0.979325 -1.084539 0.000000 0.000000 0.000000 1.000000
1.000000 -0.000000 0.000000 0.032862 0.000000 0.979325 0.202291 -0.082005 -0.000000 -0.202291 0.979325 -1.084539 0.000000 0.000000 0.000000 1.000000
1.000000 -0.000000 -0.000000 0.032862 0.000000 0.979325 0.202291 -0.082005 0.000000 -0.202291 0.979325 -1.084539 0.000000 0.000000 0.000000 1.000000
1.000000 -0.000000 -0.000000 0.032862 0.000000 0.979325 0.202291 -0.082005 0.000000 -0.202291 0.979325 -1.084539 0.000000 0.000000 0.000000 1.000000</float_array><technique_common><accessor source="#jnt_back02-Matrix-animation-output-transform-array" count="19" stride="16"><param type="float4x4"/></accessor></technique_common></source><source id="jnt_back02-Interpolations"><Name_array id="jnt_back02-Interpolations-array" count="19">
 LINEAR LINEAR LINEAR LINEAR LINEAR LINEAR LINEAR LINEAR LINEAR LINEAR LINEAR
LINEAR LINEAR LINEAR LINEAR LINEAR LINEAR LINEAR LINEAR</Name_array><technique_common><accessor source="#jnt_back02-Interpolations-array" count="19"><param type="name"/></accessor></technique_common></source><sampler id="jnt_back02-Matrix-animation-transform"><input semantic="INPUT" source="#jnt_back02-Matrix-animation-input"/><input semantic="OUTPUT" source="#jnt_back02-Matrix-animation-output-transform"/><input semantic="INTERPOLATION" source="#jnt_back02-Interpolations"/></sampler><channel source="#jnt_back02-Matrix-animation-transform" target="jnt_back02/matrix"/></animation></animation>
    <animation id="jnt_front01-anim" name="jnt_front01"><animation><source id="jnt_front01-Matrix-animation-input"><float_array id="jnt_front01-Matrix-animation-input-array" count="19">

0.000000 0.033333 0.066667 0.100000 0.133333 0.166667 0.200000 0.233333 0.266667 0.300000 0.333333 0.366667 0.400000 0.433333 0.466667 0.500000
0.533333 0.566667 0.600000</float_array><technique_common><accessor source="#jnt_front01-Matrix-animation-input-array" count="19"><param name="TIME" type="float"/></accessor></technique_common></source><source id="jnt_front01-Matrix-animation-output-transform"><float_array id="jnt_front01-Matrix-animation-output-transform-array" count="304">

0.966984 0.068677 -0.245408 0.139955 -0.254327 0.320936 -0.912314 -1.031363 0.016106 0.944607 0.327807 0.649427 0.000000 0.000000 0.000000 1.000000
0.987003 0.050625 -0.152519 0.139955 -0.158131 0.475020 -0.865651 -1.031363 0.028626 0.878518 0.476851 0.649427 0.000000 0.000000 0.000000 1.000000
0.998035 -0.061365 -0.012681 0.139955 0.035164 0.715986 -0.697228 -1.031363 0.051864 0.695412 0.716737 0.649427 0.000000 0.000000 0.000000 1.000000
0.982903 -0.178144 0.046535 0.139955 0.172504 0.802632 -0.570985 -1.031363 0.064367 0.569250 0.819641 0.649427 0.000000 0.000000 0.000000 1.000000
0.972309 -0.215564 0.090268 0.139955 0.225157 0.760578 -0.608955 -1.031363 0.062613 0.612416 0.788052 0.649427 0.000000 0.000000 0.000000 1.000000
0.962323 -0.225641 0.151727 0.139955 0.265663 0.661310 -0.701493 -1.031363 0.057947 0.715370 0.696338 0.649427 0.000000 0.000000 0.000000 1.000000
0.953935 -0.203806 0.220161 0.139955 0.295601 0.513109 -0.805816 -1.031363 0.051263 0.833776 0.549718 0.649427 0.000000 0.000000 0.000000 1.000000
0.947603 -0.154923 0.279368 0.139955 0.316480 0.336323 -0.886977 -1.031363 0.043456 0.928916 0.367731 0.649427 0.000000 0.000000 0.000000 1.000000
0.943409 -0.094485 0.317886 0.139955 0.329734 0.164871 -0.929566 -1.031363 0.035420 0.981779 0.186696 0.649427 0.000000 0.000000 0.000000 1.000000
0.941182 -0.043109 0.335138 0.139955 0.336733 0.037314 -0.940861 -1.031363 0.028054 0.998373 0.049636 0.649427 0.000000 0.000000 0.000000 1.000000
0.940595 -0.019607 0.338964 0.139955 0.338800 -0.011238 -0.940791 -1.031363 0.022255 0.999745 -0.003927 0.649427 0.000000 0.000000 0.000000 1.000000
0.963160 -0.042231 0.265593 0.130762 0.268256 0.081063 -0.959931 -1.001713 0.019009 0.995814 0.089406 0.665993 0.000000 0.000000 0.000000 1.000000
0.992691 -0.048109 0.110679 0.113690 0.119363 0.256191 -0.959228 -0.946649 0.017792 0.965428 0.260061 0.696759 0.000000 0.000000 0.000000 1.000000
0.999841 -0.014522 -0.010396 0.104497 -0.004672 0.349160 -0.937051 -0.916999 0.017238 0.936950 0.349037 0.713325 0.000000 0.000000 0.000000 1.000000
0.996729 0.011833 -0.079944 0.108185 -0.079074 0.347039 -0.934511 -0.928893 0.016685 0.937776 0.346840 0.706680 0.000000 0.000000 0.000000 1.000000
0.988962 0.035117 -0.143946 0.116979 -0.147263 0.340170 -0.928762 -0.957255 0.016350 0.939708 0.341586 0.690833 0.000000 0.000000 0.000000 1.000000
0.979039 0.053170 -0.196609 0.127474 -0.203028 0.331454 -0.921367 -0.991107 0.016178 0.941972 0.335301 0.671919 0.000000 0.000000 0.000000 1.000000
0.970499 0.064649 -0.232278 0.136267 -0.240568 0.324030 -0.914949 -1.019469 0.016115 0.943835 0.330023 0.656072 0.000000 0.000000 0.000000 1.000000
0.966984 0.068677 -0.245408 0.139955 -0.254327 0.320936 -0.912314 -1.031363 0.016106 0.944607 0.327807 0.649427 0.000000 0.000000 0.000000 1.000000</float_array><technique_common><accessor source="#jnt_front01-Matrix-animation-output-transform-array" count="19" stride="16"><param type="float4x4"/></accessor></technique_common></source><source id="jnt_front01-Interpolations"><Name_array id="jnt_front01-Interpolations-array" count="19">
 LINEAR LINEAR LINEAR LINEAR LINEAR LINEAR LINEAR LINEAR LINEAR LINEAR LINEAR
LINEAR LINEAR LINEAR LINEAR LINEAR LINEAR LINEAR LINEAR</Name_array><technique_common><accessor source="#jnt_front01-Interpolations-array" count="19"><param type="name"/></accessor></technique_common></source><sampler id="jnt_front01-Matrix-animation-transform"><input semantic="INPUT" source="#jnt_front01-Matrix-animation-input"/><input semantic="OUTPUT" source="#jnt_front01-Matrix-animation-output-transform"/><input semantic="INTERPOLATION" source="#jnt_front01-Interpolations"/></sampler><channel source="#jnt_front01-Matrix-animation-transform" target="jnt_front01/matrix"/></animation></animation>
    <animation id="jnt_front02-anim" name="jnt_front02"><animation><source id="jnt_front02-Matrix-animation-input"><float_array id="jnt_front02-Matrix-animation-input-array" count="19">

0.000000 0.033333 0.066667 0.100000 0.133333 0.166667 0.200000 0.233333 0.266667 0.300000 0.333333 0.366667 0.400000 0.433333 0.466667 0.500000
0.533333 0.566667 0.600000</float_array><technique_common><accessor source="#jnt_front02-Matrix-animation-input-array" count="19"><param name="TIME" type="float"/></accessor></technique_common></source><source id="jnt_front02-Matrix-animation-output-transform"><float_array id="jnt_front02-Matrix-animation-output-transform-array" count="304">

1.000000 0.000000 -0.000000 0.048081 -0.000000 0.936213 -0.351434 -0.221395 0.000000 0.351434 0.936213 1.132922 0.000000 0.000000 0.000000 1.000000
1.000000 0.000000 0.000000 0.048081 0.000000 0.936213 -0.351434 -0.221395 0.000000 0.351434 0.936213 1.132922 0.000000 0.000000 0.000000 1.000000
1.000000 0.000000 -0.000000 0.048081 -0.000000 0.936213 -0.351434 -0.221395 -0.000000 0.351434 0.936213 1.132922 0.000000 0.000000 0.000000 1.000000
1.000000 0.000000 0.000000 0.048081 0.000000 0.936213 -0.351434 -0.221395 0.000000 0.351434 0.936213 1.132922 0.000000 0.000000 0.000000 1.000000
1.000000 0.000000 0.000000 0.048081 0.000000 0.936213 -0.351434 -0.221395 0.000000 0.351434 0.936213 1.132922 0.000000 0.000000 0.000000 1.000000
1.000000 0.000000 0.000000 0.048081 -0.000000 0.936213 -0.351434 -0.221395 0.000000 0.351434 0.936213 1.132922 0.000000 0.000000 0.000000 1.000000
1.000000 -0.000000 -0.000000 0.048081 0.000000 0.936213 -0.351434 -0.221395 0.000000 0.351434 0.936213 1.132922 0.000000 0.000000 0.000000 1.000000
1.000000 0.000000 -0.000000 0.048081 0.000000 0.936213 -0.351434 -0.221395 -0.000000 0.351434 0.936213 1.132922 0.000000 0.000000 0.000000 1.000000
1.000000 0.000000 0.000000 0.048081 -0.000000 0.936213 -0.351434 -0.221395 0.000000 0.351434 0.936213 1.132922 0.000000 0.000000 0.000000 1.000000
1.000000 0.000000 -0.000000 0.048081 -0.000000 0.936213 -0.351434 -0.221395 0.000000 0.351434 0.936213 1.132922 0.000000 0.000000 0.000000 1.000000
1.000000 0.000000 -0.000000 0.048081 0.000000 0.936213 -0.351434 -0.221395 0.000000 0.351434 0.936213 1.132922 0.000000 0.000000 0.000000 1.000000
1.000000 -0.000000 0.000000 0.048081 0.000000 0.936213 -0.351434 -0.221395 -0.000000 0.351434 0.936213 1.132922 0.000000 0.000000 0.000000 1.000000
1.000000 0.000000 0.000000 0.048081 -0.000000 0.936213 -0.351434 -0.221395 0.000000 0.351434 0.936213 1.132922 0.000000 0.000000 0.000000 1.000000
1.000000 -0.000000 -0.000000 0.048081 -0.000000 0.936213 -0.351434 -0.221395 -0.000000 0.351434 0.936213 1.132922 0.000000 0.000000 0.000000 1.000000
1.000000 0.000000 0.000000 0.048081 0.000000 0.936213 -0.351434 -0.221395 0.000000 0.351434 0.936213 1.132922 0.000000 0.000000 0.000000 1.000000
1.000000 0.000000 0.000000 0.048081 -0.000000 0.936213 -0.351434 -0.221395 0.000000 0.351434 0.936213 1.132922 0.000000 0.000000 0.000000 1.000000
1.000000 0.000000 0.000000 0.048081 -0.000000 0.936213 -0.351434 -0.221395 0.000000 0.351434 0.936213 1.132922 0.000000 0.000000 0.000000 1.000000
1.000000 -0.000000 -0.000000 0.048081 0.000000 0.936213 -0.351434 -0.221395 0.000000 0.351434 0.936213 1.132922 0.000000 0.000000 0.000000 1.000000
1.000000 0.000000 -0.000000 0.048081 -0.000000 0.936213 -0.351434 -0.221395 0.000000 0.351434 0.936213 1.132922 0.000000 0.000000 0.000000 1.000000</float_array><technique_common><accessor source="#jnt_front02-Matrix-animation-output-transform-array" count="19" stride="16"><param type="float4x4"/></accessor></technique_common></source><source id="jnt_front02-Interpolations"><Name_array id="jnt_front02-Interpolations-array" count="19">
 LINEAR LINEAR LINEAR LINEAR LINEAR LINEAR LINEAR LINEAR LINEAR LINEAR LINEAR
LINEAR LINEAR LINEAR LINEAR LINEAR LINEAR LINEAR LINEAR</Name_array><technique_common><accessor source="#jnt_front02-Interpolations-array" count="19"><param type="name"/></accessor></technique_common></source><sampler id="jnt_front02-Matrix-animation-transform"><input semantic="INPUT" source="#jnt_front02-Matrix-animation-input"/><input semantic="OUTPUT" source="#jnt_front02-Matrix-animation-output-transform"/><input semantic="INTERPOLATION" source="#jnt_front02-Interpolations"/></sampler><channel source="#jnt_front02-Matrix-animation-transform" target="jnt_front02/matrix"/></animation></animation>
  </library_animations>
  <library_visual_scenes>
    <visual_scene id="ani_char_soilbag_run_bwd" name="ani_char_soilbag_run_bwd">
      <node name="jnt_right_weapon" id="jnt_right_weapon" sid="jnt_right_weapon" type="JOINT"><matrix sid="matrix">1.000000 0.000000 0.000000 0.000000 0.000000 1.000000 0.000000 0.000000 0.000000 0.000000 1.000000 0.000000 0.000000 0.000000 0.000000 1.000000</matrix><extra><technique profile="FCOLLADA"><visibility>0.000000</visibility></technique></extra><node name="root_soilbag" id="root_soilbag" sid="root_soilbag" type="JOINT"><matrix sid="matrix">0.998206 -0.059865 -0.000000 1.137497 0.026699 0.445183 0.895042 0.071695 -0.053581 -0.893436 0.445983 -0.084106 0.000000 0.000000 0.000000 1.000000</matrix><extra><technique profile="FCOLLADA"><visibility>1.000000</visibility></technique></extra><node name="jnt_back01" id="jnt_back01" sid="jnt_back01" type="JOINT"><matrix sid="matrix">1.000000 -0.000000 -0.000000 0.043520 0.000000 0.455119 0.890431 -0.516490 -0.000000 -0.890431 0.455119 -0.561765 0.000000 0.000000 0.000000 1.000000</matrix><extra><technique profile="FCOLLADA"><visibility>1.000000</visibility></technique></extra><node name="jnt_back02" id="jnt_back02" sid="jnt_back02" type="JOINT"><matrix sid="matrix">1.000000 -0.000000 -0.000000 0.032862 0.000000 0.979325 0.202291 -0.082005 0.000000 -0.202291 0.979325 -1.084539 0.000000 0.000000 0.000000 1.000000</matrix><extra><technique profile="FCOLLADA"><visibility>1.000000</visibility></technique></extra></node></node><node name="jnt_front01" id="jnt_front01" sid="jnt_front01" type="JOINT"><matrix sid="matrix">0.966984 0.068677 -0.245408 0.139955 -0.254327 0.320936 -0.912314 -1.031363 0.016106 0.944607 0.327807 0.649427 0.000000 0.000000 0.000000 1.000000</matrix><extra><technique profile="FCOLLADA"><visibility>1.000000</visibility></technique></extra><node name="jnt_front02" id="jnt_front02" sid="jnt_front02" type="JOINT"><matrix sid="matrix">1.000000 0.000000 -0.000000 0.048081 -0.000000 0.936213 -0.351434 -0.221395 0.000000 0.351434 0.936213 1.132922 0.000000 0.000000 0.000000 1.000000</matrix><extra><technique profile="FCOLLADA"><visibility>1.000000</visibility></technique></extra></node></node></node></node>
      <extra><technique profile="MAX3D"><frame_rate>30.000000</frame_rate></technique><technique profile="FCOLLADA"><start_time>0.000000</start_time><end_time>0.600000</end_time></technique></extra>
    </visual_scene>
  </library_visual_scenes>
  <scene>
    <instance_visual_scene url="#ani_char_soilbag_run_bwd"></instance_visual_scene>
  </scene>
</COLLADA>
