<?xml version="1.0" encoding="utf-8"?>
<COLLADA xmlns="http://www.collada.org/2005/11/COLLADASchema" version="1.4.1">
  <asset><contributor><author></author><authoring_tool>FBX COLLADA exporter</authoring_tool><comments></comments></contributor><created>2020-02-26T11:04:26Z</created><keywords></keywords><modified>2020-02-26T11:04:26Z</modified><revision></revision><subject></subject><title></title><unit meter="0.010000" name="centimeter"></unit><up_axis>Y_UP</up_axis></asset>
  <library_animations>
    <animation id="root_soilbag-anim" name="root_soilbag"><animation><source id="root_soilbag-Matrix-animation-input"><float_array id="root_soilbag-Matrix-animation-input-array" count="21">

0.000000 0.033333 0.066667 0.100000 0.133333 0.166667 0.200000 0.233333 0.266667 0.300000 0.333333 0.366667 0.400000 0.433333 0.466667 0.500000
0.533333 0.566667 0.600000 0.633333 0.666667</float_array><technique_common><accessor source="#root_soilbag-Matrix-animation-input-array" count="21"><param name="TIME" type="float"/></accessor></technique_common></source><source id="root_soilbag-Matrix-animation-output-transform"><float_array id="root_soilbag-Matrix-animation-output-transform-array" count="336">

0.998206 -0.059865 -0.000000 1.137497 0.026699 0.445183 0.895042 0.071695 -0.053581 -0.893436 0.445983 -0.084106 0.000000 0.000000 0.000000 1.000000
0.998206 -0.059865 -0.000000 1.137497 0.026699 0.445183 0.895042 0.071695 -0.053581 -0.893436 0.445983 -0.084106 0.000000 0.000000 0.000000 1.000000
0.998206 -0.059865 -0.000000 1.137497 0.026699 0.445183 0.895042 0.071695 -0.053581 -0.893436 0.445983 -0.084106 0.000000 0.000000 0.000000 1.000000
0.998206 -0.059865 -0.000000 1.137497 0.026699 0.445183 0.895042 0.071695 -0.053581 -0.893436 0.445983 -0.084106 0.000000 0.000000 0.000000 1.000000
0.998206 -0.059865 -0.000000 1.137497 0.026699 0.445183 0.895042 0.071695 -0.053581 -0.893436 0.445983 -0.084106 0.000000 0.000000 0.000000 1.000000
0.998206 -0.059865 -0.000000 1.137497 0.026699 0.445183 0.895042 0.071695 -0.053581 -0.893436 0.445983 -0.084106 0.000000 0.000000 0.000000 1.000000
0.998206 -0.059865 -0.000000 1.137497 0.026699 0.445183 0.895042 0.071695 -0.053581 -0.893436 0.445983 -0.084106 0.000000 0.000000 0.000000 1.000000
0.998206 -0.059865 -0.000000 1.137497 0.026699 0.445183 0.895042 0.071695 -0.053581 -0.893436 0.445983 -0.084106 0.000000 0.000000 0.000000 1.000000
0.998206 -0.059865 -0.000000 1.137497 0.026699 0.445183 0.895042 0.071695 -0.053581 -0.893436 0.445983 -0.084106 0.000000 0.000000 0.000000 1.000000
0.998206 -0.059865 -0.000000 1.137497 0.026699 0.445183 0.895042 0.071695 -0.053581 -0.893436 0.445983 -0.084106 0.000000 0.000000 0.000000 1.000000
0.998206 -0.059865 -0.000000 1.137497 0.026699 0.445183 0.895042 0.071695 -0.053581 -0.893436 0.445983 -0.084106 0.000000 0.000000 0.000000 1.000000
0.998206 -0.059865 -0.000000 1.137497 0.026699 0.445183 0.895042 0.071695 -0.053581 -0.893436 0.445983 -0.084106 0.000000 0.000000 0.000000 1.000000
0.998206 -0.059865 -0.000000 1.137497 0.026699 0.445183 0.895042 0.071695 -0.053581 -0.893436 0.445983 -0.084106 0.000000 0.000000 0.000000 1.000000
0.998206 -0.059865 -0.000000 1.137497 0.026699 0.445183 0.895042 0.071695 -0.053581 -0.893436 0.445983 -0.084106 0.000000 0.000000 0.000000 1.000000
0.998206 -0.059865 -0.000000 1.137497 0.026699 0.445183 0.895042 0.071695 -0.053581 -0.893436 0.445983 -0.084106 0.000000 0.000000 0.000000 1.000000
0.998206 -0.059865 -0.000000 1.137497 0.026699 0.445183 0.895042 0.071695 -0.053581 -0.893436 0.445983 -0.084106 0.000000 0.000000 0.000000 1.000000
0.998206 -0.059865 -0.000000 1.137497 0.026699 0.445183 0.895042 0.071695 -0.053581 -0.893436 0.445983 -0.084106 0.000000 0.000000 0.000000 1.000000
0.998206 -0.059865 -0.000000 1.137497 0.026699 0.445183 0.895042 0.071695 -0.053581 -0.893436 0.445983 -0.084106 0.000000 0.000000 0.000000 1.000000
0.998206 -0.059865 -0.000000 1.137497 0.026699 0.445183 0.895042 0.071695 -0.053581 -0.893436 0.445983 -0.084106 0.000000 0.000000 0.000000 1.000000
0.998206 -0.059865 -0.000000 1.137497 0.026699 0.445183 0.895042 0.071695 -0.053581 -0.893436 0.445983 -0.084106 0.000000 0.000000 0.000000 1.000000
0.998206 -0.059865 -0.000000 1.137497 0.026699 0.445183 0.895042 0.071695 -0.053581 -0.893436 0.445983 -0.084106 0.000000 0.000000 0.000000 1.000000</float_array><technique_common><accessor source="#root_soilbag-Matrix-animation-output-transform-array" count="21" stride="16"><param type="float4x4"/></accessor></technique_common></source><source id="root_soilbag-Interpolations"><Name_array id="root_soilbag-Interpolations-array" count="21">
 LINEAR LINEAR LINEAR LINEAR LINEAR LINEAR LINEAR LINEAR LINEAR LINEAR LINEAR
LINEAR LINEAR LINEAR LINEAR LINEAR LINEAR LINEAR LINEAR LINEAR LINEAR</Name_array><technique_common><accessor source="#root_soilbag-Interpolations-array" count="21"><param type="name"/></accessor></technique_common></source><sampler id="root_soilbag-Matrix-animation-transform"><input semantic="INPUT" source="#root_soilbag-Matrix-animation-input"/><input semantic="OUTPUT" source="#root_soilbag-Matrix-animation-output-transform"/><input semantic="INTERPOLATION" source="#root_soilbag-Interpolations"/></sampler><channel source="#root_soilbag-Matrix-animation-transform" target="root_soilbag/matrix"/></animation></animation>
    <animation id="jnt_back01-anim" name="jnt_back01"><animation><source id="jnt_back01-Matrix-animation-input"><float_array id="jnt_back01-Matrix-animation-input-array" count="21">

0.000000 0.033333 0.066667 0.100000 0.133333 0.166667 0.200000 0.233333 0.266667 0.300000 0.333333 0.366667 0.400000 0.433333 0.466667 0.500000
0.533333 0.566667 0.600000 0.633333 0.666667</float_array><technique_common><accessor source="#jnt_back01-Matrix-animation-input-array" count="21"><param name="TIME" type="float"/></accessor></technique_common></source><source id="jnt_back01-Matrix-animation-output-transform"><float_array id="jnt_back01-Matrix-animation-output-transform-array" count="336">

1.000000 -0.000000 -0.000000 0.047379 0.000000 0.612587 0.790403 -0.433586 -0.000000 -0.790403 0.612587 -0.723190 0.000000 0.000000 0.000000 1.000000
1.000000 0.000065 -0.000028 0.047418 -0.000017 0.611257 0.791432 -0.433653 0.000068 -0.791432 0.611257 -0.722376 0.000000 0.000000 0.000000 1.000000
1.000000 0.000250 -0.000108 0.047529 -0.000066 0.607441 0.794365 -0.433845 0.000264 -0.794365 0.607441 -0.720048 0.000000 0.000000 0.000000 1.000000
1.000000 0.000545 -0.000230 0.047705 -0.000144 0.601389 0.798956 -0.434148 0.000574 -0.798956 0.601389 -0.716372 0.000000 0.000000 0.000000 1.000000
0.999999 0.000937 -0.000384 0.047937 -0.000246 0.593344 0.804949 -0.434548 0.000982 -0.804948 0.593344 -0.711518 0.000000 0.000000 0.000000 1.000000
0.999999 0.001414 -0.000561 0.048217 -0.000370 0.583545 0.812080 -0.435031 0.001475 -0.812079 0.583545 -0.705654 0.000000 0.000000 0.000000 1.000000
0.999998 0.001965 -0.000748 0.048538 -0.000511 0.572235 0.820089 -0.435584 0.002040 -0.820087 0.572235 -0.698949 0.000000 0.000000 0.000000 1.000000
0.999996 0.002578 -0.000936 0.048891 -0.000667 0.559662 0.828721 -0.436192 0.002660 -0.828717 0.559661 -0.691569 0.000000 0.000000 0.000000 1.000000
0.999994 0.003240 -0.001117 0.049268 -0.000833 0.546084 0.837730 -0.436842 0.003324 -0.837724 0.546083 -0.683685 0.000000 0.000000 0.000000 1.000000
0.999991 0.003936 -0.001283 0.049661 -0.001007 0.531772 0.846887 -0.437520 0.004015 -0.846879 0.531771 -0.675465 0.000000 0.000000 0.000000 1.000000
0.999988 0.004653 -0.001428 0.050062 -0.001184 0.517008 0.855980 -0.438211 0.004721 -0.855968 0.517007 -0.667075 0.000000 0.000000 0.000000 1.000000
0.999984 0.005377 -0.001548 0.050463 -0.001361 0.502089 0.864815 -0.438903 0.005427 -0.864799 0.502088 -0.658686 0.000000 0.000000 0.000000 1.000000
0.999980 0.006091 -0.001642 0.050856 -0.001534 0.487322 0.873221 -0.439580 0.006119 -0.873201 0.487322 -0.650465 0.000000 0.000000 0.000000 1.000000
0.999976 0.006780 -0.001710 0.051232 -0.001700 0.473028 0.881046 -0.440230 0.006782 -0.881022 0.473028 -0.642581 0.000000 0.000000 0.000000 1.000000
0.999971 0.007428 -0.001753 0.051585 -0.001856 0.459535 0.888158 -0.440838 0.007403 -0.888129 0.459535 -0.635202 0.000000 0.000000 0.000000 1.000000
0.999966 0.008019 -0.001776 0.051906 -0.001998 0.447180 0.894442 -0.441391 0.007967 -0.894408 0.447181 -0.628497 0.000000 0.000000 0.000000 1.000000
0.999962 0.008538 -0.001783 0.052186 -0.002121 0.436306 0.899796 -0.441875 0.008461 -0.899758 0.436308 -0.622633 0.000000 0.000000 0.000000 1.000000
0.999958 0.008969 -0.001779 0.052418 -0.002224 0.427256 0.904128 -0.442275 0.008869 -0.904086 0.427258 -0.617779 0.000000 0.000000 0.000000 1.000000
0.999955 0.009295 -0.001770 0.052594 -0.002301 0.420375 0.907348 -0.442578 0.009178 -0.907303 0.420377 -0.614103 0.000000 0.000000 0.000000 1.000000
0.999953 0.009502 -0.001762 0.052705 -0.002350 0.416002 0.909361 -0.442770 0.009374 -0.909314 0.416005 -0.611774 0.000000 0.000000 0.000000 1.000000
0.999953 0.009575 -0.001759 0.052744 -0.002367 0.414472 0.910059 -0.442837 0.009443 -0.910012 0.414475 -0.610961 0.000000 0.000000 0.000000 1.000000</float_array><technique_common><accessor source="#jnt_back01-Matrix-animation-output-transform-array" count="21" stride="16"><param type="float4x4"/></accessor></technique_common></source><source id="jnt_back01-Interpolations"><Name_array id="jnt_back01-Interpolations-array" count="21">
 LINEAR LINEAR LINEAR LINEAR LINEAR LINEAR LINEAR LINEAR LINEAR LINEAR LINEAR
LINEAR LINEAR LINEAR LINEAR LINEAR LINEAR LINEAR LINEAR LINEAR LINEAR</Name_array><technique_common><accessor source="#jnt_back01-Interpolations-array" count="21"><param type="name"/></accessor></technique_common></source><sampler id="jnt_back01-Matrix-animation-transform"><input semantic="INPUT" source="#jnt_back01-Matrix-animation-input"/><input semantic="OUTPUT" source="#jnt_back01-Matrix-animation-output-transform"/><input semantic="INTERPOLATION" source="#jnt_back01-Interpolations"/></sampler><channel source="#jnt_back01-Matrix-animation-transform" target="jnt_back01/matrix"/></animation></animation>
    <animation id="jnt_back02-anim" name="jnt_back02"><animation><source id="jnt_back02-Matrix-animation-input"><float_array id="jnt_back02-Matrix-animation-input-array" count="21">

0.000000 0.033333 0.066667 0.100000 0.133333 0.166667 0.200000 0.233333 0.266667 0.300000 0.333333 0.366667 0.400000 0.433333 0.466667 0.500000
0.533333 0.566667 0.600000 0.633333 0.666667</float_array><technique_common><accessor source="#jnt_back02-Matrix-animation-input-array" count="21"><param name="TIME" type="float"/></accessor></technique_common></source><source id="jnt_back02-Matrix-animation-output-transform"><float_array id="jnt_back02-Matrix-animation-output-transform-array" count="336">

1.000000 -0.000000 -0.000000 0.032862 0.000000 0.979325 0.202291 -0.082005 0.000000 -0.202291 0.979325 -1.084539 0.000000 0.000000 0.000000 1.000000
1.000000 -0.000000 0.000000 0.032862 0.000000 0.979325 0.202291 -0.082005 -0.000000 -0.202291 0.979325 -1.084539 0.000000 0.000000 0.000000 1.000000
1.000000 -0.000000 0.000000 0.032862 0.000000 0.979325 0.202291 -0.082005 -0.000000 -0.202291 0.979325 -1.084539 0.000000 0.000000 0.000000 1.000000
1.000000 -0.000000 0.000000 0.032862 0.000000 0.979325 0.202291 -0.082005 -0.000000 -0.202291 0.979325 -1.084539 0.000000 0.000000 0.000000 1.000000
1.000000 -0.000000 0.000000 0.032862 0.000000 0.979325 0.202291 -0.082005 -0.000000 -0.202291 0.979325 -1.084539 0.000000 0.000000 0.000000 1.000000
1.000000 -0.000000 0.000000 0.032862 0.000000 0.979325 0.202291 -0.082005 -0.000000 -0.202291 0.979325 -1.084539 0.000000 0.000000 0.000000 1.000000
1.000000 -0.000000 0.000000 0.032862 0.000000 0.979325 0.202291 -0.082005 -0.000000 -0.202291 0.979325 -1.084539 0.000000 0.000000 0.000000 1.000000
1.000000 -0.000000 0.000000 0.032862 0.000000 0.979325 0.202291 -0.082005 -0.000000 -0.202291 0.979325 -1.084539 0.000000 0.000000 0.000000 1.000000
1.000000 -0.000000 0.000000 0.032862 0.000000 0.979325 0.202291 -0.082005 -0.000000 -0.202291 0.979325 -1.084539 0.000000 0.000000 0.000000 1.000000
1.000000 -0.000000 0.000000 0.032862 0.000000 0.979325 0.202291 -0.082005 -0.000000 -0.202291 0.979325 -1.084539 0.000000 0.000000 0.000000 1.000000
1.000000 -0.000000 0.000000 0.032862 0.000000 0.979325 0.202291 -0.082005 -0.000000 -0.202291 0.979325 -1.084539 0.000000 0.000000 0.000000 1.000000
1.000000 -0.000000 0.000000 0.032862 0.000000 0.979325 0.202291 -0.082005 -0.000000 -0.202291 0.979325 -1.084539 0.000000 0.000000 0.000000 1.000000
1.000000 -0.000000 0.000000 0.032862 0.000000 0.979325 0.202291 -0.082005 -0.000000 -0.202291 0.979325 -1.084539 0.000000 0.000000 0.000000 1.000000
1.000000 -0.000000 0.000000 0.032862 0.000000 0.979325 0.202291 -0.082005 -0.000000 -0.202291 0.979325 -1.084539 0.000000 0.000000 0.000000 1.000000
1.000000 -0.000000 0.000000 0.032862 0.000000 0.979325 0.202291 -0.082005 -0.000000 -0.202291 0.979325 -1.084539 0.000000 0.000000 0.000000 1.000000
1.000000 -0.000000 -0.000000 0.032862 0.000000 0.979325 0.202291 -0.082005 0.000000 -0.202291 0.979325 -1.084539 0.000000 0.000000 0.000000 1.000000
1.000000 -0.000000 0.000000 0.032862 0.000000 0.979325 0.202291 -0.082005 -0.000000 -0.202291 0.979325 -1.084539 0.000000 0.000000 0.000000 1.000000
1.000000 -0.000000 -0.000000 0.032862 0.000000 0.979325 0.202291 -0.082005 0.000000 -0.202291 0.979325 -1.084539 0.000000 0.000000 0.000000 1.000000
1.000000 -0.000000 0.000000 0.032862 0.000000 0.979325 0.202291 -0.082005 -0.000000 -0.202291 0.979325 -1.084539 0.000000 0.000000 0.000000 1.000000
1.000000 -0.000000 -0.000000 0.032862 0.000000 0.979325 0.202291 -0.082005 0.000000 -0.202291 0.979325 -1.084539 0.000000 0.000000 0.000000 1.000000
1.000000 -0.000000 -0.000000 0.032862 0.000000 0.979325 0.202291 -0.082005 0.000000 -0.202291 0.979325 -1.084539 0.000000 0.000000 0.000000 1.000000</float_array><technique_common><accessor source="#jnt_back02-Matrix-animation-output-transform-array" count="21" stride="16"><param type="float4x4"/></accessor></technique_common></source><source id="jnt_back02-Interpolations"><Name_array id="jnt_back02-Interpolations-array" count="21">
 LINEAR LINEAR LINEAR LINEAR LINEAR LINEAR LINEAR LINEAR LINEAR LINEAR LINEAR
LINEAR LINEAR LINEAR LINEAR LINEAR LINEAR LINEAR LINEAR LINEAR LINEAR</Name_array><technique_common><accessor source="#jnt_back02-Interpolations-array" count="21"><param type="name"/></accessor></technique_common></source><sampler id="jnt_back02-Matrix-animation-transform"><input semantic="INPUT" source="#jnt_back02-Matrix-animation-input"/><input semantic="OUTPUT" source="#jnt_back02-Matrix-animation-output-transform"/><input semantic="INTERPOLATION" source="#jnt_back02-Interpolations"/></sampler><channel source="#jnt_back02-Matrix-animation-transform" target="jnt_back02/matrix"/></animation></animation>
    <animation id="jnt_front01-anim" name="jnt_front01"><animation><source id="jnt_front01-Matrix-animation-input"><float_array id="jnt_front01-Matrix-animation-input-array" count="21">

0.000000 0.033333 0.066667 0.100000 0.133333 0.166667 0.200000 0.233333 0.266667 0.300000 0.333333 0.366667 0.400000 0.433333 0.466667 0.500000
0.533333 0.566667 0.600000 0.633333 0.666667</float_array><technique_common><accessor source="#jnt_front01-Matrix-animation-input-array" count="21"><param name="TIME" type="float"/></accessor></technique_common></source><source id="jnt_front01-Matrix-animation-output-transform"><float_array id="jnt_front01-Matrix-animation-output-transform-array" count="336">

1.000000 0.000000 -0.000000 0.102005 0.000000 0.355402 -0.934713 -0.778173 0.000000 0.934713 0.355402 0.778428 0.000000 0.000000 0.000000 1.000000
1.000000 0.000000 -0.000000 0.102005 0.000000 0.334051 -0.942555 -0.784557 0.000000 0.942555 0.334051 0.762605 0.000000 0.000000 0.000000 1.000000
1.000000 0.000000 -0.000000 0.102005 0.000000 0.279940 -0.960017 -0.800516 0.000000 0.960017 0.279940 0.723048 0.000000 0.000000 0.000000 1.000000
1.000000 0.000000 -0.000000 0.102005 0.000000 0.208270 -0.978071 -0.821263 0.000000 0.978071 0.208270 0.671623 0.000000 0.000000 0.000000 1.000000
1.000000 0.000000 -0.000000 0.102005 0.000000 0.135462 -0.990783 -0.842010 0.000000 0.990783 0.135462 0.620199 0.000000 0.000000 0.000000 1.000000
1.000000 -0.000000 -0.000000 0.102005 0.000000 0.078931 -0.996880 -0.857970 0.000000 0.996880 0.078931 0.580642 0.000000 0.000000 0.000000 1.000000
1.000000 0.000000 -0.000000 0.102005 0.000000 0.056237 -0.998417 -0.864353 0.000000 0.998417 0.056237 0.564819 0.000000 0.000000 0.000000 1.000000
1.000000 0.000000 -0.000000 0.102005 0.000000 0.075751 -0.997127 -0.863097 0.000000 0.997127 0.075751 0.567933 0.000000 0.000000 0.000000 1.000000
1.000000 0.000000 -0.000000 0.102005 0.000000 0.127038 -0.991898 -0.859580 0.000000 0.991898 0.127038 0.576651 0.000000 0.000000 0.000000 1.000000
1.000000 0.000000 -0.000000 0.102005 0.000000 0.198939 -0.980012 -0.854178 0.000000 0.980012 0.198939 0.590041 0.000000 0.000000 0.000000 1.000000
1.000000 0.000000 -0.000000 0.102005 0.000000 0.280040 -0.959988 -0.847268 0.000000 0.959988 0.280040 0.607167 0.000000 0.000000 0.000000 1.000000
1.000000 0.000000 -0.000000 0.102005 0.000000 0.359186 -0.933266 -0.839228 0.000000 0.933266 0.359186 0.627096 0.000000 0.000000 0.000000 1.000000
1.000000 0.000000 -0.000000 0.102005 0.000000 0.426201 -0.904629 -0.830434 0.000000 0.904629 0.426201 0.648892 0.000000 0.000000 0.000000 1.000000
1.000000 0.000000 -0.000000 0.102005 0.000000 0.472255 -0.881462 -0.821263 0.000000 0.881462 0.472255 0.671623 0.000000 0.000000 0.000000 1.000000
1.000000 0.000000 -0.000000 0.102005 0.000000 0.489402 -0.872058 -0.812092 0.000000 0.872058 0.489402 0.694354 0.000000 0.000000 0.000000 1.000000
1.000000 0.000000 -0.000000 0.102005 0.000000 0.479809 -0.877373 -0.803299 0.000000 0.877373 0.479809 0.716151 0.000000 0.000000 0.000000 1.000000
1.000000 0.000000 -0.000000 0.102005 0.000000 0.455575 -0.890197 -0.795258 0.000000 0.890197 0.455575 0.736080 0.000000 0.000000 0.000000 1.000000
1.000000 0.000000 -0.000000 0.102005 0.000000 0.423562 -0.905867 -0.788349 0.000000 0.905867 0.423562 0.753206 0.000000 0.000000 0.000000 1.000000
1.000000 0.000000 -0.000000 0.102005 0.000000 0.391011 -0.920386 -0.782947 0.000000 0.920386 0.391011 0.766595 0.000000 0.000000 0.000000 1.000000
1.000000 0.000000 -0.000000 0.102005 0.000000 0.365632 -0.930760 -0.779429 0.000000 0.930760 0.365632 0.775314 0.000000 0.000000 0.000000 1.000000
1.000000 0.000000 -0.000000 0.102005 0.000000 0.355402 -0.934713 -0.778173 0.000000 0.934713 0.355402 0.778428 0.000000 0.000000 0.000000 1.000000</float_array><technique_common><accessor source="#jnt_front01-Matrix-animation-output-transform-array" count="21" stride="16"><param type="float4x4"/></accessor></technique_common></source><source id="jnt_front01-Interpolations"><Name_array id="jnt_front01-Interpolations-array" count="21">
 LINEAR LINEAR LINEAR LINEAR LINEAR LINEAR LINEAR LINEAR LINEAR LINEAR LINEAR
LINEAR LINEAR LINEAR LINEAR LINEAR LINEAR LINEAR LINEAR LINEAR LINEAR</Name_array><technique_common><accessor source="#jnt_front01-Interpolations-array" count="21"><param type="name"/></accessor></technique_common></source><sampler id="jnt_front01-Matrix-animation-transform"><input semantic="INPUT" source="#jnt_front01-Matrix-animation-input"/><input semantic="OUTPUT" source="#jnt_front01-Matrix-animation-output-transform"/><input semantic="INTERPOLATION" source="#jnt_front01-Interpolations"/></sampler><channel source="#jnt_front01-Matrix-animation-transform" target="jnt_front01/matrix"/></animation></animation>
    <animation id="jnt_front02-anim" name="jnt_front02"><animation><source id="jnt_front02-Matrix-animation-input"><float_array id="jnt_front02-Matrix-animation-input-array" count="21">

0.000000 0.033333 0.066667 0.100000 0.133333 0.166667 0.200000 0.233333 0.266667 0.300000 0.333333 0.366667 0.400000 0.433333 0.466667 0.500000
0.533333 0.566667 0.600000 0.633333 0.666667</float_array><technique_common><accessor source="#jnt_front02-Matrix-animation-input-array" count="21"><param name="TIME" type="float"/></accessor></technique_common></source><source id="jnt_front02-Matrix-animation-output-transform"><float_array id="jnt_front02-Matrix-animation-output-transform-array" count="336">

1.000000 0.000000 0.000000 0.048081 -0.000000 0.936213 -0.351434 -0.221395 0.000000 0.351434 0.936213 1.132922 0.000000 0.000000 0.000000 1.000000
1.000000 0.000000 0.000000 0.048081 0.000000 0.936213 -0.351434 -0.221395 0.000000 0.351434 0.936213 1.132922 0.000000 0.000000 0.000000 1.000000
1.000000 0.000000 0.000000 0.048081 0.000000 0.936213 -0.351434 -0.221395 -0.000000 0.351434 0.936213 1.132922 0.000000 0.000000 0.000000 1.000000
1.000000 0.000000 -0.000000 0.048081 0.000000 0.936213 -0.351434 -0.221395 0.000000 0.351434 0.936213 1.132922 0.000000 0.000000 0.000000 1.000000
1.000000 0.000000 -0.000000 0.048081 0.000000 0.936213 -0.351434 -0.221395 0.000000 0.351434 0.936213 1.132922 0.000000 0.000000 0.000000 1.000000
1.000000 -0.000000 0.000000 0.048081 0.000000 0.936213 -0.351434 -0.221395 0.000000 0.351434 0.936213 1.132922 0.000000 0.000000 0.000000 1.000000
1.000000 0.000000 0.000000 0.048081 -0.000000 0.936213 -0.351434 -0.221395 0.000000 0.351434 0.936213 1.132922 0.000000 0.000000 0.000000 1.000000
1.000000 -0.000000 -0.000000 0.048081 0.000000 0.936213 -0.351434 -0.221395 0.000000 0.351434 0.936213 1.132922 0.000000 0.000000 0.000000 1.000000
1.000000 0.000000 0.000000 0.048081 -0.000000 0.936213 -0.351434 -0.221395 0.000000 0.351434 0.936213 1.132922 0.000000 0.000000 0.000000 1.000000
1.000000 0.000000 0.000000 0.048081 0.000000 0.936213 -0.351434 -0.221395 0.000000 0.351434 0.936213 1.132922 0.000000 0.000000 0.000000 1.000000
1.000000 -0.000000 -0.000000 0.048081 0.000000 0.936213 -0.351434 -0.221395 0.000000 0.351434 0.936213 1.132922 0.000000 0.000000 0.000000 1.000000
1.000000 0.000000 0.000000 0.048081 -0.000000 0.936213 -0.351434 -0.221395 -0.000000 0.351434 0.936213 1.132922 0.000000 0.000000 0.000000 1.000000
1.000000 0.000000 -0.000000 0.048081 0.000000 0.936213 -0.351434 -0.221395 0.000000 0.351434 0.936213 1.132922 0.000000 0.000000 0.000000 1.000000
1.000000 0.000000 0.000000 0.048081 0.000000 0.936213 -0.351434 -0.221395 0.000000 0.351434 0.936213 1.132922 0.000000 0.000000 0.000000 1.000000
1.000000 0.000000 0.000000 0.048081 0.000000 0.936213 -0.351434 -0.221395 0.000000 0.351434 0.936213 1.132922 0.000000 0.000000 0.000000 1.000000
1.000000 0.000000 0.000000 0.048081 -0.000000 0.936213 -0.351434 -0.221395 -0.000000 0.351434 0.936213 1.132922 0.000000 0.000000 0.000000 1.000000
1.000000 -0.000000 0.000000 0.048081 0.000000 0.936213 -0.351434 -0.221395 -0.000000 0.351434 0.936213 1.132922 0.000000 0.000000 0.000000 1.000000
1.000000 -0.000000 -0.000000 0.048081 0.000000 0.936213 -0.351434 -0.221395 0.000000 0.351434 0.936213 1.132922 0.000000 0.000000 0.000000 1.000000
1.000000 0.000000 0.000000 0.048081 0.000000 0.936213 -0.351434 -0.221395 0.000000 0.351434 0.936213 1.132922 0.000000 0.000000 0.000000 1.000000
1.000000 -0.000000 0.000000 0.048081 0.000000 0.936213 -0.351434 -0.221395 0.000000 0.351434 0.936213 1.132922 0.000000 0.000000 0.000000 1.000000
1.000000 0.000000 0.000000 0.048081 -0.000000 0.936213 -0.351434 -0.221395 0.000000 0.351434 0.936213 1.132922 0.000000 0.000000 0.000000 1.000000</float_array><technique_common><accessor source="#jnt_front02-Matrix-animation-output-transform-array" count="21" stride="16"><param type="float4x4"/></accessor></technique_common></source><source id="jnt_front02-Interpolations"><Name_array id="jnt_front02-Interpolations-array" count="21">
 LINEAR LINEAR LINEAR LINEAR LINEAR LINEAR LINEAR LINEAR LINEAR LINEAR LINEAR
LINEAR LINEAR LINEAR LINEAR LINEAR LINEAR LINEAR LINEAR LINEAR LINEAR</Name_array><technique_common><accessor source="#jnt_front02-Interpolations-array" count="21"><param type="name"/></accessor></technique_common></source><sampler id="jnt_front02-Matrix-animation-transform"><input semantic="INPUT" source="#jnt_front02-Matrix-animation-input"/><input semantic="OUTPUT" source="#jnt_front02-Matrix-animation-output-transform"/><input semantic="INTERPOLATION" source="#jnt_front02-Interpolations"/></sampler><channel source="#jnt_front02-Matrix-animation-transform" target="jnt_front02/matrix"/></animation></animation>
  </library_animations>
  <library_visual_scenes>
    <visual_scene id="ani_char_soilbag_putdown" name="ani_char_soilbag_putdown">
      <node name="jnt_right_weapon" id="jnt_right_weapon" sid="jnt_right_weapon" type="JOINT"><matrix sid="matrix">1.000000 0.000000 0.000000 0.000000 0.000000 1.000000 0.000000 0.000000 0.000000 0.000000 1.000000 0.000000 0.000000 0.000000 0.000000 1.000000</matrix><extra><technique profile="FCOLLADA"><visibility>0.000000</visibility></technique></extra><node name="root_soilbag" id="root_soilbag" sid="root_soilbag" type="JOINT"><matrix sid="matrix">0.998206 -0.059865 -0.000000 1.137497 0.026699 0.445183 0.895042 0.071695 -0.053581 -0.893436 0.445983 -0.084106 0.000000 0.000000 0.000000 1.000000</matrix><extra><technique profile="FCOLLADA"><visibility>1.000000</visibility></technique></extra><node name="jnt_back01" id="jnt_back01" sid="jnt_back01" type="JOINT"><matrix sid="matrix">1.000000 -0.000000 -0.000000 0.047379 0.000000 0.612587 0.790403 -0.433586 -0.000000 -0.790403 0.612587 -0.723190 0.000000 0.000000 0.000000 1.000000</matrix><extra><technique profile="FCOLLADA"><visibility>1.000000</visibility></technique></extra><node name="jnt_back02" id="jnt_back02" sid="jnt_back02" type="JOINT"><matrix sid="matrix">1.000000 -0.000000 -0.000000 0.032862 0.000000 0.979325 0.202291 -0.082005 0.000000 -0.202291 0.979325 -1.084539 0.000000 0.000000 0.000000 1.000000</matrix><extra><technique profile="FCOLLADA"><visibility>1.000000</visibility></technique></extra></node></node><node name="jnt_front01" id="jnt_front01" sid="jnt_front01" type="JOINT"><matrix sid="matrix">1.000000 0.000000 -0.000000 0.102005 0.000000 0.355402 -0.934713 -0.778173 0.000000 0.934713 0.355402 0.778428 0.000000 0.000000 0.000000 1.000000</matrix><extra><technique profile="FCOLLADA"><visibility>1.000000</visibility></technique></extra><node name="jnt_front02" id="jnt_front02" sid="jnt_front02" type="JOINT"><matrix sid="matrix">1.000000 0.000000 0.000000 0.048081 -0.000000 0.936213 -0.351434 -0.221395 0.000000 0.351434 0.936213 1.132922 0.000000 0.000000 0.000000 1.000000</matrix><extra><technique profile="FCOLLADA"><visibility>1.000000</visibility></technique></extra></node></node></node></node>
      <extra><technique profile="MAX3D"><frame_rate>30.000000</frame_rate></technique><technique profile="FCOLLADA"><start_time>0.000000</start_time><end_time>0.666667</end_time></technique></extra>
    </visual_scene>
  </library_visual_scenes>
  <scene>
    <instance_visual_scene url="#ani_char_soilbag_putdown"></instance_visual_scene>
  </scene>
</COLLADA>
