<?xml version="1.0" encoding="utf-8"?>
<COLLADA xmlns="http://www.collada.org/2005/11/COLLADASchema" version="1.4.1">
  <asset><contributor><author></author><authoring_tool>FBX COLLADA exporter</authoring_tool><comments></comments></contributor><created>2020-02-26T11:04:42Z</created><keywords></keywords><modified>2020-02-26T11:04:42Z</modified><revision></revision><subject></subject><title></title><unit meter="0.010000" name="centimeter"></unit><up_axis>Y_UP</up_axis></asset>
  <library_animations>
    <animation id="root_soilbag-anim" name="root_soilbag"><animation><source id="root_soilbag-Matrix-animation-input"><float_array id="root_soilbag-Matrix-animation-input-array" count="21">

0.000000 0.033333 0.066667 0.100000 0.133333 0.166667 0.200000 0.233333 0.266667 0.300000 0.333333 0.366667 0.400000 0.433333 0.466667 0.500000
0.533333 0.566667 0.600000 0.633333 0.666667</float_array><technique_common><accessor source="#root_soilbag-Matrix-animation-input-array" count="21"><param name="TIME" type="float"/></accessor></technique_common></source><source id="root_soilbag-Matrix-animation-output-transform"><float_array id="root_soilbag-Matrix-animation-output-transform-array" count="336">

0.998206 -0.059865 -0.000000 1.137497 0.026699 0.445183 0.895042 0.071695 -0.053581 -0.893436 0.445983 -0.084106 0.000000 0.000000 0.000000 1.000000
0.998206 -0.059865 -0.000000 1.137497 0.026699 0.445183 0.895042 0.071695 -0.053581 -0.893436 0.445983 -0.084106 0.000000 0.000000 0.000000 1.000000
0.998206 -0.059865 -0.000000 1.137497 0.026699 0.445183 0.895042 0.071695 -0.053581 -0.893436 0.445983 -0.084106 0.000000 0.000000 0.000000 1.000000
0.998206 -0.059865 -0.000000 1.137497 0.026699 0.445183 0.895042 0.071695 -0.053581 -0.893436 0.445983 -0.084106 0.000000 0.000000 0.000000 1.000000
0.998206 -0.059865 -0.000000 1.137497 0.026699 0.445183 0.895042 0.071695 -0.053581 -0.893436 0.445983 -0.084106 0.000000 0.000000 0.000000 1.000000
0.998206 -0.059865 -0.000000 1.137497 0.026699 0.445183 0.895042 0.071695 -0.053581 -0.893436 0.445983 -0.084106 0.000000 0.000000 0.000000 1.000000
0.998206 -0.059865 -0.000000 1.137497 0.026699 0.445183 0.895042 0.071695 -0.053581 -0.893436 0.445983 -0.084106 0.000000 0.000000 0.000000 1.000000
0.998206 -0.059865 -0.000000 1.137497 0.026699 0.445183 0.895042 0.071695 -0.053581 -0.893436 0.445983 -0.084106 0.000000 0.000000 0.000000 1.000000
0.998206 -0.059865 -0.000000 1.137497 0.026699 0.445183 0.895042 0.071695 -0.053581 -0.893436 0.445983 -0.084106 0.000000 0.000000 0.000000 1.000000
0.998206 -0.059865 -0.000000 1.137497 0.026699 0.445183 0.895042 0.071695 -0.053581 -0.893436 0.445983 -0.084106 0.000000 0.000000 0.000000 1.000000
0.998206 -0.059865 -0.000000 1.137497 0.026699 0.445183 0.895042 0.071695 -0.053581 -0.893436 0.445983 -0.084106 0.000000 0.000000 0.000000 1.000000
0.998206 -0.059865 -0.000000 1.137497 0.026699 0.445183 0.895042 0.071695 -0.053581 -0.893436 0.445983 -0.084106 0.000000 0.000000 0.000000 1.000000
0.998206 -0.059865 -0.000000 1.137497 0.026699 0.445183 0.895042 0.071695 -0.053581 -0.893436 0.445983 -0.084106 0.000000 0.000000 0.000000 1.000000
0.998206 -0.059865 -0.000000 1.137497 0.026699 0.445183 0.895042 0.071695 -0.053581 -0.893436 0.445983 -0.084106 0.000000 0.000000 0.000000 1.000000
0.998206 -0.059865 -0.000000 1.137497 0.026699 0.445183 0.895042 0.071695 -0.053581 -0.893436 0.445983 -0.084106 0.000000 0.000000 0.000000 1.000000
0.998206 -0.059865 -0.000000 1.137497 0.026699 0.445183 0.895042 0.071695 -0.053581 -0.893436 0.445983 -0.084106 0.000000 0.000000 0.000000 1.000000
0.998206 -0.059865 -0.000000 1.137497 0.026699 0.445183 0.895042 0.071695 -0.053581 -0.893436 0.445983 -0.084106 0.000000 0.000000 0.000000 1.000000
0.998206 -0.059865 -0.000000 1.137497 0.026699 0.445183 0.895042 0.071695 -0.053581 -0.893436 0.445983 -0.084106 0.000000 0.000000 0.000000 1.000000
0.998206 -0.059865 -0.000000 1.137497 0.026699 0.445183 0.895042 0.071695 -0.053581 -0.893436 0.445983 -0.084106 0.000000 0.000000 0.000000 1.000000
0.998206 -0.059865 -0.000000 1.137497 0.026699 0.445183 0.895042 0.071695 -0.053581 -0.893436 0.445983 -0.084106 0.000000 0.000000 0.000000 1.000000
0.998206 -0.059865 -0.000000 1.137497 0.026699 0.445183 0.895042 0.071695 -0.053581 -0.893436 0.445983 -0.084106 0.000000 0.000000 0.000000 1.000000</float_array><technique_common><accessor source="#root_soilbag-Matrix-animation-output-transform-array" count="21" stride="16"><param type="float4x4"/></accessor></technique_common></source><source id="root_soilbag-Interpolations"><Name_array id="root_soilbag-Interpolations-array" count="21">
 LINEAR LINEAR LINEAR LINEAR LINEAR LINEAR LINEAR LINEAR LINEAR LINEAR LINEAR
LINEAR LINEAR LINEAR LINEAR LINEAR LINEAR LINEAR LINEAR LINEAR LINEAR</Name_array><technique_common><accessor source="#root_soilbag-Interpolations-array" count="21"><param type="name"/></accessor></technique_common></source><sampler id="root_soilbag-Matrix-animation-transform"><input semantic="INPUT" source="#root_soilbag-Matrix-animation-input"/><input semantic="OUTPUT" source="#root_soilbag-Matrix-animation-output-transform"/><input semantic="INTERPOLATION" source="#root_soilbag-Interpolations"/></sampler><channel source="#root_soilbag-Matrix-animation-transform" target="root_soilbag/matrix"/></animation></animation>
    <animation id="jnt_back01-anim" name="jnt_back01"><animation><source id="jnt_back01-Matrix-animation-input"><float_array id="jnt_back01-Matrix-animation-input-array" count="21">

0.000000 0.033333 0.066667 0.100000 0.133333 0.166667 0.200000 0.233333 0.266667 0.300000 0.333333 0.366667 0.400000 0.433333 0.466667 0.500000
0.533333 0.566667 0.600000 0.633333 0.666667</float_array><technique_common><accessor source="#jnt_back01-Matrix-animation-input-array" count="21"><param name="TIME" type="float"/></accessor></technique_common></source><source id="jnt_back01-Matrix-animation-output-transform"><float_array id="jnt_back01-Matrix-animation-output-transform-array" count="336">

0.999953 0.009575 -0.001759 0.052744 -0.002367 0.414472 0.910059 -0.442837 0.009443 -0.910012 0.414475 -0.610961 0.000000 0.000000 0.000000 1.000000
0.999953 0.009403 -0.002153 0.052330 -0.002346 0.453515 0.891245 -0.440153 0.009357 -0.891199 0.453516 -0.615348 0.000000 0.000000 0.000000 1.000000
0.999956 0.008888 -0.003078 0.051294 -0.002288 0.547240 0.836973 -0.433444 0.009124 -0.836929 0.547236 -0.626548 0.000000 0.000000 0.000000 1.000000
0.999959 0.008050 -0.004132 0.049947 -0.002201 0.659330 0.751851 -0.424722 0.008777 -0.751811 0.659321 -0.641623 0.000000 0.000000 0.000000 1.000000
0.999963 0.007032 -0.004969 0.048600 -0.002094 0.758359 0.651834 -0.416000 0.008351 -0.651799 0.758346 -0.657633 0.000000 0.000000 0.000000 1.000000
0.999967 0.006090 -0.005379 0.047564 -0.001976 0.824405 0.565997 -0.409291 0.007882 -0.565968 0.824390 -0.671640 0.000000 0.000000 0.000000 1.000000
0.999971 0.005496 -0.005296 0.047150 -0.001856 0.848156 0.529743 -0.406607 0.007403 -0.529718 0.848141 -0.680703 0.000000 0.000000 0.000000 1.000000
0.999975 0.005139 -0.004901 0.047153 -0.001727 0.845419 0.534102 -0.407000 0.006888 -0.534080 0.845406 -0.686160 0.000000 0.000000 0.000000 1.000000
0.999979 0.004764 -0.004414 0.047163 -0.001579 0.837633 0.546231 -0.408102 0.006299 -0.546213 0.837623 -0.691302 0.000000 0.000000 0.000000 1.000000
0.999983 0.004363 -0.003866 0.047177 -0.001418 0.825337 0.564638 -0.409793 0.005655 -0.564623 0.825329 -0.696112 0.000000 0.000000 0.000000 1.000000
0.999987 0.003931 -0.003290 0.047195 -0.001247 0.809021 0.587778 -0.411956 0.004972 -0.587766 0.809016 -0.700578 0.000000 0.000000 0.000000 1.000000
0.999990 0.003467 -0.002712 0.047217 -0.001070 0.789220 0.614110 -0.414473 0.004269 -0.614101 0.789216 -0.704685 0.000000 0.000000 0.000000 1.000000
0.999993 0.002974 -0.002158 0.047240 -0.000894 0.766581 0.642147 -0.417226 0.003564 -0.642141 0.766579 -0.708419 0.000000 0.000000 0.000000 1.000000
0.999996 0.002463 -0.001650 0.047265 -0.000721 0.741912 0.670497 -0.420096 0.002875 -0.670492 0.741911 -0.711766 0.000000 0.000000 0.000000 1.000000
0.999997 0.001948 -0.001201 0.047289 -0.000557 0.716195 0.697900 -0.422967 0.002220 -0.697897 0.716195 -0.714713 0.000000 0.000000 0.000000 1.000000
0.999999 0.001449 -0.000823 0.047312 -0.000405 0.690585 0.723251 -0.425720 0.001616 -0.723250 0.690584 -0.717245 0.000000 0.000000 0.000000 1.000000
0.999999 0.000988 -0.000519 0.047334 -0.000271 0.666383 0.745609 -0.428237 0.001082 -0.745609 0.666383 -0.719348 0.000000 0.000000 0.000000 1.000000
1.000000 0.000589 -0.000288 0.047352 -0.000159 0.645006 0.764177 -0.430400 0.000636 -0.764177 0.645006 -0.721008 0.000000 0.000000 0.000000 1.000000
1.000000 0.000276 -0.000127 0.047367 -0.000074 0.627932 0.778268 -0.432091 0.000294 -0.778268 0.627932 -0.722211 0.000000 0.000000 0.000000 1.000000
1.000000 0.000072 -0.000032 0.047376 -0.000019 0.616648 0.787239 -0.433192 0.000077 -0.787239 0.616648 -0.722943 0.000000 0.000000 0.000000 1.000000
1.000000 -0.000000 -0.000000 0.047379 0.000000 0.612587 0.790403 -0.433586 -0.000000 -0.790403 0.612587 -0.723190 0.000000 0.000000 0.000000 1.000000</float_array><technique_common><accessor source="#jnt_back01-Matrix-animation-output-transform-array" count="21" stride="16"><param type="float4x4"/></accessor></technique_common></source><source id="jnt_back01-Interpolations"><Name_array id="jnt_back01-Interpolations-array" count="21">
 LINEAR LINEAR LINEAR LINEAR LINEAR LINEAR LINEAR LINEAR LINEAR LINEAR LINEAR
LINEAR LINEAR LINEAR LINEAR LINEAR LINEAR LINEAR LINEAR LINEAR LINEAR</Name_array><technique_common><accessor source="#jnt_back01-Interpolations-array" count="21"><param type="name"/></accessor></technique_common></source><sampler id="jnt_back01-Matrix-animation-transform"><input semantic="INPUT" source="#jnt_back01-Matrix-animation-input"/><input semantic="OUTPUT" source="#jnt_back01-Matrix-animation-output-transform"/><input semantic="INTERPOLATION" source="#jnt_back01-Interpolations"/></sampler><channel source="#jnt_back01-Matrix-animation-transform" target="jnt_back01/matrix"/></animation></animation>
    <animation id="jnt_back02-anim" name="jnt_back02"><animation><source id="jnt_back02-Matrix-animation-input"><float_array id="jnt_back02-Matrix-animation-input-array" count="21">

0.000000 0.033333 0.066667 0.100000 0.133333 0.166667 0.200000 0.233333 0.266667 0.300000 0.333333 0.366667 0.400000 0.433333 0.466667 0.500000
0.533333 0.566667 0.600000 0.633333 0.666667</float_array><technique_common><accessor source="#jnt_back02-Matrix-animation-input-array" count="21"><param name="TIME" type="float"/></accessor></technique_common></source><source id="jnt_back02-Matrix-animation-output-transform"><float_array id="jnt_back02-Matrix-animation-output-transform-array" count="336">

1.000000 -0.000000 -0.000000 0.032862 0.000000 0.979325 0.202291 -0.082005 0.000000 -0.202291 0.979325 -1.084539 0.000000 0.000000 0.000000 1.000000
1.000000 -0.000000 0.000000 0.032862 0.000000 0.979325 0.202291 -0.082005 -0.000000 -0.202291 0.979325 -1.084539 0.000000 0.000000 0.000000 1.000000
1.000000 -0.000000 0.000000 0.032862 0.000000 0.979325 0.202291 -0.082005 -0.000000 -0.202291 0.979325 -1.084539 0.000000 0.000000 0.000000 1.000000
1.000000 -0.000000 0.000000 0.032862 0.000000 0.979325 0.202291 -0.082005 -0.000000 -0.202291 0.979325 -1.084539 0.000000 0.000000 0.000000 1.000000
1.000000 -0.000000 0.000000 0.032862 0.000000 0.979325 0.202291 -0.082005 -0.000000 -0.202291 0.979325 -1.084539 0.000000 0.000000 0.000000 1.000000
1.000000 -0.000000 0.000000 0.032862 0.000000 0.979325 0.202291 -0.082005 -0.000000 -0.202291 0.979325 -1.084539 0.000000 0.000000 0.000000 1.000000
1.000000 -0.000000 0.000000 0.032862 0.000000 0.979325 0.202291 -0.082005 -0.000000 -0.202291 0.979325 -1.084539 0.000000 0.000000 0.000000 1.000000
1.000000 -0.000000 0.000000 0.032862 0.000000 0.979325 0.202291 -0.082005 -0.000000 -0.202291 0.979325 -1.084539 0.000000 0.000000 0.000000 1.000000
1.000000 -0.000000 0.000000 0.032862 0.000000 0.979325 0.202291 -0.082005 -0.000000 -0.202291 0.979325 -1.084539 0.000000 0.000000 0.000000 1.000000
1.000000 -0.000000 0.000000 0.032862 0.000000 0.979325 0.202291 -0.082005 -0.000000 -0.202291 0.979325 -1.084539 0.000000 0.000000 0.000000 1.000000
1.000000 -0.000000 0.000000 0.032862 0.000000 0.979325 0.202291 -0.082005 -0.000000 -0.202291 0.979325 -1.084539 0.000000 0.000000 0.000000 1.000000
1.000000 -0.000000 0.000000 0.032862 0.000000 0.979325 0.202291 -0.082005 -0.000000 -0.202291 0.979325 -1.084539 0.000000 0.000000 0.000000 1.000000
1.000000 -0.000000 0.000000 0.032862 0.000000 0.979325 0.202291 -0.082005 -0.000000 -0.202291 0.979325 -1.084539 0.000000 0.000000 0.000000 1.000000
1.000000 -0.000000 0.000000 0.032862 0.000000 0.979325 0.202291 -0.082005 -0.000000 -0.202291 0.979325 -1.084539 0.000000 0.000000 0.000000 1.000000
1.000000 -0.000000 0.000000 0.032862 0.000000 0.979325 0.202291 -0.082005 -0.000000 -0.202291 0.979325 -1.084539 0.000000 0.000000 0.000000 1.000000
1.000000 -0.000000 0.000000 0.032862 0.000000 0.979325 0.202291 -0.082005 -0.000000 -0.202291 0.979325 -1.084539 0.000000 0.000000 0.000000 1.000000
1.000000 -0.000000 0.000000 0.032862 0.000000 0.979325 0.202291 -0.082005 -0.000000 -0.202291 0.979325 -1.084539 0.000000 0.000000 0.000000 1.000000
1.000000 -0.000000 0.000000 0.032862 0.000000 0.979325 0.202291 -0.082005 -0.000000 -0.202291 0.979325 -1.084539 0.000000 0.000000 0.000000 1.000000
1.000000 -0.000000 0.000000 0.032862 0.000000 0.979325 0.202291 -0.082005 -0.000000 -0.202291 0.979325 -1.084539 0.000000 0.000000 0.000000 1.000000
1.000000 -0.000000 0.000000 0.032862 0.000000 0.979325 0.202291 -0.082005 -0.000000 -0.202291 0.979325 -1.084539 0.000000 0.000000 0.000000 1.000000
1.000000 -0.000000 -0.000000 0.032862 0.000000 0.979325 0.202291 -0.082005 0.000000 -0.202291 0.979325 -1.084539 0.000000 0.000000 0.000000 1.000000</float_array><technique_common><accessor source="#jnt_back02-Matrix-animation-output-transform-array" count="21" stride="16"><param type="float4x4"/></accessor></technique_common></source><source id="jnt_back02-Interpolations"><Name_array id="jnt_back02-Interpolations-array" count="21">
 LINEAR LINEAR LINEAR LINEAR LINEAR LINEAR LINEAR LINEAR LINEAR LINEAR LINEAR
LINEAR LINEAR LINEAR LINEAR LINEAR LINEAR LINEAR LINEAR LINEAR LINEAR</Name_array><technique_common><accessor source="#jnt_back02-Interpolations-array" count="21"><param type="name"/></accessor></technique_common></source><sampler id="jnt_back02-Matrix-animation-transform"><input semantic="INPUT" source="#jnt_back02-Matrix-animation-input"/><input semantic="OUTPUT" source="#jnt_back02-Matrix-animation-output-transform"/><input semantic="INTERPOLATION" source="#jnt_back02-Interpolations"/></sampler><channel source="#jnt_back02-Matrix-animation-transform" target="jnt_back02/matrix"/></animation></animation>
    <animation id="jnt_front01-anim" name="jnt_front01"><animation><source id="jnt_front01-Matrix-animation-input"><float_array id="jnt_front01-Matrix-animation-input-array" count="21">

0.000000 0.033333 0.066667 0.100000 0.133333 0.166667 0.200000 0.233333 0.266667 0.300000 0.333333 0.366667 0.400000 0.433333 0.466667 0.500000
0.533333 0.566667 0.600000 0.633333 0.666667</float_array><technique_common><accessor source="#jnt_front01-Matrix-animation-input-array" count="21"><param name="TIME" type="float"/></accessor></technique_common></source><source id="jnt_front01-Matrix-animation-output-transform"><float_array id="jnt_front01-Matrix-animation-output-transform-array" count="336">

1.000000 0.000000 -0.000000 0.102005 0.000000 0.355402 -0.934713 -0.778173 0.000000 0.934713 0.355402 0.778428 0.000000 0.000000 0.000000 1.000000
1.000000 0.000000 -0.000000 0.107659 0.000000 0.279595 -0.960118 -0.806883 0.000000 0.960118 0.279595 0.768723 0.000000 0.000000 0.000000 1.000000
1.000000 0.000000 -0.000000 0.121141 0.000000 0.092539 -0.995709 -0.875346 0.000000 0.995709 0.092539 0.745580 0.000000 0.000000 0.000000 1.000000
1.000000 0.000000 -0.000000 0.137233 0.000000 -0.134531 -0.990909 -0.957059 0.000000 0.990909 -0.134531 0.717959 0.000000 0.000000 0.000000 1.000000
1.000000 0.000000 -0.000000 0.150715 0.000000 -0.319917 -0.947446 -1.025521 0.000000 0.947446 -0.319917 0.694817 0.000000 0.000000 0.000000 1.000000
1.000000 -0.000000 -0.000000 0.156369 0.000000 -0.394582 -0.918861 -1.054232 0.000000 0.918861 -0.394582 0.685112 0.000000 0.000000 0.000000 1.000000
1.000000 -0.000000 -0.000000 0.154588 0.000000 -0.339799 -0.940498 -1.039364 0.000000 0.940498 -0.339799 0.691016 0.000000 0.000000 0.000000 1.000000
1.000000 0.000000 -0.000000 0.149985 0.000000 -0.198110 -0.980180 -1.001550 0.000000 0.980180 -0.198110 0.705894 0.000000 0.000000 0.000000 1.000000
1.000000 0.000000 -0.000000 0.143668 0.000000 -0.007972 -0.999968 -0.950976 0.000000 0.999968 -0.007972 0.725492 0.000000 0.000000 0.000000 1.000000
1.000000 0.000000 -0.000000 0.136747 0.000000 0.182456 -0.983214 -0.897826 0.000000 0.983214 0.182456 0.745554 0.000000 0.000000 0.000000 1.000000
1.000000 0.000000 -0.000000 0.130331 0.000000 0.324760 -0.945796 -0.852286 0.000000 0.945796 0.324760 0.761827 0.000000 0.000000 0.000000 1.000000
1.000000 0.000000 -0.000000 0.125530 0.000000 0.379882 -0.925035 -0.824539 0.000000 0.925035 0.379882 0.770057 0.000000 0.000000 0.000000 1.000000
1.000000 0.000000 -0.000000 0.121859 0.000000 0.379046 -0.925378 -0.810737 0.000000 0.925378 0.379046 0.772549 0.000000 0.000000 0.000000 1.000000
1.000000 0.000000 -0.000000 0.118176 0.000000 0.376806 -0.926292 -0.799988 0.000000 0.926292 0.376806 0.774489 0.000000 0.000000 0.000000 1.000000
1.000000 0.000000 -0.000000 0.114598 0.000000 0.373560 -0.927606 -0.791911 0.000000 0.927606 0.373560 0.775947 0.000000 0.000000 0.000000 1.000000
1.000000 0.000000 -0.000000 0.111245 0.000000 0.369704 -0.929149 -0.786123 0.000000 0.929149 0.369704 0.776992 0.000000 0.000000 0.000000 1.000000
1.000000 0.000000 -0.000000 0.108235 0.000000 0.365641 -0.930756 -0.782244 0.000000 0.930756 0.365641 0.777693 0.000000 0.000000 0.000000 1.000000
1.000000 0.000000 -0.000000 0.105688 0.000000 0.361773 -0.932266 -0.779890 0.000000 0.932266 0.361773 0.778118 0.000000 0.000000 0.000000 1.000000
1.000000 0.000000 -0.000000 0.103721 0.000000 0.358505 -0.933528 -0.778682 0.000000 0.933528 0.358505 0.778336 0.000000 0.000000 0.000000 1.000000
1.000000 0.000000 -0.000000 0.102454 0.000000 0.356246 -0.934392 -0.778237 0.000000 0.934392 0.356246 0.778416 0.000000 0.000000 0.000000 1.000000
1.000000 0.000000 -0.000000 0.102005 0.000000 0.355402 -0.934713 -0.778173 0.000000 0.934713 0.355402 0.778428 0.000000 0.000000 0.000000 1.000000</float_array><technique_common><accessor source="#jnt_front01-Matrix-animation-output-transform-array" count="21" stride="16"><param type="float4x4"/></accessor></technique_common></source><source id="jnt_front01-Interpolations"><Name_array id="jnt_front01-Interpolations-array" count="21">
 LINEAR LINEAR LINEAR LINEAR LINEAR LINEAR LINEAR LINEAR LINEAR LINEAR LINEAR
LINEAR LINEAR LINEAR LINEAR LINEAR LINEAR LINEAR LINEAR LINEAR LINEAR</Name_array><technique_common><accessor source="#jnt_front01-Interpolations-array" count="21"><param type="name"/></accessor></technique_common></source><sampler id="jnt_front01-Matrix-animation-transform"><input semantic="INPUT" source="#jnt_front01-Matrix-animation-input"/><input semantic="OUTPUT" source="#jnt_front01-Matrix-animation-output-transform"/><input semantic="INTERPOLATION" source="#jnt_front01-Interpolations"/></sampler><channel source="#jnt_front01-Matrix-animation-transform" target="jnt_front01/matrix"/></animation></animation>
    <animation id="jnt_front02-anim" name="jnt_front02"><animation><source id="jnt_front02-Matrix-animation-input"><float_array id="jnt_front02-Matrix-animation-input-array" count="21">

0.000000 0.033333 0.066667 0.100000 0.133333 0.166667 0.200000 0.233333 0.266667 0.300000 0.333333 0.366667 0.400000 0.433333 0.466667 0.500000
0.533333 0.566667 0.600000 0.633333 0.666667</float_array><technique_common><accessor source="#jnt_front02-Matrix-animation-input-array" count="21"><param name="TIME" type="float"/></accessor></technique_common></source><source id="jnt_front02-Matrix-animation-output-transform"><float_array id="jnt_front02-Matrix-animation-output-transform-array" count="336">

1.000000 0.000000 0.000000 0.048081 -0.000000 0.936213 -0.351434 -0.221395 0.000000 0.351434 0.936213 1.132922 0.000000 0.000000 0.000000 1.000000
1.000000 0.000000 0.000000 0.048081 0.000000 0.936213 -0.351434 -0.221395 0.000000 0.351434 0.936213 1.132922 0.000000 0.000000 0.000000 1.000000
1.000000 -0.000000 0.000000 0.048081 -0.000000 0.936213 -0.351434 -0.221395 0.000000 0.351434 0.936213 1.132922 0.000000 0.000000 0.000000 1.000000
1.000000 0.000000 0.000000 0.048081 0.000000 0.936213 -0.351434 -0.221395 -0.000000 0.351434 0.936213 1.132922 0.000000 0.000000 0.000000 1.000000
1.000000 -0.000000 -0.000000 0.048081 0.000000 0.936213 -0.351434 -0.221395 -0.000000 0.351434 0.936213 1.132922 0.000000 0.000000 0.000000 1.000000
1.000000 0.000000 0.000000 0.048081 -0.000000 0.936213 -0.351434 -0.221395 0.000000 0.351434 0.936213 1.132922 0.000000 0.000000 0.000000 1.000000
1.000000 -0.000000 -0.000000 0.048081 -0.000000 0.936213 -0.351434 -0.221395 -0.000000 0.351434 0.936213 1.132922 0.000000 0.000000 0.000000 1.000000
1.000000 0.000000 0.000000 0.048081 -0.000000 0.936213 -0.351434 -0.221395 0.000000 0.351434 0.936213 1.132922 0.000000 0.000000 0.000000 1.000000
1.000000 0.000000 0.000000 0.048081 0.000000 0.936213 -0.351434 -0.221395 -0.000000 0.351434 0.936213 1.132922 0.000000 0.000000 0.000000 1.000000
1.000000 0.000000 0.000000 0.048081 0.000000 0.936213 -0.351434 -0.221395 0.000000 0.351434 0.936213 1.132922 0.000000 0.000000 0.000000 1.000000
1.000000 -0.000000 0.000000 0.048081 0.000000 0.936213 -0.351434 -0.221395 0.000000 0.351434 0.936213 1.132922 0.000000 0.000000 0.000000 1.000000
1.000000 0.000000 0.000000 0.048081 0.000000 0.936213 -0.351434 -0.221395 0.000000 0.351434 0.936213 1.132922 0.000000 0.000000 0.000000 1.000000
1.000000 0.000000 0.000000 0.048081 0.000000 0.936213 -0.351434 -0.221395 -0.000000 0.351434 0.936213 1.132922 0.000000 0.000000 0.000000 1.000000
1.000000 -0.000000 -0.000000 0.048081 0.000000 0.936213 -0.351434 -0.221395 -0.000000 0.351434 0.936213 1.132922 0.000000 0.000000 0.000000 1.000000
1.000000 0.000000 0.000000 0.048081 -0.000000 0.936213 -0.351434 -0.221395 0.000000 0.351434 0.936213 1.132922 0.000000 0.000000 0.000000 1.000000
1.000000 0.000000 0.000000 0.048081 0.000000 0.936213 -0.351434 -0.221395 0.000000 0.351434 0.936213 1.132922 0.000000 0.000000 0.000000 1.000000
1.000000 -0.000000 0.000000 0.048081 0.000000 0.936213 -0.351434 -0.221395 0.000000 0.351434 0.936213 1.132922 0.000000 0.000000 0.000000 1.000000
1.000000 0.000000 0.000000 0.048081 -0.000000 0.936213 -0.351434 -0.221395 -0.000000 0.351434 0.936213 1.132922 0.000000 0.000000 0.000000 1.000000
1.000000 -0.000000 0.000000 0.048081 0.000000 0.936213 -0.351434 -0.221395 -0.000000 0.351434 0.936213 1.132922 0.000000 0.000000 0.000000 1.000000
1.000000 0.000000 0.000000 0.048081 -0.000000 0.936213 -0.351434 -0.221395 -0.000000 0.351434 0.936213 1.132922 0.000000 0.000000 0.000000 1.000000
1.000000 0.000000 0.000000 0.048081 -0.000000 0.936213 -0.351434 -0.221395 0.000000 0.351434 0.936213 1.132922 0.000000 0.000000 0.000000 1.000000</float_array><technique_common><accessor source="#jnt_front02-Matrix-animation-output-transform-array" count="21" stride="16"><param type="float4x4"/></accessor></technique_common></source><source id="jnt_front02-Interpolations"><Name_array id="jnt_front02-Interpolations-array" count="21">
 LINEAR LINEAR LINEAR LINEAR LINEAR LINEAR LINEAR LINEAR LINEAR LINEAR LINEAR
LINEAR LINEAR LINEAR LINEAR LINEAR LINEAR LINEAR LINEAR LINEAR LINEAR</Name_array><technique_common><accessor source="#jnt_front02-Interpolations-array" count="21"><param type="name"/></accessor></technique_common></source><sampler id="jnt_front02-Matrix-animation-transform"><input semantic="INPUT" source="#jnt_front02-Matrix-animation-input"/><input semantic="OUTPUT" source="#jnt_front02-Matrix-animation-output-transform"/><input semantic="INTERPOLATION" source="#jnt_front02-Interpolations"/></sampler><channel source="#jnt_front02-Matrix-animation-transform" target="jnt_front02/matrix"/></animation></animation>
  </library_animations>
  <library_visual_scenes>
    <visual_scene id="ani_char_soilbag_pickup" name="ani_char_soilbag_pickup">
      <node name="jnt_right_weapon" id="jnt_right_weapon" sid="jnt_right_weapon" type="JOINT"><matrix sid="matrix">1.000000 0.000000 0.000000 0.000000 0.000000 1.000000 0.000000 0.000000 0.000000 0.000000 1.000000 0.000000 0.000000 0.000000 0.000000 1.000000</matrix><extra><technique profile="FCOLLADA"><visibility>0.000000</visibility></technique></extra><node name="root_soilbag" id="root_soilbag" sid="root_soilbag" type="JOINT"><matrix sid="matrix">0.998206 -0.059865 -0.000000 1.137497 0.026699 0.445183 0.895042 0.071695 -0.053581 -0.893436 0.445983 -0.084106 0.000000 0.000000 0.000000 1.000000</matrix><extra><technique profile="FCOLLADA"><visibility>1.000000</visibility></technique></extra><node name="jnt_back01" id="jnt_back01" sid="jnt_back01" type="JOINT"><matrix sid="matrix">0.999953 0.009575 -0.001759 0.052744 -0.002367 0.414472 0.910059 -0.442837 0.009443 -0.910012 0.414475 -0.610961 0.000000 0.000000 0.000000 1.000000</matrix><extra><technique profile="FCOLLADA"><visibility>1.000000</visibility></technique></extra><node name="jnt_back02" id="jnt_back02" sid="jnt_back02" type="JOINT"><matrix sid="matrix">1.000000 -0.000000 -0.000000 0.032862 0.000000 0.979325 0.202291 -0.082005 0.000000 -0.202291 0.979325 -1.084539 0.000000 0.000000 0.000000 1.000000</matrix><extra><technique profile="FCOLLADA"><visibility>1.000000</visibility></technique></extra></node></node><node name="jnt_front01" id="jnt_front01" sid="jnt_front01" type="JOINT"><matrix sid="matrix">1.000000 0.000000 -0.000000 0.102005 0.000000 0.355402 -0.934713 -0.778173 0.000000 0.934713 0.355402 0.778428 0.000000 0.000000 0.000000 1.000000</matrix><extra><technique profile="FCOLLADA"><visibility>1.000000</visibility></technique></extra><node name="jnt_front02" id="jnt_front02" sid="jnt_front02" type="JOINT"><matrix sid="matrix">1.000000 0.000000 0.000000 0.048081 -0.000000 0.936213 -0.351434 -0.221395 0.000000 0.351434 0.936213 1.132922 0.000000 0.000000 0.000000 1.000000</matrix><extra><technique profile="FCOLLADA"><visibility>1.000000</visibility></technique></extra></node></node></node></node>
      <extra><technique profile="MAX3D"><frame_rate>30.000000</frame_rate></technique><technique profile="FCOLLADA"><start_time>0.000000</start_time><end_time>0.666667</end_time></technique></extra>
    </visual_scene>
  </library_visual_scenes>
  <scene>
    <instance_visual_scene url="#ani_char_soilbag_pickup"></instance_visual_scene>
  </scene>
</COLLADA>
