<?xml version="1.0" encoding="utf-8"?>
<COLLADA xmlns="http://www.collada.org/2005/11/COLLADASchema" version="1.4.1">
  <asset><contributor><author></author><authoring_tool>FBX COLLADA exporter</authoring_tool><comments></comments></contributor><created>2020-02-26T13:24:53Z</created><keywords></keywords><modified>2020-02-26T13:24:53Z</modified><revision></revision><subject></subject><title></title><unit meter="0.010000" name="centimeter"></unit><up_axis>Y_UP</up_axis></asset>
  <library_animations>
    <animation id="root_soilbag-anim" name="root_soilbag"><animation><source id="root_soilbag-Matrix-animation-input"><float_array id="root_soilbag-Matrix-animation-input-array" count="21">

0.000000 0.033333 0.066667 0.100000 0.133333 0.166667 0.200000 0.233333 0.266667 0.300000 0.333333 0.366667 0.400000 0.433333 0.466667 0.500000
0.533333 0.566667 0.600000 0.633333 0.666667</float_array><technique_common><accessor source="#root_soilbag-Matrix-animation-input-array" count="21"><param name="TIME" type="float"/></accessor></technique_common></source><source id="root_soilbag-Matrix-animation-output-transform"><float_array id="root_soilbag-Matrix-animation-output-transform-array" count="336">

0.574706 0.807306 -0.134050 0.576191 -0.814676 0.579917 -0.000212 -0.378446 0.077567 0.109330 0.990975 1.151121 0.000000 0.000000 0.000000 1.000000
0.594597 0.793001 -0.132679 0.591489 -0.800107 0.599857 -0.000402 -0.367671 0.079270 0.106396 0.991159 1.147110 0.000000 0.000000 0.000000 1.000000
0.645227 0.752949 -0.129420 0.631820 -0.759386 0.650641 -0.000592 -0.339265 0.083760 0.098662 0.991590 1.136535 0.000000 0.000000 0.000000 1.000000
0.711994 0.690833 -0.125755 0.688840 -0.696380 0.717673 -0.000211 -0.299105 0.090105 0.087723 0.992061 1.121583 0.000000 0.000000 0.000000 1.000000
0.780936 0.612377 -0.123017 0.754204 -0.616974 0.786983 0.000917 -0.253068 0.097374 0.075182 0.992404 1.104444 0.000000 0.000000 0.000000 1.000000
0.841032 0.527065 -0.121931 0.819569 -0.530769 0.847513 0.002466 -0.207031 0.104638 0.062643 0.992535 1.087304 0.000000 0.000000 0.000000 1.000000
0.885707 0.447828 -0.122365 0.876588 -0.450786 0.892623 0.003896 -0.166871 0.110970 0.051710 0.992478 1.072353 0.000000 0.000000 0.000000 1.000000
0.912728 0.389473 -0.123446 0.916920 -0.391918 0.919987 0.004821 -0.138465 0.115446 0.043980 0.992340 1.061778 0.000000 0.000000 0.000000 1.000000
0.921956 0.366900 -0.124021 0.932218 -0.369154 0.929354 0.005134 -0.127691 0.117143 0.041050 0.992266 1.057766 0.000000 0.000000 0.000000 1.000000
0.921956 0.366900 -0.124021 0.932218 -0.369154 0.929354 0.005134 -0.127691 0.117143 0.041050 0.992266 1.057766 0.000000 0.000000 0.000000 1.000000
0.921956 0.366900 -0.124021 0.932218 -0.369154 0.929354 0.005134 -0.127691 0.117143 0.041050 0.992266 1.057766 0.000000 0.000000 0.000000 1.000000
0.921956 0.366900 -0.124021 0.932218 -0.369154 0.929354 0.005134 -0.127691 0.117143 0.041050 0.992266 1.057766 0.000000 0.000000 0.000000 1.000000
0.921956 0.366900 -0.124021 0.932218 -0.369154 0.929354 0.005134 -0.127691 0.117143 0.041050 0.992266 1.057766 0.000000 0.000000 0.000000 1.000000
0.921956 0.366900 -0.124021 0.932218 -0.369154 0.929354 0.005134 -0.127691 0.117143 0.041050 0.992266 1.057766 0.000000 0.000000 0.000000 1.000000
0.921956 0.366900 -0.124021 0.932218 -0.369154 0.929354 0.005134 -0.127691 0.117143 0.041050 0.992266 1.057766 0.000000 0.000000 0.000000 1.000000
0.887768 0.443713 -0.122421 0.861909 -0.446635 0.894707 0.003966 -0.103920 0.111290 0.051157 0.992470 1.044251 0.000000 0.000000 0.000000 1.000000
0.774372 0.620617 -0.123220 0.686139 -0.625307 0.780378 0.000779 -0.044494 0.096641 0.076447 0.992379 1.010462 0.000000 0.000000 0.000000 1.000000
0.574706 0.807306 -0.134050 0.457637 -0.814676 0.579917 -0.000212 0.032760 0.077567 0.109330 0.990975 0.966537 0.000000 0.000000 0.000000 1.000000
0.330318 0.931301 -0.153520 0.229135 -0.942057 0.335369 0.007492 0.110014 0.058464 0.142150 0.988117 0.922611 0.000000 0.000000 0.000000 1.000000
0.123628 0.977393 -0.171520 0.053365 -0.991364 0.129270 0.022081 0.169440 0.043754 0.167309 0.984933 0.888822 0.000000 0.000000 0.000000 1.000000
0.038757 0.983125 -0.178783 -0.016944 -0.998531 0.044885 0.030355 0.193211 0.037867 0.177344 0.983420 0.875307 0.000000 0.000000 0.000000 1.000000</float_array><technique_common><accessor source="#root_soilbag-Matrix-animation-output-transform-array" count="21" stride="16"><param type="float4x4"/></accessor></technique_common></source><source id="root_soilbag-Interpolations"><Name_array id="root_soilbag-Interpolations-array" count="21">
 LINEAR LINEAR LINEAR LINEAR LINEAR LINEAR LINEAR LINEAR LINEAR LINEAR LINEAR
LINEAR LINEAR LINEAR LINEAR LINEAR LINEAR LINEAR LINEAR LINEAR LINEAR</Name_array><technique_common><accessor source="#root_soilbag-Interpolations-array" count="21"><param type="name"/></accessor></technique_common></source><sampler id="root_soilbag-Matrix-animation-transform"><input semantic="INPUT" source="#root_soilbag-Matrix-animation-input"/><input semantic="OUTPUT" source="#root_soilbag-Matrix-animation-output-transform"/><input semantic="INTERPOLATION" source="#root_soilbag-Interpolations"/></sampler><channel source="#root_soilbag-Matrix-animation-transform" target="root_soilbag/matrix"/></animation></animation>
    <animation id="jnt_back01-anim" name="jnt_back01"><animation><source id="jnt_back01-Matrix-animation-input"><float_array id="jnt_back01-Matrix-animation-input-array" count="21">

0.000000 0.033333 0.066667 0.100000 0.133333 0.166667 0.200000 0.233333 0.266667 0.300000 0.333333 0.366667 0.400000 0.433333 0.466667 0.500000
0.533333 0.566667 0.600000 0.633333 0.666667</float_array><technique_common><accessor source="#jnt_back01-Matrix-animation-input-array" count="21"><param name="TIME" type="float"/></accessor></technique_common></source><source id="jnt_back01-Matrix-animation-output-transform"><float_array id="jnt_back01-Matrix-animation-output-transform-array" count="336">

1.000000 -0.000000 -0.000000 0.000000 0.000000 0.689321 0.724456 -0.254684 -0.000000 -0.724456 0.689321 -0.589516 0.000000 0.000000 0.000000 1.000000
1.000000 -0.000000 -0.000000 0.000000 0.000000 0.689321 0.724456 -0.254684 -0.000000 -0.724456 0.689321 -0.589516 0.000000 0.000000 0.000000 1.000000
1.000000 -0.000000 -0.000000 0.000000 0.000000 0.689321 0.724456 -0.254684 -0.000000 -0.724456 0.689321 -0.589516 0.000000 0.000000 0.000000 1.000000
1.000000 -0.000000 -0.000000 0.000000 0.000000 0.689321 0.724456 -0.254684 -0.000000 -0.724456 0.689321 -0.589516 0.000000 0.000000 0.000000 1.000000
1.000000 -0.000000 -0.000000 0.000000 0.000000 0.689321 0.724456 -0.254684 -0.000000 -0.724456 0.689321 -0.589516 0.000000 0.000000 0.000000 1.000000
1.000000 -0.000000 -0.000000 0.000000 0.000000 0.689321 0.724456 -0.254684 -0.000000 -0.724456 0.689321 -0.589516 0.000000 0.000000 0.000000 1.000000
1.000000 -0.000000 -0.000000 0.000000 0.000000 0.689321 0.724456 -0.254684 -0.000000 -0.724456 0.689321 -0.589516 0.000000 0.000000 0.000000 1.000000
1.000000 -0.000000 -0.000000 0.000000 0.000000 0.689321 0.724456 -0.254684 -0.000000 -0.724456 0.689321 -0.589516 0.000000 0.000000 0.000000 1.000000
1.000000 -0.000000 -0.000000 0.000000 0.000000 0.689321 0.724456 -0.254684 -0.000000 -0.724456 0.689321 -0.589516 0.000000 0.000000 0.000000 1.000000
1.000000 -0.000000 -0.000000 0.000000 0.000000 0.689321 0.724456 -0.254684 -0.000000 -0.724456 0.689321 -0.589516 0.000000 0.000000 0.000000 1.000000
1.000000 -0.000000 -0.000000 0.000000 0.000000 0.689321 0.724456 -0.254684 -0.000000 -0.724456 0.689321 -0.589516 0.000000 0.000000 0.000000 1.000000
1.000000 -0.000000 -0.000000 0.000000 0.000000 0.689321 0.724456 -0.254684 -0.000000 -0.724456 0.689321 -0.589516 0.000000 0.000000 0.000000 1.000000
1.000000 -0.000000 -0.000000 0.000000 0.000000 0.689321 0.724456 -0.254684 -0.000000 -0.724456 0.689321 -0.589516 0.000000 0.000000 0.000000 1.000000
1.000000 -0.000000 -0.000000 0.000000 0.000000 0.689321 0.724456 -0.254684 -0.000000 -0.724456 0.689321 -0.589516 0.000000 0.000000 0.000000 1.000000
1.000000 -0.000000 -0.000000 0.000000 0.000000 0.689321 0.724456 -0.254684 -0.000000 -0.724456 0.689321 -0.589516 0.000000 0.000000 0.000000 1.000000
1.000000 -0.000000 -0.000000 0.000000 0.000000 0.689321 0.724456 -0.254684 -0.000000 -0.724456 0.689321 -0.589516 0.000000 0.000000 0.000000 1.000000
1.000000 -0.000000 -0.000000 0.000000 0.000000 0.689321 0.724456 -0.254684 -0.000000 -0.724456 0.689321 -0.589516 0.000000 0.000000 0.000000 1.000000
1.000000 -0.000000 -0.000000 0.000000 0.000000 0.689321 0.724456 -0.254684 -0.000000 -0.724456 0.689321 -0.589516 0.000000 0.000000 0.000000 1.000000
1.000000 -0.000000 -0.000000 0.000000 0.000000 0.689321 0.724456 -0.254684 -0.000000 -0.724456 0.689321 -0.589516 0.000000 0.000000 0.000000 1.000000
1.000000 -0.000000 -0.000000 0.000000 0.000000 0.689321 0.724456 -0.254684 -0.000000 -0.724456 0.689321 -0.589516 0.000000 0.000000 0.000000 1.000000
1.000000 -0.000000 -0.000000 0.000000 0.000000 0.689321 0.724456 -0.254684 -0.000000 -0.724456 0.689321 -0.589516 0.000000 0.000000 0.000000 1.000000</float_array><technique_common><accessor source="#jnt_back01-Matrix-animation-output-transform-array" count="21" stride="16"><param type="float4x4"/></accessor></technique_common></source><source id="jnt_back01-Interpolations"><Name_array id="jnt_back01-Interpolations-array" count="21">
 LINEAR LINEAR LINEAR LINEAR LINEAR LINEAR LINEAR LINEAR LINEAR LINEAR LINEAR
LINEAR LINEAR LINEAR LINEAR LINEAR LINEAR LINEAR LINEAR LINEAR LINEAR</Name_array><technique_common><accessor source="#jnt_back01-Interpolations-array" count="21"><param type="name"/></accessor></technique_common></source><sampler id="jnt_back01-Matrix-animation-transform"><input semantic="INPUT" source="#jnt_back01-Matrix-animation-input"/><input semantic="OUTPUT" source="#jnt_back01-Matrix-animation-output-transform"/><input semantic="INTERPOLATION" source="#jnt_back01-Interpolations"/></sampler><channel source="#jnt_back01-Matrix-animation-transform" target="jnt_back01/matrix"/></animation></animation>
    <animation id="jnt_back02-anim" name="jnt_back02"><animation><source id="jnt_back02-Matrix-animation-input"><float_array id="jnt_back02-Matrix-animation-input-array" count="21">

0.000000 0.033333 0.066667 0.100000 0.133333 0.166667 0.200000 0.233333 0.266667 0.300000 0.333333 0.366667 0.400000 0.433333 0.466667 0.500000
0.533333 0.566667 0.600000 0.633333 0.666667</float_array><technique_common><accessor source="#jnt_back02-Matrix-animation-input-array" count="21"><param name="TIME" type="float"/></accessor></technique_common></source><source id="jnt_back02-Matrix-animation-output-transform"><float_array id="jnt_back02-Matrix-animation-output-transform-array" count="336">

1.000000 -0.000000 -0.000000 0.000000 0.000000 0.938548 0.345148 -0.376533 0.000000 -0.345148 0.938548 -0.718712 0.000000 0.000000 0.000000 1.000000
1.000000 -0.000000 -0.000000 0.000000 0.000000 0.938548 0.345148 -0.376533 0.000000 -0.345148 0.938548 -0.718712 0.000000 0.000000 0.000000 1.000000
1.000000 -0.000000 -0.000000 0.000000 0.000000 0.938548 0.345148 -0.376533 0.000000 -0.345148 0.938548 -0.718712 0.000000 0.000000 0.000000 1.000000
1.000000 -0.000000 -0.000000 0.000000 0.000000 0.938548 0.345148 -0.376533 0.000000 -0.345148 0.938548 -0.718712 0.000000 0.000000 0.000000 1.000000
1.000000 -0.000000 -0.000000 0.000000 0.000000 0.938548 0.345148 -0.376533 0.000000 -0.345148 0.938548 -0.718712 0.000000 0.000000 0.000000 1.000000
1.000000 -0.000000 -0.000000 0.000000 0.000000 0.938548 0.345148 -0.376533 0.000000 -0.345148 0.938548 -0.718712 0.000000 0.000000 0.000000 1.000000
1.000000 -0.000000 -0.000000 0.000000 0.000000 0.938548 0.345148 -0.376533 0.000000 -0.345148 0.938548 -0.718712 0.000000 0.000000 0.000000 1.000000
1.000000 -0.000000 -0.000000 0.000000 0.000000 0.938548 0.345148 -0.376533 0.000000 -0.345148 0.938548 -0.718712 0.000000 0.000000 0.000000 1.000000
1.000000 -0.000000 -0.000000 0.000000 0.000000 0.938548 0.345148 -0.376533 0.000000 -0.345148 0.938548 -0.718712 0.000000 0.000000 0.000000 1.000000
1.000000 -0.000000 -0.000000 0.000000 0.000000 0.938548 0.345148 -0.376533 0.000000 -0.345148 0.938548 -0.718712 0.000000 0.000000 0.000000 1.000000
1.000000 -0.000000 -0.000000 0.000000 0.000000 0.938548 0.345148 -0.376533 0.000000 -0.345148 0.938548 -0.718712 0.000000 0.000000 0.000000 1.000000
1.000000 -0.000000 -0.000000 0.000000 0.000000 0.938548 0.345148 -0.376533 0.000000 -0.345148 0.938548 -0.718712 0.000000 0.000000 0.000000 1.000000
1.000000 -0.000000 -0.000000 0.000000 0.000000 0.938548 0.345148 -0.376533 0.000000 -0.345148 0.938548 -0.718712 0.000000 0.000000 0.000000 1.000000
1.000000 -0.000000 -0.000000 0.000000 0.000000 0.938548 0.345148 -0.376533 0.000000 -0.345148 0.938548 -0.718712 0.000000 0.000000 0.000000 1.000000
1.000000 -0.000000 -0.000000 0.000000 0.000000 0.938548 0.345148 -0.376533 0.000000 -0.345148 0.938548 -0.718712 0.000000 0.000000 0.000000 1.000000
1.000000 -0.000000 -0.000000 0.000000 0.000000 0.938548 0.345148 -0.376533 0.000000 -0.345148 0.938548 -0.718712 0.000000 0.000000 0.000000 1.000000
1.000000 -0.000000 -0.000000 0.000000 0.000000 0.938548 0.345148 -0.376533 0.000000 -0.345148 0.938548 -0.718712 0.000000 0.000000 0.000000 1.000000
1.000000 -0.000000 -0.000000 0.000000 0.000000 0.938548 0.345148 -0.376533 0.000000 -0.345148 0.938548 -0.718712 0.000000 0.000000 0.000000 1.000000
1.000000 -0.000000 -0.000000 0.000000 0.000000 0.938548 0.345148 -0.376533 0.000000 -0.345148 0.938548 -0.718712 0.000000 0.000000 0.000000 1.000000
1.000000 -0.000000 -0.000000 0.000000 0.000000 0.938548 0.345148 -0.376533 0.000000 -0.345148 0.938548 -0.718712 0.000000 0.000000 0.000000 1.000000
1.000000 -0.000000 -0.000000 0.000000 0.000000 0.938548 0.345148 -0.376533 0.000000 -0.345148 0.938548 -0.718712 0.000000 0.000000 0.000000 1.000000</float_array><technique_common><accessor source="#jnt_back02-Matrix-animation-output-transform-array" count="21" stride="16"><param type="float4x4"/></accessor></technique_common></source><source id="jnt_back02-Interpolations"><Name_array id="jnt_back02-Interpolations-array" count="21">
 LINEAR LINEAR LINEAR LINEAR LINEAR LINEAR LINEAR LINEAR LINEAR LINEAR LINEAR
LINEAR LINEAR LINEAR LINEAR LINEAR LINEAR LINEAR LINEAR LINEAR LINEAR</Name_array><technique_common><accessor source="#jnt_back02-Interpolations-array" count="21"><param type="name"/></accessor></technique_common></source><sampler id="jnt_back02-Matrix-animation-transform"><input semantic="INPUT" source="#jnt_back02-Matrix-animation-input"/><input semantic="OUTPUT" source="#jnt_back02-Matrix-animation-output-transform"/><input semantic="INTERPOLATION" source="#jnt_back02-Interpolations"/></sampler><channel source="#jnt_back02-Matrix-animation-transform" target="jnt_back02/matrix"/></animation></animation>
    <animation id="jnt_front01-anim" name="jnt_front01"><animation><source id="jnt_front01-Matrix-animation-input"><float_array id="jnt_front01-Matrix-animation-input-array" count="21">

0.000000 0.033333 0.066667 0.100000 0.133333 0.166667 0.200000 0.233333 0.266667 0.300000 0.333333 0.366667 0.400000 0.433333 0.466667 0.500000
0.533333 0.566667 0.600000 0.633333 0.666667</float_array><technique_common><accessor source="#jnt_front01-Matrix-animation-input-array" count="21"><param name="TIME" type="float"/></accessor></technique_common></source><source id="jnt_front01-Matrix-animation-output-transform"><float_array id="jnt_front01-Matrix-animation-output-transform-array" count="336">

1.000000 0.000000 -0.000000 0.036662 0.000000 0.717683 -0.696370 -0.170695 0.000000 0.696370 0.717683 0.887844 0.000000 0.000000 0.000000 1.000000
1.000000 -0.000000 0.000000 0.036662 -0.000000 0.717683 -0.696370 -0.170695 0.000000 0.696370 0.717683 0.887844 0.000000 0.000000 0.000000 1.000000
1.000000 0.000000 0.000000 0.036662 -0.000000 0.717683 -0.696370 -0.170695 0.000000 0.696370 0.717683 0.887844 0.000000 0.000000 0.000000 1.000000
1.000000 0.000000 0.000000 0.036662 -0.000000 0.717683 -0.696370 -0.170695 -0.000000 0.696370 0.717683 0.887844 0.000000 0.000000 0.000000 1.000000
1.000000 -0.000000 0.000000 0.036662 -0.000000 0.717683 -0.696370 -0.170695 0.000000 0.696370 0.717683 0.887844 0.000000 0.000000 0.000000 1.000000
1.000000 0.000000 -0.000000 0.036662 0.000000 0.717683 -0.696370 -0.170695 0.000000 0.696370 0.717683 0.887844 0.000000 0.000000 0.000000 1.000000
1.000000 -0.000000 -0.000000 0.036662 -0.000000 0.717683 -0.696370 -0.170695 0.000000 0.696370 0.717683 0.887844 0.000000 0.000000 0.000000 1.000000
0.999950 0.006026 -0.008014 0.037386 -0.009816 0.751255 -0.659940 -0.076533 0.002044 0.659985 0.751276 0.864004 0.000000 0.000000 0.000000 1.000000
0.999424 0.023447 -0.024528 0.039111 -0.033219 0.823484 -0.566366 0.148006 0.006919 0.566855 0.823789 0.807155 0.000000 0.000000 0.000000 1.000000
0.998049 0.049062 -0.038614 0.041171 -0.061122 0.893951 -0.443977 0.416004 0.012736 0.445470 0.895206 0.739303 0.000000 0.000000 0.000000 1.000000
0.996271 0.073623 -0.044982 0.042897 -0.084460 0.938671 -0.334311 0.640543 0.017610 0.336863 0.941389 0.682454 0.000000 0.000000 0.000000 1.000000
0.995356 0.084532 -0.046049 0.043620 -0.094233 0.953336 -0.286827 0.734705 0.019654 0.289835 0.956875 0.658614 0.000000 0.000000 0.000000 1.000000
0.995795 0.077679 -0.048553 0.042499 -0.090862 0.904951 -0.415701 0.588766 0.011647 0.418365 0.908204 0.695563 0.000000 0.000000 0.000000 1.000000
0.996578 0.065887 -0.049907 0.040268 -0.082592 0.770247 -0.632376 0.298575 -0.003224 0.634334 0.773053 0.769034 0.000000 0.000000 0.000000 1.000000
0.997325 0.057257 -0.045441 0.038631 -0.072229 0.676398 -0.732986 0.085570 -0.011232 0.734307 0.678724 0.822962 0.000000 0.000000 0.000000 1.000000
0.998167 0.048241 -0.036544 0.037949 -0.059620 0.680054 -0.730734 -0.003273 -0.010400 0.731573 0.681683 0.845456 0.000000 0.000000 0.000000 1.000000
0.998987 0.036491 -0.026317 0.037434 -0.044215 0.688113 -0.724255 -0.070291 -0.008320 0.724685 0.689030 0.862423 0.000000 0.000000 0.000000 1.000000
0.999584 0.023770 -0.016316 0.037067 -0.028278 0.698090 -0.715451 -0.118012 -0.005616 0.715615 0.698472 0.874506 0.000000 0.000000 0.000000 1.000000
0.999897 0.012024 -0.007887 0.036829 -0.014082 0.707694 -0.706379 -0.148967 -0.002912 0.706417 0.707790 0.882343 0.000000 0.000000 0.000000 1.000000
0.999992 0.003369 -0.002131 0.036701 -0.003899 0.714864 -0.699253 -0.165684 -0.000832 0.699255 0.714872 0.886575 0.000000 0.000000 0.000000 1.000000
1.000000 -0.000000 0.000000 0.036662 -0.000000 0.717683 -0.696370 -0.170695 0.000000 0.696370 0.717683 0.887844 0.000000 0.000000 0.000000 1.000000</float_array><technique_common><accessor source="#jnt_front01-Matrix-animation-output-transform-array" count="21" stride="16"><param type="float4x4"/></accessor></technique_common></source><source id="jnt_front01-Interpolations"><Name_array id="jnt_front01-Interpolations-array" count="21">
 LINEAR LINEAR LINEAR LINEAR LINEAR LINEAR LINEAR LINEAR LINEAR LINEAR LINEAR
LINEAR LINEAR LINEAR LINEAR LINEAR LINEAR LINEAR LINEAR LINEAR LINEAR</Name_array><technique_common><accessor source="#jnt_front01-Interpolations-array" count="21"><param type="name"/></accessor></technique_common></source><sampler id="jnt_front01-Matrix-animation-transform"><input semantic="INPUT" source="#jnt_front01-Matrix-animation-input"/><input semantic="OUTPUT" source="#jnt_front01-Matrix-animation-output-transform"/><input semantic="INTERPOLATION" source="#jnt_front01-Interpolations"/></sampler><channel source="#jnt_front01-Matrix-animation-transform" target="jnt_front01/matrix"/></animation></animation>
    <animation id="jnt_front02-anim" name="jnt_front02"><animation><source id="jnt_front02-Matrix-animation-input"><float_array id="jnt_front02-Matrix-animation-input-array" count="21">

0.000000 0.033333 0.066667 0.100000 0.133333 0.166667 0.200000 0.233333 0.266667 0.300000 0.333333 0.366667 0.400000 0.433333 0.466667 0.500000
0.533333 0.566667 0.600000 0.633333 0.666667</float_array><technique_common><accessor source="#jnt_front02-Matrix-animation-input-array" count="21"><param name="TIME" type="float"/></accessor></technique_common></source><source id="jnt_front02-Matrix-animation-output-transform"><float_array id="jnt_front02-Matrix-animation-output-transform-array" count="336">

1.000000 -0.000000 0.000000 -0.000000 -0.000000 0.970662 -0.240447 -0.191132 -0.000000 0.240447 0.970662 0.809835 0.000000 0.000000 0.000000 1.000000
1.000000 0.000000 -0.000000 0.000000 -0.000000 0.970662 -0.240447 -0.191132 -0.000000 0.240447 0.970662 0.809835 0.000000 0.000000 0.000000 1.000000
1.000000 0.000000 -0.000000 0.000000 -0.000000 0.970662 -0.240447 -0.191132 -0.000000 0.240447 0.970662 0.809835 0.000000 0.000000 0.000000 1.000000
1.000000 0.000000 0.000000 -0.000000 0.000000 0.970662 -0.240447 -0.191132 -0.000000 0.240447 0.970662 0.809835 0.000000 0.000000 0.000000 1.000000
1.000000 0.000000 -0.000000 0.000000 0.000000 0.970662 -0.240447 -0.191132 0.000000 0.240447 0.970662 0.809835 0.000000 0.000000 0.000000 1.000000
1.000000 0.000000 0.000000 0.000000 0.000000 0.970662 -0.240447 -0.191132 -0.000000 0.240447 0.970662 0.809835 0.000000 0.000000 0.000000 1.000000
1.000000 0.000000 -0.000000 -0.000000 -0.000000 0.970662 -0.240447 -0.191132 -0.000000 0.240447 0.970662 0.809835 0.000000 0.000000 0.000000 1.000000
0.999988 -0.004198 -0.002578 -0.003180 0.003646 0.982591 -0.185747 -0.150798 0.003313 0.185735 0.982594 0.806860 0.000000 0.000000 0.000000 1.000000
0.999861 -0.012919 -0.010539 -0.010763 0.012339 0.998498 -0.053379 -0.054616 0.011213 0.053241 0.998519 0.799766 0.000000 0.000000 0.000000 1.000000
0.999529 -0.020401 -0.022925 -0.019814 0.022710 0.994167 0.105437 0.060183 0.020640 -0.105908 0.994162 0.791300 0.000000 0.000000 0.000000 1.000000
0.999100 -0.023737 -0.035164 -0.027397 0.031393 0.971147 0.236405 0.156365 0.028538 -0.237296 0.971018 0.784206 0.000000 0.000000 0.000000 1.000000
0.998879 -0.024254 -0.040662 -0.030577 0.035032 0.956340 0.290150 0.196699 0.031849 -0.291249 0.956117 0.781231 0.000000 0.000000 0.000000 1.000000
0.998954 -0.024143 -0.038830 -0.029529 0.033832 0.961554 0.272524 0.183399 0.030757 -0.273552 0.961365 0.782212 0.000000 0.000000 0.000000 1.000000
0.999144 -0.023557 -0.034014 -0.026718 0.030616 0.973918 0.224826 0.147755 0.027831 -0.225675 0.973805 0.784841 0.000000 0.000000 0.000000 1.000000
0.999385 -0.021983 -0.027335 -0.022650 0.025958 0.987608 0.154782 0.096150 0.023594 -0.155396 0.987570 0.788647 0.000000 0.000000 0.000000 1.000000
0.999619 -0.019065 -0.019971 -0.017826 0.020433 0.997291 0.070668 0.034970 0.018570 -0.071049 0.997300 0.793159 0.000000 0.000000 0.000000 1.000000
0.999805 -0.014859 -0.013013 -0.012751 0.014617 0.999723 -0.018453 -0.029403 0.013283 0.018259 0.999745 0.797907 0.000000 0.000000 0.000000 1.000000
0.999925 -0.009891 -0.007278 -0.007927 0.009088 0.994630 -0.103099 -0.090583 0.008259 0.103025 0.994644 0.802419 0.000000 0.000000 0.000000 1.000000
0.999982 -0.005056 -0.003189 -0.003859 0.004424 0.984737 -0.173992 -0.142188 0.004020 0.173975 0.984742 0.806225 0.000000 0.000000 0.000000 1.000000
0.999999 -0.001415 -0.000798 -0.001049 0.001202 0.974936 -0.222482 -0.177832 0.001092 0.222481 0.974936 0.808854 0.000000 0.000000 0.000000 1.000000
1.000000 0.000000 -0.000000 -0.000000 0.000000 0.970662 -0.240447 -0.191132 -0.000000 0.240447 0.970662 0.809835 0.000000 0.000000 0.000000 1.000000</float_array><technique_common><accessor source="#jnt_front02-Matrix-animation-output-transform-array" count="21" stride="16"><param type="float4x4"/></accessor></technique_common></source><source id="jnt_front02-Interpolations"><Name_array id="jnt_front02-Interpolations-array" count="21">
 LINEAR LINEAR LINEAR LINEAR LINEAR LINEAR LINEAR LINEAR LINEAR LINEAR LINEAR
LINEAR LINEAR LINEAR LINEAR LINEAR LINEAR LINEAR LINEAR LINEAR LINEAR</Name_array><technique_common><accessor source="#jnt_front02-Interpolations-array" count="21"><param type="name"/></accessor></technique_common></source><sampler id="jnt_front02-Matrix-animation-transform"><input semantic="INPUT" source="#jnt_front02-Matrix-animation-input"/><input semantic="OUTPUT" source="#jnt_front02-Matrix-animation-output-transform"/><input semantic="INTERPOLATION" source="#jnt_front02-Interpolations"/></sampler><channel source="#jnt_front02-Matrix-animation-transform" target="jnt_front02/matrix"/></animation></animation>
  </library_animations>
  <library_visual_scenes>
    <visual_scene id="ani_char_soilbag_fp_use" name="ani_char_soilbag_fp_use">
      <node name="jnt_right_weapon" id="jnt_right_weapon" sid="jnt_right_weapon" type="JOINT"><matrix sid="matrix">1.000000 0.000000 0.000000 0.000000 0.000000 1.000000 0.000000 0.000000 0.000000 0.000000 1.000000 0.000000 0.000000 0.000000 0.000000 1.000000</matrix><extra><technique profile="FCOLLADA"><visibility>0.000000</visibility></technique></extra><node name="root_soilbag" id="root_soilbag" sid="root_soilbag" type="JOINT"><matrix sid="matrix">0.574706 0.807306 -0.134050 0.576191 -0.814676 0.579917 -0.000212 -0.378446 0.077567 0.109330 0.990975 1.151121 0.000000 0.000000 0.000000 1.000000</matrix><extra><technique profile="FCOLLADA"><visibility>1.000000</visibility></technique></extra><node name="jnt_back01" id="jnt_back01" sid="jnt_back01" type="JOINT"><matrix sid="matrix">1.000000 -0.000000 -0.000000 0.000000 0.000000 0.689321 0.724456 -0.254684 -0.000000 -0.724456 0.689321 -0.589516 0.000000 0.000000 0.000000 1.000000</matrix><extra><technique profile="FCOLLADA"><visibility>1.000000</visibility></technique></extra><node name="jnt_back02" id="jnt_back02" sid="jnt_back02" type="JOINT"><matrix sid="matrix">1.000000 -0.000000 -0.000000 0.000000 0.000000 0.938548 0.345148 -0.376533 0.000000 -0.345148 0.938548 -0.718712 0.000000 0.000000 0.000000 1.000000</matrix><extra><technique profile="FCOLLADA"><visibility>1.000000</visibility></technique></extra></node></node><node name="jnt_front01" id="jnt_front01" sid="jnt_front01" type="JOINT"><matrix sid="matrix">1.000000 0.000000 -0.000000 0.036662 0.000000 0.717683 -0.696370 -0.170695 0.000000 0.696370 0.717683 0.887844 0.000000 0.000000 0.000000 1.000000</matrix><extra><technique profile="FCOLLADA"><visibility>1.000000</visibility></technique></extra><node name="jnt_front02" id="jnt_front02" sid="jnt_front02" type="JOINT"><matrix sid="matrix">1.000000 -0.000000 0.000000 -0.000000 -0.000000 0.970662 -0.240447 -0.191132 -0.000000 0.240447 0.970662 0.809835 0.000000 0.000000 0.000000 1.000000</matrix><extra><technique profile="FCOLLADA"><visibility>1.000000</visibility></technique></extra></node></node></node></node>
      <extra><technique profile="MAX3D"><frame_rate>30.000000</frame_rate></technique><technique profile="FCOLLADA"><start_time>0.000000</start_time><end_time>0.666667</end_time></technique></extra>
    </visual_scene>
  </library_visual_scenes>
  <scene>
    <instance_visual_scene url="#ani_char_soilbag_fp_use"></instance_visual_scene>
  </scene>
</COLLADA>
