<?xml version="1.0" encoding="utf-8"?>
<COLLADA xmlns="http://www.collada.org/2005/11/COLLADASchema" version="1.4.1">
  <asset><contributor><author></author><authoring_tool>FBX COLLADA exporter</authoring_tool><comments></comments></contributor><created>2020-01-17T14:44:16Z</created><keywords></keywords><modified>2020-01-17T14:44:16Z</modified><revision></revision><subject></subject><title></title><unit meter="0.010000" name="centimeter"></unit><up_axis>Y_UP</up_axis></asset>
  <library_animations>
    <animation id="root_glowstick-anim" name="root_glowstick"><animation><source id="root_glowstick-Matrix-animation-input"><float_array id="root_glowstick-Matrix-animation-input-array" count="51">

0.000000 0.033333 0.066667 0.100000 0.133333 0.166667 0.200000 0.233333 0.266667 0.300000 0.333333 0.366667 0.400000 0.433333 0.466667 0.500000
0.533333 0.566667 0.600000 0.633333 0.666667 0.700000 0.733333 0.766667 0.800000 0.833333 0.866667 0.900000 0.933333 0.966667 1.000000 1.033333
1.066667 1.100000 1.133333 1.166667 1.200000 1.233333 1.266667 1.300000 1.333333 1.366667 1.400000 1.433333 1.466667 1.500000 1.533333 1.566667
1.600000 1.633333 1.666667</float_array><technique_common><accessor source="#root_glowstick-Matrix-animation-input-array" count="51"><param name="TIME" type="float"/></accessor></technique_common></source><source id="root_glowstick-Matrix-animation-output-transform"><float_array id="root_glowstick-Matrix-animation-output-transform-array" count="816">

0.978431 -0.205051 0.025055 -0.152143 0.206576 0.971207 -0.118670 0.019692 -0.000000 0.121286 0.992618 0.017305 0.000000 0.000000 0.000000 1.000000
0.984686 -0.174175 0.007498 -0.149061 0.172591 0.967850 -0.182972 0.036931 0.024612 0.181464 0.983090 0.031567 0.000000 0.000000 0.000000 1.000000
0.992400 -0.112809 -0.049161 -0.141711 0.090654 0.940370 -0.327851 0.078038 0.083214 0.320903 0.943449 0.065579 0.000000 0.000000 0.000000 1.000000
0.988236 -0.067037 -0.137459 -0.132939 -0.007188 0.877459 -0.479598 0.127102 0.152766 0.474944 0.866655 0.106172 0.000000 0.000000 0.000000 1.000000
0.973670 -0.054820 -0.221274 -0.125590 -0.087564 0.806256 -0.585051 0.168209 0.210476 0.589022 0.780226 0.140183 0.000000 0.000000 0.000000 1.000000
0.964628 -0.057055 -0.257366 -0.122508 -0.120478 0.772955 -0.622917 0.185448 0.234473 0.631890 0.738740 0.154446 0.000000 0.000000 0.000000 1.000000
0.964628 -0.057055 -0.257366 -0.122508 -0.120478 0.772955 -0.622917 0.185448 0.234473 0.631890 0.738740 0.154446 0.000000 0.000000 0.000000 1.000000
0.964628 -0.057055 -0.257366 -0.122508 -0.120478 0.772955 -0.622917 0.185448 0.234473 0.631890 0.738740 0.154446 0.000000 0.000000 0.000000 1.000000
0.964628 -0.057055 -0.257366 -0.122508 -0.120478 0.772955 -0.622917 0.185448 0.234473 0.631890 0.738740 0.154446 0.000000 0.000000 0.000000 1.000000
0.964628 -0.057055 -0.257366 -0.122508 -0.120478 0.772955 -0.622917 0.185448 0.234473 0.631890 0.738740 0.154446 0.000000 0.000000 0.000000 1.000000
0.964628 -0.057055 -0.257366 -0.122508 -0.120478 0.772955 -0.622917 0.185448 0.234473 0.631890 0.738740 0.154446 0.000000 0.000000 0.000000 1.000000
0.964628 -0.057055 -0.257366 -0.122508 -0.120478 0.772955 -0.622917 0.185448 0.234473 0.631890 0.738740 0.154446 0.000000 0.000000 0.000000 1.000000
0.964628 -0.057055 -0.257366 -0.122508 -0.120478 0.772955 -0.622917 0.185448 0.234473 0.631890 0.738740 0.154446 0.000000 0.000000 0.000000 1.000000
0.964628 -0.057055 -0.257366 -0.122508 -0.120478 0.772955 -0.622917 0.185448 0.234473 0.631890 0.738740 0.154446 0.000000 0.000000 0.000000 1.000000
0.964628 -0.057055 -0.257366 -0.122508 -0.120478 0.772955 -0.622917 0.185448 0.234473 0.631890 0.738740 0.154446 0.000000 0.000000 0.000000 1.000000
0.964628 -0.057055 -0.257366 -0.122508 -0.120478 0.772955 -0.622917 0.185448 0.234473 0.631890 0.738740 0.154446 0.000000 0.000000 0.000000 1.000000
0.964628 -0.057055 -0.257366 -0.122508 -0.120478 0.772955 -0.622917 0.185448 0.234473 0.631890 0.738740 0.154446 0.000000 0.000000 0.000000 1.000000
0.964628 -0.057055 -0.257366 -0.122508 -0.120478 0.772955 -0.622917 0.185448 0.234473 0.631890 0.738740 0.154446 0.000000 0.000000 0.000000 1.000000
0.964628 -0.057055 -0.257366 -0.122508 -0.120478 0.772955 -0.622917 0.185448 0.234473 0.631890 0.738740 0.154446 0.000000 0.000000 0.000000 1.000000
0.964628 -0.057055 -0.257366 -0.122508 -0.120478 0.772955 -0.622917 0.185448 0.234473 0.631890 0.738740 0.154446 0.000000 0.000000 0.000000 1.000000
0.964628 -0.057055 -0.257366 -0.122508 -0.120478 0.772955 -0.622917 0.185448 0.234473 0.631890 0.738740 0.154446 0.000000 0.000000 0.000000 1.000000
0.964628 -0.057055 -0.257366 -0.122508 -0.120478 0.772955 -0.622917 0.185448 0.234473 0.631890 0.738740 0.154446 0.000000 0.000000 0.000000 1.000000
0.964628 -0.057055 -0.257366 -0.122508 -0.120478 0.772955 -0.622917 0.185448 0.234473 0.631890 0.738740 0.154446 0.000000 0.000000 0.000000 1.000000
0.964628 -0.057055 -0.257366 -0.122508 -0.120478 0.772955 -0.622917 0.185448 0.234473 0.631890 0.738740 0.154446 0.000000 0.000000 0.000000 1.000000
0.964628 -0.057055 -0.257366 -0.122508 -0.120478 0.772955 -0.622917 0.185448 0.234473 0.631890 0.738740 0.154446 0.000000 0.000000 0.000000 1.000000
0.964628 -0.057055 -0.257366 -0.122508 -0.120478 0.772955 -0.622917 0.185448 0.234473 0.631890 0.738740 0.154446 0.000000 0.000000 0.000000 1.000000
0.964628 -0.057055 -0.257366 -0.122508 -0.120478 0.772955 -0.622917 0.185448 0.234473 0.631890 0.738740 0.154446 0.000000 0.000000 0.000000 1.000000
0.964628 -0.057055 -0.257366 -0.122508 -0.120478 0.772955 -0.622917 0.185448 0.234473 0.631890 0.738740 0.154446 0.000000 0.000000 0.000000 1.000000
0.964628 -0.057055 -0.257366 -0.122508 -0.120478 0.772955 -0.622917 0.185448 0.234473 0.631890 0.738740 0.154446 0.000000 0.000000 0.000000 1.000000
0.964628 -0.057055 -0.257366 -0.122508 -0.120478 0.772955 -0.622917 0.185448 0.234473 0.631890 0.738740 0.154446 0.000000 0.000000 0.000000 1.000000
0.964628 -0.057055 -0.257366 -0.122508 -0.120478 0.772955 -0.622917 0.185448 0.234473 0.631890 0.738740 0.154446 0.000000 0.000000 0.000000 1.000000
0.964628 -0.057055 -0.257366 -0.122508 -0.120478 0.772955 -0.622917 0.185448 0.234473 0.631890 0.738740 0.154446 0.000000 0.000000 0.000000 1.000000
0.964628 -0.057055 -0.257366 -0.122508 -0.120478 0.772955 -0.622917 0.185448 0.234473 0.631890 0.738740 0.154446 0.000000 0.000000 0.000000 1.000000
0.964628 -0.057055 -0.257366 -0.122508 -0.120478 0.772955 -0.622917 0.185448 0.234473 0.631890 0.738740 0.154446 0.000000 0.000000 0.000000 1.000000
0.964628 -0.057055 -0.257366 -0.122508 -0.120478 0.772955 -0.622917 0.185448 0.234473 0.631890 0.738740 0.154446 0.000000 0.000000 0.000000 1.000000
0.964628 -0.057055 -0.257366 -0.122508 -0.120478 0.772955 -0.622917 0.185448 0.234473 0.631890 0.738740 0.154446 0.000000 0.000000 0.000000 1.000000
0.965827 -0.056548 -0.252943 -0.122885 -0.116477 0.777118 -0.618483 0.183336 0.231540 0.626810 0.743975 0.152699 0.000000 0.000000 0.000000 1.000000
0.969065 -0.055470 -0.240492 -0.123948 -0.105169 0.788713 -0.605699 0.177393 0.223277 0.612254 0.758480 0.147782 0.000000 0.000000 0.000000 1.000000
0.973670 -0.054820 -0.221274 -0.125590 -0.087564 0.806256 -0.585051 0.168209 0.210476 0.589022 0.780226 0.140183 0.000000 0.000000 0.000000 1.000000
0.978883 -0.055807 -0.196656 -0.127706 -0.064661 0.828090 -0.556853 0.156373 0.193925 0.557810 0.806995 0.130391 0.000000 0.000000 0.000000 1.000000
0.983957 -0.059587 -0.168160 -0.130191 -0.037501 0.852435 -0.521486 0.142474 0.174419 0.519426 0.836525 0.118891 0.000000 0.000000 0.000000 1.000000
0.988236 -0.067037 -0.137459 -0.132939 -0.007188 0.877459 -0.479598 0.127102 0.152766 0.474944 0.866655 0.106172 0.000000 0.000000 0.000000 1.000000
0.991224 -0.078579 -0.106303 -0.135846 0.025102 0.901405 -0.432249 0.110846 0.129787 0.425787 0.895467 0.092722 0.000000 0.000000 0.000000 1.000000
0.992631 -0.094076 -0.076379 -0.138805 0.058138 0.922751 -0.380987 0.094295 0.106320 0.373739 0.921420 0.079029 0.000000 0.000000 0.000000 1.000000
0.992400 -0.112809 -0.049161 -0.141711 0.090654 0.940370 -0.327851 0.078038 0.083214 0.320903 0.943449 0.065579 0.000000 0.000000 0.000000 1.000000
0.990710 -0.133534 -0.025754 -0.144460 0.121385 0.953666 -0.275293 0.062666 0.061322 0.269609 0.961015 0.052860 0.000000 0.000000 0.000000 1.000000
0.987952 -0.154613 -0.006808 -0.146945 0.149094 0.962639 -0.226045 0.048767 0.041503 0.222307 0.974093 0.041360 0.000000 0.000000 0.000000 1.000000
0.984686 -0.174175 0.007498 -0.149061 0.172591 0.967850 -0.182972 0.036931 0.024612 0.181464 0.983090 0.031567 0.000000 0.000000 0.000000 1.000000
0.981574 -0.190293 0.017354 -0.150703 0.190737 0.970279 -0.148923 0.027747 0.011500 0.149489 0.988697 0.023969 0.000000 0.000000 0.000000 1.000000
0.979292 -0.201128 0.023123 -0.151765 0.202430 0.971074 -0.126634 0.021804 0.003015 0.128693 0.991680 0.019052 0.000000 0.000000 0.000000 1.000000
0.978431 -0.205051 0.025055 -0.152143 0.206576 0.971207 -0.118670 0.019692 -0.000000 0.121286 0.992618 0.017305 0.000000 0.000000 0.000000 1.000000</float_array><technique_common><accessor source="#root_glowstick-Matrix-animation-output-transform-array" count="51" stride="16"><param type="float4x4"/></accessor></technique_common></source><source id="root_glowstick-Interpolations"><Name_array id="root_glowstick-Interpolations-array" count="51">
 LINEAR LINEAR LINEAR LINEAR LINEAR LINEAR LINEAR LINEAR LINEAR LINEAR LINEAR
LINEAR LINEAR LINEAR LINEAR LINEAR LINEAR LINEAR LINEAR LINEAR LINEAR LINEAR LINEAR
LINEAR LINEAR LINEAR LINEAR LINEAR LINEAR LINEAR LINEAR LINEAR LINEAR LINEAR LINEAR
LINEAR LINEAR LINEAR LINEAR LINEAR LINEAR LINEAR LINEAR LINEAR LINEAR LINEAR LINEAR
LINEAR LINEAR LINEAR LINEAR</Name_array><technique_common><accessor source="#root_glowstick-Interpolations-array" count="51"><param type="name"/></accessor></technique_common></source><sampler id="root_glowstick-Matrix-animation-transform"><input semantic="INPUT" source="#root_glowstick-Matrix-animation-input"/><input semantic="OUTPUT" source="#root_glowstick-Matrix-animation-output-transform"/><input semantic="INTERPOLATION" source="#root_glowstick-Interpolations"/></sampler><channel source="#root_glowstick-Matrix-animation-transform" target="root_glowstick/matrix"/></animation></animation>
  </library_animations>
  <library_visual_scenes>
    <visual_scene id="ani_char_glowstick_tp_use" name="ani_char_glowstick_tp_use">
      <node name="jnt_right_weapon" id="jnt_right_weapon" sid="jnt_right_weapon" type="JOINT"><matrix sid="matrix">1.000000 0.000000 0.000000 0.000000 0.000000 1.000000 0.000000 0.000000 0.000000 0.000000 1.000000 0.000000 0.000000 0.000000 0.000000 1.000000</matrix><extra><technique profile="FCOLLADA"><visibility>0.000000</visibility></technique></extra><node name="root_glowstick" id="root_glowstick" sid="root_glowstick" type="JOINT"><matrix sid="matrix">0.978431 -0.205051 0.025055 -0.152143 0.206576 0.971207 -0.118670 0.019692 -0.000000 0.121286 0.992618 0.017305 0.000000 0.000000 0.000000 1.000000</matrix><extra><technique profile="FCOLLADA"><visibility>1.000000</visibility></technique></extra></node></node>
      <extra><technique profile="MAX3D"><frame_rate>30.000000</frame_rate></technique><technique profile="FCOLLADA"><start_time>0.000000</start_time><end_time>1.666667</end_time></technique></extra>
    </visual_scene>
  </library_visual_scenes>
  <scene>
    <instance_visual_scene url="#ani_char_glowstick_tp_use"></instance_visual_scene>
  </scene>
</COLLADA>
