<?xml version="1.0" encoding="utf-8"?>
<COLLADA xmlns="http://www.collada.org/2005/11/COLLADASchema" version="1.4.1">
  <asset><contributor><author></author><authoring_tool>FBX COLLADA exporter</authoring_tool><comments></comments></contributor><created>2020-04-30T12:13:26Z</created><keywords></keywords><modified>2020-04-30T12:13:26Z</modified><revision></revision><subject></subject><title></title><unit meter="0.010000" name="centimeter"></unit><up_axis>Y_UP</up_axis></asset>
  <library_animations>
    <animation id="root_jnt-anim" name="root_jnt"><animation><source id="root_jnt-Matrix-animation-input"><float_array id="root_jnt-Matrix-animation-input-array" count="61">

0.000000 0.033333 0.066667 0.100000 0.133333 0.166667 0.200000 0.233333 0.266667 0.300000 0.333333 0.366667 0.400000 0.433333 0.466667 0.500000
0.533333 0.566667 0.600000 0.633333 0.666667 0.700000 0.733333 0.766667 0.800000 0.833333 0.866667 0.900000 0.933333 0.966667 1.000000 1.033333
1.066667 1.100000 1.133333 1.166667 1.200000 1.233333 1.266667 1.300000 1.333333 1.366667 1.400000 1.433333 1.466667 1.500000 1.533333 1.566667
1.600000 1.633333 1.666667 1.700000 1.733333 1.766667 1.800000 1.833333 1.866667 1.900000 1.933333 1.966667 2.000000</float_array><technique_common><accessor source="#root_jnt-Matrix-animation-input-array" count="61"><param name="TIME" type="float"/></accessor></technique_common></source><source id="root_jnt-Matrix-animation-output-transform"><float_array id="root_jnt-Matrix-animation-output-transform-array" count="976">

1.000000 0.000000 0.000000 0.000000 0.000000 1.000000 0.000000 0.000000 0.000000 0.000000 1.000000 0.000000 0.000000 0.000000 0.000000 1.000000
1.000000 0.000000 0.000000 0.000000 0.000000 1.000000 0.000000 0.000000 0.000000 0.000000 1.000000 0.000000 0.000000 0.000000 0.000000 1.000000
1.000000 0.000000 0.000000 0.000000 0.000000 1.000000 0.000000 0.000000 0.000000 0.000000 1.000000 0.000000 0.000000 0.000000 0.000000 1.000000
1.000000 0.000000 0.000000 0.000000 0.000000 1.000000 0.000000 0.000000 0.000000 0.000000 1.000000 0.000000 0.000000 0.000000 0.000000 1.000000
1.000000 0.000000 0.000000 0.000000 0.000000 1.000000 0.000000 0.000000 0.000000 0.000000 1.000000 0.000000 0.000000 0.000000 0.000000 1.000000
1.000000 0.000000 0.000000 0.000000 0.000000 1.000000 0.000000 0.000000 0.000000 0.000000 1.000000 0.000000 0.000000 0.000000 0.000000 1.000000
1.000000 0.000000 0.000000 0.000000 0.000000 1.000000 0.000000 0.000000 0.000000 0.000000 1.000000 0.000000 0.000000 0.000000 0.000000 1.000000
1.000000 0.000000 0.000000 0.000000 0.000000 1.000000 0.000000 0.000000 0.000000 0.000000 1.000000 0.000000 0.000000 0.000000 0.000000 1.000000
1.000000 0.000000 0.000000 0.000000 0.000000 1.000000 0.000000 0.000000 0.000000 0.000000 1.000000 0.000000 0.000000 0.000000 0.000000 1.000000
1.000000 0.000000 0.000000 0.000000 0.000000 1.000000 0.000000 0.000000 0.000000 0.000000 1.000000 0.000000 0.000000 0.000000 0.000000 1.000000
1.000000 0.000000 0.000000 0.000000 0.000000 1.000000 0.000000 0.000000 0.000000 0.000000 1.000000 0.000000 0.000000 0.000000 0.000000 1.000000
1.000000 0.000000 0.000000 0.000000 0.000000 1.000000 0.000000 0.000000 0.000000 0.000000 1.000000 0.000000 0.000000 0.000000 0.000000 1.000000
1.000000 0.000000 0.000000 0.000000 0.000000 1.000000 0.000000 0.000000 0.000000 0.000000 1.000000 0.000000 0.000000 0.000000 0.000000 1.000000
1.000000 0.000000 0.000000 0.000000 0.000000 1.000000 0.000000 0.000000 0.000000 0.000000 1.000000 0.000000 0.000000 0.000000 0.000000 1.000000
1.000000 0.000000 0.000000 0.000000 0.000000 1.000000 0.000000 0.000000 0.000000 0.000000 1.000000 0.000000 0.000000 0.000000 0.000000 1.000000
1.000000 0.000000 0.000000 0.000000 0.000000 1.000000 0.000000 0.000000 0.000000 0.000000 1.000000 0.000000 0.000000 0.000000 0.000000 1.000000
1.000000 0.000000 0.000000 0.000000 0.000000 1.000000 0.000000 0.000000 0.000000 0.000000 1.000000 0.000000 0.000000 0.000000 0.000000 1.000000
1.000000 0.000000 0.000000 0.000000 0.000000 1.000000 0.000000 0.000000 0.000000 0.000000 1.000000 0.000000 0.000000 0.000000 0.000000 1.000000
1.000000 0.000000 0.000000 0.000000 0.000000 1.000000 0.000000 0.000000 0.000000 0.000000 1.000000 0.000000 0.000000 0.000000 0.000000 1.000000
1.000000 0.000000 0.000000 0.000000 0.000000 1.000000 0.000000 0.000000 0.000000 0.000000 1.000000 0.000000 0.000000 0.000000 0.000000 1.000000
1.000000 0.000000 0.000000 0.000000 0.000000 1.000000 0.000000 0.000000 0.000000 0.000000 1.000000 0.000000 0.000000 0.000000 0.000000 1.000000
1.000000 0.000000 0.000000 0.000000 0.000000 1.000000 0.000000 0.000000 0.000000 0.000000 1.000000 0.000000 0.000000 0.000000 0.000000 1.000000
1.000000 0.000000 0.000000 0.000000 0.000000 1.000000 0.000000 0.000000 0.000000 0.000000 1.000000 0.000000 0.000000 0.000000 0.000000 1.000000
1.000000 0.000000 0.000000 0.000000 0.000000 1.000000 0.000000 0.000000 0.000000 0.000000 1.000000 0.000000 0.000000 0.000000 0.000000 1.000000
1.000000 0.000000 0.000000 0.000000 0.000000 1.000000 0.000000 0.000000 0.000000 0.000000 1.000000 0.000000 0.000000 0.000000 0.000000 1.000000
1.000000 0.000000 0.000000 0.000000 0.000000 1.000000 0.000000 0.000000 0.000000 0.000000 1.000000 0.000000 0.000000 0.000000 0.000000 1.000000
1.000000 0.000000 0.000000 0.000000 0.000000 1.000000 0.000000 0.000000 0.000000 0.000000 1.000000 0.000000 0.000000 0.000000 0.000000 1.000000
1.000000 0.000000 0.000000 0.000000 0.000000 1.000000 0.000000 0.000000 0.000000 0.000000 1.000000 0.000000 0.000000 0.000000 0.000000 1.000000
1.000000 0.000000 0.000000 0.000000 0.000000 1.000000 0.000000 0.000000 0.000000 0.000000 1.000000 0.000000 0.000000 0.000000 0.000000 1.000000
1.000000 0.000000 0.000000 0.000000 0.000000 1.000000 0.000000 0.000000 0.000000 0.000000 1.000000 0.000000 0.000000 0.000000 0.000000 1.000000
1.000000 0.000000 0.000000 0.000000 0.000000 1.000000 0.000000 0.000000 0.000000 0.000000 1.000000 0.000000 0.000000 0.000000 0.000000 1.000000
1.000000 0.000000 0.000000 0.000000 0.000000 1.000000 0.000000 0.000000 0.000000 0.000000 1.000000 0.000000 0.000000 0.000000 0.000000 1.000000
1.000000 0.000000 0.000000 0.000000 0.000000 1.000000 0.000000 0.000000 0.000000 0.000000 1.000000 0.000000 0.000000 0.000000 0.000000 1.000000
1.000000 0.000000 0.000000 0.000000 0.000000 1.000000 0.000000 0.000000 0.000000 0.000000 1.000000 0.000000 0.000000 0.000000 0.000000 1.000000
1.000000 0.000000 0.000000 0.000000 0.000000 1.000000 0.000000 0.000000 0.000000 0.000000 1.000000 0.000000 0.000000 0.000000 0.000000 1.000000
1.000000 0.000000 0.000000 0.000000 0.000000 1.000000 0.000000 0.000000 0.000000 0.000000 1.000000 0.000000 0.000000 0.000000 0.000000 1.000000
1.000000 0.000000 0.000000 0.000000 0.000000 1.000000 0.000000 0.000000 0.000000 0.000000 1.000000 0.000000 0.000000 0.000000 0.000000 1.000000
1.000000 0.000000 0.000000 0.000000 0.000000 1.000000 0.000000 0.000000 0.000000 0.000000 1.000000 0.000000 0.000000 0.000000 0.000000 1.000000
1.000000 0.000000 0.000000 0.000000 0.000000 1.000000 0.000000 0.000000 0.000000 0.000000 1.000000 0.000000 0.000000 0.000000 0.000000 1.000000
1.000000 0.000000 0.000000 0.000000 0.000000 1.000000 0.000000 0.000000 0.000000 0.000000 1.000000 0.000000 0.000000 0.000000 0.000000 1.000000
1.000000 0.000000 0.000000 0.000000 0.000000 1.000000 0.000000 0.000000 0.000000 0.000000 1.000000 0.000000 0.000000 0.000000 0.000000 1.000000
1.000000 0.000000 0.000000 0.000000 0.000000 1.000000 0.000000 0.000000 0.000000 0.000000 1.000000 0.000000 0.000000 0.000000 0.000000 1.000000
1.000000 0.000000 0.000000 0.000000 0.000000 1.000000 0.000000 0.000000 0.000000 0.000000 1.000000 0.000000 0.000000 0.000000 0.000000 1.000000
1.000000 0.000000 0.000000 0.000000 0.000000 1.000000 0.000000 0.000000 0.000000 0.000000 1.000000 0.000000 0.000000 0.000000 0.000000 1.000000
1.000000 0.000000 0.000000 0.000000 0.000000 1.000000 0.000000 0.000000 0.000000 0.000000 1.000000 0.000000 0.000000 0.000000 0.000000 1.000000
1.000000 0.000000 0.000000 0.000000 0.000000 1.000000 0.000000 0.000000 0.000000 0.000000 1.000000 0.000000 0.000000 0.000000 0.000000 1.000000
1.000000 0.000000 0.000000 0.000000 0.000000 1.000000 0.000000 0.000000 0.000000 0.000000 1.000000 0.000000 0.000000 0.000000 0.000000 1.000000
1.000000 0.000000 0.000000 0.000000 0.000000 1.000000 0.000000 0.000000 0.000000 0.000000 1.000000 0.000000 0.000000 0.000000 0.000000 1.000000
1.000000 0.000000 0.000000 0.000000 0.000000 1.000000 0.000000 0.000000 0.000000 0.000000 1.000000 0.000000 0.000000 0.000000 0.000000 1.000000
1.000000 0.000000 0.000000 0.000000 0.000000 1.000000 0.000000 0.000000 0.000000 0.000000 1.000000 0.000000 0.000000 0.000000 0.000000 1.000000
1.000000 0.000000 0.000000 0.000000 0.000000 1.000000 0.000000 0.000000 0.000000 0.000000 1.000000 0.000000 0.000000 0.000000 0.000000 1.000000
1.000000 0.000000 0.000000 0.000000 0.000000 1.000000 0.000000 0.000000 0.000000 0.000000 1.000000 0.000000 0.000000 0.000000 0.000000 1.000000
1.000000 0.000000 0.000000 0.000000 0.000000 1.000000 0.000000 0.000000 0.000000 0.000000 1.000000 0.000000 0.000000 0.000000 0.000000 1.000000
1.000000 0.000000 0.000000 0.000000 0.000000 1.000000 0.000000 0.000000 0.000000 0.000000 1.000000 0.000000 0.000000 0.000000 0.000000 1.000000
1.000000 0.000000 0.000000 0.000000 0.000000 1.000000 0.000000 0.000000 0.000000 0.000000 1.000000 0.000000 0.000000 0.000000 0.000000 1.000000
1.000000 0.000000 0.000000 0.000000 0.000000 1.000000 0.000000 0.000000 0.000000 0.000000 1.000000 0.000000 0.000000 0.000000 0.000000 1.000000
1.000000 0.000000 0.000000 0.000000 0.000000 1.000000 0.000000 0.000000 0.000000 0.000000 1.000000 0.000000 0.000000 0.000000 0.000000 1.000000
1.000000 0.000000 0.000000 0.000000 0.000000 1.000000 0.000000 0.000000 0.000000 0.000000 1.000000 0.000000 0.000000 0.000000 0.000000 1.000000
1.000000 0.000000 0.000000 0.000000 0.000000 1.000000 0.000000 0.000000 0.000000 0.000000 1.000000 0.000000 0.000000 0.000000 0.000000 1.000000
1.000000 0.000000 0.000000 0.000000 0.000000 1.000000 0.000000 0.000000 0.000000 0.000000 1.000000 0.000000 0.000000 0.000000 0.000000 1.000000
1.000000 0.000000 0.000000 0.000000 0.000000 1.000000 0.000000 0.000000 0.000000 0.000000 1.000000 0.000000 0.000000 0.000000 0.000000 1.000000</float_array><technique_common><accessor source="#root_jnt-Matrix-animation-output-transform-array" count="61" stride="16"><param type="float4x4"/></accessor></technique_common></source><source id="root_jnt-Interpolations"><Name_array id="root_jnt-Interpolations-array" count="61">
 LINEAR LINEAR LINEAR LINEAR LINEAR LINEAR LINEAR LINEAR LINEAR LINEAR LINEAR
LINEAR LINEAR LINEAR LINEAR LINEAR LINEAR LINEAR LINEAR LINEAR LINEAR LINEAR LINEAR
LINEAR LINEAR LINEAR LINEAR LINEAR LINEAR LINEAR LINEAR LINEAR LINEAR LINEAR LINEAR
LINEAR LINEAR LINEAR LINEAR LINEAR LINEAR LINEAR LINEAR LINEAR LINEAR LINEAR LINEAR
LINEAR LINEAR LINEAR LINEAR LINEAR LINEAR LINEAR LINEAR LINEAR LINEAR LINEAR LINEAR
LINEAR LINEAR</Name_array><technique_common><accessor source="#root_jnt-Interpolations-array" count="61"><param type="name"/></accessor></technique_common></source><sampler id="root_jnt-Matrix-animation-transform"><input semantic="INPUT" source="#root_jnt-Matrix-animation-input"/><input semantic="OUTPUT" source="#root_jnt-Matrix-animation-output-transform"/><input semantic="INTERPOLATION" source="#root_jnt-Interpolations"/></sampler><channel source="#root_jnt-Matrix-animation-transform" target="root_jnt/matrix"/></animation></animation>
    <animation id="spine1_jnt-anim" name="spine1_jnt"><animation><source id="spine1_jnt-Matrix-animation-input"><float_array id="spine1_jnt-Matrix-animation-input-array" count="61">

0.000000 0.033333 0.066667 0.100000 0.133333 0.166667 0.200000 0.233333 0.266667 0.300000 0.333333 0.366667 0.400000 0.433333 0.466667 0.500000
0.533333 0.566667 0.600000 0.633333 0.666667 0.700000 0.733333 0.766667 0.800000 0.833333 0.866667 0.900000 0.933333 0.966667 1.000000 1.033333
1.066667 1.100000 1.133333 1.166667 1.200000 1.233333 1.266667 1.300000 1.333333 1.366667 1.400000 1.433333 1.466667 1.500000 1.533333 1.566667
1.600000 1.633333 1.666667 1.700000 1.733333 1.766667 1.800000 1.833333 1.866667 1.900000 1.933333 1.966667 2.000000</float_array><technique_common><accessor source="#spine1_jnt-Matrix-animation-input-array" count="61"><param name="TIME" type="float"/></accessor></technique_common></source><source id="spine1_jnt-Matrix-animation-output-transform"><float_array id="spine1_jnt-Matrix-animation-output-transform-array" count="976">

0.000000 0.000000 1.000000 0.000000 -0.995409 0.095712 0.000000 -4.049718 -0.095712 -0.995409 0.000000 1.840134 0.000000 0.000000 0.000000 1.000000
0.000000 0.000000 1.000000 -0.005098 -0.995409 0.095712 0.000000 -4.049718 -0.095712 -0.995409 0.000000 1.840134 0.000000 0.000000 0.000000 1.000000
0.000000 0.000000 1.000000 -0.009854 -0.995409 0.095712 0.000000 -4.049718 -0.095712 -0.995409 0.000000 1.840134 0.000000 0.000000 0.000000 1.000000
0.000000 0.000000 1.000000 -0.014276 -0.995409 0.095712 0.000000 -4.049718 -0.095712 -0.995409 0.000000 1.840134 0.000000 0.000000 0.000000 1.000000
0.000000 0.000000 1.000000 -0.018372 -0.995409 0.095712 0.000000 -4.049718 -0.095712 -0.995409 0.000000 1.840134 0.000000 0.000000 0.000000 1.000000
0.000000 0.000000 1.000000 -0.022152 -0.995409 0.095712 0.000000 -4.049718 -0.095712 -0.995409 0.000000 1.840134 0.000000 0.000000 0.000000 1.000000
0.000000 0.000000 1.000000 -0.025625 -0.995409 0.095712 0.000000 -4.049718 -0.095712 -0.995409 0.000000 1.840134 0.000000 0.000000 0.000000 1.000000
0.000000 0.000000 1.000000 -0.028799 -0.995409 0.095712 0.000000 -4.049718 -0.095712 -0.995409 0.000000 1.840134 0.000000 0.000000 0.000000 1.000000
0.000000 0.000000 1.000000 -0.031683 -0.995409 0.095712 0.000000 -4.049718 -0.095712 -0.995409 0.000000 1.840134 0.000000 0.000000 0.000000 1.000000
0.000000 0.000000 1.000000 -0.034285 -0.995409 0.095712 0.000000 -4.049718 -0.095712 -0.995409 0.000000 1.840134 0.000000 0.000000 0.000000 1.000000
0.000000 0.000000 1.000000 -0.036616 -0.995409 0.095712 0.000000 -4.049718 -0.095712 -0.995409 0.000000 1.840134 0.000000 0.000000 0.000000 1.000000
0.000000 0.000000 1.000000 -0.038682 -0.995409 0.095712 0.000000 -4.049718 -0.095712 -0.995409 0.000000 1.840134 0.000000 0.000000 0.000000 1.000000
0.000000 0.000000 1.000000 -0.040494 -0.995409 0.095712 0.000000 -4.049718 -0.095712 -0.995409 0.000000 1.840134 0.000000 0.000000 0.000000 1.000000
0.000000 0.000000 1.000000 -0.042060 -0.995409 0.095712 0.000000 -4.049718 -0.095712 -0.995409 0.000000 1.840134 0.000000 0.000000 0.000000 1.000000
0.000000 0.000000 1.000000 -0.043388 -0.995409 0.095712 0.000000 -4.049718 -0.095712 -0.995409 0.000000 1.840134 0.000000 0.000000 0.000000 1.000000
0.000000 0.000000 1.000000 -0.044488 -0.995409 0.095712 0.000000 -4.049718 -0.095712 -0.995409 0.000000 1.840134 0.000000 0.000000 0.000000 1.000000
0.000000 0.000000 1.000000 -0.045368 -0.995409 0.095712 0.000000 -4.049718 -0.095712 -0.995409 0.000000 1.840134 0.000000 0.000000 0.000000 1.000000
0.000000 0.000000 1.000000 -0.046038 -0.995409 0.095712 0.000000 -4.049718 -0.095712 -0.995409 0.000000 1.840134 0.000000 0.000000 0.000000 1.000000
0.000000 0.000000 1.000000 -0.046505 -0.995409 0.095712 0.000000 -4.049718 -0.095712 -0.995409 0.000000 1.840134 0.000000 0.000000 0.000000 1.000000
0.000000 0.000000 1.000000 -0.046779 -0.995409 0.095712 0.000000 -4.049718 -0.095712 -0.995409 0.000000 1.840134 0.000000 0.000000 0.000000 1.000000
0.000000 0.000000 1.000000 -0.046868 -0.995409 0.095712 0.000000 -4.049718 -0.095712 -0.995409 0.000000 1.840134 0.000000 0.000000 0.000000 1.000000
0.000000 0.000000 1.000000 -0.046782 -0.995409 0.095712 0.000000 -4.049718 -0.095712 -0.995409 0.000000 1.840134 0.000000 0.000000 0.000000 1.000000
0.000000 0.000000 1.000000 -0.046528 -0.995409 0.095712 0.000000 -4.049718 -0.095712 -0.995409 0.000000 1.840134 0.000000 0.000000 0.000000 1.000000
0.000000 0.000000 1.000000 -0.046117 -0.995409 0.095712 0.000000 -4.049718 -0.095712 -0.995409 0.000000 1.840134 0.000000 0.000000 0.000000 1.000000
0.000000 0.000000 1.000000 -0.045556 -0.995409 0.095712 0.000000 -4.049718 -0.095712 -0.995409 0.000000 1.840134 0.000000 0.000000 0.000000 1.000000
0.000000 0.000000 1.000000 -0.044854 -0.995409 0.095712 0.000000 -4.049718 -0.095712 -0.995409 0.000000 1.840134 0.000000 0.000000 0.000000 1.000000
0.000000 0.000000 1.000000 -0.044021 -0.995409 0.095712 0.000000 -4.049718 -0.095712 -0.995409 0.000000 1.840134 0.000000 0.000000 0.000000 1.000000
0.000000 0.000000 1.000000 -0.043064 -0.995409 0.095712 0.000000 -4.049718 -0.095712 -0.995409 0.000000 1.840134 0.000000 0.000000 0.000000 1.000000
0.000000 0.000000 1.000000 -0.041994 -0.995409 0.095712 0.000000 -4.049718 -0.095712 -0.995409 0.000000 1.840134 0.000000 0.000000 0.000000 1.000000
0.000000 0.000000 1.000000 -0.040818 -0.995409 0.095712 0.000000 -4.049718 -0.095712 -0.995409 0.000000 1.840134 0.000000 0.000000 0.000000 1.000000
0.000000 0.000000 1.000000 -0.039545 -0.995409 0.095712 0.000000 -4.049718 -0.095712 -0.995409 0.000000 1.840134 0.000000 0.000000 0.000000 1.000000
0.000000 0.000000 1.000000 -0.038184 -0.995409 0.095712 0.000000 -4.049718 -0.095712 -0.995409 0.000000 1.840134 0.000000 0.000000 0.000000 1.000000
0.000000 0.000000 1.000000 -0.036745 -0.995409 0.095712 0.000000 -4.049718 -0.095712 -0.995409 0.000000 1.840134 0.000000 0.000000 0.000000 1.000000
0.000000 0.000000 1.000000 -0.035235 -0.995409 0.095712 0.000000 -4.049718 -0.095712 -0.995409 0.000000 1.840134 0.000000 0.000000 0.000000 1.000000
0.000000 0.000000 1.000000 -0.033663 -0.995409 0.095712 0.000000 -4.049718 -0.095712 -0.995409 0.000000 1.840134 0.000000 0.000000 0.000000 1.000000
0.000000 0.000000 1.000000 -0.032039 -0.995409 0.095712 0.000000 -4.049718 -0.095712 -0.995409 0.000000 1.840134 0.000000 0.000000 0.000000 1.000000
0.000000 0.000000 1.000000 -0.030370 -0.995409 0.095712 0.000000 -4.049718 -0.095712 -0.995409 0.000000 1.840134 0.000000 0.000000 0.000000 1.000000
0.000000 0.000000 1.000000 -0.028667 -0.995409 0.095712 0.000000 -4.049718 -0.095712 -0.995409 0.000000 1.840134 0.000000 0.000000 0.000000 1.000000
0.000000 0.000000 1.000000 -0.026937 -0.995409 0.095712 0.000000 -4.049718 -0.095712 -0.995409 0.000000 1.840134 0.000000 0.000000 0.000000 1.000000
0.000000 0.000000 1.000000 -0.025190 -0.995409 0.095712 0.000000 -4.049718 -0.095712 -0.995409 0.000000 1.840134 0.000000 0.000000 0.000000 1.000000
0.000000 0.000000 1.000000 -0.023434 -0.995409 0.095712 0.000000 -4.049718 -0.095712 -0.995409 0.000000 1.840134 0.000000 0.000000 0.000000 1.000000
0.000000 0.000000 1.000000 -0.021678 -0.995409 0.095712 0.000000 -4.049718 -0.095712 -0.995409 0.000000 1.840134 0.000000 0.000000 0.000000 1.000000
0.000000 0.000000 1.000000 -0.019931 -0.995409 0.095712 0.000000 -4.049718 -0.095712 -0.995409 0.000000 1.840134 0.000000 0.000000 0.000000 1.000000
0.000000 0.000000 1.000000 -0.018201 -0.995409 0.095712 0.000000 -4.049718 -0.095712 -0.995409 0.000000 1.840134 0.000000 0.000000 0.000000 1.000000
0.000000 0.000000 1.000000 -0.016498 -0.995409 0.095712 0.000000 -4.049718 -0.095712 -0.995409 0.000000 1.840134 0.000000 0.000000 0.000000 1.000000
0.000000 0.000000 1.000000 -0.014829 -0.995409 0.095712 0.000000 -4.049718 -0.095712 -0.995409 0.000000 1.840134 0.000000 0.000000 0.000000 1.000000
0.000000 0.000000 1.000000 -0.013205 -0.995409 0.095712 0.000000 -4.049718 -0.095712 -0.995409 0.000000 1.840134 0.000000 0.000000 0.000000 1.000000
0.000000 0.000000 1.000000 -0.011634 -0.995409 0.095712 0.000000 -4.049718 -0.095712 -0.995409 0.000000 1.840134 0.000000 0.000000 0.000000 1.000000
0.000000 0.000000 1.000000 -0.010123 -0.995409 0.095712 0.000000 -4.049718 -0.095712 -0.995409 0.000000 1.840134 0.000000 0.000000 0.000000 1.000000
0.000000 0.000000 1.000000 -0.008684 -0.995409 0.095712 0.000000 -4.049718 -0.095712 -0.995409 0.000000 1.840134 0.000000 0.000000 0.000000 1.000000
0.000000 0.000000 1.000000 -0.007323 -0.995409 0.095712 0.000000 -4.049718 -0.095712 -0.995409 0.000000 1.840134 0.000000 0.000000 0.000000 1.000000
0.000000 0.000000 1.000000 -0.006050 -0.995409 0.095712 0.000000 -4.049718 -0.095712 -0.995409 0.000000 1.840134 0.000000 0.000000 0.000000 1.000000
0.000000 0.000000 1.000000 -0.004874 -0.995409 0.095712 0.000000 -4.049718 -0.095712 -0.995409 0.000000 1.840134 0.000000 0.000000 0.000000 1.000000
0.000000 0.000000 1.000000 -0.003804 -0.995409 0.095712 0.000000 -4.049718 -0.095712 -0.995409 0.000000 1.840134 0.000000 0.000000 0.000000 1.000000
0.000000 0.000000 1.000000 -0.002847 -0.995409 0.095712 0.000000 -4.049718 -0.095712 -0.995409 0.000000 1.840134 0.000000 0.000000 0.000000 1.000000
0.000000 0.000000 1.000000 -0.002014 -0.995409 0.095712 0.000000 -4.049718 -0.095712 -0.995409 0.000000 1.840134 0.000000 0.000000 0.000000 1.000000
0.000000 0.000000 1.000000 -0.001312 -0.995409 0.095712 0.000000 -4.049718 -0.095712 -0.995409 0.000000 1.840134 0.000000 0.000000 0.000000 1.000000
0.000000 0.000000 1.000000 -0.000751 -0.995409 0.095712 0.000000 -4.049718 -0.095712 -0.995409 0.000000 1.840134 0.000000 0.000000 0.000000 1.000000
0.000000 0.000000 1.000000 -0.000340 -0.995409 0.095712 0.000000 -4.049718 -0.095712 -0.995409 0.000000 1.840134 0.000000 0.000000 0.000000 1.000000
0.000000 0.000000 1.000000 -0.000086 -0.995409 0.095712 0.000000 -4.049718 -0.095712 -0.995409 0.000000 1.840134 0.000000 0.000000 0.000000 1.000000
0.000000 0.000000 1.000000 0.000000 -0.995409 0.095712 0.000000 -4.049718 -0.095712 -0.995409 0.000000 1.840134 0.000000 0.000000 0.000000 1.000000</float_array><technique_common><accessor source="#spine1_jnt-Matrix-animation-output-transform-array" count="61" stride="16"><param type="float4x4"/></accessor></technique_common></source><source id="spine1_jnt-Interpolations"><Name_array id="spine1_jnt-Interpolations-array" count="61">
 LINEAR LINEAR LINEAR LINEAR LINEAR LINEAR LINEAR LINEAR LINEAR LINEAR LINEAR
LINEAR LINEAR LINEAR LINEAR LINEAR LINEAR LINEAR LINEAR LINEAR LINEAR LINEAR LINEAR
LINEAR LINEAR LINEAR LINEAR LINEAR LINEAR LINEAR LINEAR LINEAR LINEAR LINEAR LINEAR
LINEAR LINEAR LINEAR LINEAR LINEAR LINEAR LINEAR LINEAR LINEAR LINEAR LINEAR LINEAR
LINEAR LINEAR LINEAR LINEAR LINEAR LINEAR LINEAR LINEAR LINEAR LINEAR LINEAR LINEAR
LINEAR LINEAR</Name_array><technique_common><accessor source="#spine1_jnt-Interpolations-array" count="61"><param type="name"/></accessor></technique_common></source><sampler id="spine1_jnt-Matrix-animation-transform"><input semantic="INPUT" source="#spine1_jnt-Matrix-animation-input"/><input semantic="OUTPUT" source="#spine1_jnt-Matrix-animation-output-transform"/><input semantic="INTERPOLATION" source="#spine1_jnt-Interpolations"/></sampler><channel source="#spine1_jnt-Matrix-animation-transform" target="spine1_jnt/matrix"/></animation></animation>
    <animation id="spine2_jnt-anim" name="spine2_jnt"><animation><source id="spine2_jnt-Matrix-animation-input"><float_array id="spine2_jnt-Matrix-animation-input-array" count="61">

0.000000 0.033333 0.066667 0.100000 0.133333 0.166667 0.200000 0.233333 0.266667 0.300000 0.333333 0.366667 0.400000 0.433333 0.466667 0.500000
0.533333 0.566667 0.600000 0.633333 0.666667 0.700000 0.733333 0.766667 0.800000 0.833333 0.866667 0.900000 0.933333 0.966667 1.000000 1.033333
1.066667 1.100000 1.133333 1.166667 1.200000 1.233333 1.266667 1.300000 1.333333 1.366667 1.400000 1.433333 1.466667 1.500000 1.533333 1.566667
1.600000 1.633333 1.666667 1.700000 1.733333 1.766667 1.800000 1.833333 1.866667 1.900000 1.933333 1.966667 2.000000</float_array><technique_common><accessor source="#spine2_jnt-Matrix-animation-input-array" count="61"><param name="TIME" type="float"/></accessor></technique_common></source><source id="spine2_jnt-Matrix-animation-output-transform"><float_array id="spine2_jnt-Matrix-animation-output-transform-array" count="976">

0.998060 -0.059561 -0.018140 -1.156674 0.062190 0.967644 0.244536 0.103630 0.002988 -0.245189 0.969471 0.000000 0.000000 0.000000 0.000000 1.000000
0.998001 -0.060046 -0.019736 -1.156674 0.063072 0.966403 0.249174 0.103630 0.004111 -0.249921 0.968258 0.000000 0.000000 0.000000 0.000000 1.000000
0.997826 -0.061310 -0.024175 -1.156674 0.065509 0.962806 0.262131 0.103630 0.007205 -0.263145 0.964729 0.000000 0.000000 0.000000 0.000000 1.000000
0.997536 -0.062988 -0.030903 -1.156674 0.069158 0.956937 0.281936 0.103630 0.011813 -0.283379 0.958935 0.000000 0.000000 0.000000 0.000000 1.000000
0.997131 -0.064672 -0.039334 -1.156674 0.073653 0.948826 0.307091 0.103630 0.017461 -0.309108 0.950867 0.000000 0.000000 0.000000 0.000000 1.000000
0.996623 -0.065991 -0.048875 -1.156674 0.078627 0.938542 0.336091 0.103630 0.023692 -0.338799 0.940561 0.000000 0.000000 0.000000 0.000000 1.000000
0.996034 -0.066657 -0.058940 -1.156674 0.083732 0.926269 0.367443 0.103630 0.030101 -0.370921 0.928177 0.000000 0.000000 0.000000 0.000000 1.000000
0.995399 -0.066509 -0.068979 -1.156674 0.088658 0.912351 0.399695 0.103630 0.036349 -0.403971 0.914049 0.000000 0.000000 0.000000 0.000000 1.000000
0.994758 -0.065526 -0.078506 -1.156674 0.093157 0.897313 0.431453 0.103630 0.042173 -0.436505 0.898713 0.000000 0.000000 0.000000 0.000000 1.000000
0.994151 -0.063823 -0.087120 -1.156674 0.097049 0.881865 0.461407 0.103630 0.047380 -0.467163 0.882901 0.000000 0.000000 0.000000 0.000000 1.000000
0.993613 -0.061638 -0.094515 -1.156674 0.100227 0.866881 0.488336 0.103630 0.051833 -0.494690 0.867522 0.000000 0.000000 0.000000 0.000000 1.000000
0.993170 -0.059297 -0.100480 -1.156674 0.102659 0.853363 0.511109 0.103630 0.055439 -0.517934 0.853622 0.000000 0.000000 0.000000 0.000000 1.000000
0.992840 -0.057179 -0.104882 -1.156674 0.104362 0.842390 0.528666 0.103630 0.058123 -0.535826 0.842326 0.000000 0.000000 0.000000 0.000000 1.000000
0.992632 -0.055667 -0.107620 -1.156674 0.105374 0.835058 0.539976 0.103630 0.059810 -0.547338 0.834771 0.000000 0.000000 0.000000 0.000000 1.000000
0.992560 -0.055103 -0.108573 -1.156674 0.105717 0.832404 0.543992 0.103630 0.060401 -0.551423 0.832036 0.000000 0.000000 0.000000 0.000000 1.000000
0.992560 -0.055103 -0.108572 -1.156674 0.105717 0.832406 0.543989 0.103630 0.060401 -0.551420 0.832038 0.000000 0.000000 0.000000 0.000000 1.000000
0.992561 -0.055106 -0.108567 -1.156674 0.105715 0.832422 0.543965 0.103630 0.060397 -0.551396 0.832055 0.000000 0.000000 0.000000 0.000000 1.000000
0.992562 -0.055115 -0.108552 -1.156674 0.105709 0.832464 0.543902 0.103630 0.060388 -0.551331 0.832098 0.000000 0.000000 0.000000 0.000000 1.000000
0.992564 -0.055133 -0.108522 -1.156674 0.105699 0.832547 0.543778 0.103630 0.060370 -0.551205 0.832183 0.000000 0.000000 0.000000 0.000000 1.000000
0.992568 -0.055162 -0.108474 -1.156674 0.105682 0.832682 0.543573 0.103630 0.060340 -0.550997 0.832323 0.000000 0.000000 0.000000 0.000000 1.000000
0.992573 -0.055206 -0.108402 -1.156674 0.105656 0.832885 0.543267 0.103630 0.060295 -0.550686 0.832532 0.000000 0.000000 0.000000 0.000000 1.000000
0.992581 -0.055266 -0.108301 -1.156674 0.105620 0.833168 0.542841 0.103630 0.060232 -0.550252 0.832823 0.000000 0.000000 0.000000 0.000000 1.000000
0.992591 -0.055346 -0.108166 -1.156674 0.105571 0.833543 0.542273 0.103630 0.060149 -0.549675 0.833211 0.000000 0.000000 0.000000 0.000000 1.000000
0.992604 -0.055449 -0.107993 -1.156674 0.105509 0.834025 0.541544 0.103630 0.060041 -0.548933 0.833707 0.000000 0.000000 0.000000 0.000000 1.000000
0.992621 -0.055576 -0.107776 -1.156674 0.105431 0.834626 0.540632 0.103630 0.059907 -0.548006 0.834327 0.000000 0.000000 0.000000 0.000000 1.000000
0.992641 -0.055731 -0.107511 -1.156674 0.105334 0.835359 0.539518 0.103630 0.059742 -0.546872 0.835082 0.000000 0.000000 0.000000 0.000000 1.000000
0.992665 -0.055915 -0.107191 -1.156674 0.105218 0.836236 0.538180 0.103630 0.059544 -0.545511 0.835986 0.000000 0.000000 0.000000 0.000000 1.000000
0.992694 -0.056131 -0.106811 -1.156674 0.105079 0.837270 0.536599 0.103630 0.059310 -0.543902 0.837050 0.000000 0.000000 0.000000 0.000000 1.000000
0.992727 -0.056380 -0.106365 -1.156674 0.104915 0.838471 0.534751 0.103630 0.059035 -0.542021 0.838289 0.000000 0.000000 0.000000 0.000000 1.000000
0.992767 -0.056664 -0.105847 -1.156674 0.104723 0.839853 0.532617 0.103630 0.058716 -0.539849 0.839712 0.000000 0.000000 0.000000 0.000000 1.000000
0.992812 -0.056984 -0.105252 -1.156674 0.104500 0.841425 0.530174 0.103630 0.058350 -0.537362 0.841331 0.000000 0.000000 0.000000 0.000000 1.000000
0.992863 -0.057341 -0.104571 -1.156674 0.104244 0.843198 0.527400 0.103630 0.057932 -0.534537 0.843157 0.000000 0.000000 0.000000 0.000000 1.000000
0.992921 -0.057735 -0.103798 -1.156674 0.103950 0.845181 0.524273 0.103630 0.057459 -0.531352 0.845200 0.000000 0.000000 0.000000 0.000000 1.000000
0.992987 -0.058165 -0.102925 -1.156674 0.103615 0.847385 0.520771 0.103630 0.056926 -0.527783 0.847469 0.000000 0.000000 0.000000 0.000000 1.000000
0.993061 -0.058632 -0.101944 -1.156674 0.103235 0.849817 0.516869 0.103630 0.056329 -0.523806 0.849973 0.000000 0.000000 0.000000 0.000000 1.000000
0.993143 -0.059134 -0.100847 -1.156674 0.102804 0.852485 0.512544 0.103630 0.055661 -0.519397 0.852719 0.000000 0.000000 0.000000 0.000000 1.000000
0.993235 -0.059669 -0.099623 -1.156674 0.102318 0.855394 0.507771 0.103630 0.054919 -0.514529 0.855712 0.000000 0.000000 0.000000 0.000000 1.000000
0.993336 -0.060233 -0.098265 -1.156674 0.101772 0.858551 0.502527 0.103630 0.054097 -0.509178 0.858959 0.000000 0.000000 0.000000 0.000000 1.000000
0.993448 -0.060822 -0.096760 -1.156674 0.101158 0.861959 0.496784 0.103630 0.053187 -0.503317 0.862464 0.000000 0.000000 0.000000 0.000000 1.000000
0.993639 -0.061756 -0.094171 -1.156674 0.100084 0.867618 0.487055 0.103630 0.051626 -0.493382 0.868280 0.000000 0.000000 0.000000 0.000000 1.000000
0.993964 -0.063139 -0.089712 -1.156674 0.098182 0.876812 0.470703 0.103630 0.048941 -0.476670 0.877719 0.000000 0.000000 0.000000 0.000000 1.000000
0.994403 -0.064622 -0.083590 -1.156674 0.095476 0.888432 0.448969 0.103630 0.045251 -0.454437 0.889629 0.000000 0.000000 0.000000 0.000000 1.000000
0.994927 -0.065865 -0.076045 -1.156674 0.092013 0.901388 0.423123 0.103630 0.040677 -0.427973 0.902876 0.000000 0.000000 0.000000 0.000000 1.000000
0.995502 -0.066591 -0.067386 -1.156674 0.087889 0.914682 0.394503 0.103630 0.035367 -0.398651 0.916421 0.000000 0.000000 0.000000 0.000000 1.000000
0.996090 -0.066629 -0.058017 -1.156674 0.083270 0.927461 0.364531 0.103630 0.029520 -0.367936 0.929382 0.000000 0.000000 0.000000 0.000000 1.000000
0.996648 -0.065943 -0.048427 -1.156674 0.078397 0.939052 0.334715 0.103630 0.023404 -0.337390 0.941074 0.000000 0.000000 0.000000 0.000000 1.000000
0.997139 -0.064646 -0.039183 -1.156674 0.073574 0.948979 0.306637 0.103630 0.017361 -0.308642 0.951020 0.000000 0.000000 0.000000 0.000000 1.000000
0.997536 -0.062987 -0.030899 -1.156674 0.069156 0.956941 0.281925 0.103630 0.011811 -0.283367 0.958939 0.000000 0.000000 0.000000 0.000000 1.000000
0.997825 -0.061320 -0.024211 -1.156674 0.065529 0.962776 0.262236 0.103630 0.007229 -0.263252 0.964700 0.000000 0.000000 0.000000 0.000000 1.000000
0.998000 -0.060051 -0.019754 -1.156674 0.063082 0.966388 0.249228 0.103630 0.004124 -0.249976 0.968243 0.000000 0.000000 0.000000 0.000000 1.000000
0.998060 -0.059561 -0.018140 -1.156674 0.062190 0.967644 0.244536 0.103630 0.002988 -0.245189 0.969471 0.000000 0.000000 0.000000 0.000000 1.000000
0.998060 -0.059561 -0.018140 -1.156674 0.062190 0.967644 0.244536 0.103630 0.002988 -0.245189 0.969471 0.000000 0.000000 0.000000 0.000000 1.000000
0.998060 -0.059561 -0.018140 -1.156674 0.062190 0.967644 0.244536 0.103630 0.002988 -0.245189 0.969471 0.000000 0.000000 0.000000 0.000000 1.000000
0.998060 -0.059561 -0.018140 -1.156674 0.062190 0.967644 0.244536 0.103630 0.002988 -0.245189 0.969471 0.000000 0.000000 0.000000 0.000000 1.000000
0.998060 -0.059561 -0.018140 -1.156674 0.062190 0.967644 0.244536 0.103630 0.002988 -0.245189 0.969471 0.000000 0.000000 0.000000 0.000000 1.000000
0.998060 -0.059561 -0.018140 -1.156674 0.062190 0.967644 0.244536 0.103630 0.002988 -0.245189 0.969471 0.000000 0.000000 0.000000 0.000000 1.000000
0.998060 -0.059561 -0.018140 -1.156674 0.062190 0.967644 0.244536 0.103630 0.002988 -0.245189 0.969471 0.000000 0.000000 0.000000 0.000000 1.000000
0.998060 -0.059561 -0.018140 -1.156674 0.062190 0.967644 0.244536 0.103630 0.002988 -0.245189 0.969471 0.000000 0.000000 0.000000 0.000000 1.000000
0.998060 -0.059561 -0.018140 -1.156674 0.062190 0.967644 0.244536 0.103630 0.002988 -0.245189 0.969471 0.000000 0.000000 0.000000 0.000000 1.000000
0.998060 -0.059561 -0.018140 -1.156674 0.062190 0.967644 0.244536 0.103630 0.002988 -0.245189 0.969471 0.000000 0.000000 0.000000 0.000000 1.000000
0.998060 -0.059561 -0.018140 -1.156674 0.062190 0.967644 0.244536 0.103630 0.002988 -0.245189 0.969471 0.000000 0.000000 0.000000 0.000000 1.000000</float_array><technique_common><accessor source="#spine2_jnt-Matrix-animation-output-transform-array" count="61" stride="16"><param type="float4x4"/></accessor></technique_common></source><source id="spine2_jnt-Interpolations"><Name_array id="spine2_jnt-Interpolations-array" count="61">
 LINEAR LINEAR LINEAR LINEAR LINEAR LINEAR LINEAR LINEAR LINEAR LINEAR LINEAR
LINEAR LINEAR LINEAR LINEAR LINEAR LINEAR LINEAR LINEAR LINEAR LINEAR LINEAR LINEAR
LINEAR LINEAR LINEAR LINEAR LINEAR LINEAR LINEAR LINEAR LINEAR LINEAR LINEAR LINEAR
LINEAR LINEAR LINEAR LINEAR LINEAR LINEAR LINEAR LINEAR LINEAR LINEAR LINEAR LINEAR
LINEAR LINEAR LINEAR LINEAR LINEAR LINEAR LINEAR LINEAR LINEAR LINEAR LINEAR LINEAR
LINEAR LINEAR</Name_array><technique_common><accessor source="#spine2_jnt-Interpolations-array" count="61"><param type="name"/></accessor></technique_common></source><sampler id="spine2_jnt-Matrix-animation-transform"><input semantic="INPUT" source="#spine2_jnt-Matrix-animation-input"/><input semantic="OUTPUT" source="#spine2_jnt-Matrix-animation-output-transform"/><input semantic="INTERPOLATION" source="#spine2_jnt-Interpolations"/></sampler><channel source="#spine2_jnt-Matrix-animation-transform" target="spine2_jnt/matrix"/></animation></animation>
    <animation id="l_uparm_jnt-anim" name="l_uparm_jnt"><animation><source id="l_uparm_jnt-Matrix-animation-input"><float_array id="l_uparm_jnt-Matrix-animation-input-array" count="61">

0.000000 0.033333 0.066667 0.100000 0.133333 0.166667 0.200000 0.233333 0.266667 0.300000 0.333333 0.366667 0.400000 0.433333 0.466667 0.500000
0.533333 0.566667 0.600000 0.633333 0.666667 0.700000 0.733333 0.766667 0.800000 0.833333 0.866667 0.900000 0.933333 0.966667 1.000000 1.033333
1.066667 1.100000 1.133333 1.166667 1.200000 1.233333 1.266667 1.300000 1.333333 1.366667 1.400000 1.433333 1.466667 1.500000 1.533333 1.566667
1.600000 1.633333 1.666667 1.700000 1.733333 1.766667 1.800000 1.833333 1.866667 1.900000 1.933333 1.966667 2.000000</float_array><technique_common><accessor source="#l_uparm_jnt-Matrix-animation-input-array" count="61"><param name="TIME" type="float"/></accessor></technique_common></source><source id="l_uparm_jnt-Matrix-animation-output-transform"><float_array id="l_uparm_jnt-Matrix-animation-output-transform-array" count="976">

0.615171 0.098036 0.782275 -0.462678 0.359955 0.847858 -0.389318 0.174359 -0.701425 0.521081 0.486289 0.817069 0.000000 0.000000 0.000000 1.000000
0.618465 0.097502 0.779740 -0.462678 0.363249 0.844420 -0.393707 0.174359 -0.696815 0.526734 0.486827 0.817069 0.000000 0.000000 0.000000 1.000000
0.620379 0.090982 0.779007 -0.462678 0.374442 0.838384 -0.396112 0.174359 -0.689146 0.537433 0.486049 0.817069 0.000000 0.000000 0.000000 1.000000
0.621070 0.078752 0.779789 -0.462678 0.392248 0.830139 -0.396246 0.174359 -0.678538 0.551967 0.484684 0.817069 0.000000 0.000000 0.000000 1.000000
0.620741 0.061121 0.781630 -0.462678 0.415335 0.819935 -0.393960 0.174359 -0.664965 0.569185 0.483581 0.817069 0.000000 0.000000 0.000000 1.000000
0.619571 0.038473 0.783997 -0.462678 0.442345 0.807983 -0.389223 0.174359 -0.648431 0.587948 0.483585 0.817069 0.000000 0.000000 0.000000 1.000000
0.617655 0.011280 0.786368 -0.462678 0.471932 0.794542 -0.382078 0.174359 -0.629112 0.607105 0.485429 0.817069 0.000000 0.000000 0.000000 1.000000
0.614980 -0.019867 0.788293 -0.462678 0.502805 0.779971 -0.372602 0.174359 -0.607443 0.625500 0.489656 0.817069 0.000000 0.000000 0.000000 1.000000
0.611423 -0.054244 0.789443 -0.462678 0.533774 0.764765 -0.360859 0.174359 -0.584164 0.642022 0.496549 0.817069 0.000000 0.000000 0.000000 1.000000
0.606775 -0.090992 0.789648 -0.462678 0.563789 0.749558 -0.346850 0.174359 -0.560327 0.655654 0.506114 0.817069 0.000000 0.000000 0.000000 1.000000
0.600778 -0.129135 0.788917 -0.462678 0.591951 0.735114 -0.330455 0.174359 -0.537271 0.665531 0.518082 0.817069 0.000000 0.000000 0.000000 1.000000
0.593155 -0.167621 0.787445 -0.462678 0.617503 0.722308 -0.311387 0.174359 -0.516583 0.670950 0.531947 0.817069 0.000000 0.000000 0.000000 1.000000
0.583652 -0.205390 0.785599 -0.462678 0.639770 0.712106 -0.289134 0.174359 -0.500045 0.671356 0.547025 0.817069 0.000000 0.000000 0.000000 1.000000
0.572074 -0.241403 0.783873 -0.462678 0.658071 0.705536 -0.262985 0.174359 -0.489565 0.666290 0.562479 0.817069 0.000000 0.000000 0.000000 1.000000
0.558285 -0.274782 0.782824 -0.462678 0.671591 0.703678 -0.231956 0.174359 -0.487119 0.655235 0.577393 0.817069 0.000000 0.000000 0.000000 1.000000
0.545399 -0.301799 0.781958 -0.462678 0.680875 0.703607 -0.203336 0.174359 -0.488825 0.643315 0.589234 0.817069 0.000000 0.000000 0.000000 1.000000
0.537148 -0.318672 0.780974 -0.462678 0.686802 0.702742 -0.185627 0.174359 -0.489669 0.636084 0.596340 0.817069 0.000000 0.000000 0.000000 1.000000
0.534413 -0.324410 0.780487 -0.462678 0.688797 0.702328 -0.179708 0.174359 -0.489859 0.633636 0.598786 0.817069 0.000000 0.000000 0.000000 1.000000
0.535134 -0.323291 0.780458 -0.462678 0.688292 0.702507 -0.180937 0.174359 -0.489782 0.634008 0.598454 0.817069 0.000000 0.000000 0.000000 1.000000
0.536640 -0.320452 0.780595 -0.462678 0.687126 0.702898 -0.183826 0.174359 -0.489771 0.635015 0.597394 0.817069 0.000000 0.000000 0.000000 1.000000
0.538869 -0.315981 0.780881 -0.462678 0.685326 0.703480 -0.188268 0.174359 -0.489845 0.636610 0.595634 0.817069 0.000000 0.000000 0.000000 1.000000
0.541760 -0.309958 0.781295 -0.462678 0.682918 0.704218 -0.194164 0.174359 -0.490019 0.638751 0.593193 0.817069 0.000000 0.000000 0.000000 1.000000
0.545245 -0.302461 0.781809 -0.462678 0.679933 0.705067 -0.201424 0.174359 -0.490305 0.641403 0.590088 0.817069 0.000000 0.000000 0.000000 1.000000
0.549263 -0.293561 0.782389 -0.462678 0.676397 0.705976 -0.209963 0.174359 -0.490711 0.644531 0.586330 0.817069 0.000000 0.000000 0.000000 1.000000
0.553748 -0.283328 0.783000 -0.462678 0.672339 0.706889 -0.219700 0.174359 -0.491247 0.648100 0.581931 0.817069 0.000000 0.000000 0.000000 1.000000
0.558639 -0.271830 0.783601 -0.462678 0.667785 0.707748 -0.230556 0.174359 -0.491921 0.652074 0.576900 0.817069 0.000000 0.000000 0.000000 1.000000
0.563878 -0.259134 0.784150 -0.462678 0.662757 0.708499 -0.242451 0.174359 -0.492742 0.656414 0.571250 0.817069 0.000000 0.000000 0.000000 1.000000
0.569408 -0.245307 0.784601 -0.462678 0.657277 0.709087 -0.255308 0.174359 -0.493722 0.661075 0.564995 0.817069 0.000000 0.000000 0.000000 1.000000
0.575176 -0.230417 0.784908 -0.462678 0.651362 0.709466 -0.269045 0.174359 -0.494873 0.666008 0.558153 0.817069 0.000000 0.000000 0.000000 1.000000
0.581133 -0.214533 0.785022 -0.462678 0.645028 0.709593 -0.283579 0.174359 -0.496209 0.671158 0.550748 0.817069 0.000000 0.000000 0.000000 1.000000
0.587236 -0.197717 0.784897 -0.462678 0.638283 0.709430 -0.298837 0.174359 -0.497744 0.676474 0.542802 0.817069 0.000000 0.000000 0.000000 1.000000
