<?xml version="1.0" encoding="utf-8"?>
<COLLADA xmlns="http://www.collada.org/2005/11/COLLADASchema" version="1.4.1">
  <asset><contributor><author></author><authoring_tool>FBX COLLADA exporter</authoring_tool><comments></comments></contributor><created>2020-04-30T12:13:03Z</created><keywords></keywords><modified>2020-04-30T12:13:03Z</modified><revision></revision><subject></subject><title></title><unit meter="0.010000" name="centimeter"></unit><up_axis>Y_UP</up_axis></asset>
  <library_animations>
    <animation id="root_jnt-anim" name="root_jnt"><animation><source id="root_jnt-Matrix-animation-input"><float_array id="root_jnt-Matrix-animation-input-array" count="31">

0.000000 0.033333 0.066667 0.100000 0.133333 0.166667 0.200000 0.233333 0.266667 0.300000 0.333333 0.366667 0.400000 0.433333 0.466667 0.500000
0.533333 0.566667 0.600000 0.633333 0.666667 0.700000 0.733333 0.766667 0.800000 0.833333 0.866667 0.900000 0.933333 0.966667 1.000000</float_array><technique_common><accessor source="#root_jnt-Matrix-animation-input-array" count="31"><param name="TIME" type="float"/></accessor></technique_common></source><source id="root_jnt-Matrix-animation-output-transform"><float_array id="root_jnt-Matrix-animation-output-transform-array" count="496">

1.000000 0.000000 0.000000 0.000000 0.000000 1.000000 0.000000 0.000000 0.000000 0.000000 1.000000 0.000000 0.000000 0.000000 0.000000 1.000000
1.000000 0.000000 0.000000 0.000000 0.000000 1.000000 0.000000 0.000000 0.000000 0.000000 1.000000 0.000000 0.000000 0.000000 0.000000 1.000000
1.000000 0.000000 0.000000 0.000000 0.000000 1.000000 0.000000 0.000000 0.000000 0.000000 1.000000 0.000000 0.000000 0.000000 0.000000 1.000000
1.000000 0.000000 0.000000 0.000000 0.000000 1.000000 0.000000 0.000000 0.000000 0.000000 1.000000 0.000000 0.000000 0.000000 0.000000 1.000000
1.000000 0.000000 0.000000 0.000000 0.000000 1.000000 0.000000 0.000000 0.000000 0.000000 1.000000 0.000000 0.000000 0.000000 0.000000 1.000000
1.000000 0.000000 0.000000 0.000000 0.000000 1.000000 0.000000 0.000000 0.000000 0.000000 1.000000 0.000000 0.000000 0.000000 0.000000 1.000000
1.000000 0.000000 0.000000 0.000000 0.000000 1.000000 0.000000 0.000000 0.000000 0.000000 1.000000 0.000000 0.000000 0.000000 0.000000 1.000000
1.000000 0.000000 0.000000 0.000000 0.000000 1.000000 0.000000 0.000000 0.000000 0.000000 1.000000 0.000000 0.000000 0.000000 0.000000 1.000000
1.000000 0.000000 0.000000 0.000000 0.000000 1.000000 0.000000 0.000000 0.000000 0.000000 1.000000 0.000000 0.000000 0.000000 0.000000 1.000000
1.000000 0.000000 0.000000 0.000000 0.000000 1.000000 0.000000 0.000000 0.000000 0.000000 1.000000 0.000000 0.000000 0.000000 0.000000 1.000000
1.000000 0.000000 0.000000 0.000000 0.000000 1.000000 0.000000 0.000000 0.000000 0.000000 1.000000 0.000000 0.000000 0.000000 0.000000 1.000000
1.000000 0.000000 0.000000 0.000000 0.000000 1.000000 0.000000 0.000000 0.000000 0.000000 1.000000 0.000000 0.000000 0.000000 0.000000 1.000000
1.000000 0.000000 0.000000 0.000000 0.000000 1.000000 0.000000 0.000000 0.000000 0.000000 1.000000 0.000000 0.000000 0.000000 0.000000 1.000000
1.000000 0.000000 0.000000 0.000000 0.000000 1.000000 0.000000 0.000000 0.000000 0.000000 1.000000 0.000000 0.000000 0.000000 0.000000 1.000000
1.000000 0.000000 0.000000 0.000000 0.000000 1.000000 0.000000 0.000000 0.000000 0.000000 1.000000 0.000000 0.000000 0.000000 0.000000 1.000000
1.000000 0.000000 0.000000 0.000000 0.000000 1.000000 0.000000 0.000000 0.000000 0.000000 1.000000 0.000000 0.000000 0.000000 0.000000 1.000000
1.000000 0.000000 0.000000 0.000000 0.000000 1.000000 0.000000 0.000000 0.000000 0.000000 1.000000 0.000000 0.000000 0.000000 0.000000 1.000000
1.000000 0.000000 0.000000 0.000000 0.000000 1.000000 0.000000 0.000000 0.000000 0.000000 1.000000 0.000000 0.000000 0.000000 0.000000 1.000000
1.000000 0.000000 0.000000 0.000000 0.000000 1.000000 0.000000 0.000000 0.000000 0.000000 1.000000 0.000000 0.000000 0.000000 0.000000 1.000000
1.000000 0.000000 0.000000 0.000000 0.000000 1.000000 0.000000 0.000000 0.000000 0.000000 1.000000 0.000000 0.000000 0.000000 0.000000 1.000000
1.000000 0.000000 0.000000 0.000000 0.000000 1.000000 0.000000 0.000000 0.000000 0.000000 1.000000 0.000000 0.000000 0.000000 0.000000 1.000000
1.000000 0.000000 0.000000 0.000000 0.000000 1.000000 0.000000 0.000000 0.000000 0.000000 1.000000 0.000000 0.000000 0.000000 0.000000 1.000000
1.000000 0.000000 0.000000 0.000000 0.000000 1.000000 0.000000 0.000000 0.000000 0.000000 1.000000 0.000000 0.000000 0.000000 0.000000 1.000000
1.000000 0.000000 0.000000 0.000000 0.000000 1.000000 0.000000 0.000000 0.000000 0.000000 1.000000 0.000000 0.000000 0.000000 0.000000 1.000000
1.000000 0.000000 0.000000 0.000000 0.000000 1.000000 0.000000 0.000000 0.000000 0.000000 1.000000 0.000000 0.000000 0.000000 0.000000 1.000000
1.000000 0.000000 0.000000 0.000000 0.000000 1.000000 0.000000 0.000000 0.000000 0.000000 1.000000 0.000000 0.000000 0.000000 0.000000 1.000000
1.000000 0.000000 0.000000 0.000000 0.000000 1.000000 0.000000 0.000000 0.000000 0.000000 1.000000 0.000000 0.000000 0.000000 0.000000 1.000000
1.000000 0.000000 0.000000 0.000000 0.000000 1.000000 0.000000 0.000000 0.000000 0.000000 1.000000 0.000000 0.000000 0.000000 0.000000 1.000000
1.000000 0.000000 0.000000 0.000000 0.000000 1.000000 0.000000 0.000000 0.000000 0.000000 1.000000 0.000000 0.000000 0.000000 0.000000 1.000000
1.000000 0.000000 0.000000 0.000000 0.000000 1.000000 0.000000 0.000000 0.000000 0.000000 1.000000 0.000000 0.000000 0.000000 0.000000 1.000000
1.000000 0.000000 0.000000 0.000000 0.000000 1.000000 0.000000 0.000000 0.000000 0.000000 1.000000 0.000000 0.000000 0.000000 0.000000 1.000000</float_array><technique_common><accessor source="#root_jnt-Matrix-animation-output-transform-array" count="31" stride="16"><param type="float4x4"/></accessor></technique_common></source><source id="root_jnt-Interpolations"><Name_array id="root_jnt-Interpolations-array" count="31">
 LINEAR LINEAR LINEAR LINEAR LINEAR LINEAR LINEAR LINEAR LINEAR LINEAR LINEAR
LINEAR LINEAR LINEAR LINEAR LINEAR LINEAR LINEAR LINEAR LINEAR LINEAR LINEAR LINEAR
LINEAR LINEAR LINEAR LINEAR LINEAR LINEAR LINEAR LINEAR</Name_array><technique_common><accessor source="#root_jnt-Interpolations-array" count="31"><param type="name"/></accessor></technique_common></source><sampler id="root_jnt-Matrix-animation-transform"><input semantic="INPUT" source="#root_jnt-Matrix-animation-input"/><input semantic="OUTPUT" source="#root_jnt-Matrix-animation-output-transform"/><input semantic="INTERPOLATION" source="#root_jnt-Interpolations"/></sampler><channel source="#root_jnt-Matrix-animation-transform" target="root_jnt/matrix"/></animation></animation>
    <animation id="spine1_jnt-anim" name="spine1_jnt"><animation><source id="spine1_jnt-Matrix-animation-input"><float_array id="spine1_jnt-Matrix-animation-input-array" count="31">

0.000000 0.033333 0.066667 0.100000 0.133333 0.166667 0.200000 0.233333 0.266667 0.300000 0.333333 0.366667 0.400000 0.433333 0.466667 0.500000
0.533333 0.566667 0.600000 0.633333 0.666667 0.700000 0.733333 0.766667 0.800000 0.833333 0.866667 0.900000 0.933333 0.966667 1.000000</float_array><technique_common><accessor source="#spine1_jnt-Matrix-animation-input-array" count="31"><param name="TIME" type="float"/></accessor></technique_common></source><source id="spine1_jnt-Matrix-animation-output-transform"><float_array id="spine1_jnt-Matrix-animation-output-transform-array" count="496">

0.000000 0.000000 1.000000 0.000000 -0.995409 0.095712 0.000000 -4.049718 -0.095712 -0.995409 0.000000 1.840134 0.000000 0.000000 0.000000 1.000000
0.000000 0.000000 1.000000 -0.004927 -0.995409 0.095712 0.000000 -4.049718 -0.095712 -0.995409 0.000000 1.840134 0.000000 0.000000 0.000000 1.000000
0.000000 0.000000 1.000000 -0.009186 -0.995409 0.095712 0.000000 -4.049718 -0.095712 -0.995409 0.000000 1.840134 0.000000 0.000000 0.000000 1.000000
0.000000 0.000000 1.000000 -0.012813 -0.995409 0.095712 0.000000 -4.049718 -0.095712 -0.995409 0.000000 1.840134 0.000000 0.000000 0.000000 1.000000
0.000000 0.000000 1.000000 -0.015841 -0.995409 0.095712 0.000000 -4.049718 -0.095712 -0.995409 0.000000 1.840134 0.000000 0.000000 0.000000 1.000000
0.000000 0.000000 1.000000 -0.018308 -0.995409 0.095712 0.000000 -4.049718 -0.095712 -0.995409 0.000000 1.840134 0.000000 0.000000 0.000000 1.000000
0.000000 0.000000 1.000000 -0.020247 -0.995409 0.095712 0.000000 -4.049718 -0.095712 -0.995409 0.000000 1.840134 0.000000 0.000000 0.000000 1.000000
0.000000 0.000000 1.000000 -0.021694 -0.995409 0.095712 0.000000 -4.049718 -0.095712 -0.995409 0.000000 1.840134 0.000000 0.000000 0.000000 1.000000
0.000000 0.000000 1.000000 -0.022684 -0.995409 0.095712 0.000000 -4.049718 -0.095712 -0.995409 0.000000 1.840134 0.000000 0.000000 0.000000 1.000000
0.000000 0.000000 1.000000 -0.023252 -0.995409 0.095712 0.000000 -4.049718 -0.095712 -0.995409 0.000000 1.840134 0.000000 0.000000 0.000000 1.000000
0.000000 0.000000 1.000000 -0.023434 -0.995409 0.095712 0.000000 -4.049718 -0.095712 -0.995409 0.000000 1.840134 0.000000 0.000000 0.000000 1.000000
0.000000 0.000000 1.000000 -0.023264 -0.995409 0.095712 0.000000 -4.049718 -0.095712 -0.995409 0.000000 1.840134 0.000000 0.000000 0.000000 1.000000
0.000000 0.000000 1.000000 -0.022778 -0.995409 0.095712 0.000000 -4.049718 -0.095712 -0.995409 0.000000 1.840134 0.000000 0.000000 0.000000 1.000000
0.000000 0.000000 1.000000 -0.022010 -0.995409 0.095712 0.000000 -4.049718 -0.095712 -0.995409 0.000000 1.840134 0.000000 0.000000 0.000000 1.000000
0.000000 0.000000 1.000000 -0.020997 -0.995409 0.095712 0.000000 -4.049718 -0.095712 -0.995409 0.000000 1.840134 0.000000 0.000000 0.000000 1.000000
0.000000 0.000000 1.000000 -0.019772 -0.995409 0.095712 0.000000 -4.049718 -0.095712 -0.995409 0.000000 1.840134 0.000000 0.000000 0.000000 1.000000
0.000000 0.000000 1.000000 -0.018372 -0.995409 0.095712 0.000000 -4.049718 -0.095712 -0.995409 0.000000 1.840134 0.000000 0.000000 0.000000 1.000000
0.000000 0.000000 1.000000 -0.016831 -0.995409 0.095712 0.000000 -4.049718 -0.095712 -0.995409 0.000000 1.840134 0.000000 0.000000 0.000000 1.000000
0.000000 0.000000 1.000000 -0.015185 -0.995409 0.095712 0.000000 -4.049718 -0.095712 -0.995409 0.000000 1.840134 0.000000 0.000000 0.000000 1.000000
0.000000 0.000000 1.000000 -0.013469 -0.995409 0.095712 0.000000 -4.049718 -0.095712 -0.995409 0.000000 1.840134 0.000000 0.000000 0.000000 1.000000
0.000000 0.000000 1.000000 -0.011717 -0.995409 0.095712 0.000000 -4.049718 -0.095712 -0.995409 0.000000 1.840134 0.000000 0.000000 0.000000 1.000000
0.000000 0.000000 1.000000 -0.009965 -0.995409 0.095712 0.000000 -4.049718 -0.095712 -0.995409 0.000000 1.840134 0.000000 0.000000 0.000000 1.000000
0.000000 0.000000 1.000000 -0.008249 -0.995409 0.095712 0.000000 -4.049718 -0.095712 -0.995409 0.000000 1.840134 0.000000 0.000000 0.000000 1.000000
0.000000 0.000000 1.000000 -0.006603 -0.995409 0.095712 0.000000 -4.049718 -0.095712 -0.995409 0.000000 1.840134 0.000000 0.000000 0.000000 1.000000
0.000000 0.000000 1.000000 -0.005062 -0.995409 0.095712 0.000000 -4.049718 -0.095712 -0.995409 0.000000 1.840134 0.000000 0.000000 0.000000 1.000000
0.000000 0.000000 1.000000 -0.003662 -0.995409 0.095712 0.000000 -4.049718 -0.095712 -0.995409 0.000000 1.840134 0.000000 0.000000 0.000000 1.000000
0.000000 0.000000 1.000000 -0.002437 -0.995409 0.095712 0.000000 -4.049718 -0.095712 -0.995409 0.000000 1.840134 0.000000 0.000000 0.000000 1.000000
0.000000 0.000000 1.000000 -0.001424 -0.995409 0.095712 0.000000 -4.049718 -0.095712 -0.995409 0.000000 1.840134 0.000000 0.000000 0.000000 1.000000
0.000000 0.000000 1.000000 -0.000656 -0.995409 0.095712 0.000000 -4.049718 -0.095712 -0.995409 0.000000 1.840134 0.000000 0.000000 0.000000 1.000000
0.000000 0.000000 1.000000 -0.000170 -0.995409 0.095712 0.000000 -4.049718 -0.095712 -0.995409 0.000000 1.840134 0.000000 0.000000 0.000000 1.000000
0.000000 0.000000 1.000000 0.000000 -0.995409 0.095712 0.000000 -4.049718 -0.095712 -0.995409 0.000000 1.840134 0.000000 0.000000 0.000000 1.000000</float_array><technique_common><accessor source="#spine1_jnt-Matrix-animation-output-transform-array" count="31" stride="16"><param type="float4x4"/></accessor></technique_common></source><source id="spine1_jnt-Interpolations"><Name_array id="spine1_jnt-Interpolations-array" count="31">
 LINEAR LINEAR LINEAR LINEAR LINEAR LINEAR LINEAR LINEAR LINEAR LINEAR LINEAR
LINEAR LINEAR LINEAR LINEAR LINEAR LINEAR LINEAR LINEAR LINEAR LINEAR LINEAR LINEAR
LINEAR LINEAR LINEAR LINEAR LINEAR LINEAR LINEAR LINEAR</Name_array><technique_common><accessor source="#spine1_jnt-Interpolations-array" count="31"><param type="name"/></accessor></technique_common></source><sampler id="spine1_jnt-Matrix-animation-transform"><input semantic="INPUT" source="#spine1_jnt-Matrix-animation-input"/><input semantic="OUTPUT" source="#spine1_jnt-Matrix-animation-output-transform"/><input semantic="INTERPOLATION" source="#spine1_jnt-Interpolations"/></sampler><channel source="#spine1_jnt-Matrix-animation-transform" target="spine1_jnt/matrix"/></animation></animation>
    <animation id="spine2_jnt-anim" name="spine2_jnt"><animation><source id="spine2_jnt-Matrix-animation-input"><float_array id="spine2_jnt-Matrix-animation-input-array" count="31">

0.000000 0.033333 0.066667 0.100000 0.133333 0.166667 0.200000 0.233333 0.266667 0.300000 0.333333 0.366667 0.400000 0.433333 0.466667 0.500000
0.533333 0.566667 0.600000 0.633333 0.666667 0.700000 0.733333 0.766667 0.800000 0.833333 0.866667 0.900000 0.933333 0.966667 1.000000</float_array><technique_common><accessor source="#spine2_jnt-Matrix-animation-input-array" count="31"><param name="TIME" type="float"/></accessor></technique_common></source><source id="spine2_jnt-Matrix-animation-output-transform"><float_array id="spine2_jnt-Matrix-animation-output-transform-array" count="496">

0.998060 -0.059561 -0.018140 -1.156674 0.062190 0.967644 0.244536 0.103630 0.002988 -0.245189 0.969471 0.000000 0.000000 0.000000 0.000000 1.000000
0.998240 -0.056463 -0.018140 -1.149760 0.059187 0.967832 0.244536 0.102966 0.003749 -0.245179 0.969471 0.000000 0.000000 0.000000 0.000000 1.000000
0.998675 -0.048159 -0.018140 -1.131231 0.051135 0.968291 0.244536 0.101184 0.005788 -0.245139 0.969471 0.000000 0.000000 0.000000 0.000000 1.000000
0.999182 -0.036130 -0.018140 -1.104405 0.039472 0.968837 0.244536 0.098605 0.008739 -0.245052 0.969471 0.000000 0.000000 0.000000 0.000000 1.000000
0.999596 -0.021862 -0.018140 -1.072601 0.025637 0.969301 0.244536 0.095547 0.012237 -0.244902 0.969471 0.000000 0.000000 0.000000 0.000000 1.000000
0.999812 -0.006845 -0.018140 -1.039138 0.011075 0.969577 0.244536 0.092329 0.015914 -0.244690 0.969471 0.000000 0.000000 0.000000 0.000000 1.000000
0.999808 0.007429 -0.018140 -1.007334 -0.002768 0.969636 0.244536 0.089271 0.019405 -0.244438 0.969471 0.000000 0.000000 0.000000 0.000000 1.000000
0.999646 0.019467 -0.018140 -0.980508 -0.014443 0.969533 0.244536 0.086691 0.022347 -0.244187 0.969471 0.000000 0.000000 0.000000 0.000000 1.000000
0.999449 0.027781 -0.018140 -0.961979 -0.022507 0.969379 0.244536 0.084910 0.024378 -0.243993 0.969471 0.000000 0.000000 0.000000 0.000000 1.000000
0.999358 0.030883 -0.018140 -0.955065 -0.025515 0.969305 0.244536 0.084245 0.025135 -0.243916 0.969471 0.000000 0.000000 0.000000 0.000000 1.000000
0.999377 0.030287 -0.018140 -0.956393 -0.024937 0.969320 0.244536 0.084373 0.024989 -0.243931 0.969471 0.000000 0.000000 0.000000 0.000000 1.000000
0.999427 0.028578 -0.018140 -0.960203 -0.023280 0.969361 0.244536 0.084739 0.024572 -0.243973 0.969471 0.000000 0.000000 0.000000 0.000000 1.000000
0.999501 0.025872 -0.018140 -0.966233 -0.020656 0.969420 0.244536 0.085319 0.023912 -0.244039 0.969471 0.000000 0.000000 0.000000 0.000000 1.000000
0.999587 0.022288 -0.018140 -0.974222 -0.017179 0.969488 0.244536 0.086087 0.023036 -0.244123 0.969471 0.000000 0.000000 0.000000 0.000000 1.000000
0.999674 0.017941 -0.018140 -0.983910 -0.012963 0.969554 0.244536 0.087019 0.021974 -0.244221 0.969471 0.000000 0.000000 0.000000 0.000000 1.000000
0.999752 0.012949 -0.018140 -0.995034 -0.008121 0.969606 0.244536 0.088088 0.020755 -0.244327 0.969471 0.000000 0.000000 0.000000 0.000000 1.000000
0.999808 0.007429 -0.018140 -1.007334 -0.002768 0.969636 0.244536 0.089271 0.019405 -0.244438 0.969471 0.000000 0.000000 0.000000 0.000000 1.000000
0.999834 0.001498 -0.018140 -1.020548 0.002984 0.969636 0.244536 0.090541 0.017955 -0.244549 0.969471 0.000000 0.000000 0.000000 0.000000 1.000000
0.999824 -0.004726 -0.018140 -1.034415 0.009019 0.969598 0.244536 0.091875 0.016433 -0.244656 0.969471 0.000000 0.000000 0.000000 0.000000 1.000000
0.999774 -0.011125 -0.018140 -1.048675 0.015225 0.969521 0.244536 0.093246 0.014866 -0.244756 0.969471 0.000000 0.000000 0.000000 0.000000 1.000000
0.999681 -0.017583 -0.018140 -1.063064 0.021487 0.969402 0.244536 0.094630 0.013285 -0.244847 0.969471 0.000000 0.000000 0.000000 0.000000 1.000000
0.999548 -0.023981 -0.018140 -1.077323 0.027692 0.969245 0.244536 0.096001 0.011718 -0.244927 0.969471 0.000000 0.000000 0.000000 0.000000 1.000000
0.999379 -0.030202 -0.018140 -1.091191 0.033725 0.969054 0.244536 0.097334 0.010193 -0.244995 0.969471 0.000000 0.000000 0.000000 0.000000 1.000000
0.999182 -0.036130 -0.018140 -1.104405 0.039472 0.968837 0.244536 0.098605 0.008739 -0.245052 0.969471 0.000000 0.000000 0.000000 0.000000 1.000000
0.998968 -0.041646 -0.018140 -1.116705 0.044820 0.968604 0.244536 0.099787 0.007386 -0.245096 0.969471 0.000000 0.000000 0.000000 0.000000 1.000000
0.998747 -0.046634 -0.018140 -1.127829 0.049657 0.968368 0.244536 0.100857 0.006162 -0.245130 0.969471 0.000000 0.000000 0.000000 0.000000 1.000000
0.998535 -0.050976 -0.018140 -1.137517 0.053867 0.968143 0.244536 0.101788 0.005096 -0.245154 0.969471 0.000000 0.000000 0.000000 0.000000 1.000000
0.998346 -0.054557 -0.018140 -1.145506 0.057339 0.967944 0.244536 0.102557 0.004217 -0.245171 0.969471 0.000000 0.000000 0.000000 0.000000 1.000000
0.998195 -0.057259 -0.018140 -1.151536 0.059959 0.967785 0.244536 0.103136 0.003553 -0.245182 0.969471 0.000000 0.000000 0.000000 0.000000 1.000000
0.998095 -0.058966 -0.018140 -1.155346 0.061614 0.967681 0.244536 0.103503 0.003134 -0.245187 0.969471 0.000000 0.000000 0.000000 0.000000 1.000000
0.998060 -0.059561 -0.018140 -1.156674 0.062190 0.967644 0.244536 0.103630 0.002988 -0.245189 0.969471 0.000000 0.000000 0.000000 0.000000 1.000000</float_array><technique_common><accessor source="#spine2_jnt-Matrix-animation-output-transform-array" count="31" stride="16"><param type="float4x4"/></accessor></technique_common></source><source id="spine2_jnt-Interpolations"><Name_array id="spine2_jnt-Interpolations-array" count="31">
 LINEAR LINEAR LINEAR LINEAR LINEAR LINEAR LINEAR LINEAR LINEAR LINEAR LINEAR
LINEAR LINEAR LINEAR LINEAR LINEAR LINEAR LINEAR LINEAR LINEAR LINEAR LINEAR LINEAR
LINEAR LINEAR LINEAR LINEAR LINEAR LINEAR LINEAR LINEAR</Name_array><technique_common><accessor source="#spine2_jnt-Interpolations-array" count="31"><param type="name"/></accessor></technique_common></source><sampler id="spine2_jnt-Matrix-animation-transform"><input semantic="INPUT" source="#spine2_jnt-Matrix-animation-input"/><input semantic="OUTPUT" source="#spine2_jnt-Matrix-animation-output-transform"/><input semantic="INTERPOLATION" source="#spine2_jnt-Interpolations"/></sampler><channel source="#spine2_jnt-Matrix-animation-transform" target="spine2_jnt/matrix"/></animation></animation>
    <animation id="l_uparm_jnt-anim" name="l_uparm_jnt"><animation><source id="l_uparm_jnt-Matrix-animation-input"><float_array id="l_uparm_jnt-Matrix-animation-input-array" count="31">

0.000000 0.033333 0.066667 0.100000 0.133333 0.166667 0.200000 0.233333 0.266667 0.300000 0.333333 0.366667 0.400000 0.433333 0.466667 0.500000
0.533333 0.566667 0.600000 0.633333 0.666667 0.700000 0.733333 0.766667 0.800000 0.833333 0.866667 0.900000 0.933333 0.966667 1.000000</float_array><technique_common><accessor source="#l_uparm_jnt-Matrix-animation-input-array" count="31"><param name="TIME" type="float"/></accessor></technique_common></source><source id="l_uparm_jnt-Matrix-animation-output-transform"><float_array id="l_uparm_jnt-Matrix-animation-output-transform-array" count="496">

0.615171 0.098036 0.782275 -0.462678 0.359955 0.847858 -0.389318 0.174359 -0.701425 0.521081 0.486289 0.817069 0.000000 0.000000 0.000000 1.000000
0.617786 0.091661 0.780985 -0.462678 0.362474 0.848176 -0.386276 0.174359 -0.697820 0.521723 0.490767 0.817069 0.000000 0.000000 0.000000 1.000000
0.618188 0.070734 0.782841 -0.462678 0.370971 0.851791 -0.369909 0.174359 -0.692982 0.519085 0.500326 0.817069 0.000000 0.000000 0.000000 1.000000
0.617372 0.040541 0.785626 -0.462678 0.383485 0.856466 -0.345551 0.174359 -0.686871 0.514609 0.513211 0.817069 0.000000 0.000000 0.000000 1.000000
0.616151 0.005960 0.787606 -0.462678 0.398185 0.860416 -0.318014 0.174359 -0.679564 0.509557 0.527773 0.817069 0.000000 0.000000 0.000000 1.000000
0.614983 -0.028861 0.788012 -0.462678 0.413505 0.862709 -0.291113 0.174359 -0.671423 0.504877 0.542485 0.817069 0.000000 0.000000 0.000000 1.000000
0.614032 -0.060311 0.786973 -0.462678 0.428059 0.863149 -0.267842 0.174359 -0.663121 0.501335 0.555818 0.817069 0.000000 0.000000 0.000000 1.000000
0.613274 -0.085131 0.785269 -0.462678 0.440533 0.862053 -0.250589 0.174359 -0.655611 0.499617 0.566178 0.817069 0.000000 0.000000 0.000000 1.000000
0.612654 -0.100121 0.783984 -0.462678 0.449595 0.859961 -0.241518 0.174359 -0.650015 0.500442 0.571873 0.817069 0.000000 0.000000 0.000000 1.000000
0.612266 -0.101889 0.784059 -0.462678 0.453824 0.857324 -0.242978 0.174359 -0.647437 0.504592 0.571150 0.817069 0.000000 0.000000 0.000000 1.000000
0.612243 -0.096697 0.784734 -0.462678 0.454021 0.855548 -0.248801 0.174359 -0.647320 0.508613 0.567706 0.817069 0.000000 0.000000 0.000000 1.000000
0.612349 -0.091768 0.785244 -0.462678 0.452505 0.855139 -0.252936 0.174359 -0.648281 0.510212 0.565168 0.817069 0.000000 0.000000 0.000000 1.000000
0.612453 -0.085037 0.785920 -0.462678 0.449887 0.854984 -0.258078 0.174359 -0.650003 0.511636 0.561894 0.817069 0.000000 0.000000 0.000000 1.000000
0.612560 -0.076710 0.786693 -0.462678 0.446295 0.855016 -0.264136 0.174359 -0.652373 0.512896 0.557984 0.817069 0.000000 0.000000 0.000000 1.000000
0.612675 -0.066992 0.787491 -0.462678 0.441858 0.855166 -0.271021 0.174359 -0.655279 0.514007 0.553539 0.817069 0.000000 0.000000 0.000000 1.000000
0.612797 -0.056090 0.788247 -0.462678 0.436707 0.855364 -0.278638 0.174359 -0.658610 0.514982 0.548659 0.817069 0.000000 0.000000 0.000000 1.000000
0.612928 -0.044214 0.788901 -0.462678 0.430969 0.855547 -0.286888 0.174359 -0.662257 0.515834 0.543444 0.817069 0.000000 0.000000 0.000000 1.000000
0.613069 -0.031577 0.789398 -0.462678 0.424774 0.855658 -0.295664 0.174359 -0.666118 0.516578 0.537990 0.817069 0.000000 0.000000 0.000000 1.000000
0.613223 -0.018383 0.789696 -0.462678 0.418247 0.855644 -0.304864 0.174359 -0.670095 0.517238 0.532389 0.817069 0.000000 0.000000 0.000000 1.000000
0.613385 -0.004870 0.789769 -0.462678 0.411518 0.855480 -0.314336 0.174359 -0.674101 0.517813 0.526743 0.817069 0.000000 0.000000 0.000000 1.000000
0.613559 0.008750 0.789600 -0.462678 0.404709 0.855140 -0.323955 0.174359 -0.678053 0.518324 0.521138 0.817069 0.000000 0.000000 0.000000 1.000000
0.613745 0.022248 0.789191 -0.462678 0.397946 0.854616 -0.333571 0.174359 -0.681876 0.518783 0.515663 0.817069 0.000000 0.000000 0.000000 1.000000
0.613942 0.035394 0.788557 -0.462678 0.391354 0.853919 -0.343021 0.174359 -0.685505 0.519200 0.510405 0.817069 0.000000 0.000000 0.000000 1.000000
0.614147 0.047949 0.787734 -0.462678 0.385057 0.853074 -0.352130 0.174359 -0.688880 0.519582 0.505450 0.817069 0.000000 0.000000 0.000000 1.000000
0.614355 0.059669 0.786770 -0.462678 0.379180 0.852122 -0.360710 0.174359 -0.691947 0.519931 0.500880 0.817069 0.000000 0.000000 0.000000 1.000000
0.614560 0.070302 0.785731 -0.462678 0.373850 0.851117 -0.368559 0.174359 -0.694660 0.520247 0.496780 0.817069 0.000000 0.000000 0.000000 1.000000
0.614752 0.079591 0.784694 -0.462678 0.369197 0.850128 -0.375467 0.174359 -0.696975 0.520526 0.493234 0.817069 0.000000 0.000000 0.000000 1.000000
0.614921 0.087273 0.783745 -0.462678 0.365349 0.849232 -0.381215 0.174359 -0.698851 0.520758 0.490325 0.817069 0.000000 0.000000 0.000000 1.000000
0.615054 0.093082 0.782971 -0.462678 0.362439 0.848507 -0.385583 0.174359 -0.700247 0.520934 0.488141 0.817069 0.000000 0.000000 0.000000 1.000000
0.615140 0.096756 0.782458 -0.462678 0.360597 0.848028 -0.388353 0.174359 -0.701122 0.521044 0.486767 0.817069 0.000000 0.000000 0.000000 1.000000
0.615171 0.098036 0.782275 -0.462678 0.359955 0.847858 -0.389318 0.174359 -0.701425 0.521081 0.486289 0.817069 0.000000 0.000000 0.000000 1.000000</float_array><technique_common><accessor source="#l_uparm_jnt-Matrix-animation-output-transform-array" count="31" stride="16"><param type="float4x4"/></accessor></technique_common></source><source id="l_uparm_jnt-Interpolations"><Name_array id="l_uparm_jnt-Interpolations-array" count="31">
 LINEAR LINEAR LINEAR LINEAR LINEAR LINEAR LINEAR LINEAR LINEAR LINEAR LINEAR
LINEAR LINEAR LINEAR LINEAR LINEAR LINEAR LINEAR LINEAR LINEAR LINEAR LINEAR LINEAR
LINEAR LINEAR LINEAR LINEAR LINEAR LINEAR LINEAR LINEAR</Name_array><technique_common><accessor source="#l_uparm_jnt-Interpolations-array" count="31"><param type="name"/></accessor></technique_common></source><sampler id="l_uparm_jnt-Matrix-animation-transform"><input semantic="INPUT" source="#l_uparm_jnt-Matrix-animation-input"/><input semantic="OUTPUT" source="#l_uparm_jnt-Matrix-animation-output-transform"/><input semantic="INTERPOLATION" source="#l_uparm_jnt-Interpolations"/></sampler><channel source="#l_uparm_jnt-Matrix-animation-transform" target="l_uparm_jnt/matrix"/></animation></animation>
    <animation id="l_arm_jnt-anim" name="l_arm_jnt"><animation><source id="l_arm_jnt-Matrix-animation-input"><float_array id="l_arm_jnt-Matrix-animation-input-array" count="31">

0.000000 0.033333 0.066667 0.100000 0.133333 0.166667 0.200000 0.233333 0.266667 0.300000 0.333333 0.366667 0.400000 0.433333 0.466667 0.500000
0.533333 0.566667 0.600000 0.633333 0.666667 0.700000 0.733333 0.766667 0.800000 0.833333 0.866667 0.900000 0.933333 0.966667 1.000000</float_array><technique_common><accessor source="#l_arm_jnt-Matrix-animation-input-array" count="31"><param name="TIME" type="float"/></accessor></technique_common></source><source id="l_arm_jnt-Matrix-animation-output-transform"><float_array id="l_arm_jnt-Matrix-animation-output-transform-array" count="496">

0.994372 -0.021968 -0.103642 0.061272 -0.008087 0.959672 -0.281004 0.103470 0.105635 0.280261 0.954094 0.806031 0.000000 0.000000 0.000000 1.000000
0.994212 -0.022701 -0.105010 0.061272 -0.008200 0.958536 -0.284853 0.103470 0.107122 0.284066 0.952802 0.806031 0.000000 0.000000 0.000000 1.000000
0.992923 -0.028638 -0.115254 0.061272 -0.009057 0.949403 -0.313928 0.103470 0.118412 0.312751 0.942425 0.806031 0.000000 0.000000 0.000000 1.000000
0.990745 -0.038756 -0.130084 0.061272 -0.010336 0.934045 -0.357006 0.103470 0.135340 0.355046 0.925000 0.806031 0.000000 0.000000 0.000000 1.000000
0.987958 -0.051764 -0.145804 0.061272 -0.011760 0.914523 -0.404364 0.103470 0.154273 0.401209 0.902901 0.806031 0.000000 0.000000 0.000000 1.000000
0.984921 -0.065926 -0.159948 0.061272 -0.013123 0.893413 -0.449044 0.103470 0.172503 0.444372 0.879077 0.806031 0.000000 0.000000 0.000000 1.000000
0.982066 -0.079180 -0.171107 0.061272 -0.014274 0.873712 -0.486234 0.103470 0.187998 0.479956 0.856912 0.806031 0.000000 0.000000 0.000000 1.000000
0.979855 -0.089375 -0.178594 0.061272 -0.015097 0.858562 -0.512488 0.103470 0.199137 0.504860 0.839917 0.806031 0.000000 0.000000 0.000000 1.000000
0.978770 -0.094359 -0.181951 0.061272 -0.015483 0.851153 -0.524690 0.103470 0.204377 0.516367 0.831622 0.806031 0.000000 0.000000 0.000000 1.000000
0.979272 -0.092054 -0.180422 0.061272 -0.015306 0.854579 -0.519096 0.103470 0.201970 0.511098 0.835456 0.806031 0.000000 0.000000 0.000000 1.000000
0.980306 -0.087300 -0.177139 0.061272 -0.014933 0.861646 -0.507290 0.103470 0.196918 0.499945 0.843373 0.806031 0.000000 0.000000 0.000000 1.000000
0.980933 -0.084412 -0.175057 0.061272 -0.014702 0.865938 -0.499935 0.103470 0.193789 0.492977 0.848186 0.806031 0.000000 0.000000 0.000000 1.000000
0.981656 -0.081074 -0.172565 0.061272 -0.014431 0.870897 -0.491253 0.103470 0.190114 0.484732 0.853752 0.806031 0.000000 0.000000 0.000000 1.000000
0.982459 -0.077358 -0.169675 0.061272 -0.014122 0.876419 -0.481343 0.103470 0.185942 0.475296 0.859953 0.806031 0.000000 0.000000 0.000000 1.000000
0.983327 -0.073336 -0.166403 0.061272 -0.013779 0.882396 -0.470306 0.103470 0.181323 0.464757 0.866673 0.806031 0.000000 0.000000 0.000000 1.000000
0.984244 -0.069079 -0.162766 0.061272 -0.013406 0.888723 -0.458248 0.103470 0.176309 0.453209 0.873794 0.806031 0.000000 0.000000 0.000000 1.000000
0.985193 -0.064660 -0.158787 0.061272 -0.013007 0.895296 -0.445283 0.103470 0.170953 0.440755 0.881198 0.806031 0.000000 0.000000 0.000000 1.000000
0.986161 -0.060153 -0.154495 0.061272 -0.012587 0.902007 -0.431537 0.103470 0.165314 0.427510 0.888767 0.806031 0.000000 0.000000 0.000000 1.000000
0.987133 -0.055617 -0.149918 0.061272 -0.012147 0.908769 -0.417124 0.103470 0.159440 0.413577 0.896400 0.806031 0.000000 0.000000 0.000000 1.000000
0.988091 -0.051143 -0.145120 0.061272 -0.011696 0.915452 -0.402258 0.103470 0.153423 0.399165 0.903952 0.806031 0.000000 0.000000 0.000000 1.000000
0.989024 -0.046788 -0.140152 0.061272 -0.011239 0.921969 -0.387100 0.103470 0.147328 0.384426 0.911324 0.806031 0.000000 0.000000 0.000000 1.000000
0.989917 -0.042620 -0.135086 0.061272 -0.010781 0.928226 -0.371860 0.103470 0.141239 0.369567 0.918407 0.806031 0.000000 0.000000 0.000000 1.000000
0.990758 -0.038699 -0.130007 0.061272 -0.010330 0.934131 -0.356780 0.103470 0.135251 0.354826 0.925098 0.806031 0.000000 0.000000 0.000000 1.000000
0.991534 -0.035082 -0.125015 0.061272 -0.009893 0.939599 -0.342134 0.103470 0.129467 0.340475 0.931298 0.806031 0.000000 0.000000 0.000000 1.000000
0.992236 -0.031820 -0.120226 0.061272 -0.009480 0.944550 -0.328230 0.103470 0.124004 0.326821 0.936916 0.806031 0.000000 0.000000 0.000000 1.000000
0.992854 -0.028959 -0.115770 0.061272 -0.009100 0.948913 -0.315408 0.103470 0.118989 0.314207 0.941868 0.806031 0.000000 0.000000 0.000000 1.000000
0.993378 -0.026539 -0.111789 0.061272 -0.008765 0.952619 -0.304039 0.103470 0.114561 0.303005 0.946078 0.806031 0.000000 0.000000 0.000000 1.000000
0.993799 -0.024596 -0.108433 0.061272 -0.008484 0.955608 -0.294517 0.103470 0.110864 0.293611 0.949474 0.806031 0.000000 0.000000 0.000000 1.000000
0.994111 -0.023163 -0.105859 0.061272 -0.008271 0.957821 -0.287246 0.103470 0.108048 0.286430 0.951989 0.806031 0.000000 0.000000 0.000000 1.000000
0.994305 -0.022274 -0.104216 0.061272 -0.008135 0.959198 -0.282619 0.103470 0.106259 0.281858 0.953554 0.806031 0.000000 0.000000 0.000000 1.000000
0.994372 -0.021968 -0.103642 0.061272 -0.008087 0.959672 -0.281004 0.103470 0.105635 0.280261 0.954094 0.806031 0.000000 0.000000 0.000000 1.000000</float_array><technique_common><accessor source="#l_arm_jnt-Matrix-animation-output-transform-array" count="31" stride="16"><param type="float4x4"/></accessor></technique_common></source><source id="l_arm_jnt-Interpolations"><Name_array id="l_arm_jnt-Interpolations-array" count="31">
 LINEAR LINEAR LINEAR LINEAR LINEAR LINEAR LINEAR LINEAR LINEAR LINEAR LINEAR
LINEAR LINEAR LINEAR LINEAR LINEAR LINEAR LINEAR LINEAR LINEAR LINEAR LINEAR LINEAR
LINEAR LINEAR LINEAR LINEAR LINEAR LINEAR LINEAR LINEAR</Name_array><technique_common><accessor source="#l_arm_jnt-Interpolations-array" count="31"><param type="name"/></accessor></technique_common></source><sampler id="l_arm_jnt-Matrix-animation-transform"><input semantic="INPUT" source="#l_arm_jnt-Matrix-animation-input"/><input semantic="OUTPUT" source="#l_arm_jnt-Matrix-animation-output-transform"/><input semantic="INTERPOLATION" source="#l_arm_jnt-Interpolations"/></sampler><channel source="#l_arm_jnt-Matrix-animation-transform" target="l_arm_jnt/matrix"/></animation></animation>
    <animation id="l_hand_jnt-anim" name="l_hand_jnt"><animation><source id="l_hand_jnt-Matrix-animation-input"><float_array id="l_hand_jnt-Matrix-animation-input-array" count="31">

0.000000 0.033333 0.066667 0.100000 0.133333 0.166667 0.200000 0.233333 0.266667 0.300000 0.333333 0.366667 0.400000 0.433333 0.466667 0.500000
0.533333 0.566667 0.600000 0.633333 0.666667 0.700000 0.733333 0.766667 0.800000 0.833333 0.866667 0.900000 0.933333 0.966667 1.000000</float_array><technique_common><accessor source="#l_hand_jnt-Matrix-animation-input-array" count="31"><param name="TIME" type="float"/></accessor></technique_common></source><source id="l_hand_jnt-Matrix-animation-output-transform"><float_array id="l_hand_jnt-Matrix-animation-output-transform-array" count="496">

0.968831 0.014952 0.247269 -0.006148 -0.019582 0.999676 0.016274 -0.063936 -0.246946 -0.020609 0.968810 0.616018 0.000000 0.000000 0.000000 1.000000
0.967507 0.019343 0.252103 -0.006148 -0.024373 0.999561 0.016845 -0.063936 -0.251666 -0.022442 0.967554 0.616018 0.000000 0.000000 0.000000 1.000000
0.963880 0.029565 0.264690 -0.006148 -0.039300 0.998729 0.031559 -0.063936 -0.263421 -0.040821 0.963817 0.616018 0.000000 0.000000 0.000000 1.000000
0.958398 0.044199 0.281993 -0.006148 -0.061843 0.996625 0.053974 -0.063936 -0.278656 -0.069168 0.957897 0.616018 0.000000 0.000000 0.000000 1.000000
0.951543 0.061718 0.301258 -0.006148 -0.089269 0.992905 0.078549 -0.063936 -0.294273 -0.101636 0.950302 0.616018 0.000000 0.000000 0.000000 1.000000
0.943940 0.080374 0.320183 -0.006148 -0.118502 0.987762 0.101404 -0.063936 -0.308115 -0.133662 0.941913 0.616018 0.000000 0.000000 0.000000 1.000000
0.936458 0.098190 0.336756 -0.006148 -0.146124 0.981958 0.120030 -0.063936 -0.318894 -0.161611 0.933910 0.616018 0.000000 0.000000 0.000000 1.000000
0.930235 0.113020 0.349127 -0.006148 -0.168530 0.976701 0.132862 -0.063936 -0.325977 -0.182432 0.927609 0.616018 0.000000 0.000000 0.000000 1.000000
0.926613 0.122615 0.355462 -0.006148 -0.182008 0.973471 0.138661 -0.063936 -0.329030 -0.193182 0.924348 0.616018 0.000000 0.000000 0.000000 1.000000
0.926951 0.124749 0.353835 -0.006148 -0.182895 0.973702 0.135842 -0.063936 -0.327584 -0.190634 0.925390 0.616018 0.000000 0.000000 0.000000 1.000000
0.929017 0.122530 0.349161 -0.006148 -0.177537 0.975483 0.130051 -0.063936 -0.324666 -0.182808 0.927994 0.616018 0.000000 0.000000 0.000000 1.000000
0.930551 0.119873 0.345985 -0.006148 -0.172864 0.976788 0.126503 -0.063936 -0.322789 -0.177526 0.929673 0.616018 0.000000 0.000000 0.000000 1.000000
0.932499 0.116044 0.342022 -0.006148 -0.166649 0.978390 0.122401 -0.063936 -0.320427 -0.171136 0.931686 0.616018 0.000000 0.000000 0.000000 1.000000
0.934784 0.111200 0.337363 -0.006148 -0.159102 0.980214 0.117756 -0.063936 -0.317594 -0.163752 0.933980 0.616018 0.000000 0.000000 0.000000 1.000000
0.937327 0.105499 0.332097 -0.006148 -0.150437 0.982188 0.112582 -0.063936 -0.314305 -0.155486 0.936502 0.616018 0.000000 0.000000 0.000000 1.000000
0.940053 0.099101 0.326313 -0.006148 -0.140864 0.984241 0.106894 -0.063936 -0.310577 -0.146452 0.939198 0.616018 0.000000 0.000000 0.000000 1.000000
0.942890 0.092159 0.320102 -0.006148 -0.130596 0.986306 0.100719 -0.063936 -0.306437 -0.136771 0.942014 0.616018 0.000000 0.000000 0.000000 1.000000
0.945772 0.084829 0.313558 -0.006148 -0.119840 0.988324 0.094091 -0.063936 -0.301916 -0.126565 0.944896 0.616018 0.000000 0.000000 0.000000 1.000000
0.948643 0.077254 0.306769 -0.006148 -0.108790 0.990246 0.087044 -0.063936 -0.297053 -0.115947 0.947795 0.616018 0.000000 0.000000 0.000000 1.000000
0.951446 0.069588 0.299848 -0.006148 -0.097666 0.992025 0.079676 -0.063936 -0.291912 -0.105092 0.950654 0.616018 0.000000 0.000000 0.000000 1.000000
0.954136 0.061965 0.292890 -0.006148 -0.086650 0.993629 0.072059 -0.063936 -0.286559 -0.094133 0.953427 0.616018 0.000000 0.000000 0.000000 1.000000
0.956676 0.054519 0.286004 -0.006148 -0.075928 0.995038 0.064300 -0.063936 -0.281079 -0.083230 0.956069 0.616018 0.000000 0.000000 0.000000 1.000000
0.959034 0.047377 0.279300 -0.006148 -0.065678 0.996238 0.056528 -0.063936 -0.275571 -0.072556 0.958539 0.616018 0.000000 0.000000 0.000000 1.000000
0.961184 0.040661 0.272895 -0.006148 -0.056069 0.997229 0.048896 -0.063936 -0.270150 -0.062299 0.960800 0.616018 0.000000 0.000000 0.000000 1.000000
0.963104 0.034488 0.266911 -0.006148 -0.047262 0.998017 0.041579 -0.063936 -0.264947 -0.052659 0.962824 0.616018 0.000000 0.000000 0.000000 1.000000
0.964775 0.028970 0.261476 -0.006148 -0.039411 0.998618 0.034774 -0.063936 -0.260107 -0.043854 0.964583 0.616018 0.000000 0.000000 0.000000 1.000000
0.966182 0.024215 0.256722 -0.006148 -0.032664 0.999054 0.028698 -0.063936 -0.255785 -0.036113 0.966059 0.616018 0.000000 0.000000 0.000000 1.000000
0.967308 0.020329 0.252787 -0.006148 -0.027164 0.999353 0.023580 -0.063936 -0.252144 -0.029676 0.967235 0.616018 0.000000 0.000000 0.000000 1.000000
0.968138 0.017417 0.249809 -0.006148 -0.023053 0.999541 0.019654 -0.063936 -0.249352 -0.024787 0.968096 0.616018 0.000000 0.000000 0.000000 1.000000
0.968654 0.015588 0.247925 -0.006148 -0.020476 0.999643 0.017149 -0.063936 -0.247570 -0.021688 0.968627 0.616018 0.000000 0.000000 0.000000 1.000000
0.968831 0.014952 0.247269 -0.006148 -0.019582 0.999676 0.016274 -0.063936 -0.246946 -0.020609 0.968810 0.616018 0.000000 0.000000 0.000000 1.000000</float_array><technique_common><accessor source="#l_hand_jnt-Matrix-animation-output-transform-array" count="31" stride="16"><param type="float4x4"/></accessor></technique_common></source><source id="l_hand_jnt-Interpolations"><Name_array id="l_hand_jnt-Interpolations-array" count="31">
 LINEAR LINEAR LINEAR LINEAR LINEAR LINEAR LINEAR LINEAR LINEAR LINEAR LINEAR
LINEAR LINEAR LINEAR LINEAR LINEAR LINEAR LINEAR LINEAR LINEAR LINEAR LINEAR LINEAR
LINEAR LINEAR LINEAR LINEAR LINEAR LINEAR LINEAR LINEAR</Name_array><technique_common><accessor source="#l_hand_jnt-Interpolations-array" count="31"><param type="name"/></accessor></technique_common></source><sampler id="l_hand_jnt-Matrix-animation-transform"><input semantic="INPUT" source="#l_hand_jnt-Matrix-animation-input"/><input semantic="OUTPUT" source="#l_hand_jnt-Matrix-animation-output-transform"/><input semantic="INTERPOLATION" source="#l_hand_jnt-Interpolations"/></sampler><channel source="#l_hand_jnt-Matrix-animation-transform" target="l_hand_jnt/matrix"/></animation></animation>
    <animation id="head_jnt-anim" name="head_jnt"><animation><source id="head_jnt-Matrix-animation-input"><float_array id="head_jnt-Matrix-animation-input-array" count="31">

0.000000 0.033333 0.066667 0.100000 0.133333 0.166667 0.200000 0.233333 0.266667 0.300000 0.333333 0.366667 0.400000 0.433333 0.466667 0.500000
0.533333 0.566667 0.600000 0.633333 0.666667 0.700000 0.733333 0.766667 0.800000 0.833333 0.866667 0.900000 0.933333 0.966667 1.000000</float_array><technique_common><accessor source="#head_jnt-Matrix-animation-input-array" count="31"><param name="TIME" type="float"/></accessor></technique_common></source><source id="head_jnt-Matrix-animation-output-transform"><float_array id="head_jnt-Matrix-animation-output-transform-array" count="496">

-0.063727 -0.992898 -0.100460 -0.860521 -0.274269 0.114214 -0.954846 0.078859 0.959539 -0.033296 -0.279600 0.000000 0.000000 0.000000 0.000000 1.000000
-0.067990 -0.993475 -0.091572 -0.860521 -0.276780 0.106963 -0.954962 0.078859 0.958525 -0.039582 -0.282246 -0.000000 0.000000 0.000000 0.000000 1.000000
