<?xml version="1.0" encoding="utf-8"?>
<COLLADA xmlns="http://www.collada.org/2005/11/COLLADASchema" version="1.4.1">
  <asset><contributor><author></author><authoring_tool>FBX COLLADA exporter</authoring_tool><comments></comments></contributor><created>2020-04-30T12:22:07Z</created><keywords></keywords><modified>2020-04-30T12:22:07Z</modified><revision></revision><subject></subject><title></title><unit meter="0.010000" name="centimeter"></unit><up_axis>Y_UP</up_axis></asset>
  <library_animations>
    <animation id="root_jnt-anim" name="root_jnt"><animation><source id="root_jnt-Matrix-animation-input"><float_array id="root_jnt-Matrix-animation-input-array" count="61">

0.000000 0.033333 0.066667 0.100000 0.133333 0.166667 0.200000 0.233333 0.266667 0.300000 0.333333 0.366667 0.400000 0.433333 0.466667 0.500000
0.533333 0.566667 0.600000 0.633333 0.666667 0.700000 0.733333 0.766667 0.800000 0.833333 0.866667 0.900000 0.933333 0.966667 1.000000 1.033333
1.066667 1.100000 1.133333 1.166667 1.200000 1.233333 1.266667 1.300000 1.333333 1.366667 1.400000 1.433333 1.466667 1.500000 1.533333 1.566667
1.600000 1.633333 1.666667 1.700000 1.733333 1.766667 1.800000 1.833333 1.866667 1.900000 1.933333 1.966667 2.000000</float_array><technique_common><accessor source="#root_jnt-Matrix-animation-input-array" count="61"><param name="TIME" type="float"/></accessor></technique_common></source><source id="root_jnt-Matrix-animation-output-transform"><float_array id="root_jnt-Matrix-animation-output-transform-array" count="976">

1.000000 0.000000 0.000000 0.000000 0.000000 1.000000 0.000000 0.000000 0.000000 0.000000 1.000000 0.000000 0.000000 0.000000 0.000000 1.000000
1.000000 0.000000 0.000000 0.000000 0.000000 1.000000 0.000000 0.000000 0.000000 0.000000 1.000000 0.000000 0.000000 0.000000 0.000000 1.000000
1.000000 0.000000 0.000000 0.000000 0.000000 1.000000 0.000000 0.000000 0.000000 0.000000 1.000000 0.000000 0.000000 0.000000 0.000000 1.000000
1.000000 0.000000 0.000000 0.000000 0.000000 1.000000 0.000000 0.000000 0.000000 0.000000 1.000000 0.000000 0.000000 0.000000 0.000000 1.000000
1.000000 0.000000 0.000000 0.000000 0.000000 1.000000 0.000000 0.000000 0.000000 0.000000 1.000000 0.000000 0.000000 0.000000 0.000000 1.000000
1.000000 0.000000 0.000000 0.000000 0.000000 1.000000 0.000000 0.000000 0.000000 0.000000 1.000000 0.000000 0.000000 0.000000 0.000000 1.000000
1.000000 0.000000 0.000000 0.000000 0.000000 1.000000 0.000000 0.000000 0.000000 0.000000 1.000000 0.000000 0.000000 0.000000 0.000000 1.000000
1.000000 0.000000 0.000000 0.000000 0.000000 1.000000 0.000000 0.000000 0.000000 0.000000 1.000000 0.000000 0.000000 0.000000 0.000000 1.000000
1.000000 0.000000 0.000000 0.000000 0.000000 1.000000 0.000000 0.000000 0.000000 0.000000 1.000000 0.000000 0.000000 0.000000 0.000000 1.000000
1.000000 0.000000 0.000000 0.000000 0.000000 1.000000 0.000000 0.000000 0.000000 0.000000 1.000000 0.000000 0.000000 0.000000 0.000000 1.000000
1.000000 0.000000 0.000000 0.000000 0.000000 1.000000 0.000000 0.000000 0.000000 0.000000 1.000000 0.000000 0.000000 0.000000 0.000000 1.000000
1.000000 0.000000 0.000000 0.000000 0.000000 1.000000 0.000000 0.000000 0.000000 0.000000 1.000000 0.000000 0.000000 0.000000 0.000000 1.000000
1.000000 0.000000 0.000000 0.000000 0.000000 1.000000 0.000000 0.000000 0.000000 0.000000 1.000000 0.000000 0.000000 0.000000 0.000000 1.000000
1.000000 0.000000 0.000000 0.000000 0.000000 1.000000 0.000000 0.000000 0.000000 0.000000 1.000000 0.000000 0.000000 0.000000 0.000000 1.000000
1.000000 0.000000 0.000000 0.000000 0.000000 1.000000 0.000000 0.000000 0.000000 0.000000 1.000000 0.000000 0.000000 0.000000 0.000000 1.000000
1.000000 0.000000 0.000000 0.000000 0.000000 1.000000 0.000000 0.000000 0.000000 0.000000 1.000000 0.000000 0.000000 0.000000 0.000000 1.000000
1.000000 0.000000 0.000000 0.000000 0.000000 1.000000 0.000000 0.000000 0.000000 0.000000 1.000000 0.000000 0.000000 0.000000 0.000000 1.000000
1.000000 0.000000 0.000000 0.000000 0.000000 1.000000 0.000000 0.000000 0.000000 0.000000 1.000000 0.000000 0.000000 0.000000 0.000000 1.000000
1.000000 0.000000 0.000000 0.000000 0.000000 1.000000 0.000000 0.000000 0.000000 0.000000 1.000000 0.000000 0.000000 0.000000 0.000000 1.000000
1.000000 0.000000 0.000000 0.000000 0.000000 1.000000 0.000000 0.000000 0.000000 0.000000 1.000000 0.000000 0.000000 0.000000 0.000000 1.000000
1.000000 0.000000 0.000000 0.000000 0.000000 1.000000 0.000000 0.000000 0.000000 0.000000 1.000000 0.000000 0.000000 0.000000 0.000000 1.000000
1.000000 0.000000 0.000000 0.000000 0.000000 1.000000 0.000000 0.000000 0.000000 0.000000 1.000000 0.000000 0.000000 0.000000 0.000000 1.000000
1.000000 0.000000 0.000000 0.000000 0.000000 1.000000 0.000000 0.000000 0.000000 0.000000 1.000000 0.000000 0.000000 0.000000 0.000000 1.000000
1.000000 0.000000 0.000000 0.000000 0.000000 1.000000 0.000000 0.000000 0.000000 0.000000 1.000000 0.000000 0.000000 0.000000 0.000000 1.000000
1.000000 0.000000 0.000000 0.000000 0.000000 1.000000 0.000000 0.000000 0.000000 0.000000 1.000000 0.000000 0.000000 0.000000 0.000000 1.000000
1.000000 0.000000 0.000000 0.000000 0.000000 1.000000 0.000000 0.000000 0.000000 0.000000 1.000000 0.000000 0.000000 0.000000 0.000000 1.000000
1.000000 0.000000 0.000000 0.000000 0.000000 1.000000 0.000000 0.000000 0.000000 0.000000 1.000000 0.000000 0.000000 0.000000 0.000000 1.000000
1.000000 0.000000 0.000000 0.000000 0.000000 1.000000 0.000000 0.000000 0.000000 0.000000 1.000000 0.000000 0.000000 0.000000 0.000000 1.000000
1.000000 0.000000 0.000000 0.000000 0.000000 1.000000 0.000000 0.000000 0.000000 0.000000 1.000000 0.000000 0.000000 0.000000 0.000000 1.000000
1.000000 0.000000 0.000000 0.000000 0.000000 1.000000 0.000000 0.000000 0.000000 0.000000 1.000000 0.000000 0.000000 0.000000 0.000000 1.000000
1.000000 0.000000 0.000000 0.000000 0.000000 1.000000 0.000000 0.000000 0.000000 0.000000 1.000000 0.000000 0.000000 0.000000 0.000000 1.000000
1.000000 0.000000 0.000000 0.000000 0.000000 1.000000 0.000000 0.000000 0.000000 0.000000 1.000000 0.000000 0.000000 0.000000 0.000000 1.000000
1.000000 0.000000 0.000000 0.000000 0.000000 1.000000 0.000000 0.000000 0.000000 0.000000 1.000000 0.000000 0.000000 0.000000 0.000000 1.000000
1.000000 0.000000 0.000000 0.000000 0.000000 1.000000 0.000000 0.000000 0.000000 0.000000 1.000000 0.000000 0.000000 0.000000 0.000000 1.000000
1.000000 0.000000 0.000000 0.000000 0.000000 1.000000 0.000000 0.000000 0.000000 0.000000 1.000000 0.000000 0.000000 0.000000 0.000000 1.000000
1.000000 0.000000 0.000000 0.000000 0.000000 1.000000 0.000000 0.000000 0.000000 0.000000 1.000000 0.000000 0.000000 0.000000 0.000000 1.000000
1.000000 0.000000 0.000000 0.000000 0.000000 1.000000 0.000000 0.000000 0.000000 0.000000 1.000000 0.000000 0.000000 0.000000 0.000000 1.000000
1.000000 0.000000 0.000000 0.000000 0.000000 1.000000 0.000000 0.000000 0.000000 0.000000 1.000000 0.000000 0.000000 0.000000 0.000000 1.000000
1.000000 0.000000 0.000000 0.000000 0.000000 1.000000 0.000000 0.000000 0.000000 0.000000 1.000000 0.000000 0.000000 0.000000 0.000000 1.000000
1.000000 0.000000 0.000000 0.000000 0.000000 1.000000 0.000000 0.000000 0.000000 0.000000 1.000000 0.000000 0.000000 0.000000 0.000000 1.000000
1.000000 0.000000 0.000000 0.000000 0.000000 1.000000 0.000000 0.000000 0.000000 0.000000 1.000000 0.000000 0.000000 0.000000 0.000000 1.000000
1.000000 0.000000 0.000000 0.000000 0.000000 1.000000 0.000000 0.000000 0.000000 0.000000 1.000000 0.000000 0.000000 0.000000 0.000000 1.000000
1.000000 0.000000 0.000000 0.000000 0.000000 1.000000 0.000000 0.000000 0.000000 0.000000 1.000000 0.000000 0.000000 0.000000 0.000000 1.000000
1.000000 0.000000 0.000000 0.000000 0.000000 1.000000 0.000000 0.000000 0.000000 0.000000 1.000000 0.000000 0.000000 0.000000 0.000000 1.000000
1.000000 0.000000 0.000000 0.000000 0.000000 1.000000 0.000000 0.000000 0.000000 0.000000 1.000000 0.000000 0.000000 0.000000 0.000000 1.000000
1.000000 0.000000 0.000000 0.000000 0.000000 1.000000 0.000000 0.000000 0.000000 0.000000 1.000000 0.000000 0.000000 0.000000 0.000000 1.000000
1.000000 0.000000 0.000000 0.000000 0.000000 1.000000 0.000000 0.000000 0.000000 0.000000 1.000000 0.000000 0.000000 0.000000 0.000000 1.000000
1.000000 0.000000 0.000000 0.000000 0.000000 1.000000 0.000000 0.000000 0.000000 0.000000 1.000000 0.000000 0.000000 0.000000 0.000000 1.000000
1.000000 0.000000 0.000000 0.000000 0.000000 1.000000 0.000000 0.000000 0.000000 0.000000 1.000000 0.000000 0.000000 0.000000 0.000000 1.000000
1.000000 0.000000 0.000000 0.000000 0.000000 1.000000 0.000000 0.000000 0.000000 0.000000 1.000000 0.000000 0.000000 0.000000 0.000000 1.000000
1.000000 0.000000 0.000000 0.000000 0.000000 1.000000 0.000000 0.000000 0.000000 0.000000 1.000000 0.000000 0.000000 0.000000 0.000000 1.000000
1.000000 0.000000 0.000000 0.000000 0.000000 1.000000 0.000000 0.000000 0.000000 0.000000 1.000000 0.000000 0.000000 0.000000 0.000000 1.000000
1.000000 0.000000 0.000000 0.000000 0.000000 1.000000 0.000000 0.000000 0.000000 0.000000 1.000000 0.000000 0.000000 0.000000 0.000000 1.000000
1.000000 0.000000 0.000000 0.000000 0.000000 1.000000 0.000000 0.000000 0.000000 0.000000 1.000000 0.000000 0.000000 0.000000 0.000000 1.000000
1.000000 0.000000 0.000000 0.000000 0.000000 1.000000 0.000000 0.000000 0.000000 0.000000 1.000000 0.000000 0.000000 0.000000 0.000000 1.000000
1.000000 0.000000 0.000000 0.000000 0.000000 1.000000 0.000000 0.000000 0.000000 0.000000 1.000000 0.000000 0.000000 0.000000 0.000000 1.000000
1.000000 0.000000 0.000000 0.000000 0.000000 1.000000 0.000000 0.000000 0.000000 0.000000 1.000000 0.000000 0.000000 0.000000 0.000000 1.000000
1.000000 0.000000 0.000000 0.000000 0.000000 1.000000 0.000000 0.000000 0.000000 0.000000 1.000000 0.000000 0.000000 0.000000 0.000000 1.000000
1.000000 0.000000 0.000000 0.000000 0.000000 1.000000 0.000000 0.000000 0.000000 0.000000 1.000000 0.000000 0.000000 0.000000 0.000000 1.000000
1.000000 0.000000 0.000000 0.000000 0.000000 1.000000 0.000000 0.000000 0.000000 0.000000 1.000000 0.000000 0.000000 0.000000 0.000000 1.000000
1.000000 0.000000 0.000000 0.000000 0.000000 1.000000 0.000000 0.000000 0.000000 0.000000 1.000000 0.000000 0.000000 0.000000 0.000000 1.000000</float_array><technique_common><accessor source="#root_jnt-Matrix-animation-output-transform-array" count="61" stride="16"><param type="float4x4"/></accessor></technique_common></source><source id="root_jnt-Interpolations"><Name_array id="root_jnt-Interpolations-array" count="61">
 LINEAR LINEAR LINEAR LINEAR LINEAR LINEAR LINEAR LINEAR LINEAR LINEAR LINEAR
LINEAR LINEAR LINEAR LINEAR LINEAR LINEAR LINEAR LINEAR LINEAR LINEAR LINEAR LINEAR
LINEAR LINEAR LINEAR LINEAR LINEAR LINEAR LINEAR LINEAR LINEAR LINEAR LINEAR LINEAR
LINEAR LINEAR LINEAR LINEAR LINEAR LINEAR LINEAR LINEAR LINEAR LINEAR LINEAR LINEAR
LINEAR LINEAR LINEAR LINEAR LINEAR LINEAR LINEAR LINEAR LINEAR LINEAR LINEAR LINEAR
LINEAR LINEAR</Name_array><technique_common><accessor source="#root_jnt-Interpolations-array" count="61"><param type="name"/></accessor></technique_common></source><sampler id="root_jnt-Matrix-animation-transform"><input semantic="INPUT" source="#root_jnt-Matrix-animation-input"/><input semantic="OUTPUT" source="#root_jnt-Matrix-animation-output-transform"/><input semantic="INTERPOLATION" source="#root_jnt-Interpolations"/></sampler><channel source="#root_jnt-Matrix-animation-transform" target="root_jnt/matrix"/></animation></animation>
    <animation id="spine1_jnt-anim" name="spine1_jnt"><animation><source id="spine1_jnt-Matrix-animation-input"><float_array id="spine1_jnt-Matrix-animation-input-array" count="61">

0.000000 0.033333 0.066667 0.100000 0.133333 0.166667 0.200000 0.233333 0.266667 0.300000 0.333333 0.366667 0.400000 0.433333 0.466667 0.500000
0.533333 0.566667 0.600000 0.633333 0.666667 0.700000 0.733333 0.766667 0.800000 0.833333 0.866667 0.900000 0.933333 0.966667 1.000000 1.033333
1.066667 1.100000 1.133333 1.166667 1.200000 1.233333 1.266667 1.300000 1.333333 1.366667 1.400000 1.433333 1.466667 1.500000 1.533333 1.566667
1.600000 1.633333 1.666667 1.700000 1.733333 1.766667 1.800000 1.833333 1.866667 1.900000 1.933333 1.966667 2.000000</float_array><technique_common><accessor source="#spine1_jnt-Matrix-animation-input-array" count="61"><param name="TIME" type="float"/></accessor></technique_common></source><source id="spine1_jnt-Matrix-animation-output-transform"><float_array id="spine1_jnt-Matrix-animation-output-transform-array" count="976">

0.000000 0.000000 1.000000 0.000000 -0.995409 0.095712 0.000000 -4.049718 -0.095712 -0.995409 0.000000 0.859555 0.000000 0.000000 0.000000 1.000000
0.000000 0.000000 1.000000 0.000000 -0.995409 0.095712 0.000000 -4.049718 -0.095712 -0.995409 0.000000 0.859555 0.000000 0.000000 0.000000 1.000000
0.000000 0.000000 1.000000 0.000000 -0.995409 0.095712 0.000000 -4.049718 -0.095712 -0.995409 0.000000 0.859555 0.000000 0.000000 0.000000 1.000000
0.000000 0.000000 1.000000 0.000000 -0.995409 0.095712 0.000000 -4.049718 -0.095712 -0.995409 0.000000 0.859555 0.000000 0.000000 0.000000 1.000000
0.000000 0.000000 1.000000 0.000000 -0.995409 0.095712 0.000000 -4.049718 -0.095712 -0.995409 0.000000 0.859555 0.000000 0.000000 0.000000 1.000000
0.000000 0.000000 1.000000 0.000000 -0.995409 0.095712 0.000000 -4.049718 -0.095712 -0.995409 0.000000 0.859555 0.000000 0.000000 0.000000 1.000000
0.000000 0.000000 1.000000 0.000000 -0.995409 0.095712 0.000000 -4.049718 -0.095712 -0.995409 0.000000 0.859555 0.000000 0.000000 0.000000 1.000000
0.000000 0.000000 1.000000 0.000000 -0.995409 0.095712 0.000000 -4.049718 -0.095712 -0.995409 0.000000 0.859555 0.000000 0.000000 0.000000 1.000000
0.000000 0.000000 1.000000 0.000000 -0.995409 0.095712 0.000000 -4.049718 -0.095712 -0.995409 0.000000 0.859555 0.000000 0.000000 0.000000 1.000000
0.000000 0.000000 1.000000 0.000000 -0.995409 0.095712 0.000000 -4.049718 -0.095712 -0.995409 0.000000 0.859555 0.000000 0.000000 0.000000 1.000000
0.000000 0.000000 1.000000 0.000000 -0.995409 0.095712 0.000000 -4.049718 -0.095712 -0.995409 0.000000 0.859555 0.000000 0.000000 0.000000 1.000000
0.000000 0.000000 1.000000 0.000000 -0.995409 0.095712 0.000000 -4.049718 -0.095712 -0.995409 0.000000 0.859555 0.000000 0.000000 0.000000 1.000000
0.000000 0.000000 1.000000 0.000000 -0.995409 0.095712 0.000000 -4.049718 -0.095712 -0.995409 0.000000 0.859555 0.000000 0.000000 0.000000 1.000000
0.000000 0.000000 1.000000 0.000000 -0.995409 0.095712 0.000000 -4.049718 -0.095712 -0.995409 0.000000 0.859555 0.000000 0.000000 0.000000 1.000000
0.000000 0.000000 1.000000 0.000000 -0.995409 0.095712 0.000000 -4.049718 -0.095712 -0.995409 0.000000 0.859555 0.000000 0.000000 0.000000 1.000000
0.000000 0.000000 1.000000 0.000000 -0.995409 0.095712 0.000000 -4.049718 -0.095712 -0.995409 0.000000 0.859555 0.000000 0.000000 0.000000 1.000000
0.000000 0.000000 1.000000 0.000000 -0.995409 0.095712 0.000000 -4.049718 -0.095712 -0.995409 0.000000 0.859555 0.000000 0.000000 0.000000 1.000000
0.000000 0.000000 1.000000 0.000000 -0.995409 0.095712 0.000000 -4.049718 -0.095712 -0.995409 0.000000 0.859555 0.000000 0.000000 0.000000 1.000000
0.000000 0.000000 1.000000 0.000000 -0.995409 0.095712 0.000000 -4.049718 -0.095712 -0.995409 0.000000 0.859555 0.000000 0.000000 0.000000 1.000000
0.000000 0.000000 1.000000 0.000000 -0.995409 0.095712 0.000000 -4.049718 -0.095712 -0.995409 0.000000 0.859555 0.000000 0.000000 0.000000 1.000000
0.000000 0.000000 1.000000 0.000000 -0.995409 0.095712 0.000000 -4.049718 -0.095712 -0.995409 0.000000 0.859555 0.000000 0.000000 0.000000 1.000000
0.000000 0.000000 1.000000 0.000000 -0.995409 0.095712 0.000000 -4.049718 -0.095712 -0.995409 0.000000 0.859555 0.000000 0.000000 0.000000 1.000000
0.000000 0.000000 1.000000 0.000000 -0.995409 0.095712 0.000000 -4.049718 -0.095712 -0.995409 0.000000 0.859555 0.000000 0.000000 0.000000 1.000000
0.000000 0.000000 1.000000 0.000000 -0.995409 0.095712 0.000000 -4.049718 -0.095712 -0.995409 0.000000 0.859555 0.000000 0.000000 0.000000 1.000000
0.000000 0.000000 1.000000 0.000000 -0.995409 0.095712 0.000000 -4.049718 -0.095712 -0.995409 0.000000 0.859555 0.000000 0.000000 0.000000 1.000000
0.000000 0.000000 1.000000 0.000000 -0.995409 0.095712 0.000000 -4.049718 -0.095712 -0.995409 0.000000 0.859555 0.000000 0.000000 0.000000 1.000000
0.000000 0.000000 1.000000 0.000000 -0.995409 0.095712 0.000000 -4.049718 -0.095712 -0.995409 0.000000 0.859555 0.000000 0.000000 0.000000 1.000000
0.000000 0.000000 1.000000 0.000000 -0.995409 0.095712 0.000000 -4.049718 -0.095712 -0.995409 0.000000 0.859555 0.000000 0.000000 0.000000 1.000000
0.000000 0.000000 1.000000 0.000000 -0.995409 0.095712 0.000000 -4.049718 -0.095712 -0.995409 0.000000 0.859555 0.000000 0.000000 0.000000 1.000000
0.000000 0.000000 1.000000 0.000000 -0.995409 0.095712 0.000000 -4.049718 -0.095712 -0.995409 0.000000 0.859555 0.000000 0.000000 0.000000 1.000000
0.000000 0.000000 1.000000 0.000000 -0.995409 0.095712 0.000000 -4.049718 -0.095712 -0.995409 0.000000 0.859555 0.000000 0.000000 0.000000 1.000000
-0.000097 0.000770 1.000000 -0.000170 -0.995407 0.095732 -0.000170 -4.049718 -0.095732 -0.995407 0.000757 0.862751 0.000000 0.000000 0.000000 1.000000
-0.000374 0.002978 0.999995 -0.000656 -0.995402 0.095786 -0.000658 -4.049718 -0.095787 -0.995398 0.002928 0.872048 0.000000 0.000000 0.000000 1.000000
-0.000812 0.006473 0.999979 -0.001424 -0.995393 0.095866 -0.001429 -4.049718 -0.095874 -0.995373 0.006365 0.887011 0.000000 0.000000 0.000000 1.000000
-0.001393 0.011104 0.999937 -0.002437 -0.995382 0.095965 -0.002452 -4.049718 -0.095987 -0.995323 0.010919 0.907204 0.000000 0.000000 0.000000 1.000000
-0.002094 0.016718 0.999858 -0.003662 -0.995367 0.096073 -0.003691 -4.049718 -0.096121 -0.995234 0.016440 0.932190 0.000000 0.000000 0.000000 1.000000
-0.002899 0.023165 0.999727 -0.005062 -0.995351 0.096179 -0.005114 -4.049718 -0.096271 -0.995094 0.022779 0.961535 0.000000 0.000000 0.000000 1.000000
-0.003785 0.030293 0.999534 -0.006603 -0.995332 0.096276 -0.006687 -4.049718 -0.096433 -0.994894 0.029787 0.994802 0.000000 0.000000 0.000000 1.000000
-0.004735 0.037948 0.999268 -0.008249 -0.995312 0.096354 -0.008375 -4.049718 -0.096602 -0.994623 0.037314 1.031556 0.000000 0.000000 0.000000 1.000000
-0.005729 0.045980 0.998926 -0.009965 -0.995290 0.096410 -0.010146 -4.049718 -0.096773 -0.994279 0.045211 1.071360 0.000000 0.000000 0.000000 1.000000
-0.006748 0.054236 0.998505 -0.011717 -0.995267 0.096437 -0.011964 -4.049718 -0.096942 -0.993860 0.053329 1.113779 0.000000 0.000000 0.000000 1.000000
-0.007773 0.062564 0.998011 -0.013469 -0.995244 0.096435 -0.013797 -4.049718 -0.097106 -0.993371 0.061517 1.158377 0.000000 0.000000 0.000000 1.000000
-0.008785 0.070812 0.997451 -0.015185 -0.995220 0.096402 -0.015610 -4.049718 -0.097262 -0.992820 0.069626 1.204719 0.000000 0.000000 0.000000 1.000000
-0.009767 0.078828 0.996840 -0.016831 -0.995197 0.096342 -0.017370 -4.052859 -0.097407 -0.992222 0.077509 1.252368 0.000000 0.000000 0.000000 1.000000
-0.010701 0.086463 0.996198 -0.018372 -0.995174 0.096259 -0.019044 -4.060713 -0.097540 -0.991594 0.085015 1.300888 0.000000 0.000000 0.000000 1.000000
-0.011567 0.093564 0.995546 -0.019772 -0.995153 0.096159 -0.020600 -4.070921 -0.097658 -0.990959 0.091998 1.349845 0.000000 0.000000 0.000000 1.000000
-0.012349 0.099983 0.994913 -0.020997 -0.995133 0.096049 -0.022004 -4.081131 -0.097761 -0.990342 0.098310 1.398801 0.000000 0.000000 0.000000 1.000000
-0.013028 0.105569 0.994327 -0.022010 -0.995116 0.095939 -0.023224 -4.088984 -0.097846 -0.989773 0.103803 1.447321 0.000000 0.000000 0.000000 1.000000
-0.013587 0.110173 0.993820 -0.022778 -0.995102 0.095838 -0.024229 -4.092125 -0.097915 -0.989281 0.108331 1.494970 0.000000 0.000000 0.000000 1.000000
-0.014009 0.113647 0.993422 -0.023264 -0.995091 0.095755 -0.024987 -4.081948 -0.097965 -0.988896 0.111747 1.541312 0.000000 0.000000 0.000000 1.000000
-0.014275 0.115841 0.993165 -0.023434 -0.995084 0.095701 -0.025465 -4.056506 -0.097996 -0.988647 0.113905 1.585910 0.000000 0.000000 0.000000 1.000000
-0.014368 0.116605 0.993074 -0.023252 -0.995082 0.095681 -0.025632 -4.023432 -0.098007 -0.988559 0.114657 1.628329 0.000000 0.000000 0.000000 1.000000
-0.013885 0.112624 0.993541 -0.022684 -0.995094 0.095780 -0.024764 -3.990358 -0.097951 -0.989011 0.110741 1.668133 0.000000 0.000000 0.000000 1.000000
-0.012587 0.101945 0.994710 -0.021694 -0.995127 0.096012 -0.022433 -3.964916 -0.097791 -0.990146 0.100239 1.704887 0.000000 0.000000 0.000000 1.000000
-0.010701 0.086463 0.996198 -0.020247 -0.995174 0.096259 -0.019044 -3.954739 -0.097540 -0.991594 0.085015 1.738154 0.000000 0.000000 0.000000 1.000000
-0.008451 0.068081 0.997644 -0.018308 -0.995228 0.096416 -0.015010 -3.961775 -0.097211 -0.993010 0.066941 1.767499 0.000000 0.000000 0.000000 1.000000
-0.006067 0.048715 0.998794 -0.015841 -0.995282 0.096422 -0.010748 -3.979363 -0.096829 -0.994148 0.047900 1.792485 0.000000 0.000000 0.000000 1.000000
-0.003785 0.030293 0.999534 -0.012813 -0.995332 0.096276 -0.006687 -4.002229 -0.096433 -0.994894 0.029787 1.812678 0.000000 0.000000 0.000000 1.000000
-0.001848 0.014747 0.999890 -0.009186 -0.995372 0.096037 -0.003256 -4.025094 -0.096074 -0.995269 0.014501 1.827641 0.000000 0.000000 0.000000 1.000000
-0.000503 0.004007 0.999992 -0.004927 -0.995399 0.095810 -0.000885 -4.042683 -0.095813 -0.995392 0.003941 1.836939 0.000000 0.000000 0.000000 1.000000
0.000000 0.000000 1.000000 0.000000 -0.995409 0.095712 0.000000 -4.049718 -0.095712 -0.995409 0.000000 1.840134 0.000000 0.000000 0.000000 1.000000</float_array><technique_common><accessor source="#spine1_jnt-Matrix-animation-output-transform-array" count="61" stride="16"><param type="float4x4"/></accessor></technique_common></source><source id="spine1_jnt-Interpolations"><Name_array id="spine1_jnt-Interpolations-array" count="61">
 LINEAR LINEAR LINEAR LINEAR LINEAR LINEAR LINEAR LINEAR LINEAR LINEAR LINEAR
LINEAR LINEAR LINEAR LINEAR LINEAR LINEAR LINEAR LINEAR LINEAR LINEAR LINEAR LINEAR
LINEAR LINEAR LINEAR LINEAR LINEAR LINEAR LINEAR LINEAR LINEAR LINEAR LINEAR LINEAR
LINEAR LINEAR LINEAR LINEAR LINEAR LINEAR LINEAR LINEAR LINEAR LINEAR LINEAR LINEAR
LINEAR LINEAR LINEAR LINEAR LINEAR LINEAR LINEAR LINEAR LINEAR LINEAR LINEAR LINEAR
LINEAR LINEAR</Name_array><technique_common><accessor source="#spine1_jnt-Interpolations-array" count="61"><param type="name"/></accessor></technique_common></source><sampler id="spine1_jnt-Matrix-animation-transform"><input semantic="INPUT" source="#spine1_jnt-Matrix-animation-input"/><input semantic="OUTPUT" source="#spine1_jnt-Matrix-animation-output-transform"/><input semantic="INTERPOLATION" source="#spine1_jnt-Interpolations"/></sampler><channel source="#spine1_jnt-Matrix-animation-transform" target="spine1_jnt/matrix"/></animation></animation>
    <animation id="spine2_jnt-anim" name="spine2_jnt"><animation><source id="spine2_jnt-Matrix-animation-input"><float_array id="spine2_jnt-Matrix-animation-input-array" count="61">

0.000000 0.033333 0.066667 0.100000 0.133333 0.166667 0.200000 0.233333 0.266667 0.300000 0.333333 0.366667 0.400000 0.433333 0.466667 0.500000
0.533333 0.566667 0.600000 0.633333 0.666667 0.700000 0.733333 0.766667 0.800000 0.833333 0.866667 0.900000 0.933333 0.966667 1.000000 1.033333
1.066667 1.100000 1.133333 1.166667 1.200000 1.233333 1.266667 1.300000 1.333333 1.366667 1.400000 1.433333 1.466667 1.500000 1.533333 1.566667
1.600000 1.633333 1.666667 1.700000 1.733333 1.766667 1.800000 1.833333 1.866667 1.900000 1.933333 1.966667 2.000000</float_array><technique_common><accessor source="#spine2_jnt-Matrix-animation-input-array" count="61"><param name="TIME" type="float"/></accessor></technique_common></source><source id="spine2_jnt-Matrix-animation-output-transform"><float_array id="spine2_jnt-Matrix-animation-output-transform-array" count="976">

0.998060 -0.059561 -0.018140 -1.156674 0.062190 0.967644 0.244536 0.103630 0.002988 -0.245189 0.969471 0.000000 0.000000 0.000000 0.000000 1.000000
0.998060 -0.059561 -0.018140 -1.156674 0.062190 0.967644 0.244536 0.103630 0.002988 -0.245189 0.969471 0.000000 0.000000 0.000000 0.000000 1.000000
0.998060 -0.059561 -0.018140 -1.156674 0.062190 0.967644 0.244536 0.103630 0.002988 -0.245189 0.969471 0.000000 0.000000 0.000000 0.000000 1.000000
0.998060 -0.059561 -0.018140 -1.156674 0.062190 0.967644 0.244536 0.103630 0.002988 -0.245189 0.969471 0.000000 0.000000 0.000000 0.000000 1.000000
0.998060 -0.059561 -0.018140 -1.156674 0.062190 0.967644 0.244536 0.103630 0.002988 -0.245189 0.969471 0.000000 0.000000 0.000000 0.000000 1.000000
0.998060 -0.059561 -0.018140 -1.156674 0.062190 0.967644 0.244536 0.103630 0.002988 -0.245189 0.969471 0.000000 0.000000 0.000000 0.000000 1.000000
0.998060 -0.059561 -0.018140 -1.156674 0.062190 0.967644 0.244536 0.103630 0.002988 -0.245189 0.969471 0.000000 0.000000 0.000000 0.000000 1.000000
0.998060 -0.059561 -0.018140 -1.156674 0.062190 0.967644 0.244536 0.103630 0.002988 -0.245189 0.969471 0.000000 0.000000 0.000000 0.000000 1.000000
0.998060 -0.059561 -0.018140 -1.156674 0.062190 0.967644 0.244536 0.103630 0.002988 -0.245189 0.969471 0.000000 0.000000 0.000000 0.000000 1.000000
0.998060 -0.059561 -0.018140 -1.156674 0.062190 0.967644 0.244536 0.103630 0.002988 -0.245189 0.969471 0.000000 0.000000 0.000000 0.000000 1.000000
0.998060 -0.059561 -0.018140 -1.156674 0.062190 0.967644 0.244536 0.103630 0.002988 -0.245189 0.969471 0.000000 0.000000 0.000000 0.000000 1.000000
0.998060 -0.059561 -0.018140 -1.156674 0.062190 0.967644 0.244536 0.103630 0.002988 -0.245189 0.969471 0.000000 0.000000 0.000000 0.000000 1.000000
0.998060 -0.059561 -0.018140 -1.156674 0.062190 0.967644 0.244536 0.103630 0.002988 -0.245189 0.969471 0.000000 0.000000 0.000000 0.000000 1.000000
0.998060 -0.059561 -0.018140 -1.156674 0.062190 0.967644 0.244536 0.103630 0.002988 -0.245189 0.969471 0.000000 0.000000 0.000000 0.000000 1.000000
0.998060 -0.059561 -0.018140 -1.156674 0.062190 0.967644 0.244536 0.103630 0.002988 -0.245189 0.969471 0.000000 0.000000 0.000000 0.000000 1.000000
0.998060 -0.059561 -0.018140 -1.156674 0.062190 0.967644 0.244536 0.103630 0.002988 -0.245189 0.969471 0.000000 0.000000 0.000000 0.000000 1.000000
0.998060 -0.059561 -0.018140 -1.156674 0.062190 0.967644 0.244536 0.103630 0.002988 -0.245189 0.969471 0.000000 0.000000 0.000000 0.000000 1.000000
0.998060 -0.059561 -0.018140 -1.156674 0.062190 0.967644 0.244536 0.103630 0.002988 -0.245189 0.969471 0.000000 0.000000 0.000000 0.000000 1.000000
0.998060 -0.059561 -0.018140 -1.156674 0.062190 0.967644 0.244536 0.103630 0.002988 -0.245189 0.969471 0.000000 0.000000 0.000000 0.000000 1.000000
0.998060 -0.059561 -0.018140 -1.156674 0.062190 0.967644 0.244536 0.103630 0.002988 -0.245189 0.969471 0.000000 0.000000 0.000000 0.000000 1.000000
0.998060 -0.059561 -0.018140 -1.156674 0.062190 0.967644 0.244536 0.103630 0.002988 -0.245189 0.969471 0.000000 0.000000 0.000000 0.000000 1.000000
0.998060 -0.059561 -0.018140 -1.156674 0.062190 0.967644 0.244536 0.103630 0.002988 -0.245189 0.969471 0.000000 0.000000 0.000000 0.000000 1.000000
0.998060 -0.059561 -0.018140 -1.156674 0.062190 0.967644 0.244536 0.103630 0.002988 -0.245189 0.969471 0.000000 0.000000 0.000000 0.000000 1.000000
0.998060 -0.059561 -0.018140 -1.156674 0.062190 0.967644 0.244536 0.103630 0.002988 -0.245189 0.969471 0.000000 0.000000 0.000000 0.000000 1.000000
0.998060 -0.059561 -0.018140 -1.156674 0.062190 0.967644 0.244536 0.103630 0.002988 -0.245189 0.969471 0.000000 0.000000 0.000000 0.000000 1.000000
0.998060 -0.059561 -0.018140 -1.156674 0.062190 0.967644 0.244536 0.103630 0.002988 -0.245189 0.969471 0.000000 0.000000 0.000000 0.000000 1.000000
0.998060 -0.059561 -0.018140 -1.156674 0.062190 0.967644 0.244536 0.103630 0.002988 -0.245189 0.969471 0.000000 0.000000 0.000000 0.000000 1.000000
0.998060 -0.059561 -0.018140 -1.156674 0.062190 0.967644 0.244536 0.103630 0.002988 -0.245189 0.969471 0.000000 0.000000 0.000000 0.000000 1.000000
0.998060 -0.059561 -0.018140 -1.156674 0.062190 0.967644 0.244536 0.103630 0.002988 -0.245189 0.969471 0.000000 0.000000 0.000000 0.000000 1.000000
0.998060 -0.059561 -0.018140 -1.156674 0.062190 0.967644 0.244536 0.103630 0.002988 -0.245189 0.969471 0.000000 0.000000 0.000000 0.000000 1.000000
0.998060 -0.059561 -0.018140 -1.156674 0.062190 0.967644 0.244536 0.103630 0.002988 -0.245189 0.969471 0.000000 0.000000 0.000000 0.000000 1.000000
0.998080 -0.059558 -0.017002 -1.156674 0.061909 0.967677 0.244476 0.103630 0.001891 -0.245060 0.969506 0.000000 0.000000 0.000000 0.000000 1.000000
0.998131 -0.059550 -0.013737 -1.156674 0.061101 0.967771 0.244307 0.103630 -0.001254 -0.244689 0.969601 0.000000 0.000000 0.000000 0.000000 1.000000
0.998189 -0.059535 -0.008568 -1.156674 0.059824 0.967919 0.244038 0.103630 -0.006235 -0.244109 0.969728 0.000000 0.000000 0.000000 0.000000 1.000000
0.998226 -0.059512 -0.001721 -1.156674 0.058136 0.968111 0.243682 0.103630 -0.012836 -0.243350 0.969854 0.000000 0.000000 0.000000 0.000000 1.000000
0.998208 -0.059479 0.006583 -1.156674 0.056096 0.968340 0.243250 0.103630 -0.020843 -0.242445 0.969941 0.000000 0.000000 0.000000 0.000000 1.000000
0.998102 -0.059437 0.016118 -1.156674 0.053760 0.968597 0.242754 0.103630 -0.030040 -0.241427 0.969954 0.000000 0.000000 0.000000 0.000000 1.000000
0.997879 -0.059384 0.026658 -1.156674 0.051187 0.968874 0.242206 0.103630 -0.040211 -0.240328 0.969858 0.000000 0.000000 0.000000 0.000000 1.000000
0.997516 -0.059320 0.037979 -1.156674 0.048435 0.969162 0.241618 0.103630 -0.051140 -0.239178 0.969628 0.000000 0.000000 0.000000 0.000000 1.000000
0.996998 -0.059246 0.049854 -1.156674 0.045558 0.969455 0.241001 0.103630 -0.062609 -0.238006 0.969244 0.000000 0.000000 0.000000 0.000000 1.000000
0.996317 -0.059164 0.062057 -1.156674 0.042615 0.969746 0.240367 0.103630 -0.074400 -0.236837 0.968696 0.000000 0.000000 0.000000 0.000000 1.000000
0.995480 -0.059076 0.074362 -1.156674 0.039658 0.970030 0.239728 0.103630 -0.086295 -0.235695 0.967988 0.000000 0.000000 0.000000 0.000000 1.000000
0.994500 -0.058984 0.086544 -1.156674 0.036742 0.970301 0.239096 0.103630 -0.098076 -0.234601 0.967132 0.000000 0.000000 0.000000 0.000000 1.000000
0.993405 -0.058891 0.098378 -1.156674 0.033920 0.970554 0.238482 0.103630 -0.109526 -0.233572 0.966151 0.000000 0.000000 0.000000 0.000000 1.000000
0.992230 -0.058801 0.109641 -1.156674 0.031242 0.970787 0.237899 0.103630 -0.120427 -0.232625 0.965082 0.000000 0.000000 0.000000 0.000000 1.000000
0.991023 -0.058715 0.120112 -1.156674 0.028761 0.970997 0.237357 0.103630 -0.130565 -0.231772 0.963968 0.000000 0.000000 0.000000 0.000000 1.000000
0.989835 -0.058637 0.129570 -1.156674 0.026525 0.971180 0.236868 0.103630 -0.139725 -0.231023 0.962863 0.000000 0.000000 0.000000 0.000000 1.000000
0.988727 -0.058568 0.137797 -1.156674 0.024585 0.971334 0.236443 0.103630 -0.147695 -0.230390 0.961825 0.000000 0.000000 0.000000 0.000000 1.000000
0.987762 -0.058512 0.144574 -1.156674 0.022990 0.971458 0.236093 0.103630 -0.154262 -0.229880 0.960915 0.000000 0.000000 0.000000 0.000000 1.000000
0.987003 -0.058470 0.149684 -1.156674 0.021789 0.971550 0.235830 0.103630 -0.159215 -0.229503 0.960197 0.000000 0.000000 0.000000 0.000000 1.000000
0.986510 -0.058443 0.152911 -1.156674 0.021032 0.971607 0.235664 0.103630 -0.162342 -0.229269 0.959730 0.000000 0.000000 0.000000 0.000000 1.000000
0.986336 -0.058434 0.154035 -1.156674 0.020768 0.971627 0.235606 0.103630 -0.163432 -0.229187 0.959564 0.000000 0.000000 0.000000 0.000000 1.000000
0.987230 -0.058482 0.148179 -1.156674 0.022143 0.971523 0.235907 0.103630 -0.157756 -0.229614 0.960412 0.000000 0.000000 0.000000 0.000000 1.000000
0.989454 -0.058613 0.132460 -1.156674 0.025843 0.971234 0.236719 0.103630 -0.142525 -0.230799 0.962506 0.000000 0.000000 0.000000 0.000000 1.000000
0.992230 -0.058801 0.109641 -1.156674 0.031242 0.970787 0.237899 0.103630 -0.120427 -0.232625 0.965082 0.000000 0.000000 0.000000 0.000000 1.000000
0.994841 -0.059015 0.082511 -1.156674 0.037706 0.970212 0.239305 0.103630 -0.094175 -0.234959 0.967432 0.000000 0.000000 0.000000 0.000000 1.000000
0.996789 -0.059220 0.053896 -1.156674 0.044582 0.969553 0.240791 0.103630 -0.066515 -0.237615 0.969079 0.000000 0.000000 0.000000 0.000000 1.000000
0.997879 -0.059384 0.026658 -1.156674 0.051187 0.968874 0.242206 0.103630 -0.040211 -0.240328 0.969858 0.000000 0.000000 0.000000 0.000000 1.000000
0.998222 -0.059491 0.003667 -1.156674 0.056811 0.968260 0.243402 0.103630 -0.018031 -0.242761 0.969919 0.000000 0.000000 0.000000 0.000000 1.000000
0.998151 -0.059546 -0.012214 -1.156674 0.060725 0.967815 0.244228 0.103630 -0.002721 -0.244518 0.969641 0.000000 0.000000 0.000000 0.000000 1.000000
0.998060 -0.059561 -0.018140 -1.156674 0.062190 0.967644 0.244536 0.103630 0.002988 -0.245189 0.969471 0.000000 0.000000 0.000000 0.000000 1.000000</float_array><technique_common><accessor source="#spine2_jnt-Matrix-animation-output-transform-array" count="61" stride="16"><param type="float4x4"/></accessor></technique_common></source><source id="spine2_jnt-Interpolations"><Name_array id="spine2_jnt-Interpolations-array" count="61">
 LINEAR LINEAR LINEAR LINEAR LINEAR LINEAR LINEAR LINEAR LINEAR LINEAR LINEAR
LINEAR LINEAR LINEAR LINEAR LINEAR LINEAR LINEAR LINEAR LINEAR LINEAR LINEAR LINEAR
LINEAR LINEAR LINEAR LINEAR LINEAR LINEAR LINEAR LINEAR LINEAR LINEAR LINEAR LINEAR
LINEAR LINEAR LINEAR LINEAR LINEAR LINEAR LINEAR LINEAR LINEAR LINEAR LINEAR LINEAR
LINEAR LINEAR LINEAR LINEAR LINEAR LINEAR LINEAR LINEAR LINEAR LINEAR LINEAR LINEAR
LINEAR LINEAR</Name_array><technique_common><accessor source="#spine2_jnt-Interpolations-array" count="61"><param type="name"/></accessor></technique_common></source><sampler id="spine2_jnt-Matrix-animation-transform"><input semantic="INPUT" source="#spine2_jnt-Matrix-animation-input"/><input semantic="OUTPUT" source="#spine2_jnt-Matrix-animation-output-transform"/><input semantic="INTERPOLATION" source="#spine2_jnt-Interpolations"/></sampler><channel source="#spine2_jnt-Matrix-animation-transform" target="spine2_jnt/matrix"/></animation></animation>
    <animation id="l_uparm_jnt-anim" name="l_uparm_jnt"><animation><source id="l_uparm_jnt-Matrix-animation-input"><float_array id="l_uparm_jnt-Matrix-animation-input-array" count="61">

0.000000 0.033333 0.066667 0.100000 0.133333 0.166667 0.200000 0.233333 0.266667 0.300000 0.333333 0.366667 0.400000 0.433333 0.466667 0.500000
0.533333 0.566667 0.600000 0.633333 0.666667 0.700000 0.733333 0.766667 0.800000 0.833333 0.866667 0.900000 0.933333 0.966667 1.000000 1.033333
1.066667 1.100000 1.133333 1.166667 1.200000 1.233333 1.266667 1.300000 1.333333 1.366667 1.400000 1.433333 1.466667 1.500000 1.533333 1.566667
1.600000 1.633333 1.666667 1.700000 1.733333 1.766667 1.800000 1.833333 1.866667 1.900000 1.933333 1.966667 2.000000</float_array><technique_common><accessor source="#l_uparm_jnt-Matrix-animation-input-array" count="61"><param name="TIME" type="float"/></accessor></technique_common></source><source id="l_uparm_jnt-Matrix-animation-output-transform"><float_array id="l_uparm_jnt-Matrix-animation-output-transform-array" count="976">

0.624212 0.141426 0.768348 -0.462678 0.358262 0.822158 -0.442385 0.174359 -0.694268 0.551412 0.462533 0.817069 0.000000 0.000000 0.000000 1.000000
0.624212 0.141426 0.768348 -0.462678 0.358262 0.822158 -0.442385 0.174359 -0.694268 0.551412 0.462533 0.817069 0.000000 0.000000 0.000000 1.000000
0.624212 0.141426 0.768348 -0.462678 0.358262 0.822158 -0.442385 0.174359 -0.694268 0.551412 0.462533 0.817069 0.000000 0.000000 0.000000 1.000000
0.624212 0.141426 0.768348 -0.462678 0.358262 0.822158 -0.442385 0.174359 -0.694268 0.551412 0.462533 0.817069 0.000000 0.000000 0.000000 1.000000
0.624212 0.141426 0.768348 -0.462678 0.358262 0.822158 -0.442385 0.174359 -0.694268 0.551412 0.462533 0.817069 0.000000 0.000000 0.000000 1.000000
0.624212 0.141426 0.768348 -0.462678 0.358262 0.822158 -0.442385 0.174359 -0.694268 0.551412 0.462533 0.817069 0.000000 0.000000 0.000000 1.000000
0.624212 0.141426 0.768348 -0.462678 0.358262 0.822158 -0.442385 0.174359 -0.694268 0.551412 0.462533 0.817069 0.000000 0.000000 0.000000 1.000000
0.624212 0.141426 0.768348 -0.462678 0.358262 0.822158 -0.442385 0.174359 -0.694268 0.551412 0.462533 0.817069 0.000000 0.000000 0.000000 1.000000
0.624212 0.141426 0.768348 -0.462678 0.358262 0.822158 -0.442385 0.174359 -0.694268 0.551412 0.462533 0.817069 0.000000 0.000000 0.000000 1.000000
0.624212 0.141426 0.768348 -0.462678 0.358262 0.822158 -0.442385 0.174359 -0.694268 0.551412 0.462533 0.817069 0.000000 0.000000 0.000000 1.000000
0.624212 0.141426 0.768348 -0.462678 0.358262 0.822158 -0.442385 0.174359 -0.694268 0.551412 0.462533 0.817069 0.000000 0.000000 0.000000 1.000000
0.624212 0.141426 0.768348 -0.462678 0.358262 0.822158 -0.442385 0.174359 -0.694268 0.551412 0.462533 0.817069 0.000000 0.000000 0.000000 1.000000
0.624212 0.141426 0.768348 -0.462678 0.358262 0.822158 -0.442385 0.174359 -0.694268 0.551412 0.462533 0.817069 0.000000 0.000000 0.000000 1.000000
0.624212 0.141426 0.768348 -0.462678 0.358262 0.822158 -0.442385 0.174359 -0.694268 0.551412 0.462533 0.817069 0.000000 0.000000 0.000000 1.000000
0.624212 0.141426 0.768348 -0.462678 0.358262 0.822158 -0.442385 0.174359 -0.694268 0.551412 0.462533 0.817069 0.000000 0.000000 0.000000 1.000000
0.624212 0.141426 0.768348 -0.462678 0.358262 0.822158 -0.442385 0.174359 -0.694268 0.551412 0.462533 0.817069 0.000000 0.000000 0.000000 1.000000
0.624212 0.141426 0.768348 -0.462678 0.358262 0.822158 -0.442385 0.174359 -0.694268 0.551412 0.462533 0.817069 0.000000 0.000000 0.000000 1.000000
0.624212 0.141426 0.768348 -0.462678 0.358262 0.822158 -0.442385 0.174359 -0.694268 0.551412 0.462533 0.817069 0.000000 0.000000 0.000000 1.000000
0.624212 0.141426 0.768348 -0.462678 0.358262 0.822158 -0.442385 0.174359 -0.694268 0.551412 0.462533 0.817069 0.000000 0.000000 0.000000 1.000000
0.624212 0.141426 0.768348 -0.462678 0.358262 0.822158 -0.442385 0.174359 -0.694268 0.551412 0.462533 0.817069 0.000000 0.000000 0.000000 1.000000
0.624212 0.141426 0.768348 -0.462678 0.358262 0.822158 -0.442385 0.174359 -0.694268 0.551412 0.462533 0.817069 0.000000 0.000000 0.000000 1.000000
0.624212 0.141426 0.768348 -0.462678 0.358262 0.822158 -0.442385 0.174359 -0.694268 0.551412 0.462533 0.817069 0.000000 0.000000 0.000000 1.000000
0.624212 0.141426 0.768348 -0.462678 0.358262 0.822158 -0.442385 0.174359 -0.694268 0.551412 0.462533 0.817069 0.000000 0.000000 0.000000 1.000000
0.624212 0.141426 0.768348 -0.462678 0.358262 0.822158 -0.442385 0.174359 -0.694268 0.551412 0.462533 0.817069 0.000000 0.000000 0.000000 1.000000
0.624212 0.141426 0.768348 -0.462678 0.358262 0.822158 -0.442385 0.174359 -0.694268 0.551412 0.462533 0.817069 0.000000 0.000000 0.000000 1.000000
0.624212 0.141426 0.768348 -0.462678 0.358262 0.822158 -0.442385 0.174359 -0.694268 0.551412 0.462533 0.817069 0.000000 0.000000 0.000000 1.000000
0.624212 0.141426 0.768348 -0.462678 0.358262 0.822158 -0.442385 0.174359 -0.694268 0.551412 0.462533 0.817069 0.000000 0.000000 0.000000 1.000000
0.624212 0.141426 0.768348 -0.462678 0.358262 0.822158 -0.442385 0.174359 -0.694268 0.551412 0.462533 0.817069 0.000000 0.000000 0.000000 1.000000
0.624212 0.141426 0.768348 -0.462678 0.358262 0.822158 -0.442385 0.174359 -0.694268 0.551412 0.462533 0.817069 0.000000 0.000000 0.000000 1.000000
0.624212 0.141426 0.768348 -0.462678 0.358262 0.822158 -0.442385 0.174359 -0.694268 0.551412 0.462533 0.817069 0.000000 0.000000 0.000000 1.000000
0.624212 0.141426 0.768348 -0.462678 0.358262 0.822158 -0.442385 0.174359 -0.694268 0.551412 0.462533 0.817069 0.000000 0.000000 0.000000 1.000000
