<?xml version="1.0" encoding="utf-8"?>
<COLLADA xmlns="http://www.collada.org/2005/11/COLLADASchema" version="1.4.1">
  <asset><contributor><author></author><authoring_tool>FBX COLLADA exporter</authoring_tool><comments></comments></contributor><created>2020-04-30T12:13:40Z</created><keywords></keywords><modified>2020-04-30T12:13:40Z</modified><revision></revision><subject></subject><title></title><unit meter="0.010000" name="centimeter"></unit><up_axis>Y_UP</up_axis></asset>
  <library_animations>
    <animation id="root_jnt-anim" name="root_jnt"><animation><source id="root_jnt-Matrix-animation-input"><float_array id="root_jnt-Matrix-animation-input-array" count="61">

0.000000 0.033333 0.066667 0.100000 0.133333 0.166667 0.200000 0.233333 0.266667 0.300000 0.333333 0.366667 0.400000 0.433333 0.466667 0.500000
0.533333 0.566667 0.600000 0.633333 0.666667 0.700000 0.733333 0.766667 0.800000 0.833333 0.866667 0.900000 0.933333 0.966667 1.000000 1.033333
1.066667 1.100000 1.133333 1.166667 1.200000 1.233333 1.266667 1.300000 1.333333 1.366667 1.400000 1.433333 1.466667 1.500000 1.533333 1.566667
1.600000 1.633333 1.666667 1.700000 1.733333 1.766667 1.800000 1.833333 1.866667 1.900000 1.933333 1.966667 2.000000</float_array><technique_common><accessor source="#root_jnt-Matrix-animation-input-array" count="61"><param name="TIME" type="float"/></accessor></technique_common></source><source id="root_jnt-Matrix-animation-output-transform"><float_array id="root_jnt-Matrix-animation-output-transform-array" count="976">

1.000000 0.000000 0.000000 0.000000 0.000000 1.000000 0.000000 0.000000 0.000000 0.000000 1.000000 0.000000 0.000000 0.000000 0.000000 1.000000
1.000000 0.000000 0.000000 0.000000 0.000000 1.000000 0.000000 0.000000 0.000000 0.000000 1.000000 0.000000 0.000000 0.000000 0.000000 1.000000
1.000000 0.000000 0.000000 0.000000 0.000000 1.000000 0.000000 0.000000 0.000000 0.000000 1.000000 0.000000 0.000000 0.000000 0.000000 1.000000
1.000000 0.000000 0.000000 0.000000 0.000000 1.000000 0.000000 0.000000 0.000000 0.000000 1.000000 0.000000 0.000000 0.000000 0.000000 1.000000
1.000000 0.000000 0.000000 0.000000 0.000000 1.000000 0.000000 0.000000 0.000000 0.000000 1.000000 0.000000 0.000000 0.000000 0.000000 1.000000
1.000000 0.000000 0.000000 0.000000 0.000000 1.000000 0.000000 0.000000 0.000000 0.000000 1.000000 0.000000 0.000000 0.000000 0.000000 1.000000
1.000000 0.000000 0.000000 0.000000 0.000000 1.000000 0.000000 0.000000 0.000000 0.000000 1.000000 0.000000 0.000000 0.000000 0.000000 1.000000
1.000000 0.000000 0.000000 0.000000 0.000000 1.000000 0.000000 0.000000 0.000000 0.000000 1.000000 0.000000 0.000000 0.000000 0.000000 1.000000
1.000000 0.000000 0.000000 0.000000 0.000000 1.000000 0.000000 0.000000 0.000000 0.000000 1.000000 0.000000 0.000000 0.000000 0.000000 1.000000
1.000000 0.000000 0.000000 0.000000 0.000000 1.000000 0.000000 0.000000 0.000000 0.000000 1.000000 0.000000 0.000000 0.000000 0.000000 1.000000
1.000000 0.000000 0.000000 0.000000 0.000000 1.000000 0.000000 0.000000 0.000000 0.000000 1.000000 0.000000 0.000000 0.000000 0.000000 1.000000
1.000000 0.000000 0.000000 0.000000 0.000000 1.000000 0.000000 0.000000 0.000000 0.000000 1.000000 0.000000 0.000000 0.000000 0.000000 1.000000
1.000000 0.000000 0.000000 0.000000 0.000000 1.000000 0.000000 0.000000 0.000000 0.000000 1.000000 0.000000 0.000000 0.000000 0.000000 1.000000
1.000000 0.000000 0.000000 0.000000 0.000000 1.000000 0.000000 0.000000 0.000000 0.000000 1.000000 0.000000 0.000000 0.000000 0.000000 1.000000
1.000000 0.000000 0.000000 0.000000 0.000000 1.000000 0.000000 0.000000 0.000000 0.000000 1.000000 0.000000 0.000000 0.000000 0.000000 1.000000
1.000000 0.000000 0.000000 0.000000 0.000000 1.000000 0.000000 0.000000 0.000000 0.000000 1.000000 0.000000 0.000000 0.000000 0.000000 1.000000
1.000000 0.000000 0.000000 0.000000 0.000000 1.000000 0.000000 0.000000 0.000000 0.000000 1.000000 0.000000 0.000000 0.000000 0.000000 1.000000
1.000000 0.000000 0.000000 0.000000 0.000000 1.000000 0.000000 0.000000 0.000000 0.000000 1.000000 0.000000 0.000000 0.000000 0.000000 1.000000
1.000000 0.000000 0.000000 0.000000 0.000000 1.000000 0.000000 0.000000 0.000000 0.000000 1.000000 0.000000 0.000000 0.000000 0.000000 1.000000
1.000000 0.000000 0.000000 0.000000 0.000000 1.000000 0.000000 0.000000 0.000000 0.000000 1.000000 0.000000 0.000000 0.000000 0.000000 1.000000
1.000000 0.000000 0.000000 0.000000 0.000000 1.000000 0.000000 0.000000 0.000000 0.000000 1.000000 0.000000 0.000000 0.000000 0.000000 1.000000
1.000000 0.000000 0.000000 0.000000 0.000000 1.000000 0.000000 0.000000 0.000000 0.000000 1.000000 0.000000 0.000000 0.000000 0.000000 1.000000
1.000000 0.000000 0.000000 0.000000 0.000000 1.000000 0.000000 0.000000 0.000000 0.000000 1.000000 0.000000 0.000000 0.000000 0.000000 1.000000
1.000000 0.000000 0.000000 0.000000 0.000000 1.000000 0.000000 0.000000 0.000000 0.000000 1.000000 0.000000 0.000000 0.000000 0.000000 1.000000
1.000000 0.000000 0.000000 0.000000 0.000000 1.000000 0.000000 0.000000 0.000000 0.000000 1.000000 0.000000 0.000000 0.000000 0.000000 1.000000
1.000000 0.000000 0.000000 0.000000 0.000000 1.000000 0.000000 0.000000 0.000000 0.000000 1.000000 0.000000 0.000000 0.000000 0.000000 1.000000
1.000000 0.000000 0.000000 0.000000 0.000000 1.000000 0.000000 0.000000 0.000000 0.000000 1.000000 0.000000 0.000000 0.000000 0.000000 1.000000
1.000000 0.000000 0.000000 0.000000 0.000000 1.000000 0.000000 0.000000 0.000000 0.000000 1.000000 0.000000 0.000000 0.000000 0.000000 1.000000
1.000000 0.000000 0.000000 0.000000 0.000000 1.000000 0.000000 0.000000 0.000000 0.000000 1.000000 0.000000 0.000000 0.000000 0.000000 1.000000
1.000000 0.000000 0.000000 0.000000 0.000000 1.000000 0.000000 0.000000 0.000000 0.000000 1.000000 0.000000 0.000000 0.000000 0.000000 1.000000
1.000000 0.000000 0.000000 0.000000 0.000000 1.000000 0.000000 0.000000 0.000000 0.000000 1.000000 0.000000 0.000000 0.000000 0.000000 1.000000
1.000000 0.000000 0.000000 0.000000 0.000000 1.000000 0.000000 0.000000 0.000000 0.000000 1.000000 0.000000 0.000000 0.000000 0.000000 1.000000
1.000000 0.000000 0.000000 0.000000 0.000000 1.000000 0.000000 0.000000 0.000000 0.000000 1.000000 0.000000 0.000000 0.000000 0.000000 1.000000
1.000000 0.000000 0.000000 0.000000 0.000000 1.000000 0.000000 0.000000 0.000000 0.000000 1.000000 0.000000 0.000000 0.000000 0.000000 1.000000
1.000000 0.000000 0.000000 0.000000 0.000000 1.000000 0.000000 0.000000 0.000000 0.000000 1.000000 0.000000 0.000000 0.000000 0.000000 1.000000
1.000000 0.000000 0.000000 0.000000 0.000000 1.000000 0.000000 0.000000 0.000000 0.000000 1.000000 0.000000 0.000000 0.000000 0.000000 1.000000
1.000000 0.000000 0.000000 0.000000 0.000000 1.000000 0.000000 0.000000 0.000000 0.000000 1.000000 0.000000 0.000000 0.000000 0.000000 1.000000
1.000000 0.000000 0.000000 0.000000 0.000000 1.000000 0.000000 0.000000 0.000000 0.000000 1.000000 0.000000 0.000000 0.000000 0.000000 1.000000
1.000000 0.000000 0.000000 0.000000 0.000000 1.000000 0.000000 0.000000 0.000000 0.000000 1.000000 0.000000 0.000000 0.000000 0.000000 1.000000
1.000000 0.000000 0.000000 0.000000 0.000000 1.000000 0.000000 0.000000 0.000000 0.000000 1.000000 0.000000 0.000000 0.000000 0.000000 1.000000
1.000000 0.000000 0.000000 0.000000 0.000000 1.000000 0.000000 0.000000 0.000000 0.000000 1.000000 0.000000 0.000000 0.000000 0.000000 1.000000
1.000000 0.000000 0.000000 0.000000 0.000000 1.000000 0.000000 0.000000 0.000000 0.000000 1.000000 0.000000 0.000000 0.000000 0.000000 1.000000
1.000000 0.000000 0.000000 0.000000 0.000000 1.000000 0.000000 0.000000 0.000000 0.000000 1.000000 0.000000 0.000000 0.000000 0.000000 1.000000
1.000000 0.000000 0.000000 0.000000 0.000000 1.000000 0.000000 0.000000 0.000000 0.000000 1.000000 0.000000 0.000000 0.000000 0.000000 1.000000
1.000000 0.000000 0.000000 0.000000 0.000000 1.000000 0.000000 0.000000 0.000000 0.000000 1.000000 0.000000 0.000000 0.000000 0.000000 1.000000
1.000000 0.000000 0.000000 0.000000 0.000000 1.000000 0.000000 0.000000 0.000000 0.000000 1.000000 0.000000 0.000000 0.000000 0.000000 1.000000
1.000000 0.000000 0.000000 0.000000 0.000000 1.000000 0.000000 0.000000 0.000000 0.000000 1.000000 0.000000 0.000000 0.000000 0.000000 1.000000
1.000000 0.000000 0.000000 0.000000 0.000000 1.000000 0.000000 0.000000 0.000000 0.000000 1.000000 0.000000 0.000000 0.000000 0.000000 1.000000
1.000000 0.000000 0.000000 0.000000 0.000000 1.000000 0.000000 0.000000 0.000000 0.000000 1.000000 0.000000 0.000000 0.000000 0.000000 1.000000
1.000000 0.000000 0.000000 0.000000 0.000000 1.000000 0.000000 0.000000 0.000000 0.000000 1.000000 0.000000 0.000000 0.000000 0.000000 1.000000
1.000000 0.000000 0.000000 0.000000 0.000000 1.000000 0.000000 0.000000 0.000000 0.000000 1.000000 0.000000 0.000000 0.000000 0.000000 1.000000
1.000000 0.000000 0.000000 0.000000 0.000000 1.000000 0.000000 0.000000 0.000000 0.000000 1.000000 0.000000 0.000000 0.000000 0.000000 1.000000
1.000000 0.000000 0.000000 0.000000 0.000000 1.000000 0.000000 0.000000 0.000000 0.000000 1.000000 0.000000 0.000000 0.000000 0.000000 1.000000
1.000000 0.000000 0.000000 0.000000 0.000000 1.000000 0.000000 0.000000 0.000000 0.000000 1.000000 0.000000 0.000000 0.000000 0.000000 1.000000
1.000000 0.000000 0.000000 0.000000 0.000000 1.000000 0.000000 0.000000 0.000000 0.000000 1.000000 0.000000 0.000000 0.000000 0.000000 1.000000
1.000000 0.000000 0.000000 0.000000 0.000000 1.000000 0.000000 0.000000 0.000000 0.000000 1.000000 0.000000 0.000000 0.000000 0.000000 1.000000
1.000000 0.000000 0.000000 0.000000 0.000000 1.000000 0.000000 0.000000 0.000000 0.000000 1.000000 0.000000 0.000000 0.000000 0.000000 1.000000
1.000000 0.000000 0.000000 0.000000 0.000000 1.000000 0.000000 0.000000 0.000000 0.000000 1.000000 0.000000 0.000000 0.000000 0.000000 1.000000
1.000000 0.000000 0.000000 0.000000 0.000000 1.000000 0.000000 0.000000 0.000000 0.000000 1.000000 0.000000 0.000000 0.000000 0.000000 1.000000
1.000000 0.000000 0.000000 0.000000 0.000000 1.000000 0.000000 0.000000 0.000000 0.000000 1.000000 0.000000 0.000000 0.000000 0.000000 1.000000
1.000000 0.000000 0.000000 0.000000 0.000000 1.000000 0.000000 0.000000 0.000000 0.000000 1.000000 0.000000 0.000000 0.000000 0.000000 1.000000</float_array><technique_common><accessor source="#root_jnt-Matrix-animation-output-transform-array" count="61" stride="16"><param type="float4x4"/></accessor></technique_common></source><source id="root_jnt-Interpolations"><Name_array id="root_jnt-Interpolations-array" count="61">
 LINEAR LINEAR LINEAR LINEAR LINEAR LINEAR LINEAR LINEAR LINEAR LINEAR LINEAR
LINEAR LINEAR LINEAR LINEAR LINEAR LINEAR LINEAR LINEAR LINEAR LINEAR LINEAR LINEAR
LINEAR LINEAR LINEAR LINEAR LINEAR LINEAR LINEAR LINEAR LINEAR LINEAR LINEAR LINEAR
LINEAR LINEAR LINEAR LINEAR LINEAR LINEAR LINEAR LINEAR LINEAR LINEAR LINEAR LINEAR
LINEAR LINEAR LINEAR LINEAR LINEAR LINEAR LINEAR LINEAR LINEAR LINEAR LINEAR LINEAR
LINEAR LINEAR</Name_array><technique_common><accessor source="#root_jnt-Interpolations-array" count="61"><param type="name"/></accessor></technique_common></source><sampler id="root_jnt-Matrix-animation-transform"><input semantic="INPUT" source="#root_jnt-Matrix-animation-input"/><input semantic="OUTPUT" source="#root_jnt-Matrix-animation-output-transform"/><input semantic="INTERPOLATION" source="#root_jnt-Interpolations"/></sampler><channel source="#root_jnt-Matrix-animation-transform" target="root_jnt/matrix"/></animation></animation>
    <animation id="spine1_jnt-anim" name="spine1_jnt"><animation><source id="spine1_jnt-Matrix-animation-input"><float_array id="spine1_jnt-Matrix-animation-input-array" count="61">

0.000000 0.033333 0.066667 0.100000 0.133333 0.166667 0.200000 0.233333 0.266667 0.300000 0.333333 0.366667 0.400000 0.433333 0.466667 0.500000
0.533333 0.566667 0.600000 0.633333 0.666667 0.700000 0.733333 0.766667 0.800000 0.833333 0.866667 0.900000 0.933333 0.966667 1.000000 1.033333
1.066667 1.100000 1.133333 1.166667 1.200000 1.233333 1.266667 1.300000 1.333333 1.366667 1.400000 1.433333 1.466667 1.500000 1.533333 1.566667
1.600000 1.633333 1.666667 1.700000 1.733333 1.766667 1.800000 1.833333 1.866667 1.900000 1.933333 1.966667 2.000000</float_array><technique_common><accessor source="#spine1_jnt-Matrix-animation-input-array" count="61"><param name="TIME" type="float"/></accessor></technique_common></source><source id="spine1_jnt-Matrix-animation-output-transform"><float_array id="spine1_jnt-Matrix-animation-output-transform-array" count="976">

0.000000 0.000000 1.000000 0.000000 -0.995409 0.095712 0.000000 -4.049718 -0.095712 -0.995409 0.000000 1.840134 0.000000 0.000000 0.000000 1.000000
0.000000 0.000000 1.000000 -0.005098 -0.995409 0.095712 0.000000 -4.049718 -0.095712 -0.995409 0.000000 1.840134 0.000000 0.000000 0.000000 1.000000
0.000000 0.000000 1.000000 -0.009854 -0.995409 0.095712 0.000000 -4.049718 -0.095712 -0.995409 0.000000 1.840134 0.000000 0.000000 0.000000 1.000000
0.000000 0.000000 1.000000 -0.014276 -0.995409 0.095712 0.000000 -4.049718 -0.095712 -0.995409 0.000000 1.840134 0.000000 0.000000 0.000000 1.000000
0.000000 0.000000 1.000000 -0.018372 -0.995409 0.095712 0.000000 -4.049718 -0.095712 -0.995409 0.000000 1.840134 0.000000 0.000000 0.000000 1.000000
0.000000 0.000000 1.000000 -0.022152 -0.995409 0.095712 0.000000 -4.049718 -0.095712 -0.995409 0.000000 1.840134 0.000000 0.000000 0.000000 1.000000
0.000000 0.000000 1.000000 -0.025625 -0.995409 0.095712 0.000000 -4.049718 -0.095712 -0.995409 0.000000 1.840134 0.000000 0.000000 0.000000 1.000000
0.000000 0.000000 1.000000 -0.028799 -0.995409 0.095712 0.000000 -4.049718 -0.095712 -0.995409 0.000000 1.840134 0.000000 0.000000 0.000000 1.000000
0.000000 0.000000 1.000000 -0.031683 -0.995409 0.095712 0.000000 -4.049718 -0.095712 -0.995409 0.000000 1.840134 0.000000 0.000000 0.000000 1.000000
0.000000 0.000000 1.000000 -0.034285 -0.995409 0.095712 0.000000 -4.049718 -0.095712 -0.995409 0.000000 1.840134 0.000000 0.000000 0.000000 1.000000
0.000000 0.000000 1.000000 -0.036616 -0.995409 0.095712 0.000000 -4.049718 -0.095712 -0.995409 0.000000 1.840134 0.000000 0.000000 0.000000 1.000000
0.000000 0.000000 1.000000 -0.038682 -0.995409 0.095712 0.000000 -4.049718 -0.095712 -0.995409 0.000000 1.840134 0.000000 0.000000 0.000000 1.000000
0.000000 0.000000 1.000000 -0.040494 -0.995409 0.095712 0.000000 -4.049718 -0.095712 -0.995409 0.000000 1.840134 0.000000 0.000000 0.000000 1.000000
0.000000 0.000000 1.000000 -0.042060 -0.995409 0.095712 0.000000 -4.049718 -0.095712 -0.995409 0.000000 1.840134 0.000000 0.000000 0.000000 1.000000
0.000000 0.000000 1.000000 -0.043388 -0.995409 0.095712 0.000000 -4.049718 -0.095712 -0.995409 0.000000 1.840134 0.000000 0.000000 0.000000 1.000000
0.000000 0.000000 1.000000 -0.044488 -0.995409 0.095712 0.000000 -4.049718 -0.095712 -0.995409 0.000000 1.840134 0.000000 0.000000 0.000000 1.000000
0.000000 0.000000 1.000000 -0.045368 -0.995409 0.095712 0.000000 -4.049718 -0.095712 -0.995409 0.000000 1.840134 0.000000 0.000000 0.000000 1.000000
0.000000 0.000000 1.000000 -0.046038 -0.995409 0.095712 0.000000 -4.049718 -0.095712 -0.995409 0.000000 1.840134 0.000000 0.000000 0.000000 1.000000
0.000000 0.000000 1.000000 -0.046505 -0.995409 0.095712 0.000000 -4.049718 -0.095712 -0.995409 0.000000 1.840134 0.000000 0.000000 0.000000 1.000000
0.000000 0.000000 1.000000 -0.046779 -0.995409 0.095712 0.000000 -4.049718 -0.095712 -0.995409 0.000000 1.840134 0.000000 0.000000 0.000000 1.000000
0.000000 0.000000 1.000000 -0.046868 -0.995409 0.095712 0.000000 -4.049718 -0.095712 -0.995409 0.000000 1.840134 0.000000 0.000000 0.000000 1.000000
0.000000 0.000000 1.000000 -0.046782 -0.995409 0.095712 0.000000 -4.049718 -0.095712 -0.995409 0.000000 1.840134 0.000000 0.000000 0.000000 1.000000
0.000000 0.000000 1.000000 -0.046528 -0.995409 0.095712 0.000000 -4.049718 -0.095712 -0.995409 0.000000 1.840134 0.000000 0.000000 0.000000 1.000000
0.000000 0.000000 1.000000 -0.046117 -0.995409 0.095712 0.000000 -4.049718 -0.095712 -0.995409 0.000000 1.840134 0.000000 0.000000 0.000000 1.000000
0.000000 0.000000 1.000000 -0.045556 -0.995409 0.095712 0.000000 -4.049718 -0.095712 -0.995409 0.000000 1.840134 0.000000 0.000000 0.000000 1.000000
0.000000 0.000000 1.000000 -0.044854 -0.995409 0.095712 0.000000 -4.049718 -0.095712 -0.995409 0.000000 1.840134 0.000000 0.000000 0.000000 1.000000
0.000000 0.000000 1.000000 -0.044021 -0.995409 0.095712 0.000000 -4.049718 -0.095712 -0.995409 0.000000 1.840134 0.000000 0.000000 0.000000 1.000000
0.000000 0.000000 1.000000 -0.043064 -0.995409 0.095712 0.000000 -4.049718 -0.095712 -0.995409 0.000000 1.840134 0.000000 0.000000 0.000000 1.000000
0.000000 0.000000 1.000000 -0.041994 -0.995409 0.095712 0.000000 -4.049718 -0.095712 -0.995409 0.000000 1.840134 0.000000 0.000000 0.000000 1.000000
0.000000 0.000000 1.000000 -0.040818 -0.995409 0.095712 0.000000 -4.049718 -0.095712 -0.995409 0.000000 1.840134 0.000000 0.000000 0.000000 1.000000
0.000000 0.000000 1.000000 -0.039545 -0.995409 0.095712 0.000000 -4.049718 -0.095712 -0.995409 0.000000 1.840134 0.000000 0.000000 0.000000 1.000000
0.000000 0.000000 1.000000 -0.038184 -0.995409 0.095712 0.000000 -4.049718 -0.095712 -0.995409 0.000000 1.840134 0.000000 0.000000 0.000000 1.000000
0.000000 0.000000 1.000000 -0.036745 -0.995409 0.095712 0.000000 -4.049718 -0.095712 -0.995409 0.000000 1.840134 0.000000 0.000000 0.000000 1.000000
0.000000 0.000000 1.000000 -0.035235 -0.995409 0.095712 0.000000 -4.049718 -0.095712 -0.995409 0.000000 1.840134 0.000000 0.000000 0.000000 1.000000
0.000000 0.000000 1.000000 -0.033663 -0.995409 0.095712 0.000000 -4.049718 -0.095712 -0.995409 0.000000 1.840134 0.000000 0.000000 0.000000 1.000000
0.000000 0.000000 1.000000 -0.032039 -0.995409 0.095712 0.000000 -4.049718 -0.095712 -0.995409 0.000000 1.840134 0.000000 0.000000 0.000000 1.000000
0.000000 0.000000 1.000000 -0.030370 -0.995409 0.095712 0.000000 -4.049718 -0.095712 -0.995409 0.000000 1.840134 0.000000 0.000000 0.000000 1.000000
0.000000 0.000000 1.000000 -0.028667 -0.995409 0.095712 0.000000 -4.049718 -0.095712 -0.995409 0.000000 1.840134 0.000000 0.000000 0.000000 1.000000
0.000000 0.000000 1.000000 -0.026937 -0.995409 0.095712 0.000000 -4.049718 -0.095712 -0.995409 0.000000 1.840134 0.000000 0.000000 0.000000 1.000000
0.000000 0.000000 1.000000 -0.025190 -0.995409 0.095712 0.000000 -4.049718 -0.095712 -0.995409 0.000000 1.840134 0.000000 0.000000 0.000000 1.000000
0.000000 0.000000 1.000000 -0.023434 -0.995409 0.095712 0.000000 -4.049718 -0.095712 -0.995409 0.000000 1.840134 0.000000 0.000000 0.000000 1.000000
0.000000 0.000000 1.000000 -0.021678 -0.995409 0.095712 0.000000 -4.049718 -0.095712 -0.995409 0.000000 1.840134 0.000000 0.000000 0.000000 1.000000
0.000000 0.000000 1.000000 -0.019931 -0.995409 0.095712 0.000000 -4.049718 -0.095712 -0.995409 0.000000 1.840134 0.000000 0.000000 0.000000 1.000000
0.000000 0.000000 1.000000 -0.018201 -0.995409 0.095712 0.000000 -4.049718 -0.095712 -0.995409 0.000000 1.840134 0.000000 0.000000 0.000000 1.000000
0.000000 0.000000 1.000000 -0.016498 -0.995409 0.095712 0.000000 -4.049718 -0.095712 -0.995409 0.000000 1.840134 0.000000 0.000000 0.000000 1.000000
0.000000 0.000000 1.000000 -0.014829 -0.995409 0.095712 0.000000 -4.049718 -0.095712 -0.995409 0.000000 1.840134 0.000000 0.000000 0.000000 1.000000
0.000000 0.000000 1.000000 -0.013205 -0.995409 0.095712 0.000000 -4.049718 -0.095712 -0.995409 0.000000 1.840134 0.000000 0.000000 0.000000 1.000000
0.000000 0.000000 1.000000 -0.011634 -0.995409 0.095712 0.000000 -4.049718 -0.095712 -0.995409 0.000000 1.840134 0.000000 0.000000 0.000000 1.000000
0.000000 0.000000 1.000000 -0.010123 -0.995409 0.095712 0.000000 -4.049718 -0.095712 -0.995409 0.000000 1.840134 0.000000 0.000000 0.000000 1.000000
0.000000 0.000000 1.000000 -0.008684 -0.995409 0.095712 0.000000 -4.049718 -0.095712 -0.995409 0.000000 1.840134 0.000000 0.000000 0.000000 1.000000
0.000000 0.000000 1.000000 -0.007323 -0.995409 0.095712 0.000000 -4.049718 -0.095712 -0.995409 0.000000 1.840134 0.000000 0.000000 0.000000 1.000000
0.000000 0.000000 1.000000 -0.006050 -0.995409 0.095712 0.000000 -4.049718 -0.095712 -0.995409 0.000000 1.840134 0.000000 0.000000 0.000000 1.000000
0.000000 0.000000 1.000000 -0.004874 -0.995409 0.095712 0.000000 -4.049718 -0.095712 -0.995409 0.000000 1.840134 0.000000 0.000000 0.000000 1.000000
0.000000 0.000000 1.000000 -0.003804 -0.995409 0.095712 0.000000 -4.049718 -0.095712 -0.995409 0.000000 1.840134 0.000000 0.000000 0.000000 1.000000
0.000000 0.000000 1.000000 -0.002847 -0.995409 0.095712 0.000000 -4.049718 -0.095712 -0.995409 0.000000 1.840134 0.000000 0.000000 0.000000 1.000000
0.000000 0.000000 1.000000 -0.002014 -0.995409 0.095712 0.000000 -4.049718 -0.095712 -0.995409 0.000000 1.840134 0.000000 0.000000 0.000000 1.000000
0.000000 0.000000 1.000000 -0.001312 -0.995409 0.095712 0.000000 -4.049718 -0.095712 -0.995409 0.000000 1.840134 0.000000 0.000000 0.000000 1.000000
0.000000 0.000000 1.000000 -0.000751 -0.995409 0.095712 0.000000 -4.049718 -0.095712 -0.995409 0.000000 1.840134 0.000000 0.000000 0.000000 1.000000
0.000000 0.000000 1.000000 -0.000340 -0.995409 0.095712 0.000000 -4.049718 -0.095712 -0.995409 0.000000 1.840134 0.000000 0.000000 0.000000 1.000000
0.000000 0.000000 1.000000 -0.000086 -0.995409 0.095712 0.000000 -4.049718 -0.095712 -0.995409 0.000000 1.840134 0.000000 0.000000 0.000000 1.000000
0.000000 0.000000 1.000000 0.000000 -0.995409 0.095712 0.000000 -4.049718 -0.095712 -0.995409 0.000000 1.840134 0.000000 0.000000 0.000000 1.000000</float_array><technique_common><accessor source="#spine1_jnt-Matrix-animation-output-transform-array" count="61" stride="16"><param type="float4x4"/></accessor></technique_common></source><source id="spine1_jnt-Interpolations"><Name_array id="spine1_jnt-Interpolations-array" count="61">
 LINEAR LINEAR LINEAR LINEAR LINEAR LINEAR LINEAR LINEAR LINEAR LINEAR LINEAR
LINEAR LINEAR LINEAR LINEAR LINEAR LINEAR LINEAR LINEAR LINEAR LINEAR LINEAR LINEAR
LINEAR LINEAR LINEAR LINEAR LINEAR LINEAR LINEAR LINEAR LINEAR LINEAR LINEAR LINEAR
LINEAR LINEAR LINEAR LINEAR LINEAR LINEAR LINEAR LINEAR LINEAR LINEAR LINEAR LINEAR
LINEAR LINEAR LINEAR LINEAR LINEAR LINEAR LINEAR LINEAR LINEAR LINEAR LINEAR LINEAR
LINEAR LINEAR</Name_array><technique_common><accessor source="#spine1_jnt-Interpolations-array" count="61"><param type="name"/></accessor></technique_common></source><sampler id="spine1_jnt-Matrix-animation-transform"><input semantic="INPUT" source="#spine1_jnt-Matrix-animation-input"/><input semantic="OUTPUT" source="#spine1_jnt-Matrix-animation-output-transform"/><input semantic="INTERPOLATION" source="#spine1_jnt-Interpolations"/></sampler><channel source="#spine1_jnt-Matrix-animation-transform" target="spine1_jnt/matrix"/></animation></animation>
    <animation id="spine2_jnt-anim" name="spine2_jnt"><animation><source id="spine2_jnt-Matrix-animation-input"><float_array id="spine2_jnt-Matrix-animation-input-array" count="61">

0.000000 0.033333 0.066667 0.100000 0.133333 0.166667 0.200000 0.233333 0.266667 0.300000 0.333333 0.366667 0.400000 0.433333 0.466667 0.500000
0.533333 0.566667 0.600000 0.633333 0.666667 0.700000 0.733333 0.766667 0.800000 0.833333 0.866667 0.900000 0.933333 0.966667 1.000000 1.033333
1.066667 1.100000 1.133333 1.166667 1.200000 1.233333 1.266667 1.300000 1.333333 1.366667 1.400000 1.433333 1.466667 1.500000 1.533333 1.566667
1.600000 1.633333 1.666667 1.700000 1.733333 1.766667 1.800000 1.833333 1.866667 1.900000 1.933333 1.966667 2.000000</float_array><technique_common><accessor source="#spine2_jnt-Matrix-animation-input-array" count="61"><param name="TIME" type="float"/></accessor></technique_common></source><source id="spine2_jnt-Matrix-animation-output-transform"><float_array id="spine2_jnt-Matrix-animation-output-transform-array" count="976">

0.998060 -0.059561 -0.018140 -1.156674 0.062190 0.967644 0.244536 0.103630 0.002988 -0.245189 0.969471 0.000000 0.000000 0.000000 0.000000 1.000000
0.997979 -0.060810 -0.018459 -1.155917 0.063480 0.967564 0.244519 0.095337 0.002991 -0.245196 0.969469 0.001239 0.000000 0.000000 0.000000 1.000000
0.997735 -0.064412 -0.019379 -1.153747 0.067197 0.967327 0.244464 0.072359 0.002999 -0.245212 0.969465 0.004722 0.000000 0.000000 0.000000 1.000000
0.997319 -0.070144 -0.020840 -1.150314 0.073113 0.966924 0.244363 0.037544 0.003010 -0.245232 0.969460 0.010101 0.000000 0.000000 0.000000 1.000000
0.996710 -0.077786 -0.022785 -1.145770 0.080998 0.966333 0.244211 -0.006256 0.003022 -0.245253 0.969454 0.017027 0.000000 0.000000 0.000000 1.000000
0.995881 -0.087116 -0.025156 -1.140265 0.090624 0.965531 0.244001 -0.056190 0.003032 -0.245275 0.969449 0.025152 0.000000 0.000000 0.000000 1.000000
0.994804 -0.097910 -0.027893 -1.133950 0.101760 0.964491 0.243725 -0.109409 0.003040 -0.245297 0.969443 0.034127 0.000000 0.000000 0.000000 1.000000
0.993456 -0.109944 -0.030940 -1.126975 0.114174 0.963189 0.243376 -0.163063 0.003043 -0.245316 0.969438 0.043603 0.000000 0.000000 0.000000 1.000000
0.991817 -0.122994 -0.034237 -1.119493 0.127634 0.961606 0.242948 -0.214300 0.003042 -0.245330 0.969435 0.053231 0.000000 0.000000 0.000000 1.000000
0.989875 -0.136836 -0.037727 -1.111652 0.141909 0.959733 0.242434 -0.260271 0.003035 -0.245333 0.969434 0.062664 0.000000 0.000000 0.000000 1.000000
0.987631 -0.151245 -0.041352 -1.103605 0.156768 0.957572 0.241828 -0.298125 0.003022 -0.245319 0.969438 0.071551 0.000000 0.000000 0.000000 1.000000
0.985096 -0.166000 -0.045054 -1.095502 0.171979 0.955136 0.241121 -0.325012 0.003006 -0.245276 0.969449 0.079545 0.000000 0.000000 0.000000 1.000000
0.982295 -0.180878 -0.048773 -1.087494 0.187315 0.952452 0.240308 -0.338082 0.002988 -0.245189 0.969471 0.086297 0.000000 0.000000 0.000000 1.000000
0.978369 -0.199836 -0.053485 -1.079078 0.206848 0.948713 0.239078 -0.342808 0.002966 -0.244969 0.969526 0.092362 0.000000 0.000000 0.000000 1.000000
0.972507 -0.225076 -0.059754 -1.070013 0.232855 0.943122 0.237275 -0.346624 0.002951 -0.244666 0.969603 0.098374 0.000000 0.000000 0.000000 1.000000
0.964950 -0.253760 -0.066910 -1.060845 0.262416 0.935870 0.235126 -0.349614 0.002954 -0.244444 0.969659 0.104100 0.000000 0.000000 0.000000 1.000000
0.956213 -0.283089 -0.074280 -1.052120 0.292657 0.927431 0.232858 -0.351867 0.002970 -0.244400 0.969670 0.109306 0.000000 0.000000 0.000000 1.000000
0.947150 -0.310347 -0.081189 -1.044384 0.320777 0.918630 0.230697 -0.353469 0.002987 -0.244548 0.969633 0.113761 0.000000 0.000000 0.000000 1.000000
0.938936 -0.332920 -0.086962 -1.038183 0.344078 0.910620 0.228870 -0.354505 0.002994 -0.244816 0.969565 0.117231 0.000000 0.000000 0.000000 1.000000
0.932967 -0.348290 -0.090921 -1.034062 0.359950 0.904782 0.227607 -0.355064 0.002991 -0.245077 0.969499 0.119484 0.000000 0.000000 0.000000 1.000000
0.930681 -0.353972 -0.092392 -1.032567 0.365819 0.902544 0.227135 -0.355231 0.002988 -0.245189 0.969471 0.120287 0.000000 0.000000 0.000000 1.000000
0.931509 -0.351929 -0.091852 -1.033467 0.363706 0.903366 0.227262 -0.351904 0.002996 -0.245104 0.969492 0.119415 0.000000 0.000000 0.000000 1.000000
0.933852 -0.346070 -0.090308 -1.036042 0.357647 0.905691 0.227624 -0.342383 0.003017 -0.244866 0.969552 0.116919 0.000000 0.000000 0.000000 1.000000
0.937469 -0.336793 -0.087872 -1.040107 0.348054 0.909277 0.228196 -0.327355 0.003045 -0.244511 0.969642 0.112980 0.000000 0.000000 0.000000 1.000000
0.942095 -0.324485 -0.084655 -1.045474 0.335332 0.913857 0.228950 -0.307509 0.003071 -0.244080 0.969750 0.107777 0.000000 0.000000 0.000000 1.000000
0.947452 -0.309534 -0.080768 -1.051959 0.319883 0.919151 0.229862 -0.283534 0.003088 -0.243619 0.969866 0.101492 0.000000 0.000000 0.000000 1.000000
0.953266 -0.292333 -0.076325 -1.059374 0.302117 0.924883 0.230903 -0.256117 0.003091 -0.243171 0.969978 0.094305 0.000000 0.000000 0.000000 1.000000
0.959277 -0.273284 -0.071436 -1.067534 0.282449 0.930793 0.232049 -0.225947 0.003077 -0.242776 0.970077 0.086396 0.000000 0.000000 0.000000 1.000000
0.965250 -0.252802 -0.066214 -1.076253 0.261312 0.936643 0.233273 -0.193712 0.003047 -0.242469 0.970154 0.077946 0.000000 0.000000 0.000000 1.000000
0.970979 -0.231315 -0.060770 -1.085344 0.239145 0.942230 0.234548 -0.160100 0.003005 -0.242274 0.970203 0.069135 0.000000 0.000000 0.000000 1.000000
0.976299 -0.209263 -0.055217 -1.094621 0.216405 0.947388 0.235849 -0.125800 0.002957 -0.242208 0.970220 0.060144 0.000000 0.000000 0.000000 1.000000
0.981084 -0.187100 -0.049666 -1.103898 0.193558 0.951996 0.237149 -0.091500 0.002911 -0.242277 0.970203 0.051152 0.000000 0.000000 0.000000 1.000000
0.985253 -0.165287 -0.044229 -1.112988 0.171078 0.955974 0.238423 -0.057889 0.002874 -0.242473 0.970154 0.042341 0.000000 0.000000 0.000000 1.000000
0.988766 -0.144290 -0.039017 -1.121707 0.149445 0.959290 0.239644 -0.025654 0.002850 -0.242782 0.970077 0.033891 0.000000 0.000000 0.000000 1.000000
0.991622 -0.124582 -0.034141 -1.129867 0.129144 0.961948 0.240786 0.004516 0.002844 -0.243178 0.969978 0.025982 0.000000 0.000000 0.000000 1.000000
0.993855 -0.106631 -0.029712 -1.137282 0.110656 0.963990 0.241824 0.031933 0.002856 -0.243625 0.969865 0.018795 0.000000 0.000000 0.000000 1.000000
0.995524 -0.090908 -0.025840 -1.143767 0.094465 0.965483 0.242731 0.055909 0.002882 -0.244085 0.969749 0.012510 0.000000 0.000000 0.000000 1.000000
0.996706 -0.077879 -0.022637 -1.149135 0.081050 0.966513 0.243481 0.075755 0.002917 -0.244514 0.969641 0.007307 0.000000 0.000000 0.000000 1.000000
0.997480 -0.068006 -0.020212 -1.153199 0.070885 0.967169 0.244050 0.090782 0.002952 -0.244867 0.969552 0.003368 0.000000 0.000000 0.000000 1.000000
0.997917 -0.061748 -0.018676 -1.155774 0.064442 0.967528 0.244410 0.100304 0.002978 -0.245104 0.969492 0.000872 0.000000 0.000000 0.000000 1.000000
0.998060 -0.059561 -0.018140 -1.156674 0.062190 0.967644 0.244536 0.103630 0.002988 -0.245189 0.969471 0.000000 0.000000 0.000000 0.000000 1.000000
0.998060 -0.059561 -0.018140 -1.156674 0.062190 0.967644 0.244536 0.103630 0.002988 -0.245189 0.969471 0.000000 0.000000 0.000000 0.000000 1.000000
0.998060 -0.059561 -0.018140 -1.156674 0.062190 0.967644 0.244536 0.103630 0.002988 -0.245189 0.969471 0.000000 0.000000 0.000000 0.000000 1.000000
0.998060 -0.059561 -0.018140 -1.156674 0.062190 0.967644 0.244536 0.103630 0.002988 -0.245189 0.969471 0.000000 0.000000 0.000000 0.000000 1.000000
0.998060 -0.059561 -0.018140 -1.156674 0.062190 0.967644 0.244536 0.103630 0.002988 -0.245189 0.969471 0.000000 0.000000 0.000000 0.000000 1.000000
0.998060 -0.059561 -0.018140 -1.156674 0.062190 0.967644 0.244536 0.103630 0.002988 -0.245189 0.969471 0.000000 0.000000 0.000000 0.000000 1.000000
0.998060 -0.059561 -0.018140 -1.156674 0.062190 0.967644 0.244536 0.103630 0.002988 -0.245189 0.969471 0.000000 0.000000 0.000000 0.000000 1.000000
0.998060 -0.059561 -0.018140 -1.156674 0.062190 0.967644 0.244536 0.103630 0.002988 -0.245189 0.969471 0.000000 0.000000 0.000000 0.000000 1.000000
0.998060 -0.059561 -0.018140 -1.156674 0.062190 0.967644 0.244536 0.103630 0.002988 -0.245189 0.969471 0.000000 0.000000 0.000000 0.000000 1.000000
0.998060 -0.059561 -0.018140 -1.156674 0.062190 0.967644 0.244536 0.103630 0.002988 -0.245189 0.969471 0.000000 0.000000 0.000000 0.000000 1.000000
0.998060 -0.059561 -0.018140 -1.156674 0.062190 0.967644 0.244536 0.103630 0.002988 -0.245189 0.969471 0.000000 0.000000 0.000000 0.000000 1.000000
0.998060 -0.059561 -0.018140 -1.156674 0.062190 0.967644 0.244536 0.103630 0.002988 -0.245189 0.969471 0.000000 0.000000 0.000000 0.000000 1.000000
0.998060 -0.059561 -0.018140 -1.156674 0.062190 0.967644 0.244536 0.103630 0.002988 -0.245189 0.969471 0.000000 0.000000 0.000000 0.000000 1.000000
0.998060 -0.059561 -0.018140 -1.156674 0.062190 0.967644 0.244536 0.103630 0.002988 -0.245189 0.969471 0.000000 0.000000 0.000000 0.000000 1.000000
0.998060 -0.059561 -0.018140 -1.156674 0.062190 0.967644 0.244536 0.103630 0.002988 -0.245189 0.969471 0.000000 0.000000 0.000000 0.000000 1.000000
0.998060 -0.059561 -0.018140 -1.156674 0.062190 0.967644 0.244536 0.103630 0.002988 -0.245189 0.969471 0.000000 0.000000 0.000000 0.000000 1.000000
0.998060 -0.059561 -0.018140 -1.156674 0.062190 0.967644 0.244536 0.103630 0.002988 -0.245189 0.969471 0.000000 0.000000 0.000000 0.000000 1.000000
0.998060 -0.059561 -0.018140 -1.156674 0.062190 0.967644 0.244536 0.103630 0.002988 -0.245189 0.969471 0.000000 0.000000 0.000000 0.000000 1.000000
0.998060 -0.059561 -0.018140 -1.156674 0.062190 0.967644 0.244536 0.103630 0.002988 -0.245189 0.969471 0.000000 0.000000 0.000000 0.000000 1.000000
0.998060 -0.059561 -0.018140 -1.156674 0.062190 0.967644 0.244536 0.103630 0.002988 -0.245189 0.969471 0.000000 0.000000 0.000000 0.000000 1.000000
0.998060 -0.059561 -0.018140 -1.156674 0.062190 0.967644 0.244536 0.103630 0.002988 -0.245189 0.969471 0.000000 0.000000 0.000000 0.000000 1.000000</float_array><technique_common><accessor source="#spine2_jnt-Matrix-animation-output-transform-array" count="61" stride="16"><param type="float4x4"/></accessor></technique_common></source><source id="spine2_jnt-Interpolations"><Name_array id="spine2_jnt-Interpolations-array" count="61">
 LINEAR LINEAR LINEAR LINEAR LINEAR LINEAR LINEAR LINEAR LINEAR LINEAR LINEAR
LINEAR LINEAR LINEAR LINEAR LINEAR LINEAR LINEAR LINEAR LINEAR LINEAR LINEAR LINEAR
LINEAR LINEAR LINEAR LINEAR LINEAR LINEAR LINEAR LINEAR LINEAR LINEAR LINEAR LINEAR
LINEAR LINEAR LINEAR LINEAR LINEAR LINEAR LINEAR LINEAR LINEAR LINEAR LINEAR LINEAR
LINEAR LINEAR LINEAR LINEAR LINEAR LINEAR LINEAR LINEAR LINEAR LINEAR LINEAR LINEAR
LINEAR LINEAR</Name_array><technique_common><accessor source="#spine2_jnt-Interpolations-array" count="61"><param type="name"/></accessor></technique_common></source><sampler id="spine2_jnt-Matrix-animation-transform"><input semantic="INPUT" source="#spine2_jnt-Matrix-animation-input"/><input semantic="OUTPUT" source="#spine2_jnt-Matrix-animation-output-transform"/><input semantic="INTERPOLATION" source="#spine2_jnt-Interpolations"/></sampler><channel source="#spine2_jnt-Matrix-animation-transform" target="spine2_jnt/matrix"/></animation></animation>
    <animation id="l_uparm_jnt-anim" name="l_uparm_jnt"><animation><source id="l_uparm_jnt-Matrix-animation-input"><float_array id="l_uparm_jnt-Matrix-animation-input-array" count="61">

0.000000 0.033333 0.066667 0.100000 0.133333 0.166667 0.200000 0.233333 0.266667 0.300000 0.333333 0.366667 0.400000 0.433333 0.466667 0.500000
0.533333 0.566667 0.600000 0.633333 0.666667 0.700000 0.733333 0.766667 0.800000 0.833333 0.866667 0.900000 0.933333 0.966667 1.000000 1.033333
1.066667 1.100000 1.133333 1.166667 1.200000 1.233333 1.266667 1.300000 1.333333 1.366667 1.400000 1.433333 1.466667 1.500000 1.533333 1.566667
1.600000 1.633333 1.666667 1.700000 1.733333 1.766667 1.800000 1.833333 1.866667 1.900000 1.933333 1.966667 2.000000</float_array><technique_common><accessor source="#l_uparm_jnt-Matrix-animation-input-array" count="61"><param name="TIME" type="float"/></accessor></technique_common></source><source id="l_uparm_jnt-Matrix-animation-output-transform"><float_array id="l_uparm_jnt-Matrix-animation-output-transform-array" count="976">

0.615171 0.098036 0.782275 -0.462678 0.359955 0.847858 -0.389318 0.174359 -0.701425 0.521081 0.486289 0.817069 0.000000 0.000000 0.000000 1.000000
0.616053 0.094263 0.782044 -0.462678 0.359845 0.849485 -0.385859 0.174359 -0.700707 0.519124 0.489407 0.817069 0.000000 0.000000 0.000000 1.000000
0.611472 0.079712 0.787241 -0.462678 0.361223 0.857070 -0.367355 0.174359 -0.704003 0.508997 0.495280 0.817069 0.000000 0.000000 0.000000 1.000000
0.602765 0.057619 0.795836 -0.462678 0.363227 0.868242 -0.337969 0.174359 -0.710451 0.492785 0.502417 0.817069 0.000000 0.000000 0.000000 1.000000
0.591284 0.031289 0.805856 -0.462678 0.365023 0.880648 -0.302023 0.174359 -0.719125 0.472737 0.509292 0.817069 0.000000 0.000000 0.000000 1.000000
0.578257 0.003730 0.815846 -0.462678 0.366013 0.892524 -0.263504 0.174359 -0.729145 0.450984 0.514744 0.817069 0.000000 0.000000 0.000000 1.000000
0.564751 -0.022491 0.824955 -0.462678 0.365876 0.902841 -0.225858 0.174359 -0.739724 0.429385 0.518109 0.817069 0.000000 0.000000 0.000000 1.000000
0.551679 -0.045307 0.832825 -0.462678 0.364508 0.911216 -0.191886 0.174359 -0.750189 0.409431 0.519213 0.817069 0.000000 0.000000 0.000000 1.000000
0.539796 -0.063235 0.839418 -0.462678 0.361957 0.917722 -0.163627 0.174359 -0.760005 0.392158 0.518271 0.817069 0.000000 0.000000 0.000000 1.000000
0.529662 -0.075473 0.844845 -0.462678 0.358360 0.922684 -0.142242 0.174359 -0.768789 0.378099 0.515757 0.817069 0.000000 0.000000 0.000000 1.000000
0.521594 -0.081970 0.849247 -0.462678 0.353894 0.926495 -0.127931 0.174359 -0.776337 0.367271 0.512263 0.817069 0.000000 0.000000 0.000000 1.000000
0.515660 -0.083363 0.852728 -0.462678 0.348740 0.929503 -0.120020 0.174359 -0.782608 0.359270 0.508380 0.817069 0.000000 0.000000 0.000000 1.000000
0.511793 -0.080629 0.855317 -0.462678 0.343042 0.931953 -0.117412 0.174359 -0.787648 0.353501 0.504626 0.817069 0.000000 0.000000 0.000000 1.000000
0.509399 -0.071127 0.857586 -0.462678 0.335153 0.934285 -0.121590 0.174359 -0.792581 0.349361 0.499763 0.817069 0.000000 0.000000 0.000000 1.000000
0.507697 -0.053661 0.859863 -0.462678 0.324332 0.936539 -0.133053 0.174359 -0.798156 0.346432 0.492882 0.817069 0.000000 0.000000 0.000000 1.000000
0.506454 -0.031149 0.861704 -0.462678 0.311956 0.938272 -0.149431 0.174359 -0.803858 0.344493 0.484909 0.817069 0.000000 0.000000 0.000000 1.000000
0.505521 -0.006468 0.862790 -0.462678 0.299303 0.939194 -0.168325 0.174359 -0.809238 0.343327 0.476718 0.817069 0.000000 0.000000 0.000000 1.000000
0.504816 0.017545 0.863049 -0.462678 0.287559 0.939272 -0.187293 0.174359 -0.813923 0.342726 0.469114 0.817069 0.000000 0.000000 0.000000 1.000000
0.504311 0.038094 0.862682 -0.462678 0.277837 0.938745 -0.203872 0.174359 -0.817605 0.342500 0.462835 0.817069 0.000000 0.000000 0.000000 1.000000
0.504008 0.052428 0.862107 -0.462678 0.271211 0.938062 -0.215603 0.174359 -0.820013 0.342479 0.458571 0.817069 0.000000 0.000000 0.000000 1.000000
0.503910 0.057815 0.861819 -0.462678 0.268756 0.937735 -0.220052 0.174359 -0.820880 0.342505 0.456996 0.817069 0.000000 0.000000 0.000000 1.000000
0.504405 0.056628 0.861609 -0.462678 0.269432 0.937703 -0.219361 0.174359 -0.820355 0.342792 0.457724 0.817069 0.000000 0.000000 0.000000 1.000000
0.505893 0.053439 0.860939 -0.462678 0.271355 0.937549 -0.217644 0.174359 -0.818803 0.343725 0.459799 0.817069 0.000000 0.000000 0.000000 1.000000
0.508455 0.049006 0.859693 -0.462678 0.274357 0.937128 -0.215685 0.174359 -0.816212 0.345528 0.463042 0.817069 0.000000 0.000000 0.000000 1.000000
0.512195 0.044182 0.857732 -0.462678 0.278275 0.936267 -0.214399 0.174359 -0.812539 0.348500 0.467256 0.817069 0.000000 0.000000 0.000000 1.000000
0.517187 0.039763 0.854948 -0.462678 0.282964 0.934803 -0.214651 0.174359 -0.807743 0.352934 0.472216 0.817069 0.000000 0.000000 0.000000 1.000000
0.523438 0.036399 0.851286 -0.462678 0.288293 0.932597 -0.217141 0.174359 -0.801811 0.359079 0.477663 0.817069 0.000000 0.000000 0.000000 1.000000
0.530882 0.034561 0.846741 -0.462678 0.294143 0.929535 -0.222360 0.174359 -0.794761 0.367110 0.483307 0.817069 0.000000 0.000000 0.000000 1.000000
0.539385 0.034540 0.841350 -0.462678 0.300397 0.925524 -0.230579 0.174359 -0.786654 0.377110 0.488838 0.817069 0.000000 0.000000 0.000000 1.000000
0.548763 0.036463 0.835182 -0.462678 0.306926 0.920490 -0.241855 0.174359 -0.777596 0.389060 0.493940 0.817069 0.000000 0.000000 0.000000 1.000000
0.558794 0.040311 0.828327 -0.462678 0.313589 0.914386 -0.256048 0.174359 -0.767732 0.402832 0.498312 0.817069 0.000000 0.000000 0.000000 1.000000
