<?xml version="1.0" encoding="utf-8"?>
<COLLADA xmlns="http://www.collada.org/2005/11/COLLADASchema" version="1.4.1">
  <asset><contributor><author></author><authoring_tool>FBX COLLADA exporter</authoring_tool><comments></comments></contributor><created>2019-12-31T12:26:46Z</created><keywords></keywords><modified>2019-12-31T12:26:46Z</modified><revision></revision><subject></subject><title></title><unit meter="0.010000" name="centimeter"></unit><up_axis>Y_UP</up_axis></asset>
  <library_animations>
    <animation id="root_jnt-anim" name="root_jnt"><animation><source id="root_jnt-Matrix-animation-input"><float_array id="root_jnt-Matrix-animation-input-array" count="13">

0.000000 0.033333 0.066667 0.100000 0.133333 0.166667 0.200000 0.233333 0.266667 0.300000 0.333333 0.366667 0.400000</float_array><technique_common><accessor source="#root_jnt-Matrix-animation-input-array" count="13"><param name="TIME" type="float"/></accessor></technique_common></source><source id="root_jnt-Matrix-animation-output-transform"><float_array id="root_jnt-Matrix-animation-output-transform-array" count="208">

1.000000 0.000000 0.000000 0.000000 0.000000 1.000000 0.000000 0.000000 0.000000 0.000000 1.000000 0.000000 0.000000 0.000000 0.000000 1.000000
1.000000 0.000000 0.000000 0.000000 0.000000 1.000000 0.000000 0.000000 0.000000 0.000000 1.000000 0.000000 0.000000 0.000000 0.000000 1.000000
1.000000 0.000000 0.000000 0.000000 0.000000 1.000000 0.000000 0.000000 0.000000 0.000000 1.000000 0.000000 0.000000 0.000000 0.000000 1.000000
1.000000 0.000000 0.000000 0.000000 0.000000 1.000000 0.000000 0.000000 0.000000 0.000000 1.000000 0.000000 0.000000 0.000000 0.000000 1.000000
1.000000 0.000000 0.000000 0.000000 0.000000 1.000000 0.000000 0.000000 0.000000 0.000000 1.000000 0.000000 0.000000 0.000000 0.000000 1.000000
1.000000 0.000000 0.000000 0.000000 0.000000 1.000000 0.000000 0.000000 0.000000 0.000000 1.000000 0.000000 0.000000 0.000000 0.000000 1.000000
1.000000 0.000000 0.000000 0.000000 0.000000 1.000000 0.000000 0.000000 0.000000 0.000000 1.000000 0.000000 0.000000 0.000000 0.000000 1.000000
1.000000 0.000000 0.000000 0.000000 0.000000 1.000000 0.000000 0.000000 0.000000 0.000000 1.000000 0.000000 0.000000 0.000000 0.000000 1.000000
1.000000 0.000000 0.000000 0.000000 0.000000 1.000000 0.000000 0.000000 0.000000 0.000000 1.000000 0.000000 0.000000 0.000000 0.000000 1.000000
1.000000 0.000000 0.000000 0.000000 0.000000 1.000000 0.000000 0.000000 0.000000 0.000000 1.000000 0.000000 0.000000 0.000000 0.000000 1.000000
1.000000 0.000000 0.000000 0.000000 0.000000 1.000000 0.000000 0.000000 0.000000 0.000000 1.000000 0.000000 0.000000 0.000000 0.000000 1.000000
1.000000 0.000000 0.000000 0.000000 0.000000 1.000000 0.000000 0.000000 0.000000 0.000000 1.000000 0.000000 0.000000 0.000000 0.000000 1.000000
1.000000 0.000000 0.000000 0.000000 0.000000 1.000000 0.000000 0.000000 0.000000 0.000000 1.000000 0.000000 0.000000 0.000000 0.000000 1.000000</float_array><technique_common><accessor source="#root_jnt-Matrix-animation-output-transform-array" count="13" stride="16"><param type="float4x4"/></accessor></technique_common></source><source id="root_jnt-Interpolations"><Name_array id="root_jnt-Interpolations-array" count="13">
 LINEAR LINEAR LINEAR LINEAR LINEAR LINEAR LINEAR LINEAR LINEAR LINEAR LINEAR
LINEAR LINEAR</Name_array><technique_common><accessor source="#root_jnt-Interpolations-array" count="13"><param type="name"/></accessor></technique_common></source><sampler id="root_jnt-Matrix-animation-transform"><input semantic="INPUT" source="#root_jnt-Matrix-animation-input"/><input semantic="OUTPUT" source="#root_jnt-Matrix-animation-output-transform"/><input semantic="INTERPOLATION" source="#root_jnt-Interpolations"/></sampler><channel source="#root_jnt-Matrix-animation-transform" target="root_jnt/matrix"/></animation></animation>
    <animation id="jnt_hips-anim" name="jnt_hips"><animation><source id="jnt_hips-Matrix-animation-input"><float_array id="jnt_hips-Matrix-animation-input-array" count="13">

0.000000 0.033333 0.066667 0.100000 0.133333 0.166667 0.200000 0.233333 0.266667 0.300000 0.333333 0.366667 0.400000</float_array><technique_common><accessor source="#jnt_hips-Matrix-animation-input-array" count="13"><param name="TIME" type="float"/></accessor></technique_common></source><source id="jnt_hips-Matrix-animation-output-transform"><float_array id="jnt_hips-Matrix-animation-output-transform-array" count="208">

0.919777 0.000001 -0.392442 0.029704 -0.037480 0.995429 -0.087842 1.214980 0.390648 0.095504 0.915573 -0.238767 0.000000 0.000000 0.000000 1.000000
0.919777 0.000001 -0.392442 0.004101 -0.036872 0.995577 -0.086416 1.226385 0.390706 0.093954 0.915708 -0.245513 0.000000 0.000000 0.000000 1.000000
0.919777 0.000001 -0.392442 -0.013509 -0.036510 0.995663 -0.085569 1.279268 0.390740 0.093032 0.915788 -0.251523 0.000000 0.000000 0.000000 1.000000
0.919777 0.000001 -0.392441 -0.016535 -0.036798 0.995594 -0.086242 1.326729 0.390712 0.093765 0.915725 -0.250563 0.000000 0.000000 0.000000 1.000000
0.919777 0.000001 -0.392442 -0.007632 -0.037531 0.995417 -0.087961 1.317046 0.390643 0.095633 0.915561 -0.246724 0.000000 0.000000 0.000000 1.000000
0.919777 0.000001 -0.392442 0.008655 -0.038384 0.995205 -0.089961 1.264036 0.390560 0.097807 0.915367 -0.242500 0.000000 0.000000 0.000000 1.000000
0.919777 0.000001 -0.392442 0.037117 -0.039079 0.995030 -0.091590 1.216209 0.390491 0.099578 0.915205 -0.238238 0.000000 0.000000 0.000000 1.000000
0.919777 0.000001 -0.392442 0.077021 -0.039489 0.994925 -0.092551 1.225577 0.390450 0.100623 0.915109 -0.233434 0.000000 0.000000 0.000000 1.000000
0.919777 0.000001 -0.392442 0.105822 -0.039538 0.994912 -0.092664 1.287035 0.390445 0.100746 0.915097 -0.230515 0.000000 0.000000 0.000000 1.000000
0.919777 0.000001 -0.392442 0.106703 -0.039214 0.994995 -0.091905 1.335544 0.390477 0.099921 0.915174 -0.231655 0.000000 0.000000 0.000000 1.000000
0.919777 0.000001 -0.392441 0.090552 -0.038673 0.995133 -0.090636 1.325463 0.390531 0.098542 0.915300 -0.234595 0.000000 0.000000 0.000000 1.000000
0.919777 0.000001 -0.392441 0.064059 -0.038059 0.995286 -0.089198 1.268300 0.390592 0.096979 0.915442 -0.237337 0.000000 0.000000 0.000000 1.000000
0.919777 0.000001 -0.392442 0.029734 -0.037480 0.995429 -0.087842 1.214789 0.390648 0.095504 0.915573 -0.238577 0.000000 0.000000 0.000000 1.000000</float_array><technique_common><accessor source="#jnt_hips-Matrix-animation-output-transform-array" count="13" stride="16"><param type="float4x4"/></accessor></technique_common></source><source id="jnt_hips-Interpolations"><Name_array id="jnt_hips-Interpolations-array" count="13">
 LINEAR LINEAR LINEAR LINEAR LINEAR LINEAR LINEAR LINEAR LINEAR LINEAR LINEAR
LINEAR LINEAR</Name_array><technique_common><accessor source="#jnt_hips-Interpolations-array" count="13"><param type="name"/></accessor></technique_common></source><sampler id="jnt_hips-Matrix-animation-transform"><input semantic="INPUT" source="#jnt_hips-Matrix-animation-input"/><input semantic="OUTPUT" source="#jnt_hips-Matrix-animation-output-transform"/><input semantic="INTERPOLATION" source="#jnt_hips-Interpolations"/></sampler><channel source="#jnt_hips-Matrix-animation-transform" target="jnt_hips/matrix"/></animation></animation>
    <animation id="jnt_spine1-anim" name="jnt_spine1"><animation><source id="jnt_spine1-Matrix-animation-input"><float_array id="jnt_spine1-Matrix-animation-input-array" count="13">

0.000000 0.033333 0.066667 0.100000 0.133333 0.166667 0.200000 0.233333 0.266667 0.300000 0.333333 0.366667 0.400000</float_array><technique_common><accessor source="#jnt_spine1-Matrix-animation-input-array" count="13"><param name="TIME" type="float"/></accessor></technique_common></source><source id="jnt_spine1-Matrix-animation-output-transform"><float_array id="jnt_spine1-Matrix-animation-output-transform-array" count="208">

0.021564 0.187945 0.981943 -0.000000 0.985876 -0.167157 0.010344 0.212132 0.166082 0.967851 -0.188895 0.023482 0.000000 0.000000 0.000000 1.000000
0.023485 0.181831 0.983049 -0.000000 0.985578 -0.169048 0.007723 0.212132 0.167587 0.968690 -0.183178 0.023482 0.000000 0.000000 0.000000 1.000000
0.027710 0.168355 0.985337 0.000000 0.984900 -0.173114 0.001881 0.212132 0.170892 0.970406 -0.170610 0.023482 0.000000 0.000000 0.000000 1.000000
0.031935 0.154848 0.987422 -0.000000 0.984194 -0.177048 -0.004065 0.212132 0.174192 0.971945 -0.158054 0.023482 0.000000 0.000000 0.000000 1.000000
0.033855 0.148699 0.988303 -0.000000 0.983863 -0.178792 -0.006802 0.212132 0.175689 0.972585 -0.152353 0.023482 0.000000 0.000000 0.000000 1.000000
0.033327 0.150390 0.988065 0.000000 0.983955 -0.178315 -0.006047 0.212132 0.175278 0.972413 -0.153920 0.023482 0.000000 0.000000 0.000000 1.000000
0.031935 0.154848 0.987422 -0.000000 0.984194 -0.177048 -0.004066 0.212132 0.174191 0.971945 -0.158054 0.023482 0.000000 0.000000 0.000000 1.000000
0.029966 0.161145 0.986476 -0.000000 0.984526 -0.175232 -0.001282 0.212132 0.172655 0.971250 -0.163903 0.023482 0.000000 0.000000 0.000000 1.000000
0.027710 0.168355 0.985337 -0.000000 0.984900 -0.173114 0.001881 0.212132 0.170892 0.970406 -0.170610 0.023482 0.000000 0.000000 0.000000 1.000000
0.025453 0.175556 0.984140 -0.000000 0.985266 -0.170958 0.005014 0.212132 0.169127 0.969512 -0.177321 0.023482 0.000000 0.000000 0.000000 1.000000
0.023484 0.181831 0.983049 -0.000000 0.985578 -0.169046 0.007724 0.212132 0.167585 0.968690 -0.183178 0.023482 0.000000 0.000000 0.000000 1.000000
0.022092 0.186265 0.982251 -0.000000 0.985795 -0.167679 0.009625 0.212132 0.166496 0.968085 -0.187323 0.023482 0.000000 0.000000 0.000000 1.000000
0.021564 0.187945 0.981943 -0.000000 0.985876 -0.167157 0.010344 0.212132 0.166082 0.967851 -0.188895 0.023482 0.000000 0.000000 0.000000 1.000000</float_array><technique_common><accessor source="#jnt_spine1-Matrix-animation-output-transform-array" count="13" stride="16"><param type="float4x4"/></accessor></technique_common></source><source id="jnt_spine1-Interpolations"><Name_array id="jnt_spine1-Interpolations-array" count="13">
 LINEAR LINEAR LINEAR LINEAR LINEAR LINEAR LINEAR LINEAR LINEAR LINEAR LINEAR
LINEAR LINEAR</Name_array><technique_common><accessor source="#jnt_spine1-Interpolations-array" count="13"><param type="name"/></accessor></technique_common></source><sampler id="jnt_spine1-Matrix-animation-transform"><input semantic="INPUT" source="#jnt_spine1-Matrix-animation-input"/><input semantic="OUTPUT" source="#jnt_spine1-Matrix-animation-output-transform"/><input semantic="INTERPOLATION" source="#jnt_spine1-Interpolations"/></sampler><channel source="#jnt_spine1-Matrix-animation-transform" target="jnt_spine1/matrix"/></animation></animation>
    <animation id="jnt_spine2-anim" name="jnt_spine2"><animation><source id="jnt_spine2-Matrix-animation-input"><float_array id="jnt_spine2-Matrix-animation-input-array" count="13">

0.000000 0.033333 0.066667 0.100000 0.133333 0.166667 0.200000 0.233333 0.266667 0.300000 0.333333 0.366667 0.400000</float_array><technique_common><accessor source="#jnt_spine2-Matrix-animation-input-array" count="13"><param name="TIME" type="float"/></accessor></technique_common></source><source id="jnt_spine2-Matrix-animation-output-transform"><float_array id="jnt_spine2-Matrix-animation-output-transform-array" count="208">

0.975349 -0.213891 0.054271 0.426849 0.217812 0.893702 -0.392244 0.000000 0.035395 0.394396 0.918259 -0.000000 0.000000 0.000000 0.000000 1.000000
0.974502 -0.218053 0.052906 0.426848 0.221557 0.897833 -0.380538 -0.000000 0.035476 0.382556 0.923251 -0.000000 0.000000 0.000000 0.000000 1.000000
0.972588 -0.227193 0.049555 0.426848 0.229785 0.906334 -0.354625 0.000000 0.035655 0.356291 0.933695 -0.000000 0.000000 0.000000 0.000000 1.000000
0.970605 -0.236295 0.045725 0.426848 0.237996 0.914022 -0.328515 0.000000 0.035833 0.329740 0.943391 -0.000000 0.000000 0.000000 0.000000 1.000000
0.969681 -0.240414 0.043826 0.426849 0.241723 0.917247 -0.316589 0.000000 0.035914 0.317584 0.947550 -0.000000 0.000000 0.000000 0.000000 1.000000
0.969936 -0.239283 0.044358 0.426849 0.240698 0.916377 -0.319872 -0.000000 0.035891 0.320932 0.946422 -0.000000 0.000000 0.000000 0.000000 1.000000
0.970605 -0.236295 0.045725 0.426849 0.237996 0.914022 -0.328515 0.000000 0.035833 0.329740 0.943391 -0.000000 0.000000 0.000000 0.000000 1.000000
0.971538 -0.232060 0.047569 0.426848 0.234172 0.910541 -0.340702 0.000000 0.035750 0.342144 0.938967 0.000000 0.000000 0.000000 0.000000 1.000000
0.972588 -0.227193 0.049555 0.426848 0.229785 0.906333 -0.354625 0.000000 0.035655 0.356291 0.933695 0.000000 0.000000 0.000000 0.000000 1.000000
0.973619 -0.222315 0.051405 0.426848 0.225392 0.901894 -0.368491 0.000000 0.035559 0.370356 0.928209 -0.000000 0.000000 0.000000 0.000000 1.000000
0.974502 -0.218053 0.052906 0.426849 0.221557 0.897833 -0.380538 -0.000000 0.035477 0.382556 0.923251 0.000000 0.000000 0.000000 0.000000 1.000000
0.975117 -0.215036 0.053905 0.426848 0.218842 0.894854 -0.389029 0.000000 0.035418 0.391146 0.919647 -0.000000 0.000000 0.000000 0.000000 1.000000
0.975349 -0.213891 0.054271 0.426849 0.217812 0.893702 -0.392244 0.000000 0.035395 0.394396 0.918259 -0.000000 0.000000 0.000000 0.000000 1.000000</float_array><technique_common><accessor source="#jnt_spine2-Matrix-animation-output-transform-array" count="13" stride="16"><param type="float4x4"/></accessor></technique_common></source><source id="jnt_spine2-Interpolations"><Name_array id="jnt_spine2-Interpolations-array" count="13">
 LINEAR LINEAR LINEAR LINEAR LINEAR LINEAR LINEAR LINEAR LINEAR LINEAR LINEAR
LINEAR LINEAR</Name_array><technique_common><accessor source="#jnt_spine2-Interpolations-array" count="13"><param type="name"/></accessor></technique_common></source><sampler id="jnt_spine2-Matrix-animation-transform"><input semantic="INPUT" source="#jnt_spine2-Matrix-animation-input"/><input semantic="OUTPUT" source="#jnt_spine2-Matrix-animation-output-transform"/><input semantic="INTERPOLATION" source="#jnt_spine2-Interpolations"/></sampler><channel source="#jnt_spine2-Matrix-animation-transform" target="jnt_spine2/matrix"/></animation></animation>
    <animation id="jnt_spine3-anim" name="jnt_spine3"><animation><source id="jnt_spine3-Matrix-animation-input"><float_array id="jnt_spine3-Matrix-animation-input-array" count="13">

0.000000 0.033333 0.066667 0.100000 0.133333 0.166667 0.200000 0.233333 0.266667 0.300000 0.333333 0.366667 0.400000</float_array><technique_common><accessor source="#jnt_spine3-Matrix-animation-input-array" count="13"><param name="TIME" type="float"/></accessor></technique_common></source><source id="jnt_spine3-Matrix-animation-output-transform"><float_array id="jnt_spine3-Matrix-animation-output-transform-array" count="208">

0.961841 -0.222355 0.159438 0.555067 0.267172 0.888934 -0.372042 -0.000000 -0.059004 0.400443 0.914420 -0.000000 0.000000 0.000000 0.000000 1.000000
0.960958 -0.224335 0.161968 0.555067 0.269198 0.893341 -0.359827 0.000000 -0.063971 0.389380 0.918853 -0.000000 0.000000 0.000000 0.000000 1.000000
0.958905 -0.229090 0.167391 0.555067 0.273677 0.902458 -0.332670 -0.000000 -0.074852 0.364810 0.928068 -0.000000 0.000000 0.000000 0.000000 1.000000
0.956698 -0.234388 0.172600 0.555067 0.278187 0.910768 -0.305146 -0.000000 -0.085676 0.339948 0.936534 -0.000000 0.000000 0.000000 0.000000 1.000000
0.955645 -0.236973 0.174889 0.555067 0.280247 0.914272 -0.292521 -0.000000 -0.090576 0.328558 0.940131 -0.000000 0.000000 0.000000 0.000000 1.000000
0.955938 -0.236251 0.174265 0.555067 0.279680 0.913326 -0.296000 -0.000000 -0.089230 0.331696 0.939157 -0.000000 0.000000 0.000000 0.000000 1.000000
0.956698 -0.234388 0.172600 0.555067 0.278187 0.910768 -0.305146 0.000000 -0.085676 0.339948 0.936534 -0.000000 0.000000 0.000000 0.000000 1.000000
0.957745 -0.231852 0.170202 0.555067 0.276082 0.906998 -0.318014 -0.000000 -0.080640 0.351566 0.932683 -0.000000 0.000000 0.000000 0.000000 1.000000
0.958905 -0.229090 0.167391 0.555067 0.273677 0.902459 -0.332670 -0.000000 -0.074852 0.364810 0.928068 -0.000000 0.000000 0.000000 0.000000 1.000000
0.960020 -0.226482 0.164520 0.555067 0.271281 0.897688 -0.347222 -0.000000 -0.069048 0.377971 0.923239 0.000000 0.000000 0.000000 0.000000 1.000000
0.960958 -0.224335 0.161968 0.555067 0.269198 0.893341 -0.359827 -0.000000 -0.063971 0.389380 0.918853 -0.000000 0.000000 0.000000 0.000000 1.000000
0.961601 -0.222888 0.160137 0.555067 0.267729 0.890162 -0.368691 0.000000 -0.060371 0.397407 0.915654 -0.000000 0.000000 0.000000 0.000000 1.000000
0.961841 -0.222355 0.159438 0.555067 0.267172 0.888934 -0.372042 -0.000000 -0.059004 0.400443 0.914420 -0.000000 0.000000 0.000000 0.000000 1.000000</float_array><technique_common><accessor source="#jnt_spine3-Matrix-animation-output-transform-array" count="13" stride="16"><param type="float4x4"/></accessor></technique_common></source><source id="jnt_spine3-Interpolations"><Name_array id="jnt_spine3-Interpolations-array" count="13">
 LINEAR LINEAR LINEAR LINEAR LINEAR LINEAR LINEAR LINEAR LINEAR LINEAR LINEAR
LINEAR LINEAR</Name_array><technique_common><accessor source="#jnt_spine3-Interpolations-array" count="13"><param type="name"/></accessor></technique_common></source><sampler id="jnt_spine3-Matrix-animation-transform"><input semantic="INPUT" source="#jnt_spine3-Matrix-animation-input"/><input semantic="OUTPUT" source="#jnt_spine3-Matrix-animation-output-transform"/><input semantic="INTERPOLATION" source="#jnt_spine3-Interpolations"/></sampler><channel source="#jnt_spine3-Matrix-animation-transform" target="jnt_spine3/matrix"/></animation></animation>
    <animation id="jnt_neck-anim" name="jnt_neck"><animation><source id="jnt_neck-Matrix-animation-input"><float_array id="jnt_neck-Matrix-animation-input-array" count="13">

0.000000 0.033333 0.066667 0.100000 0.133333 0.166667 0.200000 0.233333 0.266667 0.300000 0.333333 0.366667 0.400000</float_array><technique_common><accessor source="#jnt_neck-Matrix-animation-input-array" count="13"><param name="TIME" type="float"/></accessor></technique_common></source><source id="jnt_neck-Matrix-animation-output-transform"><float_array id="jnt_neck-Matrix-animation-output-transform-array" count="208">

0.994049 -0.020754 -0.106935 0.867452 0.076830 0.829493 0.553207 0.171574 0.077221 -0.558131 0.826152 0.000000 0.000000 0.000000 0.000000 1.000000
0.993576 -0.021765 -0.111057 0.867456 0.079193 0.834748 0.544907 0.171571 0.080844 -0.550201 0.831109 0.000001 0.000000 0.000000 0.000000 1.000000
0.992372 -0.024476 -0.120827 0.867455 0.084793 0.846964 0.524844 0.171572 0.089489 -0.531086 0.842579 0.000000 0.000000 0.000000 0.000000 1.000000
0.990796 -0.028311 -0.132368 0.867453 0.091455 0.860944 0.500412 0.171574 0.099794 -0.507912 0.855609 -0.000001 0.000000 0.000000 0.000000 1.000000
0.989359 -0.032033 -0.141925 0.867449 0.097029 0.872138 0.479543 0.171570 0.108417 -0.488211 0.865965 -0.000000 0.000000 0.000000 0.000000 1.000000
0.988725 -0.033724 -0.145896 0.867450 0.099357 0.876688 0.470687 0.171570 0.112032 -0.479876 0.870154 -0.000000 0.000000 0.000000 0.000000 1.000000
0.989065 -0.032814 -0.143783 0.867450 0.098117 0.874275 0.475412 0.171571 0.110106 -0.484321 0.867934 0.000000 0.000000 0.000000 0.000000 1.000000
0.989918 -0.030565 -0.138305 0.867456 0.094911 0.867940 0.487516 0.171572 0.105140 -0.495728 0.862090 0.000001 0.000000 0.000000 0.000000 1.000000
0.991026 -0.027742 -0.130757 0.867450 0.090528 0.859019 0.503876 0.171571 0.098344 -0.511191 0.853822 -0.000000 0.000000 0.000000 0.000000 1.000000
0.992160 -0.024973 -0.122451 0.867455 0.085725 0.848968 0.521444 0.171572 0.090935 -0.527853 0.844454 0.000001 0.000000 0.000000 0.000000 1.000000
0.993131 -0.022731 -0.114775 0.867456 0.081311 0.839445 0.537327 0.171572 0.084133 -0.542969 0.835527 0.000000 0.000000 0.000000 0.000000 1.000000
0.993800 -0.021276 -0.109131 0.867450 0.078083 0.832303 0.548795 0.171570 0.079153 -0.553913 0.828803 -0.000000 0.000000 0.000000 0.000000 1.000000
0.994049 -0.020754 -0.106935 0.867449 0.076829 0.829493 0.553207 0.171570 0.077220 -0.558131 0.826152 -0.000000 0.000000 0.000000 0.000000 1.000000</float_array><technique_common><accessor source="#jnt_neck-Matrix-animation-output-transform-array" count="13" stride="16"><param type="float4x4"/></accessor></technique_common></source><source id="jnt_neck-Interpolations"><Name_array id="jnt_neck-Interpolations-array" count="13">
 LINEAR LINEAR LINEAR LINEAR LINEAR LINEAR LINEAR LINEAR LINEAR LINEAR LINEAR
LINEAR LINEAR</Name_array><technique_common><accessor source="#jnt_neck-Interpolations-array" count="13"><param type="name"/></accessor></technique_common></source><sampler id="jnt_neck-Matrix-animation-transform"><input semantic="INPUT" source="#jnt_neck-Matrix-animation-input"/><input semantic="OUTPUT" source="#jnt_neck-Matrix-animation-output-transform"/><input semantic="INTERPOLATION" source="#jnt_neck-Interpolations"/></sampler><channel source="#jnt_neck-Matrix-animation-transform" target="jnt_neck/matrix"/></animation></animation>
    <animation id="jnt_head-anim" name="jnt_head"><animation><source id="jnt_head-Matrix-animation-input"><float_array id="jnt_head-Matrix-animation-input-array" count="13">

0.000000 0.033333 0.066667 0.100000 0.133333 0.166667 0.200000 0.233333 0.266667 0.300000 0.333333 0.366667 0.400000</float_array><technique_common><accessor source="#jnt_head-Matrix-animation-input-array" count="13"><param name="TIME" type="float"/></accessor></technique_common></source><source id="jnt_head-Matrix-animation-output-transform"><float_array id="jnt_head-Matrix-animation-output-transform-array" count="208">

0.846886 0.530408 0.038092 0.273592 -0.531767 0.844329 0.065819 0.000000 0.002748 -0.075997 0.997104 -0.000000 0.000000 0.000000 0.000000 1.000000
0.846907 0.530668 0.033755 0.273592 -0.531739 0.845039 0.056240 0.000001 0.001321 -0.065579 0.997846 0.000000 0.000000 0.000000 0.000000 1.000000
0.846951 0.531155 0.023407 0.273592 -0.531667 0.846296 0.033372 0.000001 -0.002084 -0.040709 0.999169 0.000000 0.000000 0.000000 0.000000 1.000000
0.846991 0.531493 0.011050 0.273591 -0.531572 0.846991 0.006044 0.000000 -0.006147 -0.010993 0.999921 0.000000 0.000000 0.000000 0.000000 1.000000
0.847013 0.531572 0.000696 0.273591 -0.531487 0.846899 -0.016861 0.000001 -0.009552 0.013912 0.999858 0.000000 0.000000 0.000000 0.000000 1.000000
0.847019 0.531550 -0.003646 0.273591 -0.531449 0.846677 -0.026464 0.000001 -0.010980 0.024353 0.999643 -0.000000 0.000000 0.000000 0.000000 1.000000
0.847016 0.531566 -0.001334 0.273591 -0.531469 0.846808 -0.021350 0.000001 -0.010219 0.018792 0.999771 0.000000 0.000000 0.000000 0.000000 1.000000
0.847006 0.531564 0.004631 0.273591 -0.531520 0.847006 -0.008157 0.000001 -0.008258 0.004447 0.999956 0.000000 0.000000 0.000000 0.000000 1.000000
0.846986 0.531461 0.012787 0.273591 -0.531586 0.846947 0.009884 -0.000000 -0.005577 -0.015169 0.999869 0.000000 0.000000 0.000000 0.000000 1.000000
0.846958 0.531219 0.021671 0.273592 -0.531654 0.846447 0.029534 0.000001 -0.002655 -0.036535 0.999329 0.000000 0.000000 0.000000 0.000000 1.000000
0.846925 0.530875 0.029823 0.273592 -0.531712 0.845589 0.047553 0.000001 0.000027 -0.056131 0.998423 0.000000 0.000000 0.000000 0.000000 1.000000
0.846898 0.530551 0.035782 0.273591 -0.531752 0.844721 0.060718 0.000001 0.001988 -0.070449 0.997513 -0.000000 0.000000 0.000000 0.000000 1.000000
0.846886 0.530408 0.038092 0.273591 -0.531767 0.844329 0.065819 0.000000 0.002748 -0.075997 0.997104 0.000000 0.000000 0.000000 0.000000 1.000000</float_array><technique_common><accessor source="#jnt_head-Matrix-animation-output-transform-array" count="13" stride="16"><param type="float4x4"/></accessor></technique_common></source><source id="jnt_head-Interpolations"><Name_array id="jnt_head-Interpolations-array" count="13">
 LINEAR LINEAR LINEAR LINEAR LINEAR LINEAR LINEAR LINEAR LINEAR LINEAR LINEAR
LINEAR LINEAR</Name_array><technique_common><accessor source="#jnt_head-Interpolations-array" count="13"><param type="name"/></accessor></technique_common></source><sampler id="jnt_head-Matrix-animation-transform"><input semantic="INPUT" source="#jnt_head-Matrix-animation-input"/><input semantic="OUTPUT" source="#jnt_head-Matrix-animation-output-transform"/><input semantic="INTERPOLATION" source="#jnt_head-Interpolations"/></sampler><channel source="#jnt_head-Matrix-animation-transform" target="jnt_head/matrix"/></animation></animation>
    <animation id="jnt_left_shoulder-anim" name="jnt_left_shoulder"><animation><source id="jnt_left_shoulder-Matrix-animation-input"><float_array id="jnt_left_shoulder-Matrix-animation-input-array" count="13">

0.000000 0.033333 0.066667 0.100000 0.133333 0.166667 0.200000 0.233333 0.266667 0.300000 0.333333 0.366667 0.400000</float_array><technique_common><accessor source="#jnt_left_shoulder-Matrix-animation-input-array" count="13"><param name="TIME" type="float"/></accessor></technique_common></source><source id="jnt_left_shoulder-Matrix-animation-output-transform"><float_array id="jnt_left_shoulder-Matrix-animation-output-transform-array" count="208">

-0.006219 0.134216 -0.990933 0.635987 0.229369 -0.964340 -0.132054 0.114392 -0.973320 -0.228111 -0.024788 0.266187 0.000000 0.000000 0.000000 1.000000
-0.006219 0.134216 -0.990933 0.635987 0.229369 -0.964340 -0.132054 0.114391 -0.973320 -0.228111 -0.024788 0.266187 0.000000 0.000000 0.000000 1.000000
-0.006219 0.134216 -0.990933 0.635987 0.229369 -0.964340 -0.132054 0.114392 -0.973320 -0.228111 -0.024788 0.266187 0.000000 0.000000 0.000000 1.000000
-0.006219 0.134216 -0.990933 0.635987 0.229369 -0.964340 -0.132054 0.114392 -0.973320 -0.228111 -0.024788 0.266187 0.000000 0.000000 0.000000 1.000000
-0.006219 0.134216 -0.990933 0.635987 0.229369 -0.964340 -0.132054 0.114391 -0.973320 -0.228111 -0.024788 0.266187 0.000000 0.000000 0.000000 1.000000
-0.006219 0.134216 -0.990933 0.635987 0.229369 -0.964340 -0.132054 0.114392 -0.973320 -0.228111 -0.024788 0.266187 0.000000 0.000000 0.000000 1.000000
-0.006219 0.134216 -0.990933 0.635987 0.229369 -0.964340 -0.132054 0.114392 -0.973320 -0.228111 -0.024788 0.266187 0.000000 0.000000 0.000000 1.000000
-0.006219 0.134216 -0.990933 0.635987 0.229369 -0.964340 -0.132054 0.114392 -0.973320 -0.228111 -0.024788 0.266187 0.000000 0.000000 0.000000 1.000000
-0.006219 0.134216 -0.990933 0.635987 0.229369 -0.964340 -0.132054 0.114392 -0.973320 -0.228111 -0.024788 0.266187 0.000000 0.000000 0.000000 1.000000
-0.006219 0.134216 -0.990933 0.635987 0.229369 -0.964340 -0.132054 0.114392 -0.973320 -0.228111 -0.024788 0.266187 0.000000 0.000000 0.000000 1.000000
-0.006219 0.134216 -0.990933 0.635987 0.229370 -0.964340 -0.132054 0.114392 -0.973320 -0.228111 -0.024788 0.266187 0.000000 0.000000 0.000000 1.000000
-0.006219 0.134216 -0.990933 0.635987 0.229369 -0.964340 -0.132053 0.114391 -0.973320 -0.228111 -0.024788 0.266187 0.000000 0.000000 0.000000 1.000000
-0.006219 0.134216 -0.990933 0.635987 0.229369 -0.964340 -0.132054 0.114392 -0.973320 -0.228111 -0.024788 0.266187 0.000000 0.000000 0.000000 1.000000</float_array><technique_common><accessor source="#jnt_left_shoulder-Matrix-animation-output-transform-array" count="13" stride="16"><param type="float4x4"/></accessor></technique_common></source><source id="jnt_left_shoulder-Interpolations"><Name_array id="jnt_left_shoulder-Interpolations-array" count="13">
 LINEAR LINEAR LINEAR LINEAR LINEAR LINEAR LINEAR LINEAR LINEAR LINEAR LINEAR
LINEAR LINEAR</Name_array><technique_common><accessor source="#jnt_left_shoulder-Interpolations-array" count="13"><param type="name"/></accessor></technique_common></source><sampler id="jnt_left_shoulder-Matrix-animation-transform"><input semantic="INPUT" source="#jnt_left_shoulder-Matrix-animation-input"/><input semantic="OUTPUT" source="#jnt_left_shoulder-Matrix-animation-output-transform"/><input semantic="INTERPOLATION" source="#jnt_left_shoulder-Interpolations"/></sampler><channel source="#jnt_left_shoulder-Matrix-animation-transform" target="jnt_left_shoulder/matrix"/></animation></animation>
    <animation id="jnt_left_arm-anim" name="jnt_left_arm"><animation><source id="jnt_left_arm-Matrix-animation-input"><float_array id="jnt_left_arm-Matrix-animation-input-array" count="13">

0.000000 0.033333 0.066667 0.100000 0.133333 0.166667 0.200000 0.233333 0.266667 0.300000 0.333333 0.366667 0.400000</float_array><technique_common><accessor source="#jnt_left_arm-Matrix-animation-input-array" count="13"><param name="TIME" type="float"/></accessor></technique_common></source><source id="jnt_left_arm-Matrix-animation-output-transform"><float_array id="jnt_left_arm-Matrix-animation-output-transform-array" count="208">

0.749846 -0.548964 0.369283 -0.525417 0.387956 0.816957 0.426699 -0.032447 -0.535930 -0.176693 0.825565 0.009491 0.000000 0.000000 0.000000 1.000000
0.746420 -0.551184 0.372900 -0.525417 0.385693 0.814949 0.432550 -0.032447 -0.542309 -0.179039 0.820881 0.009491 0.000000 0.000000 0.000000 1.000000
0.740625 -0.554886 0.378915 -0.525417 0.381387 0.811446 0.442831 -0.032448 -0.553190 -0.183459 0.812603 0.009491 0.000000 0.000000 0.000000 1.000000
0.741290 -0.552261 0.381440 -0.525417 0.374129 0.811822 0.448300 -0.032447 -0.557240 -0.189613 0.808412 0.009491 0.000000 0.000000 0.000000 1.000000
0.750813 -0.540461 0.379713 -0.525417 0.362340 0.817668 0.447358 -0.032447 -0.552259 -0.198296 0.809746 0.009491 0.000000 0.000000 0.000000 1.000000
0.757698 -0.532373 0.377454 -0.525417 0.355204 0.821630 0.445820 -0.032448 -0.547470 -0.203724 0.811648 0.009492 0.000000 0.000000 0.000000 1.000000
0.754189 -0.537504 0.377212 -0.525417 0.359591 0.818715 0.447661 -0.032448 -0.549449 -0.201979 0.810747 0.009492 0.000000 0.000000 0.000000 1.000000
0.746910 -0.547350 0.377536 -0.525417 0.368445 0.813340 0.450252 -0.032447 -0.553511 -0.197196 0.809160 0.009491 0.000000 0.000000 0.000000 1.000000
0.741664 -0.554989 0.376725 -0.525417 0.376641 0.809297 0.450754 -0.032448 -0.555046 -0.192418 0.809258 0.009491 0.000000 0.000000 0.000000 1.000000
0.741490 -0.557240 0.373732 -0.525417 0.382083 0.808550 0.447503 -0.032447 -0.551548 -0.189023 0.812444 0.009492 0.000000 0.000000 0.000000 1.000000
0.745271 -0.555462 0.368826 -0.525417 0.385698 0.810366 0.441070 -0.032448 -0.543882 -0.186461 0.818184 0.009491 0.000000 0.000000 0.000000 1.000000
0.749639 -0.552862 0.363847 -0.525417 0.388541 0.812657 0.434308 -0.032447 -0.535796 -0.184205 0.824009 0.009491 0.000000 0.000000 0.000000 1.000000
0.751570 -0.551714 0.361599 -0.525417 0.389831 0.813678 0.431231 -0.032447 -0.532141 -0.183138 0.826611 0.009491 0.000000 0.000000 0.000000 1.000000</float_array><technique_common><accessor source="#jnt_left_arm-Matrix-animation-output-transform-array" count="13" stride="16"><param type="float4x4"/></accessor></technique_common></source><source id="jnt_left_arm-Interpolations"><Name_array id="jnt_left_arm-Interpolations-array" count="13">
 LINEAR LINEAR LINEAR LINEAR LINEAR LINEAR LINEAR LINEAR LINEAR LINEAR LINEAR
LINEAR LINEAR</Name_array><technique_common><accessor source="#jnt_left_arm-Interpolations-array" count="13"><param type="name"/></accessor></technique_common></source><sampler id="jnt_left_arm-Matrix-animation-transform"><input semantic="INPUT" source="#jnt_left_arm-Matrix-animation-input"/><input semantic="OUTPUT" source="#jnt_left_arm-Matrix-animation-output-transform"/><input semantic="INTERPOLATION" source="#jnt_left_arm-Interpolations"/></sampler><channel source="#jnt_left_arm-Matrix-animation-transform" target="jnt_left_arm/matrix"/></animation></animation>
    <animation id="jnt_left_armroll-anim" name="jnt_left_armroll"><animation><source id="jnt_left_armroll-Matrix-animation-input"><float_array id="jnt_left_armroll-Matrix-animation-input-array" count="13">

0.000000 0.033333 0.066667 0.100000 0.133333 0.166667 0.200000 0.233333 0.266667 0.300000 0.333333 0.366667 0.400000</float_array><technique_common><accessor source="#jnt_left_armroll-Matrix-animation-input-array" count="13"><param name="TIME" type="float"/></accessor></technique_common></source><source id="jnt_left_armroll-Matrix-animation-output-transform"><float_array id="jnt_left_armroll-Matrix-animation-output-transform-array" count="208">

1.000000 0.000013 -0.000003 -0.421995 -0.000011 0.666147 -0.745821 0.000001 -0.000008 0.745821 0.666147 -0.000004 0.000000 0.000000 0.000000 1.000000
1.000000 0.000013 -0.000003 -0.421995 -0.000011 0.667305 -0.744785 0.000001 -0.000008 0.744785 0.667305 -0.000004 0.000000 0.000000 0.000000 1.000000
1.000000 0.000013 -0.000003 -0.421995 -0.000011 0.670996 -0.741461 0.000001 -0.000008 0.741461 0.670996 -0.000004 0.000000 0.000000 0.000000 1.000000
1.000000 0.000012 -0.000003 -0.421995 -0.000010 0.677193 -0.735805 0.000001 -0.000007 0.735805 0.677193 -0.000004 0.000000 0.000000 0.000000 1.000000
1.000000 0.000012 -0.000002 -0.421995 -0.000010 0.685097 -0.728451 0.000001 -0.000007 0.728451 0.685097 -0.000004 0.000000 0.000000 0.000000 1.000000
1.000000 0.000012 -0.000002 -0.421995 -0.000010 0.693585 -0.720375 0.000002 -0.000007 0.720375 0.693585 -0.000004 0.000000 0.000000 0.000000 1.000000
1.000000 0.000012 -0.000002 -0.421995 -0.000010 0.703820 -0.710379 0.000002 -0.000007 0.710379 0.703820 -0.000004 0.000000 0.000000 0.000000 1.000000
1.000000 0.000012 -0.000002 -0.421995 -0.000010 0.716558 -0.697527 0.000001 -0.000007 0.697527 0.716558 -0.000004 0.000000 0.000000 0.000000 1.000000
1.000000 0.000011 -0.000002 -0.421995 -0.000010 0.730128 -0.683311 0.000001 -0.000007 0.683311 0.730128 -0.000004 0.000000 0.000000 0.000000 1.000000
1.000000 0.000011 -0.000002 -0.421995 -0.000009 0.742931 -0.669368 0.000001 -0.000006 0.669368 0.742931 -0.000004 0.000000 0.000000 0.000000 1.000000
1.000000 0.000011 -0.000002 -0.421995 -0.000009 0.753400 -0.657563 0.000002 -0.000006 0.657563 0.753400 -0.000004 0.000000 0.000000 0.000000 1.000000
1.000000 0.000011 -0.000001 -0.421995 -0.000009 0.762627 -0.646838 0.000001 -0.000006 0.646838 0.762627 -0.000004 0.000000 0.000000 0.000000 1.000000
1.000000 0.000011 -0.000001 -0.421995 -0.000009 0.772370 -0.635172 0.000001 -0.000006 0.635172 0.772370 -0.000004 0.000000 0.000000 0.000000 1.000000</float_array><technique_common><accessor source="#jnt_left_armroll-Matrix-animation-output-transform-array" count="13" stride="16"><param type="float4x4"/></accessor></technique_common></source><source id="jnt_left_armroll-Interpolations"><Name_array id="jnt_left_armroll-Interpolations-array" count="13">
 LINEAR LINEAR LINEAR LINEAR LINEAR LINEAR LINEAR LINEAR LINEAR LINEAR LINEAR
LINEAR LINEAR</Name_array><technique_common><accessor source="#jnt_left_armroll-Interpolations-array" count="13"><param type="name"/></accessor></technique_common></source><sampler id="jnt_left_armroll-Matrix-animation-transform"><input semantic="INPUT" source="#jnt_left_armroll-Matrix-animation-input"/><input semantic="OUTPUT" source="#jnt_left_armroll-Matrix-animation-output-transform"/><input semantic="INTERPOLATION" source="#jnt_left_armroll-Interpolations"/></sampler><channel source="#jnt_left_armroll-Matrix-animation-transform" target="jnt_left_armroll/matrix"/></animation></animation>
    <animation id="jnt_left_forearm-anim" name="jnt_left_forearm"><animation><source id="jnt_left_forearm-Matrix-animation-input"><float_array id="jnt_left_forearm-Matrix-animation-input-array" count="13">

0.000000 0.033333 0.066667 0.100000 0.133333 0.166667 0.200000 0.233333 0.266667 0.300000 0.333333 0.366667 0.400000</float_array><technique_common><accessor source="#jnt_left_forearm-Matrix-animation-input-array" count="13"><param name="TIME" type="float"/></accessor></technique_common></source><source id="jnt_left_forearm-Matrix-animation-output-transform"><float_array id="jnt_left_forearm-Matrix-animation-output-transform-array" count="208">

0.592234 -0.802030 -0.077506 -0.843982 0.805580 0.591419 0.035563 0.000029 0.017316 -0.083499 0.996357 0.000015 0.000000 0.000000 0.000000 1.000000
0.593857 -0.800843 -0.077361 -0.843982 0.804384 0.593040 0.035642 -0.000013 0.017335 -0.083394 0.996366 -0.000003 0.000000 0.000000 0.000000 1.000000
0.596160 -0.799155 -0.077099 -0.843982 0.802679 0.595339 0.035757 -0.000001 0.017325 -0.083202 0.996382 0.000002 0.000000 0.000000 0.000000 1.000000
0.590051 -0.803632 -0.077560 -0.843982 0.807183 0.589236 0.035457 0.000032 0.017206 -0.083526 0.996357 0.000019 0.000000 0.000000 0.000000 1.000000
0.572226 -0.816277 -0.079058 -0.843982 0.819920 0.571434 0.034542 0.000016 0.016980 -0.084587 0.996271 0.000010 0.000000 0.000000 0.000000 1.000000
0.560366 -0.824372 -0.080007 -0.843982 0.828074 0.559591 0.033920 0.000015 0.016808 -0.085259 0.996217 0.000009 0.000000 0.000000 0.000000 1.000000
0.567023 -0.819865 -0.079411 -0.843981 0.823530 0.566233 0.034319 0.000005 0.016828 -0.084857 0.996251 0.000006 0.000000 0.000000 0.000000 1.000000
0.580590 -0.810428 -0.078236 -0.843982 0.814020 0.579776 0.035088 -0.000024 0.016924 -0.084058 0.996317 -0.000008 0.000000 0.000000 0.000000 1.000000
0.591727 -0.802429 -0.077244 -0.843982 0.805960 0.590892 0.035717 -0.000012 0.016983 -0.083390 0.996372 -0.000003 0.000000 0.000000 0.000000 1.000000
0.596028 -0.799275 -0.076876 -0.843982 0.802784 0.595183 0.035991 -0.000017 0.016989 -0.083166 0.996391 -0.000006 0.000000 0.000000 0.000000 1.000000
0.595173 -0.799903 -0.076977 -0.843981 0.803419 0.594325 0.036000 -0.000011 0.016953 -0.083271 0.996383 -0.000002 0.000000 0.000000 0.000000 1.000000
0.593119 -0.801408 -0.077170 -0.843982 0.804937 0.592271 0.035934 0.000024 0.016908 -0.083430 0.996370 0.000013 0.000000 0.000000 0.000000 1.000000
0.592230 -0.802057 -0.077259 -0.843982 0.805592 0.591382 0.035902 0.000028 0.016894 -0.083501 0.996364 0.000014 0.000000 0.000000 0.000000 1.000000</float_array><technique_common><accessor source="#jnt_left_forearm-Matrix-animation-output-transform-array" count="13" stride="16"><param type="float4x4"/></accessor></technique_common></source><source id="jnt_left_forearm-Interpolations"><Name_array id="jnt_left_forearm-Interpolations-array" count="13">
 LINEAR LINEAR LINEAR LINEAR LINEAR LINEAR LINEAR LINEAR LINEAR LINEAR LINEAR
LINEAR LINEAR</Name_array><technique_common><accessor source="#jnt_left_forearm-Interpolations-array" count="13"><param type="name"/></accessor></technique_common></source><sampler id="jnt_left_forearm-Matrix-animation-transform"><input semantic="INPUT" source="#jnt_left_forearm-Matrix-animation-input"/><input semantic="OUTPUT" source="#jnt_left_forearm-Matrix-animation-output-transform"/><input semantic="INTERPOLATION" source="#jnt_left_forearm-Interpolations"/></sampler><channel source="#jnt_left_forearm-Matrix-animation-transform" target="jnt_left_forearm/matrix"/></animation></animation>
    <animation id="jnt_left_forearmroll-anim" name="jnt_left_forearmroll"><animation><source id="jnt_left_forearmroll-Matrix-animation-input"><float_array id="jnt_left_forearmroll-Matrix-animation-input-array" count="13">

0.000000 0.033333 0.066667 0.100000 0.133333 0.166667 0.200000 0.233333 0.266667 0.300000 0.333333 0.366667 0.400000</float_array><technique_common><accessor source="#jnt_left_forearmroll-Matrix-animation-input-array" count="13"><param name="TIME" type="float"/></accessor></technique_common></source><source id="jnt_left_forearmroll-Matrix-animation-output-transform"><float_array id="jnt_left_forearmroll-Matrix-animation-output-transform-array" count="208">

1.000000 -0.000004 0.000000 -0.487002 0.000004 0.895792 0.444474 0.000000 -0.000002 -0.444474 0.895792 -0.000004 0.000000 0.000000 0.000000 1.000000
1.000000 -0.000004 0.000000 -0.487002 0.000003 0.920100 0.391684 0.000000 -0.000001 -0.391684 0.920100 -0.000004 0.000000 0.000000 0.000000 1.000000
1.000000 -0.000002 0.000001 -0.487002 0.000002 0.965924 0.258825 -0.000000 -0.000001 -0.258825 0.965924 -0.000004 0.000000 0.000000 0.000000 1.000000
