<?xml version="1.0" encoding="utf-8"?>
<COLLADA xmlns="http://www.collada.org/2005/11/COLLADASchema" version="1.4.1">
  <asset><contributor><author></author><authoring_tool>FBX COLLADA exporter</authoring_tool><comments></comments></contributor><created>2020-04-29T15:02:51Z</created><keywords></keywords><modified>2020-04-29T15:02:51Z</modified><revision></revision><subject></subject><title></title><unit meter="0.010000" name="centimeter"></unit><up_axis>Y_UP</up_axis></asset>
  <library_animations>
    <animation id="root_jnt-anim" name="root_jnt"><animation><source id="root_jnt-Matrix-animation-input"><float_array id="root_jnt-Matrix-animation-input-array" count="21">

0.000000 0.033333 0.066667 0.100000 0.133333 0.166667 0.200000 0.233333 0.266667 0.300000 0.333333 0.366667 0.400000 0.433333 0.466667 0.500000
0.533333 0.566667 0.600000 0.633333 0.666667</float_array><technique_common><accessor source="#root_jnt-Matrix-animation-input-array" count="21"><param name="TIME" type="float"/></accessor></technique_common></source><source id="root_jnt-Matrix-animation-output-transform"><float_array id="root_jnt-Matrix-animation-output-transform-array" count="336">

1.000000 0.000000 0.000000 0.000000 0.000000 1.000000 0.000000 0.000000 0.000000 0.000000 1.000000 0.000000 0.000000 0.000000 0.000000 1.000000
1.000000 0.000000 0.000000 0.000000 0.000000 1.000000 0.000000 0.000000 0.000000 0.000000 1.000000 0.000000 0.000000 0.000000 0.000000 1.000000
1.000000 0.000000 0.000000 0.000000 0.000000 1.000000 0.000000 0.000000 0.000000 0.000000 1.000000 0.000000 0.000000 0.000000 0.000000 1.000000
1.000000 0.000000 0.000000 0.000000 0.000000 1.000000 0.000000 0.000000 0.000000 0.000000 1.000000 0.000000 0.000000 0.000000 0.000000 1.000000
1.000000 0.000000 0.000000 0.000000 0.000000 1.000000 0.000000 0.000000 0.000000 0.000000 1.000000 0.000000 0.000000 0.000000 0.000000 1.000000
1.000000 0.000000 0.000000 0.000000 0.000000 1.000000 0.000000 0.000000 0.000000 0.000000 1.000000 0.000000 0.000000 0.000000 0.000000 1.000000
1.000000 0.000000 0.000000 0.000000 0.000000 1.000000 0.000000 0.000000 0.000000 0.000000 1.000000 0.000000 0.000000 0.000000 0.000000 1.000000
1.000000 0.000000 0.000000 0.000000 0.000000 1.000000 0.000000 0.000000 0.000000 0.000000 1.000000 0.000000 0.000000 0.000000 0.000000 1.000000
1.000000 0.000000 0.000000 0.000000 0.000000 1.000000 0.000000 0.000000 0.000000 0.000000 1.000000 0.000000 0.000000 0.000000 0.000000 1.000000
1.000000 0.000000 0.000000 0.000000 0.000000 1.000000 0.000000 0.000000 0.000000 0.000000 1.000000 0.000000 0.000000 0.000000 0.000000 1.000000
1.000000 0.000000 0.000000 0.000000 0.000000 1.000000 0.000000 0.000000 0.000000 0.000000 1.000000 0.000000 0.000000 0.000000 0.000000 1.000000
1.000000 0.000000 0.000000 0.000000 0.000000 1.000000 0.000000 0.000000 0.000000 0.000000 1.000000 0.000000 0.000000 0.000000 0.000000 1.000000
1.000000 0.000000 0.000000 0.000000 0.000000 1.000000 0.000000 0.000000 0.000000 0.000000 1.000000 0.000000 0.000000 0.000000 0.000000 1.000000
1.000000 0.000000 0.000000 0.000000 0.000000 1.000000 0.000000 0.000000 0.000000 0.000000 1.000000 0.000000 0.000000 0.000000 0.000000 1.000000
1.000000 0.000000 0.000000 0.000000 0.000000 1.000000 0.000000 0.000000 0.000000 0.000000 1.000000 0.000000 0.000000 0.000000 0.000000 1.000000
1.000000 0.000000 0.000000 0.000000 0.000000 1.000000 0.000000 0.000000 0.000000 0.000000 1.000000 0.000000 0.000000 0.000000 0.000000 1.000000
1.000000 0.000000 0.000000 0.000000 0.000000 1.000000 0.000000 0.000000 0.000000 0.000000 1.000000 0.000000 0.000000 0.000000 0.000000 1.000000
1.000000 0.000000 0.000000 0.000000 0.000000 1.000000 0.000000 0.000000 0.000000 0.000000 1.000000 0.000000 0.000000 0.000000 0.000000 1.000000
1.000000 0.000000 0.000000 0.000000 0.000000 1.000000 0.000000 0.000000 0.000000 0.000000 1.000000 0.000000 0.000000 0.000000 0.000000 1.000000
1.000000 0.000000 0.000000 0.000000 0.000000 1.000000 0.000000 0.000000 0.000000 0.000000 1.000000 0.000000 0.000000 0.000000 0.000000 1.000000
1.000000 0.000000 0.000000 0.000000 0.000000 1.000000 0.000000 0.000000 0.000000 0.000000 1.000000 0.000000 0.000000 0.000000 0.000000 1.000000</float_array><technique_common><accessor source="#root_jnt-Matrix-animation-output-transform-array" count="21" stride="16"><param type="float4x4"/></accessor></technique_common></source><source id="root_jnt-Interpolations"><Name_array id="root_jnt-Interpolations-array" count="21">
 LINEAR LINEAR LINEAR LINEAR LINEAR LINEAR LINEAR LINEAR LINEAR LINEAR LINEAR
LINEAR LINEAR LINEAR LINEAR LINEAR LINEAR LINEAR LINEAR LINEAR LINEAR</Name_array><technique_common><accessor source="#root_jnt-Interpolations-array" count="21"><param type="name"/></accessor></technique_common></source><sampler id="root_jnt-Matrix-animation-transform"><input semantic="INPUT" source="#root_jnt-Matrix-animation-input"/><input semantic="OUTPUT" source="#root_jnt-Matrix-animation-output-transform"/><input semantic="INTERPOLATION" source="#root_jnt-Interpolations"/></sampler><channel source="#root_jnt-Matrix-animation-transform" target="root_jnt/matrix"/></animation></animation>
    <animation id="jnt_hips-anim" name="jnt_hips"><animation><source id="jnt_hips-Matrix-animation-input"><float_array id="jnt_hips-Matrix-animation-input-array" count="21">

0.000000 0.033333 0.066667 0.100000 0.133333 0.166667 0.200000 0.233333 0.266667 0.300000 0.333333 0.366667 0.400000 0.433333 0.466667 0.500000
0.533333 0.566667 0.600000 0.633333 0.666667</float_array><technique_common><accessor source="#jnt_hips-Matrix-animation-input-array" count="21"><param name="TIME" type="float"/></accessor></technique_common></source><source id="jnt_hips-Matrix-animation-output-transform"><float_array id="jnt_hips-Matrix-animation-output-transform-array" count="336">

0.961463 0.055178 -0.269342 -0.011449 -0.002571 0.981416 0.191875 2.028563 0.274923 -0.183788 0.943737 -0.270758 0.000000 0.000000 0.000000 1.000000
0.975578 0.042997 -0.215402 -0.014296 -0.009729 0.988150 0.153185 1.786839 0.219436 -0.147348 0.964436 -0.271213 0.000000 0.000000 0.000000 1.000000
0.977239 0.026766 -0.210444 -0.010502 -0.007606 0.995791 0.091332 1.363054 0.212003 -0.087652 0.973330 -0.288957 0.000000 0.000000 0.000000 1.000000
0.990493 0.022866 -0.135647 -0.015995 -0.013900 0.997678 0.066681 1.094086 0.136857 -0.064161 0.988511 -0.280331 0.000000 0.000000 0.000000 1.000000
0.950442 -0.016418 -0.310468 0.014300 -0.025219 0.991243 -0.129620 1.106719 0.309877 0.131026 0.941705 -0.388401 0.000000 0.000000 0.000000 1.000000
0.950838 -0.021015 -0.308975 0.009956 -0.026655 0.988439 -0.149257 1.144401 0.308539 0.150155 0.939285 -0.404979 0.000000 0.000000 0.000000 1.000000
0.955047 -0.018278 -0.295891 0.004466 -0.022351 0.990818 -0.133345 1.181592 0.295612 0.133964 0.945869 -0.414298 0.000000 0.000000 0.000000 1.000000
0.955036 -0.011167 -0.296281 0.000140 -0.030377 0.990347 -0.135244 1.227687 0.294931 0.138163 0.945477 -0.413114 0.000000 0.000000 0.000000 1.000000
0.954338 -0.007320 -0.298639 -0.004293 -0.040928 0.987068 -0.154986 1.271938 0.295911 0.160132 0.941698 -0.402830 0.000000 0.000000 0.000000 1.000000
0.957009 -0.002541 -0.290047 -0.005932 -0.062144 0.974946 -0.213584 1.316721 0.283323 0.222426 0.932874 -0.369909 0.000000 0.000000 0.000000 1.000000
0.973414 0.011130 -0.228784 0.000615 -0.091147 0.935154 -0.342314 1.317176 0.210138 0.354066 0.911306 -0.291199 0.000000 0.000000 0.000000 1.000000
0.929111 -0.015370 -0.369482 -0.024888 -0.008538 0.997978 -0.062985 1.511054 0.369703 0.061675 0.927101 -0.457280 0.000000 0.000000 0.000000 1.000000
0.922107 -0.014109 -0.386678 -0.029185 -0.008016 0.998424 -0.055546 1.576798 0.386852 0.054319 0.920541 -0.459582 0.000000 0.000000 0.000000 1.000000
0.931612 -0.014935 -0.363147 -0.028445 -0.001333 0.999008 -0.044504 1.635392 0.363451 0.041944 0.930669 -0.456309 0.000000 0.000000 0.000000 1.000000
0.953776 -0.017113 -0.300031 -0.026497 0.008040 0.999473 -0.031450 1.701438 0.300411 0.027584 0.953411 -0.447679 0.000000 0.000000 0.000000 1.000000
0.977797 -0.020193 -0.208580 -0.023741 0.017168 0.999720 -0.016301 1.770232 0.208851 0.012358 0.977869 -0.435478 0.000000 0.000000 0.000000 1.000000
0.994551 -0.023723 -0.101513 -0.020582 0.023865 0.999715 0.000188 1.837069 0.101480 -0.002610 0.994834 -0.421492 0.000000 0.000000 0.000000 1.000000
0.999606 -0.027252 0.006729 -0.017424 0.027139 0.999497 0.016386 1.897242 -0.007172 -0.016197 0.999843 -0.407506 0.000000 0.000000 0.000000 1.000000
0.994412 -0.030331 0.101117 -0.014668 0.027403 0.999167 0.030223 1.946050 -0.101949 -0.027283 0.994415 -0.395305 0.000000 0.000000 0.000000 1.000000
0.985358 -0.032509 0.167371 -0.012719 0.026208 0.998867 0.039720 1.978785 -0.168472 -0.034752 0.985094 -0.386675 0.000000 0.000000 0.000000 1.000000
0.980766 -0.033335 0.192319 -0.011980 0.025471 0.998741 0.043219 1.990742 -0.193517 -0.037490 0.980380 -0.383402 0.000000 0.000000 0.000000 1.000000</float_array><technique_common><accessor source="#jnt_hips-Matrix-animation-output-transform-array" count="21" stride="16"><param type="float4x4"/></accessor></technique_common></source><source id="jnt_hips-Interpolations"><Name_array id="jnt_hips-Interpolations-array" count="21">
 LINEAR LINEAR LINEAR LINEAR LINEAR LINEAR LINEAR LINEAR LINEAR LINEAR LINEAR
LINEAR LINEAR LINEAR LINEAR LINEAR LINEAR LINEAR LINEAR LINEAR LINEAR</Name_array><technique_common><accessor source="#jnt_hips-Interpolations-array" count="21"><param type="name"/></accessor></technique_common></source><sampler id="jnt_hips-Matrix-animation-transform"><input semantic="INPUT" source="#jnt_hips-Matrix-animation-input"/><input semantic="OUTPUT" source="#jnt_hips-Matrix-animation-output-transform"/><input semantic="INTERPOLATION" source="#jnt_hips-Interpolations"/></sampler><channel source="#jnt_hips-Matrix-animation-transform" target="jnt_hips/matrix"/></animation></animation>
    <animation id="jnt_spine1-anim" name="jnt_spine1"><animation><source id="jnt_spine1-Matrix-animation-input"><float_array id="jnt_spine1-Matrix-animation-input-array" count="21">

0.000000 0.033333 0.066667 0.100000 0.133333 0.166667 0.200000 0.233333 0.266667 0.300000 0.333333 0.366667 0.400000 0.433333 0.466667 0.500000
0.533333 0.566667 0.600000 0.633333 0.666667</float_array><technique_common><accessor source="#jnt_spine1-Matrix-animation-input-array" count="21"><param name="TIME" type="float"/></accessor></technique_common></source><source id="jnt_spine1-Matrix-animation-output-transform"><float_array id="jnt_spine1-Matrix-animation-output-transform-array" count="336">

0.092424 0.078307 0.992636 -0.000000 0.925792 -0.373755 -0.056716 0.212132 0.366561 0.924216 -0.107040 0.023482 0.000000 0.000000 0.000000 1.000000
0.091739 0.078292 0.992701 0.000000 0.926738 -0.371460 -0.056347 0.212132 0.364337 0.925142 -0.106633 0.023482 0.000000 0.000000 0.000000 1.000000
0.089777 0.078250 0.992883 0.000000 0.929412 -0.364880 -0.055282 0.212132 0.357957 0.927761 -0.105484 0.023482 0.000000 0.000000 0.000000 1.000000
0.086680 0.078183 0.993164 0.000000 0.933537 -0.354456 -0.053573 0.212132 0.347845 0.931798 -0.103711 0.023482 0.000000 0.000000 0.000000 1.000000
0.082588 0.078093 0.993519 -0.000000 0.938801 -0.340624 -0.051266 0.212132 0.334413 0.936951 -0.101445 0.023482 0.000000 0.000000 0.000000 1.000000
0.077644 0.077982 0.993927 -0.000000 0.944881 -0.323815 -0.048407 0.212132 0.318074 0.942901 -0.098826 0.023482 0.000000 0.000000 0.000000 1.000000
0.071987 0.077853 0.994362 0.000000 0.951457 -0.304468 -0.045043 0.212132 0.299245 0.949336 -0.095992 0.023482 0.000000 0.000000 0.000000 1.000000
0.065760 0.077708 0.994805 -0.000000 0.958223 -0.283033 -0.041233 0.212132 0.278359 0.955957 -0.093074 0.023482 0.000000 0.000000 0.000000 1.000000
0.059104 0.077550 0.995235 -0.000000 0.964905 -0.259974 -0.037045 0.212132 0.255863 0.962496 -0.090194 0.023482 0.000000 0.000000 0.000000 1.000000
0.052160 0.077381 0.995636 -0.000000 0.971263 -0.235773 -0.032559 0.212132 0.232225 0.968723 -0.087455 0.023482 0.000000 0.000000 0.000000 1.000000
0.045072 0.077204 0.995996 -0.000000 0.977105 -0.210925 -0.027867 0.212132 0.207929 0.974449 -0.084944 0.023482 0.000000 0.000000 0.000000 1.000000
0.037981 0.077024 0.996306 0.000000 0.982290 -0.185942 -0.023072 0.212132 0.183478 0.979537 -0.082722 0.023482 0.000000 0.000000 0.000000 1.000000
0.031032 0.076843 0.996560 0.000000 0.986729 -0.161343 -0.018285 0.212132 0.159383 0.983902 -0.080830 0.023482 0.000000 0.000000 0.000000 1.000000
0.024365 0.076666 0.996759 -0.000000 0.990386 -0.137659 -0.013621 0.212132 0.136169 0.987508 -0.079283 0.023482 0.000000 0.000000 0.000000 1.000000
0.018124 0.076498 0.996905 -0.000000 0.993274 -0.115422 -0.009201 0.212132 0.114361 0.990367 -0.078075 0.023482 0.000000 0.000000 0.000000 1.000000
0.012452 0.076342 0.997004 -0.000000 0.995448 -0.095164 -0.005146 0.212132 0.094486 0.992530 -0.077180 0.023482 0.000000 0.000000 0.000000 1.000000
0.007492 0.076204 0.997064 -0.000000 0.996998 -0.077417 -0.001575 0.212132 0.077069 0.994082 -0.076555 0.023482 0.000000 0.000000 0.000000 1.000000
0.003386 0.076088 0.997095 -0.000000 0.998031 -0.062709 0.001396 0.212132 0.062633 0.995127 -0.076150 0.023482 0.000000 0.000000 0.000000 1.000000
0.000277 0.075999 0.997108 -0.000000 0.998663 -0.051562 0.003653 0.212132 0.051691 0.995774 -0.075912 0.023482 0.000000 0.000000 0.000000 1.000000
-0.001693 0.075943 0.997111 0.000000 0.998997 -0.044497 0.005086 0.212132 0.044755 0.996119 -0.075791 0.023482 0.000000 0.000000 0.000000 1.000000
-0.002382 0.075923 0.997111 -0.000000 0.999101 -0.042028 0.005586 0.212132 0.042331 0.996228 -0.075754 0.023482 0.000000 0.000000 0.000000 1.000000</float_array><technique_common><accessor source="#jnt_spine1-Matrix-animation-output-transform-array" count="21" stride="16"><param type="float4x4"/></accessor></technique_common></source><source id="jnt_spine1-Interpolations"><Name_array id="jnt_spine1-Interpolations-array" count="21">
 LINEAR LINEAR LINEAR LINEAR LINEAR LINEAR LINEAR LINEAR LINEAR LINEAR LINEAR
LINEAR LINEAR LINEAR LINEAR LINEAR LINEAR LINEAR LINEAR LINEAR LINEAR</Name_array><technique_common><accessor source="#jnt_spine1-Interpolations-array" count="21"><param type="name"/></accessor></technique_common></source><sampler id="jnt_spine1-Matrix-animation-transform"><input semantic="INPUT" source="#jnt_spine1-Matrix-animation-input"/><input semantic="OUTPUT" source="#jnt_spine1-Matrix-animation-output-transform"/><input semantic="INTERPOLATION" source="#jnt_spine1-Interpolations"/></sampler><channel source="#jnt_spine1-Matrix-animation-transform" target="jnt_spine1/matrix"/></animation></animation>
    <animation id="jnt_spine2-anim" name="jnt_spine2"><animation><source id="jnt_spine2-Matrix-animation-input"><float_array id="jnt_spine2-Matrix-animation-input-array" count="21">

0.000000 0.033333 0.066667 0.100000 0.133333 0.166667 0.200000 0.233333 0.266667 0.300000 0.333333 0.366667 0.400000 0.433333 0.466667 0.500000
0.533333 0.566667 0.600000 0.633333 0.666667</float_array><technique_common><accessor source="#jnt_spine2-Matrix-animation-input-array" count="21"><param name="TIME" type="float"/></accessor></technique_common></source><source id="jnt_spine2-Matrix-animation-output-transform"><float_array id="jnt_spine2-Matrix-animation-output-transform-array" count="336">

0.962192 -0.264037 0.066873 0.426849 0.271799 0.914827 -0.298692 -0.000000 0.017689 0.305575 0.952004 0.000000 0.000000 0.000000 0.000000 1.000000
0.962768 -0.261994 0.066603 0.426849 0.269775 0.915440 -0.298650 -0.000000 0.017273 0.305498 0.952036 -0.000000 0.000000 0.000000 0.000000 1.000000
0.964395 -0.256142 0.065833 0.426848 0.263977 0.917168 -0.298529 0.000000 0.016086 0.305278 0.952127 -0.000000 0.000000 0.000000 0.000000 1.000000
0.966888 -0.246883 0.064626 0.426848 0.254805 0.919819 -0.298342 -0.000000 0.014211 0.304930 0.952269 -0.000000 0.000000 0.000000 0.000000 1.000000
0.970042 -0.234615 0.063047 0.426849 0.242655 0.923176 -0.298101 0.000000 0.011736 0.304469 0.952450 0.000000 0.000000 0.000000 0.000000 1.000000
0.973640 -0.219738 0.061161 0.426848 0.227923 0.927014 -0.297820 -0.000000 0.008745 0.303909 0.952661 -0.000000 0.000000 0.000000 0.000000 1.000000
0.977470 -0.202653 0.059034 0.426848 0.211009 0.931108 -0.297512 0.000000 0.005325 0.303266 0.952891 -0.000000 0.000000 0.000000 0.000000 1.000000
0.981331 -0.183770 0.056727 0.426848 0.192320 0.935249 -0.297192 0.000000 0.001561 0.302553 0.953131 -0.000000 0.000000 0.000000 0.000000 1.000000
0.985046 -0.163508 0.054300 0.426848 0.172271 0.939250 -0.296872 -0.000000 -0.002460 0.301787 0.953372 -0.000000 0.000000 0.000000 0.000000 1.000000
0.988467 -0.142296 0.051808 0.426848 0.151288 0.942954 -0.296564 0.000000 -0.006653 0.300982 0.953607 -0.000000 0.000000 0.000000 0.000000 1.000000
0.991480 -0.120570 0.049305 0.426849 0.129803 0.946240 -0.296280 0.000000 -0.010932 0.300156 0.953828 0.000000 0.000000 0.000000 0.000000 1.000000
0.994007 -0.098777 0.046838 0.426849 0.108256 0.949025 -0.296027 0.000000 -0.015210 0.299323 0.954030 0.000000 0.000000 0.000000 0.000000 1.000000
0.996011 -0.077365 0.044455 0.426849 0.087093 0.951268 -0.295811 -0.000000 -0.019403 0.298502 0.954212 -0.000000 0.000000 0.000000 0.000000 1.000000
0.997494 -0.056790 0.042197 0.426849 0.066761 0.952966 -0.295634 0.000000 -0.023423 0.297710 0.954369 -0.000000 0.000000 0.000000 0.000000 1.000000
0.998491 -0.037505 0.040107 0.426848 0.047709 0.954152 -0.295497 -0.000000 -0.027185 0.296964 0.954502 -0.000000 0.000000 0.000000 0.000000 1.000000
0.999070 -0.019963 0.038226 0.426849 0.030383 0.954892 -0.295396 0.000000 -0.030604 0.296283 0.954610 -0.000000 0.000000 0.000000 0.000000 1.000000
0.999320 -0.004616 0.036593 0.426848 0.015227 0.955275 -0.295328 0.000000 -0.033594 0.295684 0.954695 -0.000000 0.000000 0.000000 0.000000 1.000000
0.999346 0.008091 0.035251 0.426849 0.002681 0.955405 -0.295285 0.000000 -0.036068 0.295186 0.954759 0.000000 0.000000 0.000000 0.000000 1.000000
0.999257 0.017713 0.034239 0.426848 -0.006819 0.955392 -0.295261 -0.000000 -0.037941 0.294808 0.954803 -0.000000 0.000000 0.000000 0.000000 1.000000
0.999152 0.023809 0.033599 0.426849 -0.012836 0.955334 -0.295250 0.000000 -0.039128 0.294568 0.954829 0.000000 0.000000 0.000000 0.000000 1.000000
0.999106 0.025939 0.033376 0.426848 -0.014939 0.955304 -0.295247 -0.000000 -0.039543 0.294484 0.954838 -0.000000 0.000000 0.000000 0.000000 1.000000</float_array><technique_common><accessor source="#jnt_spine2-Matrix-animation-output-transform-array" count="21" stride="16"><param type="float4x4"/></accessor></technique_common></source><source id="jnt_spine2-Interpolations"><Name_array id="jnt_spine2-Interpolations-array" count="21">
 LINEAR LINEAR LINEAR LINEAR LINEAR LINEAR LINEAR LINEAR LINEAR LINEAR LINEAR
LINEAR LINEAR LINEAR LINEAR LINEAR LINEAR LINEAR LINEAR LINEAR LINEAR</Name_array><technique_common><accessor source="#jnt_spine2-Interpolations-array" count="21"><param type="name"/></accessor></technique_common></source><sampler id="jnt_spine2-Matrix-animation-transform"><input semantic="INPUT" source="#jnt_spine2-Matrix-animation-input"/><input semantic="OUTPUT" source="#jnt_spine2-Matrix-animation-output-transform"/><input semantic="INTERPOLATION" source="#jnt_spine2-Interpolations"/></sampler><channel source="#jnt_spine2-Matrix-animation-transform" target="jnt_spine2/matrix"/></animation></animation>
    <animation id="jnt_spine3-anim" name="jnt_spine3"><animation><source id="jnt_spine3-Matrix-animation-input"><float_array id="jnt_spine3-Matrix-animation-input-array" count="21">

0.000000 0.033333 0.066667 0.100000 0.133333 0.166667 0.200000 0.233333 0.266667 0.300000 0.333333 0.366667 0.400000 0.433333 0.466667 0.500000
0.533333 0.566667 0.600000 0.633333 0.666667</float_array><technique_common><accessor source="#jnt_spine3-Matrix-animation-input-array" count="21"><param name="TIME" type="float"/></accessor></technique_common></source><source id="jnt_spine3-Matrix-animation-output-transform"><float_array id="jnt_spine3-Matrix-animation-output-transform-array" count="336">

0.961004 -0.226746 0.158297 0.555067 0.263221 0.925518 -0.272269 -0.000000 -0.084771 0.303319 0.949111 -0.000000 0.000000 0.000000 0.000000 1.000000
0.961584 -0.224856 0.157468 0.555067 0.261175 0.926004 -0.272589 0.000000 -0.084523 0.303244 0.949157 -0.000000 0.000000 0.000000 0.000000 1.000000
0.963219 -0.219441 0.155094 0.555067 0.255311 0.927372 -0.273492 0.000000 -0.083814 0.303030 0.949288 -0.000000 0.000000 0.000000 0.000000 1.000000
0.965727 -0.210878 0.151334 0.555067 0.246035 0.929467 -0.274879 0.000000 -0.082694 0.302691 0.949494 -0.000000 0.000000 0.000000 0.000000 1.000000
0.968900 -0.199537 0.146351 0.555067 0.233746 0.932113 -0.276638 -0.000000 -0.081216 0.302243 0.949765 -0.000000 0.000000 0.000000 0.000000 1.000000
0.972521 -0.185789 0.140303 0.555067 0.218845 0.935125 -0.278654 -0.000000 -0.079430 0.301702 0.950088 -0.000000 0.000000 0.000000 0.000000 1.000000
0.976378 -0.170009 0.133352 0.555067 0.201736 0.938322 -0.280812 -0.000000 -0.077386 0.301081 0.950454 0.000000 0.000000 0.000000 0.000000 1.000000
0.980269 -0.152578 0.125665 0.555067 0.182828 0.941532 -0.283004 -0.000000 -0.075138 0.300395 0.950851 -0.000000 0.000000 0.000000 0.000000 1.000000
0.984017 -0.133882 0.117413 0.555067 0.162542 0.944605 -0.285134 -0.000000 -0.072735 0.299661 0.951269 0.000000 0.000000 0.000000 0.000000 1.000000
0.987472 -0.114316 0.108771 0.555067 0.141305 0.947415 -0.287121 -0.000000 -0.070229 0.298894 0.951699 -0.000000 0.000000 0.000000 0.000000 1.000000
0.990518 -0.094284 0.099919 0.555067 0.119557 0.949864 -0.288901 0.000000 -0.067671 0.298108 0.952130 -0.000000 0.000000 0.000000 0.000000 1.000000
0.993079 -0.074194 0.091040 0.555067 0.097742 0.951891 -0.290432 -0.000000 -0.065112 0.297321 0.952555 0.000000 0.000000 0.000000 0.000000 1.000000
0.995117 -0.054460 0.082321 0.555067 0.076310 0.953464 -0.291689 -0.000000 -0.062604 0.296546 0.952964 0.000000 0.000000 0.000000 0.000000 1.000000
0.996630 -0.035497 0.073946 0.555067 0.055715 0.954589 -0.292669 0.000000 -0.060199 0.295802 0.953350 -0.000000 0.000000 0.000000 0.000000 1.000000
0.997655 -0.017724 0.066102 0.555067 0.036411 0.955301 -0.293385 0.000000 -0.057948 0.295104 0.953706 -0.000000 0.000000 0.000000 0.000000 1.000000
0.998258 -0.001556 0.058973 0.555067 0.018851 0.955660 -0.293868 -0.000000 -0.055901 0.294468 0.954025 -0.000000 0.000000 0.000000 0.000000 1.000000
0.998529 0.012591 0.052742 0.555067 0.003486 0.955750 -0.294159 -0.000000 -0.054111 0.293910 0.954300 -0.000000 0.000000 0.000000 0.000000 1.000000
0.998571 0.024305 0.047586 0.555067 -0.009236 0.955666 -0.294308 -0.000000 -0.052630 0.293448 0.954525 -0.000000 0.000000 0.000000 0.000000 1.000000
0.998494 0.033176 0.043686 0.555067 -0.018869 0.955507 -0.294365 -0.000000 -0.051508 0.293098 0.954694 -0.000000 0.000000 0.000000 0.000000 1.000000
0.998397 0.038797 0.041215 0.555067 -0.024973 0.955363 -0.294376 -0.000000 -0.050797 0.292875 0.954800 -0.000000 0.000000 0.000000 0.000000 1.000000
0.998354 0.040761 0.040353 0.555067 -0.027105 0.955305 -0.294376 -0.000000 -0.050548 0.292797 0.954837 -0.000000 0.000000 0.000000 0.000000 1.000000</float_array><technique_common><accessor source="#jnt_spine3-Matrix-animation-output-transform-array" count="21" stride="16"><param type="float4x4"/></accessor></technique_common></source><source id="jnt_spine3-Interpolations"><Name_array id="jnt_spine3-Interpolations-array" count="21">
 LINEAR LINEAR LINEAR LINEAR LINEAR LINEAR LINEAR LINEAR LINEAR LINEAR LINEAR
LINEAR LINEAR LINEAR LINEAR LINEAR LINEAR LINEAR LINEAR LINEAR LINEAR</Name_array><technique_common><accessor source="#jnt_spine3-Interpolations-array" count="21"><param type="name"/></accessor></technique_common></source><sampler id="jnt_spine3-Matrix-animation-transform"><input semantic="INPUT" source="#jnt_spine3-Matrix-animation-input"/><input semantic="OUTPUT" source="#jnt_spine3-Matrix-animation-output-transform"/><input semantic="INTERPOLATION" source="#jnt_spine3-Interpolations"/></sampler><channel source="#jnt_spine3-Matrix-animation-transform" target="jnt_spine3/matrix"/></animation></animation>
    <animation id="jnt_neck-anim" name="jnt_neck"><animation><source id="jnt_neck-Matrix-animation-input"><float_array id="jnt_neck-Matrix-animation-input-array" count="21">

0.000000 0.033333 0.066667 0.100000 0.133333 0.166667 0.200000 0.233333 0.266667 0.300000 0.333333 0.366667 0.400000 0.433333 0.466667 0.500000
0.533333 0.566667 0.600000 0.633333 0.666667</float_array><technique_common><accessor source="#jnt_neck-Matrix-animation-input-array" count="21"><param name="TIME" type="float"/></accessor></technique_common></source><source id="jnt_neck-Matrix-animation-output-transform"><float_array id="jnt_neck-Matrix-animation-output-transform-array" count="336">

0.945138 -0.311155 -0.099487 0.867450 0.322223 0.837890 0.440582 0.171570 -0.053730 -0.448467 0.892183 -0.000000 0.000000 0.000000 0.000000 1.000000
0.945300 -0.310614 -0.099631 0.867453 0.321744 0.837506 0.441660 0.171574 -0.053744 -0.449557 0.891633 -0.000000 0.000000 0.000000 0.000000 1.000000
0.945590 -0.309531 -0.100247 0.867458 0.320873 0.836192 0.444774 0.171572 -0.053846 -0.452741 0.890015 0.000001 0.000000 0.000000 0.000000 1.000000
0.945737 -0.308643 -0.101593 0.867459 0.320397 0.833717 0.449735 0.171572 -0.054108 -0.457881 0.887365 0.000001 0.000000 0.000000 0.000000 1.000000
0.911859 -0.397267 -0.103403 0.867450 0.397347 0.790911 0.465376 0.171570 -0.103096 -0.465444 0.879052 0.000000 0.000000 0.000000 0.000000 1.000000
0.869674 -0.481038 -0.110768 0.867450 0.469752 0.737566 0.485108 0.171570 -0.151657 -0.473919 0.867410 0.000000 0.000000 0.000000 0.000000 1.000000
0.874926 -0.469927 -0.116929 0.867457 0.461988 0.737617 0.492430 0.171567 -0.145158 -0.484860 0.862462 0.000002 0.000000 0.000000 0.000000 1.000000
0.888296 -0.442337 -0.123567 0.867450 0.441086 0.746703 0.497874 0.171570 -0.127960 -0.496763 0.858401 0.000000 0.000000 0.000000 0.000000 1.000000
0.905862 -0.403048 -0.130256 0.867458 0.410708 0.760572 0.502840 0.171572 -0.103599 -0.509001 0.854509 0.000001 0.000000 0.000000 0.000000 1.000000
0.924035 -0.357056 -0.136644 0.867451 0.374762 0.775293 0.508404 0.171569 -0.075590 -0.520992 0.850208 0.000000 0.000000 0.000000 0.000000 1.000000
0.940039 -0.309944 -0.142339 0.867450 0.337739 0.787781 0.515105 0.171570 -0.047522 -0.532292 0.845226 0.000000 0.000000 0.000000 0.000000 1.000000
0.952171 -0.267866 -0.147029 0.867453 0.304697 0.796099 0.522864 0.171569 -0.023007 -0.542655 0.839640 0.000000 0.000000 0.000000 0.000000 1.000000
0.959705 -0.237266 -0.150567 0.867462 0.280951 0.799361 0.531120 0.171573 -0.005659 -0.552021 0.833811 0.000000 0.000000 0.000000 0.000000 1.000000
0.962332 -0.224671 -0.153100 0.867456 0.271875 0.797153 0.539102 0.171572 0.000923 -0.560419 0.828209 0.000000 0.000000 0.000000 0.000000 1.000000
0.962010 -0.225952 -0.153242 0.867450 0.273004 0.791097 0.547389 0.171570 -0.002454 -0.568429 0.822728 0.000000 0.000000 0.000000 0.000000 1.000000
0.961119 -0.231675 -0.150258 0.867455 0.275909 0.783702 0.556494 0.171572 -0.011169 -0.576314 0.817152 -0.000000 0.000000 0.000000 0.000000 1.000000
0.959769 -0.240209 -0.145408 0.867462 0.279841 0.775706 0.565658 0.171573 -0.023082 -0.583592 0.811719 0.000000 0.000000 0.000000 0.000000 1.000000
0.958124 -0.249872 -0.139863 0.867464 0.284073 0.767900 0.574136 0.171573 -0.036060 -0.589825 0.806726 0.000000 0.000000 0.000000 0.000000 1.000000
0.956459 -0.258930 -0.134690 0.867461 0.287899 0.761157 0.581166 0.171572 -0.047961 -0.594639 0.802561 0.000000 0.000000 0.000000 0.000000 1.000000
0.955146 -0.265644 -0.130881 0.867452 0.290665 0.756408 0.585970 0.171571 -0.056660 -0.597729 0.799694 -0.000000 0.000000 0.000000 0.000000 1.000000
0.954614 -0.268270 -0.129393 0.867452 0.291732 0.754615 0.587749 0.171571 -0.060034 -0.598822 0.798629 -0.000001 0.000000 0.000000 0.000000 1.000000</float_array><technique_common><accessor source="#jnt_neck-Matrix-animation-output-transform-array" count="21" stride="16"><param type="float4x4"/></accessor></technique_common></source><source id="jnt_neck-Interpolations"><Name_array id="jnt_neck-Interpolations-array" count="21">
 LINEAR LINEAR LINEAR LINEAR LINEAR LINEAR LINEAR LINEAR LINEAR LINEAR LINEAR
LINEAR LINEAR LINEAR LINEAR LINEAR LINEAR LINEAR LINEAR LINEAR LINEAR</Name_array><technique_common><accessor source="#jnt_neck-Interpolations-array" count="21"><param type="name"/></accessor></technique_common></source><sampler id="jnt_neck-Matrix-animation-transform"><input semantic="INPUT" source="#jnt_neck-Matrix-animation-input"/><input semantic="OUTPUT" source="#jnt_neck-Matrix-animation-output-transform"/><input semantic="INTERPOLATION" source="#jnt_neck-Interpolations"/></sampler><channel source="#jnt_neck-Matrix-animation-transform" target="jnt_neck/matrix"/></animation></animation>
    <animation id="jnt_head-anim" name="jnt_head"><animation><source id="jnt_head-Matrix-animation-input"><float_array id="jnt_head-Matrix-animation-input-array" count="21">

0.000000 0.033333 0.066667 0.100000 0.133333 0.166667 0.200000 0.233333 0.266667 0.300000 0.333333 0.366667 0.400000 0.433333 0.466667 0.500000
0.533333 0.566667 0.600000 0.633333 0.666667</float_array><technique_common><accessor source="#jnt_head-Matrix-animation-input-array" count="21"><param name="TIME" type="float"/></accessor></technique_common></source><source id="jnt_head-Matrix-animation-output-transform"><float_array id="jnt_head-Matrix-animation-output-transform-array" count="336">

0.980878 0.144023 -0.130901 0.273591 -0.148199 0.988697 -0.022689 0.000001 0.126153 0.041654 0.991136 -0.000000 0.000000 0.000000 0.000000 1.000000
0.980970 0.144134 -0.130092 0.273591 -0.148167 0.988722 -0.021821 0.000000 0.125479 0.040681 0.991262 0.000000 0.000000 0.000000 0.000000 1.000000
0.981266 0.144452 -0.127479 0.273592 -0.147893 0.988841 -0.017906 0.000001 0.123470 0.036423 0.991680 0.000000 0.000000 0.000000 0.000000 1.000000
0.981797 0.144910 -0.122785 0.273592 -0.147107 0.989080 -0.008971 0.000000 0.120144 0.026870 0.992393 0.000000 0.000000 0.000000 0.000000 1.000000
0.992428 0.047244 -0.113383 0.273591 -0.047276 0.998879 0.002403 0.000000 0.113369 0.002975 0.993548 -0.000000 0.000000 0.000000 0.000000 1.000000
0.992948 -0.050442 -0.107287 0.273591 0.052589 0.998467 0.017273 0.000000 0.106251 -0.022794 0.994078 -0.000000 0.000000 0.000000 0.000000 1.000000
0.993913 -0.038129 -0.103359 0.273592 0.041947 0.998506 0.035020 0.000000 0.101869 -0.039142 0.994027 -0.000000 0.000000 0.000000 0.000000 1.000000
0.995098 -0.008448 -0.098533 0.273591 0.013814 0.998451 0.053901 0.000000 0.097925 -0.054998 0.993673 -0.000000 0.000000 0.000000 0.000000 1.000000
0.995210 0.032715 -0.092127 0.273591 -0.026008 0.996986 0.073088 0.000001 0.094240 -0.070342 0.993061 0.000000 0.000000 0.000000 0.000000 1.000000
0.993304 0.079394 -0.083923 0.273591 -0.071631 0.993199 0.091784 0.000000 0.090639 -0.085158 0.992236 -0.000000 0.000000 0.000000 0.000000 1.000000
0.989303 0.125610 -0.074173 0.273591 -0.117134 0.987085 0.109287 -0.000000 0.086943 -0.099430 0.991239 -0.000000 0.000000 0.000000 0.000000 1.000000
0.984161 0.165492 -0.063565 0.273592 -0.156663 0.979699 0.125085 0.000001 0.082975 -0.113146 0.990108 0.000000 0.000000 0.000000 0.000000 1.000000
0.979686 0.193373 -0.053130 0.273592 -0.184513 0.972963 0.138917 0.000000 0.078557 -0.126291 0.988878 -0.000000 0.000000 0.000000 0.000000 1.000000
0.978026 0.203754 -0.044151 0.273592 -0.195093 0.969125 0.150782 0.000000 0.073510 -0.138856 0.987581 -0.000000 0.000000 0.000000 0.000000 1.000000
0.979209 0.199694 -0.035659 0.273591 -0.191525 0.968052 0.161844 0.000000 0.066839 -0.151649 0.986172 0.000000 0.000000 0.000000 0.000000 1.000000
0.981534 0.189452 -0.026445 0.273592 -0.182171 0.967945 0.172903 -0.000000 0.058354 -0.164893 0.984584 -0.000000 0.000000 0.000000 0.000000 1.000000
0.984342 0.175405 -0.017449 0.273592 -0.169298 0.968328 0.183519 -0.000000 0.049087 -0.177692 0.982861 -0.000000 0.000000 0.000000 0.000000 1.000000
0.987069 0.160014 -0.009466 0.273594 -0.155203 0.968821 0.193126 -0.000000 0.040073 -0.189159 0.981128 -0.000000 0.000000 0.000000 0.000000 1.000000
0.989307 0.145815 -0.003136 0.273591 -0.142216 0.969210 0.201015 0.000001 0.032351 -0.198419 0.979583 0.000000 0.000000 0.000000 0.000000 1.000000
0.990791 0.135398 0.001017 0.273591 -0.132691 0.969435 0.206373 0.000001 0.026957 -0.204607 0.978473 0.000000 0.000000 0.000000 0.000000 1.000000
0.991332 0.131355 0.002515 0.273590 -0.128992 0.969512 0.208343 0.000000 0.024928 -0.206862 0.978053 0.000000 0.000000 0.000000 0.000000 1.000000</float_array><technique_common><accessor source="#jnt_head-Matrix-animation-output-transform-array" count="21" stride="16"><param type="float4x4"/></accessor></technique_common></source><source id="jnt_head-Interpolations"><Name_array id="jnt_head-Interpolations-array" count="21">
 LINEAR LINEAR LINEAR LINEAR LINEAR LINEAR LINEAR LINEAR LINEAR LINEAR LINEAR
LINEAR LINEAR LINEAR LINEAR LINEAR LINEAR LINEAR LINEAR LINEAR LINEAR</Name_array><technique_common><accessor source="#jnt_head-Interpolations-array" count="21"><param type="name"/></accessor></technique_common></source><sampler id="jnt_head-Matrix-animation-transform"><input semantic="INPUT" source="#jnt_head-Matrix-animation-input"/><input semantic="OUTPUT" source="#jnt_head-Matrix-animation-output-transform"/><input semantic="INTERPOLATION" source="#jnt_head-Interpolations"/></sampler><channel source="#jnt_head-Matrix-animation-transform" target="jnt_head/matrix"/></animation></animation>
    <animation id="jnt_left_shoulder-anim" name="jnt_left_shoulder"><animation><source id="jnt_left_shoulder-Matrix-animation-input"><float_array id="jnt_left_shoulder-Matrix-animation-input-array" count="21">

0.000000 0.033333 0.066667 0.100000 0.133333 0.166667 0.200000 0.233333 0.266667 0.300000 0.333333 0.366667 0.400000 0.433333 0.466667 0.500000
0.533333 0.566667 0.600000 0.633333 0.666667</float_array><technique_common><accessor source="#jnt_left_shoulder-Matrix-animation-input-array" count="21"><param name="TIME" type="float"/></accessor></technique_common></source><source id="jnt_left_shoulder-Matrix-animation-output-transform"><float_array id="jnt_left_shoulder-Matrix-animation-output-transform-array" count="336">

-0.006219 0.134216 -0.990933 0.635987 0.229369 -0.964340 -0.132054 0.114392 -0.973320 -0.228111 -0.024788 0.266187 0.000000 0.000000 0.000000 1.000000
-0.006219 0.134216 -0.990933 0.635987 0.229369 -0.964340 -0.132054 0.114392 -0.973320 -0.228111 -0.024788 0.266187 0.000000 0.000000 0.000000 1.000000
-0.006219 0.134216 -0.990933 0.635987 0.229369 -0.964340 -0.132054 0.114392 -0.973320 -0.228111 -0.024788 0.266187 0.000000 0.000000 0.000000 1.000000
-0.006219 0.134216 -0.990933 0.635987 0.229369 -0.964340 -0.132054 0.114392 -0.973320 -0.228111 -0.024788 0.266187 0.000000 0.000000 0.000000 1.000000
-0.006218 0.134216 -0.990933 0.635987 0.229369 -0.964340 -0.132054 0.114392 -0.973320 -0.228111 -0.024788 0.266187 0.000000 0.000000 0.000000 1.000000
-0.006219 0.134216 -0.990933 0.635987 0.229369 -0.964340 -0.132054 0.114392 -0.973320 -0.228111 -0.024788 0.266187 0.000000 0.000000 0.000000 1.000000
-0.006219 0.134216 -0.990933 0.635988 0.229369 -0.964340 -0.132054 0.114391 -0.973320 -0.228111 -0.024788 0.266187 0.000000 0.000000 0.000000 1.000000
-0.006219 0.134216 -0.990933 0.635987 0.229369 -0.964340 -0.132054 0.114392 -0.973320 -0.228111 -0.024788 0.266187 0.000000 0.000000 0.000000 1.000000
-0.006219 0.134216 -0.990933 0.635987 0.229369 -0.964340 -0.132054 0.114391 -0.973320 -0.228111 -0.024788 0.266187 0.000000 0.000000 0.000000 1.000000
-0.006219 0.134217 -0.990933 0.635987 0.229370 -0.964340 -0.132054 0.114392 -0.973320 -0.228111 -0.024788 0.266187 0.000000 0.000000 0.000000 1.000000
-0.006218 0.134216 -0.990933 0.635987 0.229369 -0.964340 -0.132054 0.114391 -0.973320 -0.228111 -0.024788 0.266187 0.000000 0.000000 0.000000 1.000000
-0.006219 0.134216 -0.990933 0.635987 0.229369 -0.964340 -0.132054 0.114391 -0.973320 -0.228111 -0.024788 0.266187 0.000000 0.000000 0.000000 1.000000
-0.006219 0.134217 -0.990933 0.635987 0.229369 -0.964340 -0.132054 0.114392 -0.973320 -0.228111 -0.024788 0.266187 0.000000 0.000000 0.000000 1.000000
-0.006219 0.134217 -0.990933 0.635987 0.229369 -0.964340 -0.132054 0.114391 -0.973320 -0.228111 -0.024788 0.266187 0.000000 0.000000 0.000000 1.000000
-0.006218 0.134216 -0.990933 0.635987 0.229369 -0.964340 -0.132054 0.114391 -0.973320 -0.228111 -0.024788 0.266187 0.000000 0.000000 0.000000 1.000000
-0.006219 0.134216 -0.990933 0.635987 0.229369 -0.964340 -0.132054 0.114391 -0.973320 -0.228111 -0.024788 0.266187 0.000000 0.000000 0.000000 1.000000
-0.006219 0.134216 -0.990933 0.635988 0.229369 -0.964340 -0.132054 0.114392 -0.973320 -0.228111 -0.024788 0.266187 0.000000 0.000000 0.000000 1.000000
-0.006219 0.134216 -0.990933 0.635987 0.229369 -0.964340 -0.132054 0.114391 -0.973320 -0.228111 -0.024788 0.266187 0.000000 0.000000 0.000000 1.000000
-0.006219 0.134216 -0.990933 0.635987 0.229369 -0.964340 -0.132054 0.114392 -0.973320 -0.228111 -0.024788 0.266187 0.000000 0.000000 0.000000 1.000000
-0.006219 0.134216 -0.990933 0.635987 0.229370 -0.964340 -0.132054 0.114392 -0.973320 -0.228111 -0.024788 0.266187 0.000000 0.000000 0.000000 1.000000
-0.006219 0.134216 -0.990933 0.635987 0.229370 -0.964340 -0.132054 0.114391 -0.973320 -0.228111 -0.024788 0.266187 0.000000 0.000000 0.000000 1.000000</float_array><technique_common><accessor source="#jnt_left_shoulder-Matrix-animation-output-transform-array" count="21" stride="16"><param type="float4x4"/></accessor></technique_common></source><source id="jnt_left_shoulder-Interpolations"><Name_array id="jnt_left_shoulder-Interpolations-array" count="21">
 LINEAR LINEAR LINEAR LINEAR LINEAR LINEAR LINEAR LINEAR LINEAR LINEAR LINEAR
LINEAR LINEAR LINEAR LINEAR LINEAR LINEAR LINEAR LINEAR LINEAR LINEAR</Name_array><technique_common><accessor source="#jnt_left_shoulder-Interpolations-array" count="21"><param type="name"/></accessor></technique_common></source><sampler id="jnt_left_shoulder-Matrix-animation-transform"><input semantic="INPUT" source="#jnt_left_shoulder-Matrix-animation-input"/><input semantic="OUTPUT" source="#jnt_left_shoulder-Matrix-animation-output-transform"/><input semantic="INTERPOLATION" source="#jnt_left_shoulder-Interpolations"/></sampler><channel source="#jnt_left_shoulder-Matrix-animation-transform" target="jnt_left_shoulder/matrix"/></animation></animation>
    <animation id="jnt_left_arm-anim" name="jnt_left_arm"><animation><source id="jnt_left_arm-Matrix-animation-input"><float_array id="jnt_left_arm-Matrix-animation-input-array" count="21">

0.000000 0.033333 0.066667 0.100000 0.133333 0.166667 0.200000 0.233333 0.266667 0.300000 0.333333 0.366667 0.400000 0.433333 0.466667 0.500000
0.533333 0.566667 0.600000 0.633333 0.666667</float_array><technique_common><accessor source="#jnt_left_arm-Matrix-animation-input-array" count="21"><param name="TIME" type="float"/></accessor></technique_common></source><source id="jnt_left_arm-Matrix-animation-output-transform"><float_array id="jnt_left_arm-Matrix-animation-output-transform-array" count="336">

0.997182 -0.048157 -0.057518 -0.525417 0.042508 0.994503 -0.095687 -0.032448 0.061810 0.092973 0.993748 0.009492 0.000000 0.000000 0.000000 1.000000
0.985731 0.095715 0.138466 -0.525417 -0.112623 0.986374 0.119928 -0.032448 -0.125100 -0.133811 0.983079 0.009492 0.000000 0.000000 0.000000 1.000000
0.893051 0.118599 0.434045 -0.525417 -0.271347 0.911446 0.309252 -0.032447 -0.358931 -0.393955 0.846149 0.009491 0.000000 0.000000 0.000000 1.000000
0.832240 0.103798 0.544612 -0.525417 -0.334106 0.877809 0.343256 -0.032447 -0.442436 -0.467630 0.765227 0.009491 0.000000 0.000000 0.000000 1.000000
