<?xml version="1.0" encoding="utf-8"?>
<COLLADA xmlns="http://www.collada.org/2005/11/COLLADASchema" version="1.4.1">
  <asset><contributor><author></author><authoring_tool>FBX COLLADA exporter</authoring_tool><comments></comments></contributor><created>2019-12-31T12:24:42Z</created><keywords></keywords><modified>2019-12-31T12:24:42Z</modified><revision></revision><subject></subject><title></title><unit meter="0.010000" name="centimeter"></unit><up_axis>Y_UP</up_axis></asset>
  <library_animations>
    <animation id="root_jnt-anim" name="root_jnt"><animation><source id="root_jnt-Matrix-animation-input"><float_array id="root_jnt-Matrix-animation-input-array" count="19">

0.000000 0.033333 0.066667 0.100000 0.133333 0.166667 0.200000 0.233333 0.266667 0.300000 0.333333 0.366667 0.400000 0.433333 0.466667 0.500000
0.533333 0.566667 0.600000</float_array><technique_common><accessor source="#root_jnt-Matrix-animation-input-array" count="19"><param name="TIME" type="float"/></accessor></technique_common></source><source id="root_jnt-Matrix-animation-output-transform"><float_array id="root_jnt-Matrix-animation-output-transform-array" count="304">

1.000000 0.000000 0.000000 0.000000 0.000000 1.000000 0.000000 0.000000 0.000000 0.000000 1.000000 0.000000 0.000000 0.000000 0.000000 1.000000
1.000000 0.000000 0.000000 0.000000 0.000000 1.000000 0.000000 0.000000 0.000000 0.000000 1.000000 0.000000 0.000000 0.000000 0.000000 1.000000
1.000000 0.000000 0.000000 0.000000 0.000000 1.000000 0.000000 0.000000 0.000000 0.000000 1.000000 0.000000 0.000000 0.000000 0.000000 1.000000
1.000000 0.000000 0.000000 0.000000 0.000000 1.000000 0.000000 0.000000 0.000000 0.000000 1.000000 0.000000 0.000000 0.000000 0.000000 1.000000
1.000000 0.000000 0.000000 0.000000 0.000000 1.000000 0.000000 0.000000 0.000000 0.000000 1.000000 0.000000 0.000000 0.000000 0.000000 1.000000
1.000000 0.000000 0.000000 0.000000 0.000000 1.000000 0.000000 0.000000 0.000000 0.000000 1.000000 0.000000 0.000000 0.000000 0.000000 1.000000
1.000000 0.000000 0.000000 0.000000 0.000000 1.000000 0.000000 0.000000 0.000000 0.000000 1.000000 0.000000 0.000000 0.000000 0.000000 1.000000
1.000000 0.000000 0.000000 0.000000 0.000000 1.000000 0.000000 0.000000 0.000000 0.000000 1.000000 0.000000 0.000000 0.000000 0.000000 1.000000
1.000000 0.000000 0.000000 0.000000 0.000000 1.000000 0.000000 0.000000 0.000000 0.000000 1.000000 0.000000 0.000000 0.000000 0.000000 1.000000
1.000000 0.000000 0.000000 0.000000 0.000000 1.000000 0.000000 0.000000 0.000000 0.000000 1.000000 0.000000 0.000000 0.000000 0.000000 1.000000
1.000000 0.000000 0.000000 0.000000 0.000000 1.000000 0.000000 0.000000 0.000000 0.000000 1.000000 0.000000 0.000000 0.000000 0.000000 1.000000
1.000000 0.000000 0.000000 0.000000 0.000000 1.000000 0.000000 0.000000 0.000000 0.000000 1.000000 0.000000 0.000000 0.000000 0.000000 1.000000
1.000000 0.000000 0.000000 0.000000 0.000000 1.000000 0.000000 0.000000 0.000000 0.000000 1.000000 0.000000 0.000000 0.000000 0.000000 1.000000
1.000000 0.000000 0.000000 0.000000 0.000000 1.000000 0.000000 0.000000 0.000000 0.000000 1.000000 0.000000 0.000000 0.000000 0.000000 1.000000
1.000000 0.000000 0.000000 0.000000 0.000000 1.000000 0.000000 0.000000 0.000000 0.000000 1.000000 0.000000 0.000000 0.000000 0.000000 1.000000
1.000000 0.000000 0.000000 0.000000 0.000000 1.000000 0.000000 0.000000 0.000000 0.000000 1.000000 0.000000 0.000000 0.000000 0.000000 1.000000
1.000000 0.000000 0.000000 0.000000 0.000000 1.000000 0.000000 0.000000 0.000000 0.000000 1.000000 0.000000 0.000000 0.000000 0.000000 1.000000
1.000000 0.000000 0.000000 0.000000 0.000000 1.000000 0.000000 0.000000 0.000000 0.000000 1.000000 0.000000 0.000000 0.000000 0.000000 1.000000
1.000000 0.000000 0.000000 0.000000 0.000000 1.000000 0.000000 0.000000 0.000000 0.000000 1.000000 0.000000 0.000000 0.000000 0.000000 1.000000</float_array><technique_common><accessor source="#root_jnt-Matrix-animation-output-transform-array" count="19" stride="16"><param type="float4x4"/></accessor></technique_common></source><source id="root_jnt-Interpolations"><Name_array id="root_jnt-Interpolations-array" count="19">
 LINEAR LINEAR LINEAR LINEAR LINEAR LINEAR LINEAR LINEAR LINEAR LINEAR LINEAR
LINEAR LINEAR LINEAR LINEAR LINEAR LINEAR LINEAR LINEAR</Name_array><technique_common><accessor source="#root_jnt-Interpolations-array" count="19"><param type="name"/></accessor></technique_common></source><sampler id="root_jnt-Matrix-animation-transform"><input semantic="INPUT" source="#root_jnt-Matrix-animation-input"/><input semantic="OUTPUT" source="#root_jnt-Matrix-animation-output-transform"/><input semantic="INTERPOLATION" source="#root_jnt-Interpolations"/></sampler><channel source="#root_jnt-Matrix-animation-transform" target="root_jnt/matrix"/></animation></animation>
    <animation id="jnt_hips-anim" name="jnt_hips"><animation><source id="jnt_hips-Matrix-animation-input"><float_array id="jnt_hips-Matrix-animation-input-array" count="19">

0.000000 0.033333 0.066667 0.100000 0.133333 0.166667 0.200000 0.233333 0.266667 0.300000 0.333333 0.366667 0.400000 0.433333 0.466667 0.500000
0.533333 0.566667 0.600000</float_array><technique_common><accessor source="#jnt_hips-Matrix-animation-input-array" count="19"><param name="TIME" type="float"/></accessor></technique_common></source><source id="jnt_hips-Matrix-animation-output-transform"><float_array id="jnt_hips-Matrix-animation-output-transform-array" count="304">

0.998535 0.015752 -0.051760 -0.024407 -0.006153 0.983534 0.180616 1.750390 0.053753 -0.180033 0.982191 -0.133086 0.000000 0.000000 0.000000 1.000000
0.996740 0.021656 -0.077724 -0.022801 -0.008151 0.985404 0.170039 1.956736 0.080272 -0.168851 0.982367 -0.129279 0.000000 0.000000 0.000000 1.000000
0.993625 -0.024307 -0.110084 -0.021355 0.041454 0.986845 0.156262 2.108679 0.104837 -0.159829 0.981562 -0.129719 0.000000 0.000000 0.000000 1.000000
0.990901 -0.064287 -0.118245 -0.013298 0.082677 0.983993 0.157865 2.196211 0.106203 -0.166205 0.980355 -0.129648 0.000000 0.000000 0.000000 1.000000
0.994401 -0.056129 -0.089536 -0.007091 0.071556 0.981123 0.179662 2.113658 0.077762 -0.185062 0.979645 -0.127852 0.000000 0.000000 0.000000 1.000000
0.999212 -0.023829 -0.031732 -0.005461 0.030178 0.975549 0.217700 1.868576 0.025768 -0.218486 0.975500 -0.127284 0.000000 0.000000 0.000000 1.000000
0.999604 0.010491 0.026128 0.000573 -0.016724 0.967788 0.251210 1.666107 -0.022651 -0.251547 0.967580 -0.130436 0.000000 0.000000 0.000000 1.000000
0.997907 0.032894 0.055674 0.014049 -0.045902 0.966755 0.251553 1.560124 -0.045548 -0.253582 0.966241 -0.138692 0.000000 0.000000 0.000000 1.000000
0.998673 0.016441 0.048797 0.031150 -0.026639 0.975948 0.216370 1.589889 -0.044066 -0.217383 0.975091 -0.145776 0.000000 0.000000 0.000000 1.000000
0.998243 -0.022653 0.054753 0.031949 0.012450 0.983594 0.179969 1.784431 -0.057932 -0.178971 0.982147 -0.146932 0.000000 0.000000 0.000000 1.000000
0.996673 -0.033272 0.074407 0.022404 0.020434 0.985732 0.167079 1.962960 -0.078904 -0.165003 0.983132 -0.139629 0.000000 0.000000 0.000000 1.000000
0.994592 0.034071 0.098110 0.014023 -0.049781 0.985465 0.162423 2.120137 -0.091150 -0.166428 0.981832 -0.123064 0.000000 0.000000 0.000000 1.000000
0.992357 0.081830 0.092367 0.003089 -0.097056 0.979828 0.174689 2.203753 -0.076210 -0.182318 0.980282 -0.112651 0.000000 0.000000 0.000000 1.000000
0.995097 0.074602 0.064929 -0.005174 -0.086447 0.975020 0.204605 2.099577 -0.048043 -0.209215 0.976689 -0.109447 0.000000 0.000000 0.000000 1.000000
0.998046 0.059040 0.020437 -0.007529 -0.062194 0.969951 0.235218 1.864817 -0.005935 -0.236030 0.971728 -0.106002 0.000000 0.000000 0.000000 1.000000
0.999208 0.037206 -0.014081 -0.006438 -0.032347 0.965906 0.256865 1.677180 0.023158 -0.256206 0.966345 -0.105450 0.000000 0.000000 0.000000 1.000000
0.999714 0.003846 -0.023613 -0.014874 0.002284 0.967138 0.254242 1.541920 0.023815 -0.254223 0.966852 -0.112049 0.000000 0.000000 0.000000 1.000000
0.999494 -0.001350 -0.031795 -0.023639 0.008226 0.976104 0.217147 1.558316 0.030742 -0.217299 0.975621 -0.126366 0.000000 0.000000 0.000000 1.000000
0.998549 0.015989 -0.051428 -0.024376 -0.006436 0.983496 0.180813 1.748701 0.053470 -0.180219 0.982172 -0.133115 0.000000 0.000000 0.000000 1.000000</float_array><technique_common><accessor source="#jnt_hips-Matrix-animation-output-transform-array" count="19" stride="16"><param type="float4x4"/></accessor></technique_common></source><source id="jnt_hips-Interpolations"><Name_array id="jnt_hips-Interpolations-array" count="19">
 LINEAR LINEAR LINEAR LINEAR LINEAR LINEAR LINEAR LINEAR LINEAR LINEAR LINEAR
LINEAR LINEAR LINEAR LINEAR LINEAR LINEAR LINEAR LINEAR</Name_array><technique_common><accessor source="#jnt_hips-Interpolations-array" count="19"><param type="name"/></accessor></technique_common></source><sampler id="jnt_hips-Matrix-animation-transform"><input semantic="INPUT" source="#jnt_hips-Matrix-animation-input"/><input semantic="OUTPUT" source="#jnt_hips-Matrix-animation-output-transform"/><input semantic="INTERPOLATION" source="#jnt_hips-Interpolations"/></sampler><channel source="#jnt_hips-Matrix-animation-transform" target="jnt_hips/matrix"/></animation></animation>
    <animation id="jnt_spine1-anim" name="jnt_spine1"><animation><source id="jnt_spine1-Matrix-animation-input"><float_array id="jnt_spine1-Matrix-animation-input-array" count="19">

0.000000 0.033333 0.066667 0.100000 0.133333 0.166667 0.200000 0.233333 0.266667 0.300000 0.333333 0.366667 0.400000 0.433333 0.466667 0.500000
0.533333 0.566667 0.600000</float_array><technique_common><accessor source="#jnt_spine1-Matrix-animation-input-array" count="19"><param name="TIME" type="float"/></accessor></technique_common></source><source id="jnt_spine1-Matrix-animation-output-transform"><float_array id="jnt_spine1-Matrix-animation-output-transform-array" count="304">

-0.002381 0.075923 0.997111 -0.000000 0.999101 -0.042028 0.005586 0.212132 0.042331 0.996228 -0.075754 0.023482 0.000000 0.000000 0.000000 1.000000
0.005849 0.076309 0.997067 0.000000 0.999119 -0.041894 -0.002655 0.212132 0.041569 0.996204 -0.076487 0.023482 0.000000 0.000000 0.000000 1.000000
0.021132 0.077014 0.996806 -0.000000 0.998976 -0.041513 -0.017971 0.212132 0.039996 0.996165 -0.077812 0.023482 0.000000 0.000000 0.000000 1.000000
0.029360 0.077385 0.996569 0.000000 0.998819 -0.040872 -0.026253 0.212132 0.038700 0.996163 -0.078494 0.023482 0.000000 0.000000 0.000000 1.000000
0.020616 0.077002 0.996818 -0.000000 0.999068 -0.039401 -0.017619 0.212132 0.037919 0.996252 -0.077742 0.023482 0.000000 0.000000 0.000000 1.000000
-0.000241 0.076062 0.997103 0.000000 0.999308 -0.037065 0.003069 0.212132 0.037192 0.996414 -0.076001 0.023482 0.000000 0.000000 0.000000 1.000000
-0.025134 0.074898 0.996874 -0.000000 0.999015 -0.034593 0.027787 0.212132 0.036566 0.996591 -0.073955 0.023482 0.000000 0.000000 0.000000 1.000000
-0.045979 0.073888 0.996206 -0.000000 0.998289 -0.032660 0.048498 0.212132 0.036119 0.996732 -0.072260 0.023482 0.000000 0.000000 0.000000 1.000000
-0.054715 0.073455 0.995796 0.000000 0.997855 -0.031882 0.057180 0.212132 0.035948 0.996789 -0.071553 0.023482 0.000000 0.000000 0.000000 1.000000
-0.015896 0.075368 0.997029 0.000000 0.999104 -0.037921 0.018795 0.212132 0.039225 0.996434 -0.074698 0.023482 0.000000 0.000000 0.000000 1.000000
0.022947 0.077170 0.996754 -0.000000 0.998835 -0.044100 -0.019581 0.212132 0.042445 0.996042 -0.078092 0.023482 0.000000 0.000000 0.000000 1.000000
0.013179 0.076718 0.996966 -0.000000 0.999040 -0.042659 -0.009924 0.212132 0.041768 0.996140 -0.077206 0.023482 0.000000 0.000000 0.000000 1.000000
-0.004964 0.075856 0.997106 0.000000 0.999167 -0.040008 0.008018 0.212132 0.040501 0.996316 -0.075595 0.023482 0.000000 0.000000 0.000000 1.000000
-0.014734 0.075383 0.997046 -0.000000 0.999099 -0.038593 0.017682 0.212132 0.039812 0.996408 -0.074746 0.023482 0.000000 0.000000 0.000000 1.000000
-0.013449 0.075439 0.997060 -0.000000 0.999106 -0.038950 0.016423 0.212132 0.040074 0.996389 -0.074848 0.023482 0.000000 0.000000 0.000000 1.000000
-0.010386 0.075574 0.997086 0.000000 0.999117 -0.039801 0.013424 0.212132 0.040700 0.996346 -0.075094 0.023482 0.000000 0.000000 0.000000 1.000000
-0.006730 0.075734 0.997105 -0.000000 0.999118 -0.040818 0.009843 0.212132 0.041445 0.996292 -0.075392 0.023482 0.000000 0.000000 0.000000 1.000000
-0.003666 0.075867 0.997111 0.000000 0.999108 -0.041671 0.006844 0.212132 0.042070 0.996247 -0.075647 0.023482 0.000000 0.000000 0.000000 1.000000
-0.002382 0.075923 0.997111 0.000000 0.999101 -0.042028 0.005586 0.212132 0.042331 0.996228 -0.075754 0.023482 0.000000 0.000000 0.000000 1.000000</float_array><technique_common><accessor source="#jnt_spine1-Matrix-animation-output-transform-array" count="19" stride="16"><param type="float4x4"/></accessor></technique_common></source><source id="jnt_spine1-Interpolations"><Name_array id="jnt_spine1-Interpolations-array" count="19">
 LINEAR LINEAR LINEAR LINEAR LINEAR LINEAR LINEAR LINEAR LINEAR LINEAR LINEAR
LINEAR LINEAR LINEAR LINEAR LINEAR LINEAR LINEAR LINEAR</Name_array><technique_common><accessor source="#jnt_spine1-Interpolations-array" count="19"><param type="name"/></accessor></technique_common></source><sampler id="jnt_spine1-Matrix-animation-transform"><input semantic="INPUT" source="#jnt_spine1-Matrix-animation-input"/><input semantic="OUTPUT" source="#jnt_spine1-Matrix-animation-output-transform"/><input semantic="INTERPOLATION" source="#jnt_spine1-Interpolations"/></sampler><channel source="#jnt_spine1-Matrix-animation-transform" target="jnt_spine1/matrix"/></animation></animation>
    <animation id="jnt_spine2-anim" name="jnt_spine2"><animation><source id="jnt_spine2-Matrix-animation-input"><float_array id="jnt_spine2-Matrix-animation-input-array" count="19">

0.000000 0.033333 0.066667 0.100000 0.133333 0.166667 0.200000 0.233333 0.266667 0.300000 0.333333 0.366667 0.400000 0.433333 0.466667 0.500000
0.533333 0.566667 0.600000</float_array><technique_common><accessor source="#jnt_spine2-Matrix-animation-input-array" count="19"><param name="TIME" type="float"/></accessor></technique_common></source><source id="jnt_spine2-Matrix-animation-output-transform"><float_array id="jnt_spine2-Matrix-animation-output-transform-array" count="304">

0.999106 0.025939 0.033376 0.426849 -0.014939 0.955304 -0.295247 0.000000 -0.039543 0.294484 0.954838 -0.000000 0.000000 0.000000 0.000000 1.000000
0.999292 0.024488 0.028551 0.426848 -0.014967 0.955235 -0.295468 -0.000000 -0.034508 0.294831 0.954926 -0.000000 0.000000 0.000000 0.000000 1.000000
0.999569 0.021909 0.019551 0.426848 -0.015147 0.955105 -0.295881 -0.000000 -0.025156 0.295457 0.955025 -0.000000 0.000000 0.000000 0.000000 1.000000
0.999675 0.020881 0.014592 0.426848 -0.015626 0.955027 -0.296108 -0.000000 -0.020119 0.295783 0.955043 -0.000000 0.000000 0.000000 0.000000 1.000000
0.999538 0.023418 0.019352 0.426849 -0.016648 0.955078 -0.295886 -0.000000 -0.025412 0.295427 0.955027 -0.000000 0.000000 0.000000 0.000000 1.000000
0.999113 0.028515 0.030995 0.426848 -0.018099 0.955213 -0.295367 -0.000000 -0.038029 0.294544 0.954881 -0.000000 0.000000 0.000000 0.000000 1.000000
0.998398 0.034353 0.044960 0.426848 -0.019598 0.955364 -0.294782 -0.000000 -0.053080 0.293428 0.954506 -0.000000 0.000000 0.000000 0.000000 1.000000
0.997625 0.039144 0.056684 0.426848 -0.020767 0.955481 -0.294320 -0.000000 -0.065681 0.292444 0.954024 -0.000000 0.000000 0.000000 0.000000 1.000000
0.997253 0.041130 0.061604 0.426848 -0.021239 0.955528 -0.294134 -0.000000 -0.070962 0.292017 0.953777 0.000000 0.000000 0.000000 0.000000 1.000000
0.998761 0.030234 0.039536 0.426848 -0.017244 0.955350 -0.294972 -0.000000 -0.046689 0.293924 0.954688 -0.000000 0.000000 0.000000 0.000000 1.000000
0.999662 0.019260 0.017471 0.426849 -0.013229 0.955099 -0.295991 -0.000000 -0.022388 0.295660 0.955031 0.000000 0.000000 0.000000 0.000000 1.000000
0.999486 0.022077 0.023250 0.426849 -0.014219 0.955171 -0.295714 0.000000 -0.028736 0.295231 0.954994 -0.000000 0.000000 0.000000 0.000000 1.000000
0.999050 0.027294 0.033984 0.426849 -0.016055 0.955292 -0.295229 -0.000000 -0.040523 0.294403 0.954822 -0.000000 0.000000 0.000000 0.000000 1.000000
0.998756 0.030095 0.039764 0.426849 -0.017043 0.955350 -0.294985 -0.000000 -0.046867 0.293940 0.954674 -0.000000 0.000000 0.000000 0.000000 1.000000
0.998795 0.029663 0.039100 0.426848 -0.016824 0.955346 -0.295011 -0.000000 -0.046105 0.293998 0.954694 -0.000000 0.000000 0.000000 0.000000 1.000000
0.998886 0.028633 0.037516 0.426848 -0.016302 0.955335 -0.295074 -0.000000 -0.044289 0.294134 0.954738 -0.000000 0.000000 0.000000 0.000000 1.000000
0.998989 0.027403 0.035625 0.426849 -0.015679 0.955322 -0.295151 0.000000 -0.042121 0.294294 0.954786 -0.000000 0.000000 0.000000 0.000000 1.000000
0.999072 0.026371 0.034041 0.426848 -0.015158 0.955310 -0.295218 -0.000000 -0.040305 0.294428 0.954823 -0.000000 0.000000 0.000000 0.000000 1.000000
0.999106 0.025939 0.033377 0.426848 -0.014939 0.955304 -0.295246 -0.000000 -0.039543 0.294484 0.954838 -0.000000 0.000000 0.000000 0.000000 1.000000</float_array><technique_common><accessor source="#jnt_spine2-Matrix-animation-output-transform-array" count="19" stride="16"><param type="float4x4"/></accessor></technique_common></source><source id="jnt_spine2-Interpolations"><Name_array id="jnt_spine2-Interpolations-array" count="19">
 LINEAR LINEAR LINEAR LINEAR LINEAR LINEAR LINEAR LINEAR LINEAR LINEAR LINEAR
LINEAR LINEAR LINEAR LINEAR LINEAR LINEAR LINEAR LINEAR</Name_array><technique_common><accessor source="#jnt_spine2-Interpolations-array" count="19"><param type="name"/></accessor></technique_common></source><sampler id="jnt_spine2-Matrix-animation-transform"><input semantic="INPUT" source="#jnt_spine2-Matrix-animation-input"/><input semantic="OUTPUT" source="#jnt_spine2-Matrix-animation-output-transform"/><input semantic="INTERPOLATION" source="#jnt_spine2-Interpolations"/></sampler><channel source="#jnt_spine2-Matrix-animation-transform" target="jnt_spine2/matrix"/></animation></animation>
    <animation id="jnt_spine3-anim" name="jnt_spine3"><animation><source id="jnt_spine3-Matrix-animation-input"><float_array id="jnt_spine3-Matrix-animation-input-array" count="19">

0.000000 0.033333 0.066667 0.100000 0.133333 0.166667 0.200000 0.233333 0.266667 0.300000 0.333333 0.366667 0.400000 0.433333 0.466667 0.500000
0.533333 0.566667 0.600000</float_array><technique_common><accessor source="#jnt_spine3-Matrix-animation-input-array" count="19"><param name="TIME" type="float"/></accessor></technique_common></source><source id="jnt_spine3-Matrix-animation-output-transform"><float_array id="jnt_spine3-Matrix-animation-output-transform-array" count="304">

0.998354 0.040761 0.040353 0.555067 -0.027105 0.955305 -0.294376 -0.000000 -0.050548 0.292798 0.954837 -0.000000 0.000000 0.000000 0.000000 1.000000
0.998623 0.038071 0.036096 0.555067 -0.025770 0.955269 -0.294614 -0.000000 -0.045698 0.293278 0.954934 -0.000000 0.000000 0.000000 0.000000 1.000000
0.999055 0.033077 0.028189 0.555067 -0.023298 0.955186 -0.295088 -0.000000 -0.036687 0.294153 0.955054 -0.000000 0.000000 0.000000 0.000000 1.000000
0.999252 0.030388 0.023932 0.555067 -0.021972 0.955133 -0.295360 -0.000000 -0.031833 0.294614 0.955086 -0.000000 0.000000 0.000000 0.000000 1.000000
0.999036 0.033841 0.027972 0.555067 -0.024093 0.955169 -0.295080 -0.000000 -0.036704 0.294121 0.955063 0.000000 0.000000 0.000000 0.000000 1.000000
0.998406 0.042076 0.037610 0.555067 -0.029163 0.955211 -0.294485 -0.000000 -0.048316 0.292919 0.954916 -0.000000 0.000000 0.000000 0.000000 1.000000
0.997444 0.051903 0.049112 0.555067 -0.035233 0.955182 -0.293914 -0.000000 -0.062166 0.291433 0.954569 -0.000000 0.000000 0.000000 0.000000 1.000000
0.996460 0.060135 0.058747 0.555067 -0.040332 0.955092 -0.293552 0.000000 -0.073762 0.290144 0.954136 -0.000000 0.000000 0.000000 0.000000 1.000000
0.995999 0.063586 0.062786 0.555067 -0.042473 0.955036 -0.293432 -0.000000 -0.078621 0.289591 0.953916 0.000000 0.000000 0.000000 0.000000 1.000000
0.997901 0.046499 0.045065 0.555067 -0.031235 0.955287 -0.294024 -0.000000 -0.056722 0.291999 0.954735 -0.000000 0.000000 0.000000 0.000000 1.000000
0.999194 0.029407 0.027341 0.555067 -0.020040 0.955271 -0.295052 -0.000000 -0.034795 0.294266 0.955090 -0.000000 0.000000 0.000000 0.000000 1.000000
0.998915 0.033867 0.031976 0.555067 -0.022952 0.955291 -0.294776 -0.000000 -0.040530 0.293723 0.955031 0.000000 0.000000 0.000000 0.000000 1.000000
0.998287 0.042150 0.040584 0.555067 -0.028368 0.955278 -0.294344 -0.000000 -0.051176 0.292688 0.954837 -0.000000 0.000000 0.000000 0.000000 1.000000
0.997889 0.046611 0.045220 0.555067 -0.031290 0.955246 -0.294153 -0.000000 -0.056907 0.292118 0.954688 -0.000000 0.000000 0.000000 0.000000 1.000000
0.997940 0.046003 0.044713 0.555067 -0.030855 0.955254 -0.294174 -0.000000 -0.056245 0.292189 0.954705 -0.000000 0.000000 0.000000 0.000000 1.000000
0.998059 0.044552 0.043506 0.555067 -0.029816 0.955271 -0.294226 -0.000000 -0.054669 0.292358 0.954745 0.000000 0.000000 0.000000 0.000000 1.000000
0.998197 0.042820 0.042066 0.555067 -0.028578 0.955288 -0.294292 -0.000000 -0.052787 0.292560 0.954789 -0.000000 0.000000 0.000000 0.000000 1.000000
0.998308 0.041370 0.040859 0.555067 -0.027540 0.955301 -0.294351 -0.000000 -0.051210 0.292727 0.954824 -0.000000 0.000000 0.000000 0.000000 1.000000
0.998354 0.040761 0.040353 0.555067 -0.027105 0.955305 -0.294376 0.000000 -0.050548 0.292798 0.954837 0.000000 0.000000 0.000000 0.000000 1.000000</float_array><technique_common><accessor source="#jnt_spine3-Matrix-animation-output-transform-array" count="19" stride="16"><param type="float4x4"/></accessor></technique_common></source><source id="jnt_spine3-Interpolations"><Name_array id="jnt_spine3-Interpolations-array" count="19">
 LINEAR LINEAR LINEAR LINEAR LINEAR LINEAR LINEAR LINEAR LINEAR LINEAR LINEAR
LINEAR LINEAR LINEAR LINEAR LINEAR LINEAR LINEAR LINEAR</Name_array><technique_common><accessor source="#jnt_spine3-Interpolations-array" count="19"><param type="name"/></accessor></technique_common></source><sampler id="jnt_spine3-Matrix-animation-transform"><input semantic="INPUT" source="#jnt_spine3-Matrix-animation-input"/><input semantic="OUTPUT" source="#jnt_spine3-Matrix-animation-output-transform"/><input semantic="INTERPOLATION" source="#jnt_spine3-Interpolations"/></sampler><channel source="#jnt_spine3-Matrix-animation-transform" target="jnt_spine3/matrix"/></animation></animation>
    <animation id="jnt_neck-anim" name="jnt_neck"><animation><source id="jnt_neck-Matrix-animation-input"><float_array id="jnt_neck-Matrix-animation-input-array" count="19">

0.000000 0.033333 0.066667 0.100000 0.133333 0.166667 0.200000 0.233333 0.266667 0.300000 0.333333 0.366667 0.400000 0.433333 0.466667 0.500000
0.533333 0.566667 0.600000</float_array><technique_common><accessor source="#jnt_neck-Matrix-animation-input-array" count="19"><param name="TIME" type="float"/></accessor></technique_common></source><source id="jnt_neck-Matrix-animation-output-transform"><float_array id="jnt_neck-Matrix-animation-output-transform-array" count="304">

0.908957 -0.393080 -0.138873 0.867457 0.402050 0.738444 0.541346 0.171571 -0.110243 -0.547894 0.829252 0.000000 0.000000 0.000000 0.000000 1.000000
0.908955 -0.393083 -0.138873 0.867463 0.402052 0.738443 0.541346 0.171573 -0.110244 -0.547894 0.829252 -0.000000 0.000000 0.000000 0.000000 1.000000
0.908960 -0.393073 -0.138872 0.867450 0.402043 0.738447 0.541348 0.171570 -0.110240 -0.547896 0.829251 -0.000000 0.000000 0.000000 0.000000 1.000000
0.908956 -0.393081 -0.138873 0.867458 0.402051 0.738444 0.541346 0.171572 -0.110243 -0.547894 0.829252 0.000000 0.000000 0.000000 0.000000 1.000000
0.908959 -0.393075 -0.138872 0.867451 0.402045 0.738447 0.541346 0.171570 -0.110240 -0.547894 0.829252 -0.000000 0.000000 0.000000 0.000000 1.000000
0.908959 -0.393076 -0.138872 0.867450 0.402046 0.738446 0.541347 0.171570 -0.110241 -0.547895 0.829252 -0.000000 0.000000 0.000000 0.000000 1.000000
0.908958 -0.393077 -0.138872 0.867451 0.402047 0.738446 0.541346 0.171570 -0.110241 -0.547894 0.829252 -0.000000 0.000000 0.000000 0.000000 1.000000
0.908956 -0.393082 -0.138874 0.867455 0.402053 0.738444 0.541345 0.171570 -0.110243 -0.547894 0.829252 0.000000 0.000000 0.000000 0.000000 1.000000
0.908956 -0.393083 -0.138873 0.867458 0.402052 0.738443 0.541346 0.171572 -0.110244 -0.547894 0.829252 -0.000000 0.000000 0.000000 0.000000 1.000000
0.908952 -0.393090 -0.138875 0.867466 0.402059 0.738440 0.541346 0.171573 -0.110247 -0.547893 0.829252 -0.000001 0.000000 0.000000 0.000000 1.000000
0.908959 -0.393076 -0.138872 0.867450 0.402046 0.738446 0.541347 0.171570 -0.110241 -0.547895 0.829252 -0.000000 0.000000 0.000000 0.000000 1.000000
0.908958 -0.393078 -0.138872 0.867450 0.402048 0.738445 0.541346 0.171570 -0.110242 -0.547894 0.829252 -0.000000 0.000000 0.000000 0.000000 1.000000
0.908953 -0.393088 -0.138874 0.867464 0.402057 0.738441 0.541346 0.171573 -0.110247 -0.547893 0.829252 -0.000000 0.000000 0.000000 0.000000 1.000000
0.908958 -0.393077 -0.138872 0.867450 0.402048 0.738446 0.541346 0.171570 -0.110241 -0.547894 0.829252 -0.000000 0.000000 0.000000 0.000000 1.000000
0.908955 -0.393083 -0.138873 0.867455 0.402053 0.738443 0.541346 0.171571 -0.110245 -0.547894 0.829252 -0.000000 0.000000 0.000000 0.000000 1.000000
0.908954 -0.393086 -0.138874 0.867459 0.402055 0.738442 0.541346 0.171572 -0.110245 -0.547893 0.829252 -0.000000 0.000000 0.000000 0.000000 1.000000
0.908954 -0.393087 -0.138874 0.867460 0.402056 0.738441 0.541345 0.171572 -0.110245 -0.547893 0.829252 -0.000000 0.000000 0.000000 0.000000 1.000000
0.908956 -0.393083 -0.138873 0.867451 0.402052 0.738443 0.541346 0.171570 -0.110244 -0.547894 0.829252 0.000000 0.000000 0.000000 0.000000 1.000000
0.908954 -0.393087 -0.138874 0.867459 0.402056 0.738442 0.541345 0.171572 -0.110245 -0.547892 0.829253 -0.000000 0.000000 0.000000 0.000000 1.000000</float_array><technique_common><accessor source="#jnt_neck-Matrix-animation-output-transform-array" count="19" stride="16"><param type="float4x4"/></accessor></technique_common></source><source id="jnt_neck-Interpolations"><Name_array id="jnt_neck-Interpolations-array" count="19">
 LINEAR LINEAR LINEAR LINEAR LINEAR LINEAR LINEAR LINEAR LINEAR LINEAR LINEAR
LINEAR LINEAR LINEAR LINEAR LINEAR LINEAR LINEAR LINEAR</Name_array><technique_common><accessor source="#jnt_neck-Interpolations-array" count="19"><param type="name"/></accessor></technique_common></source><sampler id="jnt_neck-Matrix-animation-transform"><input semantic="INPUT" source="#jnt_neck-Matrix-animation-input"/><input semantic="OUTPUT" source="#jnt_neck-Matrix-animation-output-transform"/><input semantic="INTERPOLATION" source="#jnt_neck-Interpolations"/></sampler><channel source="#jnt_neck-Matrix-animation-transform" target="jnt_neck/matrix"/></animation></animation>
    <animation id="jnt_head-anim" name="jnt_head"><animation><source id="jnt_head-Matrix-animation-input"><float_array id="jnt_head-Matrix-animation-input-array" count="19">

0.000000 0.033333 0.066667 0.100000 0.133333 0.166667 0.200000 0.233333 0.266667 0.300000 0.333333 0.366667 0.400000 0.433333 0.466667 0.500000
0.533333 0.566667 0.600000</float_array><technique_common><accessor source="#jnt_head-Matrix-animation-input-array" count="19"><param name="TIME" type="float"/></accessor></technique_common></source><source id="jnt_head-Matrix-animation-output-transform"><float_array id="jnt_head-Matrix-animation-output-transform-array" count="304">

0.983858 0.178291 -0.015379 0.273590 -0.177416 0.983038 0.046482 0.000000 0.023405 -0.043003 0.998801 0.000000 0.000000 0.000000 0.000000 1.000000
0.983858 0.178291 -0.015379 0.273592 -0.177416 0.983038 0.046482 0.000001 0.023406 -0.043003 0.998801 0.000000 0.000000 0.000000 0.000000 1.000000
0.983858 0.178291 -0.015379 0.273590 -0.177416 0.983038 0.046482 0.000001 0.023406 -0.043003 0.998801 0.000000 0.000000 0.000000 0.000000 1.000000
0.983858 0.178291 -0.015379 0.273591 -0.177416 0.983038 0.046482 0.000001 0.023406 -0.043003 0.998801 0.000000 0.000000 0.000000 0.000000 1.000000
0.983858 0.178291 -0.015379 0.273591 -0.177416 0.983038 0.046482 0.000000 0.023405 -0.043003 0.998801 -0.000000 0.000000 0.000000 0.000000 1.000000
0.983858 0.178291 -0.015379 0.273591 -0.177416 0.983038 0.046482 -0.000000 0.023406 -0.043003 0.998801 0.000000 0.000000 0.000000 0.000000 1.000000
0.983858 0.178291 -0.015379 0.273593 -0.177416 0.983038 0.046482 -0.000000 0.023406 -0.043003 0.998801 0.000000 0.000000 0.000000 0.000000 1.000000
0.983858 0.178291 -0.015379 0.273591 -0.177416 0.983038 0.046482 0.000000 0.023406 -0.043003 0.998801 -0.000000 0.000000 0.000000 0.000000 1.000000
0.983858 0.178291 -0.015379 0.273592 -0.177416 0.983038 0.046482 -0.000000 0.023406 -0.043003 0.998801 -0.000000 0.000000 0.000000 0.000000 1.000000
0.983858 0.178291 -0.015379 0.273593 -0.177416 0.983038 0.046482 0.000000 0.023405 -0.043003 0.998801 -0.000000 0.000000 0.000000 0.000000 1.000000
0.983858 0.178291 -0.015379 0.273591 -0.177416 0.983038 0.046482 0.000001 0.023406 -0.043003 0.998801 0.000000 0.000000 0.000000 0.000000 1.000000
0.983858 0.178291 -0.015379 0.273591 -0.177416 0.983038 0.046482 -0.000000 0.023405 -0.043003 0.998801 -0.000000 0.000000 0.000000 0.000000 1.000000
0.983858 0.178291 -0.015379 0.273592 -0.177416 0.983038 0.046482 0.000001 0.023405 -0.043003 0.998801 0.000000 0.000000 0.000000 0.000000 1.000000
0.983858 0.178291 -0.015379 0.273591 -0.177416 0.983038 0.046482 0.000000 0.023405 -0.043003 0.998801 -0.000000 0.000000 0.000000 0.000000 1.000000
0.983858 0.178291 -0.015379 0.273592 -0.177416 0.983038 0.046482 0.000000 0.023405 -0.043003 0.998801 0.000000 0.000000 0.000000 0.000000 1.000000
0.983858 0.178291 -0.015379 0.273591 -0.177416 0.983038 0.046482 0.000000 0.023405 -0.043003 0.998801 0.000000 0.000000 0.000000 0.000000 1.000000
0.983858 0.178291 -0.015379 0.273591 -0.177416 0.983038 0.046482 0.000000 0.023405 -0.043003 0.998801 0.000000 0.000000 0.000000 0.000000 1.000000
0.983858 0.178291 -0.015379 0.273592 -0.177416 0.983038 0.046482 0.000000 0.023406 -0.043003 0.998801 0.000000 0.000000 0.000000 0.000000 1.000000
0.983858 0.178291 -0.015379 0.273593 -0.177416 0.983038 0.046482 0.000000 0.023406 -0.043003 0.998801 -0.000000 0.000000 0.000000 0.000000 1.000000</float_array><technique_common><accessor source="#jnt_head-Matrix-animation-output-transform-array" count="19" stride="16"><param type="float4x4"/></accessor></technique_common></source><source id="jnt_head-Interpolations"><Name_array id="jnt_head-Interpolations-array" count="19">
 LINEAR LINEAR LINEAR LINEAR LINEAR LINEAR LINEAR LINEAR LINEAR LINEAR LINEAR
LINEAR LINEAR LINEAR LINEAR LINEAR LINEAR LINEAR LINEAR</Name_array><technique_common><accessor source="#jnt_head-Interpolations-array" count="19"><param type="name"/></accessor></technique_common></source><sampler id="jnt_head-Matrix-animation-transform"><input semantic="INPUT" source="#jnt_head-Matrix-animation-input"/><input semantic="OUTPUT" source="#jnt_head-Matrix-animation-output-transform"/><input semantic="INTERPOLATION" source="#jnt_head-Interpolations"/></sampler><channel source="#jnt_head-Matrix-animation-transform" target="jnt_head/matrix"/></animation></animation>
    <animation id="jnt_left_shoulder-anim" name="jnt_left_shoulder"><animation><source id="jnt_left_shoulder-Matrix-animation-input"><float_array id="jnt_left_shoulder-Matrix-animation-input-array" count="19">

0.000000 0.033333 0.066667 0.100000 0.133333 0.166667 0.200000 0.233333 0.266667 0.300000 0.333333 0.366667 0.400000 0.433333 0.466667 0.500000
0.533333 0.566667 0.600000</float_array><technique_common><accessor source="#jnt_left_shoulder-Matrix-animation-input-array" count="19"><param name="TIME" type="float"/></accessor></technique_common></source><source id="jnt_left_shoulder-Matrix-animation-output-transform"><float_array id="jnt_left_shoulder-Matrix-animation-output-transform-array" count="304">

-0.006219 0.134216 -0.990933 0.635987 0.229369 -0.964340 -0.132054 0.114392 -0.973320 -0.228111 -0.024788 0.266187 0.000000 0.000000 0.000000 1.000000
-0.006219 0.134216 -0.990933 0.635987 0.229369 -0.964340 -0.132054 0.114392 -0.973320 -0.228111 -0.024788 0.266187 0.000000 0.000000 0.000000 1.000000
-0.006219 0.134216 -0.990933 0.635987 0.229369 -0.964340 -0.132054 0.114392 -0.973320 -0.228111 -0.024788 0.266187 0.000000 0.000000 0.000000 1.000000
-0.006219 0.134216 -0.990933 0.635987 0.229369 -0.964340 -0.132054 0.114392 -0.973320 -0.228111 -0.024788 0.266187 0.000000 0.000000 0.000000 1.000000
-0.006219 0.134216 -0.990933 0.635987 0.229369 -0.964340 -0.132054 0.114392 -0.973320 -0.228111 -0.024788 0.266187 0.000000 0.000000 0.000000 1.000000
-0.006219 0.134216 -0.990933 0.635987 0.229369 -0.964340 -0.132054 0.114391 -0.973320 -0.228111 -0.024788 0.266187 0.000000 0.000000 0.000000 1.000000
-0.006219 0.134216 -0.990933 0.635987 0.229369 -0.964340 -0.132054 0.114391 -0.973320 -0.228111 -0.024788 0.266187 0.000000 0.000000 0.000000 1.000000
-0.006219 0.134216 -0.990933 0.635987 0.229369 -0.964340 -0.132054 0.114391 -0.973320 -0.228111 -0.024788 0.266187 0.000000 0.000000 0.000000 1.000000
-0.006219 0.134216 -0.990933 0.635987 0.229369 -0.964340 -0.132054 0.114391 -0.973320 -0.228111 -0.024788 0.266187 0.000000 0.000000 0.000000 1.000000
-0.006219 0.134216 -0.990933 0.635987 0.229369 -0.964340 -0.132054 0.114391 -0.973320 -0.228111 -0.024788 0.266187 0.000000 0.000000 0.000000 1.000000
-0.006219 0.134216 -0.990933 0.635987 0.229369 -0.964340 -0.132054 0.114391 -0.973320 -0.228111 -0.024788 0.266187 0.000000 0.000000 0.000000 1.000000
-0.006219 0.134216 -0.990933 0.635987 0.229370 -0.964340 -0.132054 0.114391 -0.973319 -0.228111 -0.024788 0.266187 0.000000 0.000000 0.000000 1.000000
-0.006219 0.134216 -0.990933 0.635988 0.229370 -0.964340 -0.132054 0.114392 -0.973319 -0.228111 -0.024788 0.266187 0.000000 0.000000 0.000000 1.000000
-0.006219 0.134216 -0.990933 0.635987 0.229370 -0.964340 -0.132054 0.114392 -0.973320 -0.228111 -0.024788 0.266187 0.000000 0.000000 0.000000 1.000000
-0.006219 0.134216 -0.990933 0.635987 0.229370 -0.964340 -0.132054 0.114391 -0.973320 -0.228111 -0.024788 0.266187 0.000000 0.000000 0.000000 1.000000
-0.006219 0.134216 -0.990933 0.635987 0.229369 -0.964340 -0.132054 0.114392 -0.973320 -0.228111 -0.024788 0.266187 0.000000 0.000000 0.000000 1.000000
-0.006219 0.134216 -0.990933 0.635987 0.229370 -0.964340 -0.132054 0.114391 -0.973320 -0.228111 -0.024788 0.266187 0.000000 0.000000 0.000000 1.000000
-0.006219 0.134216 -0.990933 0.635987 0.229370 -0.964340 -0.132054 0.114392 -0.973320 -0.228111 -0.024788 0.266187 0.000000 0.000000 0.000000 1.000000
-0.006219 0.134216 -0.990933 0.635987 0.229370 -0.964340 -0.132054 0.114391 -0.973320 -0.228111 -0.024788 0.266187 0.000000 0.000000 0.000000 1.000000</float_array><technique_common><accessor source="#jnt_left_shoulder-Matrix-animation-output-transform-array" count="19" stride="16"><param type="float4x4"/></accessor></technique_common></source><source id="jnt_left_shoulder-Interpolations"><Name_array id="jnt_left_shoulder-Interpolations-array" count="19">
 LINEAR LINEAR LINEAR LINEAR LINEAR LINEAR LINEAR LINEAR LINEAR LINEAR LINEAR
LINEAR LINEAR LINEAR LINEAR LINEAR LINEAR LINEAR LINEAR</Name_array><technique_common><accessor source="#jnt_left_shoulder-Interpolations-array" count="19"><param type="name"/></accessor></technique_common></source><sampler id="jnt_left_shoulder-Matrix-animation-transform"><input semantic="INPUT" source="#jnt_left_shoulder-Matrix-animation-input"/><input semantic="OUTPUT" source="#jnt_left_shoulder-Matrix-animation-output-transform"/><input semantic="INTERPOLATION" source="#jnt_left_shoulder-Interpolations"/></sampler><channel source="#jnt_left_shoulder-Matrix-animation-transform" target="jnt_left_shoulder/matrix"/></animation></animation>
    <animation id="jnt_left_arm-anim" name="jnt_left_arm"><animation><source id="jnt_left_arm-Matrix-animation-input"><float_array id="jnt_left_arm-Matrix-animation-input-array" count="19">

0.000000 0.033333 0.066667 0.100000 0.133333 0.166667 0.200000 0.233333 0.266667 0.300000 0.333333 0.366667 0.400000 0.433333 0.466667 0.500000
0.533333 0.566667 0.600000</float_array><technique_common><accessor source="#jnt_left_arm-Matrix-animation-input-array" count="19"><param name="TIME" type="float"/></accessor></technique_common></source><source id="jnt_left_arm-Matrix-animation-output-transform"><float_array id="jnt_left_arm-Matrix-animation-output-transform-array" count="304">

0.960479 0.045980 0.274527 -0.525417 -0.131709 0.943939 0.302709 -0.032448 -0.245218 -0.326904 0.912689 0.009492 0.000000 0.000000 0.000000 1.000000
0.965000 0.052596 0.256923 -0.525417 -0.130246 0.946437 0.295455 -0.032448 -0.227622 -0.318577 0.920161 0.009491 0.000000 0.000000 0.000000 1.000000
0.974907 0.067977 0.211980 -0.525417 -0.126698 0.952398 0.277282 -0.032447 -0.183040 -0.297181 0.937112 0.009491 0.000000 0.000000 0.000000 1.000000
0.984456 0.085545 0.153387 -0.525417 -0.122842 0.959569 0.253253 -0.032447 -0.125521 -0.268159 0.955163 0.009491 0.000000 0.000000 0.000000 1.000000
0.990218 0.099205 0.098115 -0.525417 -0.119743 0.965175 0.232590 -0.032447 -0.071624 -0.242063 0.967613 0.009492 0.000000 0.000000 0.000000 1.000000
0.992488 0.104242 0.064040 -0.525417 -0.116349 0.966047 0.230686 -0.032447 -0.037818 -0.236404 0.970919 0.009492 0.000000 0.000000 0.000000 1.000000
0.992834 0.094187 0.073546 -0.525417 -0.111280 0.953013 0.281749 -0.032447 -0.043553 -0.287915 0.956665 0.009491 0.000000 0.000000 0.000000 1.000000
0.991100 0.078965 0.107174 -0.525416 -0.112636 0.926536 0.358950 -0.032448 -0.070956 -0.367827 0.927183 0.009492 0.000000 0.000000 0.000000 1.000000
0.988886 0.073066 0.129481 -0.525417 -0.118984 0.911129 0.394572 -0.032448 -0.089144 -0.405593 0.909696 0.009492 0.000000 0.000000 0.000000 1.000000
0.987430 0.077951 0.137494 -0.525417 -0.124187 0.920753 0.369852 -0.032447 -0.097768 -0.382278 0.918860 0.009491 0.000000 0.000000 0.000000 1.000000
0.984314 0.090176 0.151641 -0.525417 -0.134160 0.940760 0.311402 -0.032447 -0.114577 -0.326861 0.938101 0.009492 0.000000 0.000000 0.000000 1.000000
0.978143 0.107845 0.177783 -0.525417 -0.147308 0.962827 0.226415 -0.032447 -0.146756 -0.247655 0.957669 0.009491 0.000000 0.000000 0.000000 1.000000
0.967587 0.127719 0.217862 -0.525417 -0.157934 0.979198 0.127387 -0.032447 -0.197061 -0.157665 0.967630 0.009492 0.000000 0.000000 0.000000 1.000000
0.955169 0.147883 0.256483 -0.525417 -0.160256 0.986681 0.027910 -0.032447 -0.248939 -0.067762 0.966146 0.009492 0.000000 0.000000 0.000000 1.000000
0.942879 0.164011 0.289964 -0.525418 -0.158258 0.986446 -0.043350 -0.032447 -0.293144 -0.005015 0.956055 0.009491 0.000000 0.000000 0.000000 1.000000
0.931473 0.160987 0.326253 -0.525417 -0.161568 0.986532 -0.025510 -0.032447 -0.325966 -0.028950 0.944938 0.009491 0.000000 0.000000 0.000000 1.000000
0.928159 0.132729 0.347712 -0.525417 -0.165406 0.984021 0.065903 -0.032447 -0.333409 -0.118682 0.935282 0.009491 0.000000 0.000000 0.000000 1.000000
0.930498 0.093927 0.354049 -0.525417 -0.159890 0.973771 0.161883 -0.032448 -0.329558 -0.207240 0.921110 0.009491 0.000000 0.000000 0.000000 1.000000
0.932292 0.073927 0.354072 -0.525417 -0.154509 0.966482 0.205037 -0.032447 -0.327046 -0.245862 0.912465 0.009492 0.000000 0.000000 0.000000 1.000000</float_array><technique_common><accessor source="#jnt_left_arm-Matrix-animation-output-transform-array" count="19" stride="16"><param type="float4x4"/></accessor></technique_common></source><source id="jnt_left_arm-Interpolations"><Name_array id="jnt_left_arm-Interpolations-array" count="19">
 LINEAR LINEAR LINEAR LINEAR LINEAR LINEAR LINEAR LINEAR LINEAR LINEAR LINEAR
