<?xml version="1.0" encoding="utf-8"?>
<COLLADA xmlns="http://www.collada.org/2005/11/COLLADASchema" version="1.4.1">
  <asset><contributor><author></author><authoring_tool>FBX COLLADA exporter</authoring_tool><comments></comments></contributor><created>2019-12-31T12:27:06Z</created><keywords></keywords><modified>2019-12-31T12:27:06Z</modified><revision></revision><subject></subject><title></title><unit meter="0.010000" name="centimeter"></unit><up_axis>Y_UP</up_axis></asset>
  <library_animations>
    <animation id="root_jnt-anim" name="root_jnt"><animation><source id="root_jnt-Matrix-animation-input"><float_array id="root_jnt-Matrix-animation-input-array" count="13">

0.000000 0.033333 0.066667 0.100000 0.133333 0.166667 0.200000 0.233333 0.266667 0.300000 0.333333 0.366667 0.400000</float_array><technique_common><accessor source="#root_jnt-Matrix-animation-input-array" count="13"><param name="TIME" type="float"/></accessor></technique_common></source><source id="root_jnt-Matrix-animation-output-transform"><float_array id="root_jnt-Matrix-animation-output-transform-array" count="208">

1.000000 0.000000 0.000000 0.000000 0.000000 1.000000 0.000000 0.000000 0.000000 0.000000 1.000000 0.000000 0.000000 0.000000 0.000000 1.000000
1.000000 0.000000 0.000000 0.000000 0.000000 1.000000 0.000000 0.000000 0.000000 0.000000 1.000000 0.000000 0.000000 0.000000 0.000000 1.000000
1.000000 0.000000 0.000000 0.000000 0.000000 1.000000 0.000000 0.000000 0.000000 0.000000 1.000000 0.000000 0.000000 0.000000 0.000000 1.000000
1.000000 0.000000 0.000000 0.000000 0.000000 1.000000 0.000000 0.000000 0.000000 0.000000 1.000000 0.000000 0.000000 0.000000 0.000000 1.000000
1.000000 0.000000 0.000000 0.000000 0.000000 1.000000 0.000000 0.000000 0.000000 0.000000 1.000000 0.000000 0.000000 0.000000 0.000000 1.000000
1.000000 0.000000 0.000000 0.000000 0.000000 1.000000 0.000000 0.000000 0.000000 0.000000 1.000000 0.000000 0.000000 0.000000 0.000000 1.000000
1.000000 0.000000 0.000000 0.000000 0.000000 1.000000 0.000000 0.000000 0.000000 0.000000 1.000000 0.000000 0.000000 0.000000 0.000000 1.000000
1.000000 0.000000 0.000000 0.000000 0.000000 1.000000 0.000000 0.000000 0.000000 0.000000 1.000000 0.000000 0.000000 0.000000 0.000000 1.000000
1.000000 0.000000 0.000000 0.000000 0.000000 1.000000 0.000000 0.000000 0.000000 0.000000 1.000000 0.000000 0.000000 0.000000 0.000000 1.000000
1.000000 0.000000 0.000000 0.000000 0.000000 1.000000 0.000000 0.000000 0.000000 0.000000 1.000000 0.000000 0.000000 0.000000 0.000000 1.000000
1.000000 0.000000 0.000000 0.000000 0.000000 1.000000 0.000000 0.000000 0.000000 0.000000 1.000000 0.000000 0.000000 0.000000 0.000000 1.000000
1.000000 0.000000 0.000000 0.000000 0.000000 1.000000 0.000000 0.000000 0.000000 0.000000 1.000000 0.000000 0.000000 0.000000 0.000000 1.000000
1.000000 0.000000 0.000000 0.000000 0.000000 1.000000 0.000000 0.000000 0.000000 0.000000 1.000000 0.000000 0.000000 0.000000 0.000000 1.000000</float_array><technique_common><accessor source="#root_jnt-Matrix-animation-output-transform-array" count="13" stride="16"><param type="float4x4"/></accessor></technique_common></source><source id="root_jnt-Interpolations"><Name_array id="root_jnt-Interpolations-array" count="13">
 LINEAR LINEAR LINEAR LINEAR LINEAR LINEAR LINEAR LINEAR LINEAR LINEAR LINEAR
LINEAR LINEAR</Name_array><technique_common><accessor source="#root_jnt-Interpolations-array" count="13"><param type="name"/></accessor></technique_common></source><sampler id="root_jnt-Matrix-animation-transform"><input semantic="INPUT" source="#root_jnt-Matrix-animation-input"/><input semantic="OUTPUT" source="#root_jnt-Matrix-animation-output-transform"/><input semantic="INTERPOLATION" source="#root_jnt-Interpolations"/></sampler><channel source="#root_jnt-Matrix-animation-transform" target="root_jnt/matrix"/></animation></animation>
    <animation id="jnt_hips-anim" name="jnt_hips"><animation><source id="jnt_hips-Matrix-animation-input"><float_array id="jnt_hips-Matrix-animation-input-array" count="13">

0.000000 0.033333 0.066667 0.100000 0.133333 0.166667 0.200000 0.233333 0.266667 0.300000 0.333333 0.366667 0.400000</float_array><technique_common><accessor source="#jnt_hips-Matrix-animation-input-array" count="13"><param name="TIME" type="float"/></accessor></technique_common></source><source id="jnt_hips-Matrix-animation-output-transform"><float_array id="jnt_hips-Matrix-animation-output-transform-array" count="208">

0.843587 0.154482 -0.514293 0.052634 -0.167018 0.985706 0.022128 1.209160 0.510359 0.067229 0.857329 -0.239401 0.000000 0.000000 0.000000 1.000000
0.843587 0.154483 -0.514292 0.092360 -0.167437 0.985650 0.021424 1.238696 0.510222 0.068038 0.857347 -0.238617 0.000000 0.000000 0.000000 1.000000
0.843587 0.154482 -0.514292 0.122997 -0.167880 0.985591 0.020679 1.270352 0.510076 0.068895 0.857366 -0.237101 0.000000 0.000000 0.000000 1.000000
0.843586 0.154482 -0.514293 0.141673 -0.168272 0.985537 0.020020 1.275935 0.509948 0.069652 0.857381 -0.235479 0.000000 0.000000 0.000000 1.000000
0.843587 0.154482 -0.514292 0.140654 -0.168506 0.985505 0.019627 1.249065 0.509870 0.070105 0.857390 -0.234855 0.000000 0.000000 0.000000 1.000000
0.843587 0.154482 -0.514292 0.107351 -0.168471 0.985510 0.019685 1.215029 0.509881 0.070037 0.857389 -0.236473 0.000000 0.000000 0.000000 1.000000
0.843587 0.154483 -0.514293 0.061207 -0.168175 0.985551 0.020184 1.209844 0.509979 0.069464 0.857377 -0.239127 0.000000 0.000000 0.000000 1.000000
0.843587 0.154482 -0.514292 0.028291 -0.167672 0.985619 0.021029 1.236343 0.510145 0.068492 0.857357 -0.241476 0.000000 0.000000 0.000000 1.000000
0.843586 0.154483 -0.514293 0.009448 -0.167055 0.985701 0.022067 1.265720 0.510348 0.067300 0.857331 -0.243809 0.000000 0.000000 0.000000 1.000000
0.843587 0.154482 -0.514292 -0.000838 -0.166524 0.985770 0.022957 1.271060 0.510520 0.066275 0.857308 -0.245932 0.000000 0.000000 0.000000 1.000000
0.843587 0.154483 -0.514292 0.002661 -0.166316 0.985797 0.023307 1.244773 0.510588 0.065874 0.857298 -0.246463 0.000000 0.000000 0.000000 1.000000
0.843586 0.154483 -0.514293 0.023025 -0.166578 0.985763 0.022868 1.215484 0.510504 0.066379 0.857310 -0.243139 0.000000 0.000000 0.000000 1.000000
0.843587 0.154482 -0.514293 0.052634 -0.167018 0.985706 0.022128 1.209165 0.510359 0.067229 0.857329 -0.239406 0.000000 0.000000 0.000000 1.000000</float_array><technique_common><accessor source="#jnt_hips-Matrix-animation-output-transform-array" count="13" stride="16"><param type="float4x4"/></accessor></technique_common></source><source id="jnt_hips-Interpolations"><Name_array id="jnt_hips-Interpolations-array" count="13">
 LINEAR LINEAR LINEAR LINEAR LINEAR LINEAR LINEAR LINEAR LINEAR LINEAR LINEAR
LINEAR LINEAR</Name_array><technique_common><accessor source="#jnt_hips-Interpolations-array" count="13"><param type="name"/></accessor></technique_common></source><sampler id="jnt_hips-Matrix-animation-transform"><input semantic="INPUT" source="#jnt_hips-Matrix-animation-input"/><input semantic="OUTPUT" source="#jnt_hips-Matrix-animation-output-transform"/><input semantic="INTERPOLATION" source="#jnt_hips-Interpolations"/></sampler><channel source="#jnt_hips-Matrix-animation-transform" target="jnt_hips/matrix"/></animation></animation>
    <animation id="jnt_spine1-anim" name="jnt_spine1"><animation><source id="jnt_spine1-Matrix-animation-input"><float_array id="jnt_spine1-Matrix-animation-input-array" count="13">

0.000000 0.033333 0.066667 0.100000 0.133333 0.166667 0.200000 0.233333 0.266667 0.300000 0.333333 0.366667 0.400000</float_array><technique_common><accessor source="#jnt_spine1-Matrix-animation-input-array" count="13"><param name="TIME" type="float"/></accessor></technique_common></source><source id="jnt_spine1-Matrix-animation-output-transform"><float_array id="jnt_spine1-Matrix-animation-output-transform-array" count="208">

-0.057144 0.208968 0.976252 -0.000000 0.975211 -0.197693 0.099400 0.212132 0.213769 0.957732 -0.192491 0.023482 0.000000 0.000000 0.000000 1.000000
-0.059013 0.209612 0.976002 0.000000 0.974513 -0.199879 0.101850 0.212132 0.216432 0.957137 -0.192474 0.023482 0.000000 0.000000 0.000000 1.000000
-0.063126 0.211026 0.975440 -0.000000 0.972938 -0.204674 0.107243 0.212132 0.222278 0.955812 -0.192395 0.023482 0.000000 0.000000 0.000000 1.000000
-0.067237 0.212435 0.974859 -0.000000 0.971311 -0.209448 0.112634 0.212132 0.228109 0.954465 -0.192258 0.023482 0.000000 0.000000 0.000000 1.000000
-0.069105 0.213074 0.974589 -0.000000 0.970555 -0.211610 0.115083 0.212132 0.230754 0.953845 -0.192177 0.023482 0.000000 0.000000 0.000000 1.000000
-0.068592 0.212898 0.974664 -0.000000 0.970764 -0.211015 0.114410 0.212132 0.230027 0.954016 -0.192200 0.023482 0.000000 0.000000 0.000000 1.000000
-0.067237 0.212435 0.974859 0.000000 0.971311 -0.209447 0.112634 0.212132 0.228109 0.954465 -0.192258 0.023482 0.000000 0.000000 0.000000 1.000000
-0.065322 0.211779 0.975132 0.000000 0.972075 -0.207226 0.110122 0.212132 0.225394 0.955095 -0.192329 0.023482 0.000000 0.000000 0.000000 1.000000
-0.063126 0.211026 0.975440 0.000000 0.972938 -0.204673 0.107243 0.212132 0.222278 0.955812 -0.192395 0.023482 0.000000 0.000000 0.000000 1.000000
-0.060930 0.210271 0.975743 -0.000000 0.973785 -0.202115 0.104363 0.212132 0.219157 0.956523 -0.192444 0.023482 0.000000 0.000000 0.000000 1.000000
-0.059013 0.209612 0.976002 -0.000000 0.974513 -0.199879 0.101851 0.212132 0.216431 0.957137 -0.192474 0.023482 0.000000 0.000000 0.000000 1.000000
-0.057659 0.209145 0.976183 0.000000 0.975020 -0.198294 0.100074 0.212132 0.214502 0.957569 -0.192487 0.023482 0.000000 0.000000 0.000000 1.000000
-0.057144 0.208967 0.976252 -0.000000 0.975212 -0.197692 0.099400 0.212132 0.213768 0.957732 -0.192490 0.023482 0.000000 0.000000 0.000000 1.000000</float_array><technique_common><accessor source="#jnt_spine1-Matrix-animation-output-transform-array" count="13" stride="16"><param type="float4x4"/></accessor></technique_common></source><source id="jnt_spine1-Interpolations"><Name_array id="jnt_spine1-Interpolations-array" count="13">
 LINEAR LINEAR LINEAR LINEAR LINEAR LINEAR LINEAR LINEAR LINEAR LINEAR LINEAR
LINEAR LINEAR</Name_array><technique_common><accessor source="#jnt_spine1-Interpolations-array" count="13"><param type="name"/></accessor></technique_common></source><sampler id="jnt_spine1-Matrix-animation-transform"><input semantic="INPUT" source="#jnt_spine1-Matrix-animation-input"/><input semantic="OUTPUT" source="#jnt_spine1-Matrix-animation-output-transform"/><input semantic="INTERPOLATION" source="#jnt_spine1-Interpolations"/></sampler><channel source="#jnt_spine1-Matrix-animation-transform" target="jnt_spine1/matrix"/></animation></animation>
    <animation id="jnt_spine2-anim" name="jnt_spine2"><animation><source id="jnt_spine2-Matrix-animation-input"><float_array id="jnt_spine2-Matrix-animation-input-array" count="13">

0.000000 0.033333 0.066667 0.100000 0.133333 0.166667 0.200000 0.233333 0.266667 0.300000 0.333333 0.366667 0.400000</float_array><technique_common><accessor source="#jnt_spine2-Matrix-animation-input-array" count="13"><param name="TIME" type="float"/></accessor></technique_common></source><source id="jnt_spine2-Matrix-animation-output-transform"><float_array id="jnt_spine2-Matrix-animation-output-transform-array" count="208">

0.975349 -0.213891 0.054271 0.426848 0.217812 0.893702 -0.392244 0.000000 0.035395 0.394395 0.918259 -0.000000 0.000000 0.000000 0.000000 1.000000
0.974512 -0.216011 0.060536 0.426848 0.222200 0.892314 -0.392941 0.000000 0.030862 0.396377 0.917569 -0.000000 0.000000 0.000000 0.000000 1.000000
0.972533 -0.220583 0.074320 0.426849 0.231828 0.889258 -0.394304 -0.000000 0.020888 0.400703 0.915970 -0.000000 0.000000 0.000000 0.000000 1.000000
0.970361 -0.225029 0.088099 0.426848 0.241414 0.886200 -0.395435 -0.000000 0.010911 0.404983 0.914259 -0.000000 0.000000 0.000000 0.000000 1.000000
0.969311 -0.227009 0.094360 0.426848 0.245756 0.884810 -0.395872 0.000000 0.006376 0.406912 0.913445 -0.000000 0.000000 0.000000 0.000000 1.000000
0.969603 -0.226467 0.092639 0.426849 0.244563 0.885193 -0.395756 0.000000 0.007623 0.406383 0.913671 -0.000000 0.000000 0.000000 0.000000 1.000000
0.970361 -0.225029 0.088099 0.426849 0.241414 0.886200 -0.395435 -0.000000 0.010911 0.404983 0.914259 0.000000 0.000000 0.000000 0.000000 1.000000
0.971396 -0.222974 0.081680 0.426849 0.236953 0.887625 -0.394937 -0.000000 0.015559 0.402995 0.915070 -0.000000 0.000000 0.000000 0.000000 1.000000
0.972533 -0.220584 0.074320 0.426849 0.231828 0.889258 -0.394304 0.000000 0.020888 0.400703 0.915970 -0.000000 0.000000 0.000000 0.000000 1.000000
0.973614 -0.218157 0.066958 0.426849 0.226691 0.890891 -0.393605 -0.000000 0.026216 0.398398 0.916838 0.000000 0.000000 0.000000 0.000000 1.000000
0.974512 -0.216012 0.060536 0.426848 0.222201 0.892314 -0.392941 0.000000 0.030862 0.396377 0.917569 -0.000000 0.000000 0.000000 0.000000 1.000000
0.975123 -0.214477 0.055994 0.426849 0.219019 0.893320 -0.392440 -0.000000 0.034149 0.394941 0.918072 0.000000 0.000000 0.000000 0.000000 1.000000
0.975349 -0.213891 0.054271 0.426848 0.217812 0.893702 -0.392244 0.000000 0.035395 0.394395 0.918259 -0.000000 0.000000 0.000000 0.000000 1.000000</float_array><technique_common><accessor source="#jnt_spine2-Matrix-animation-output-transform-array" count="13" stride="16"><param type="float4x4"/></accessor></technique_common></source><source id="jnt_spine2-Interpolations"><Name_array id="jnt_spine2-Interpolations-array" count="13">
 LINEAR LINEAR LINEAR LINEAR LINEAR LINEAR LINEAR LINEAR LINEAR LINEAR LINEAR
LINEAR LINEAR</Name_array><technique_common><accessor source="#jnt_spine2-Interpolations-array" count="13"><param type="name"/></accessor></technique_common></source><sampler id="jnt_spine2-Matrix-animation-transform"><input semantic="INPUT" source="#jnt_spine2-Matrix-animation-input"/><input semantic="OUTPUT" source="#jnt_spine2-Matrix-animation-output-transform"/><input semantic="INTERPOLATION" source="#jnt_spine2-Interpolations"/></sampler><channel source="#jnt_spine2-Matrix-animation-transform" target="jnt_spine2/matrix"/></animation></animation>
    <animation id="jnt_spine3-anim" name="jnt_spine3"><animation><source id="jnt_spine3-Matrix-animation-input"><float_array id="jnt_spine3-Matrix-animation-input-array" count="13">

0.000000 0.033333 0.066667 0.100000 0.133333 0.166667 0.200000 0.233333 0.266667 0.300000 0.333333 0.366667 0.400000</float_array><technique_common><accessor source="#jnt_spine3-Matrix-animation-input-array" count="13"><param name="TIME" type="float"/></accessor></technique_common></source><source id="jnt_spine3-Matrix-animation-output-transform"><float_array id="jnt_spine3-Matrix-animation-output-transform-array" count="208">

0.961841 -0.222355 0.159438 0.555067 0.267172 0.888934 -0.372042 -0.000000 -0.059004 0.400443 0.914420 0.000000 0.000000 0.000000 0.000000 1.000000
0.960882 -0.221901 0.165731 0.555067 0.269422 0.887563 -0.373690 -0.000000 -0.064174 0.403724 0.912628 -0.000000 0.000000 0.000000 0.000000 1.000000
0.958664 -0.220750 0.179536 0.555067 0.274332 0.884558 -0.377226 -0.000000 -0.075537 0.410885 0.908552 0.000000 0.000000 0.000000 0.000000 1.000000
0.956298 -0.219396 0.193286 0.555067 0.279186 0.881572 -0.380639 0.000000 -0.086885 0.417967 0.904298 -0.000000 0.000000 0.000000 0.000000 1.000000
0.955174 -0.218713 0.199516 0.555067 0.281373 0.880222 -0.382151 0.000000 -0.092037 0.421159 0.902305 -0.000000 0.000000 0.000000 0.000000 1.000000
0.955486 -0.218905 0.197804 0.555067 0.280773 0.880592 -0.381737 -0.000000 -0.090621 0.420283 0.902857 -0.000000 0.000000 0.000000 0.000000 1.000000
0.956298 -0.219396 0.193286 0.555067 0.279186 0.881572 -0.380639 -0.000000 -0.086885 0.417967 0.904298 0.000000 0.000000 0.000000 0.000000 1.000000
0.957419 -0.220052 0.186887 0.555067 0.276931 0.882961 -0.379064 -0.000000 -0.081600 0.414678 0.906302 -0.000000 0.000000 0.000000 0.000000 1.000000
0.958664 -0.220750 0.179536 0.555067 0.274332 0.884558 -0.377226 -0.000000 -0.075537 0.410885 0.908552 -0.000000 0.000000 0.000000 0.000000 1.000000
0.959867 -0.221390 0.172169 0.555067 0.271716 0.886160 -0.375353 0.000000 -0.069470 0.407070 0.910751 -0.000000 0.000000 0.000000 0.000000 1.000000
0.960882 -0.221900 0.165730 0.555067 0.269422 0.887563 -0.373690 0.000000 -0.064174 0.403724 0.912627 -0.000000 0.000000 0.000000 0.000000 1.000000
0.961580 -0.222235 0.161170 0.555067 0.267792 0.888557 -0.372498 -0.000000 -0.060426 0.401347 0.913931 -0.000000 0.000000 0.000000 0.000000 1.000000
0.961841 -0.222355 0.159438 0.555067 0.267172 0.888934 -0.372042 0.000000 -0.059004 0.400443 0.914420 -0.000000 0.000000 0.000000 0.000000 1.000000</float_array><technique_common><accessor source="#jnt_spine3-Matrix-animation-output-transform-array" count="13" stride="16"><param type="float4x4"/></accessor></technique_common></source><source id="jnt_spine3-Interpolations"><Name_array id="jnt_spine3-Interpolations-array" count="13">
 LINEAR LINEAR LINEAR LINEAR LINEAR LINEAR LINEAR LINEAR LINEAR LINEAR LINEAR
LINEAR LINEAR</Name_array><technique_common><accessor source="#jnt_spine3-Interpolations-array" count="13"><param type="name"/></accessor></technique_common></source><sampler id="jnt_spine3-Matrix-animation-transform"><input semantic="INPUT" source="#jnt_spine3-Matrix-animation-input"/><input semantic="OUTPUT" source="#jnt_spine3-Matrix-animation-output-transform"/><input semantic="INTERPOLATION" source="#jnt_spine3-Interpolations"/></sampler><channel source="#jnt_spine3-Matrix-animation-transform" target="jnt_spine3/matrix"/></animation></animation>
    <animation id="jnt_neck-anim" name="jnt_neck"><animation><source id="jnt_neck-Matrix-animation-input"><float_array id="jnt_neck-Matrix-animation-input-array" count="13">

0.000000 0.033333 0.066667 0.100000 0.133333 0.166667 0.200000 0.233333 0.266667 0.300000 0.333333 0.366667 0.400000</float_array><technique_common><accessor source="#jnt_neck-Matrix-animation-input-array" count="13"><param name="TIME" type="float"/></accessor></technique_common></source><source id="jnt_neck-Matrix-animation-output-transform"><float_array id="jnt_neck-Matrix-animation-output-transform-array" count="208">

0.989859 -0.022778 -0.140212 0.867450 0.089442 0.866767 0.490627 0.171570 0.110356 -0.498193 0.860015 -0.000000 0.000000 0.000000 0.000000 1.000000
0.989491 -0.022556 -0.142825 0.867450 0.090734 0.865940 0.491850 0.171570 0.112584 -0.499640 0.858886 0.000000 0.000000 0.000000 0.000000 1.000000
0.988585 -0.021987 -0.149048 0.867450 0.093806 0.863967 0.494734 0.171570 0.117895 -0.503068 0.856168 -0.000000 0.000000 0.000000 0.000000 1.000000
0.987456 -0.021235 -0.156463 0.867455 0.097456 0.861613 0.498123 0.171572 0.124233 -0.507122 0.852874 0.000000 0.000000 0.000000 0.000000 1.000000
0.986467 -0.020548 -0.162664 0.867454 0.100505 0.859640 0.500916 0.171574 0.129540 -0.510486 0.850073 -0.000001 0.000000 0.000000 0.000000 1.000000
0.986042 -0.020259 -0.165262 0.867459 0.101794 0.858812 0.502076 0.171572 0.131757 -0.511891 0.848886 0.000001 0.000000 0.000000 0.000000 1.000000
0.986269 -0.020418 -0.163879 0.867458 0.101111 0.859253 0.501459 0.171572 0.130574 -0.511144 0.849519 0.000001 0.000000 0.000000 0.000000 1.000000
0.986847 -0.020819 -0.160309 0.867459 0.099351 0.860389 0.499859 0.171574 0.127521 -0.509212 0.851141 0.000000 0.000000 0.000000 0.000000 1.000000
0.987618 -0.021335 -0.155420 0.867453 0.096935 0.861944 0.497650 0.171574 0.123345 -0.506554 0.853340 -0.000001 0.000000 0.000000 0.000000 1.000000
0.988430 -0.021886 -0.150091 0.867450 0.094320 0.863636 0.495213 0.171570 0.118786 -0.503640 0.855708 -0.000000 0.000000 0.000000 0.000000 1.000000
0.989152 -0.022344 -0.145189 0.867462 0.091900 0.865190 0.492951 0.171571 0.114602 -0.500946 0.857858 0.000002 0.000000 0.000000 0.000000 1.000000
0.989665 -0.022653 -0.141601 0.867457 0.090122 0.866327 0.491279 0.171572 0.111544 -0.498963 0.859415 0.000001 0.000000 0.000000 0.000000 1.000000
0.989860 -0.022774 -0.140211 0.867463 0.089438 0.866767 0.490627 0.171572 0.110357 -0.498192 0.860015 0.000001 0.000000 0.000000 0.000000 1.000000</float_array><technique_common><accessor source="#jnt_neck-Matrix-animation-output-transform-array" count="13" stride="16"><param type="float4x4"/></accessor></technique_common></source><source id="jnt_neck-Interpolations"><Name_array id="jnt_neck-Interpolations-array" count="13">
 LINEAR LINEAR LINEAR LINEAR LINEAR LINEAR LINEAR LINEAR LINEAR LINEAR LINEAR
LINEAR LINEAR</Name_array><technique_common><accessor source="#jnt_neck-Interpolations-array" count="13"><param type="name"/></accessor></technique_common></source><sampler id="jnt_neck-Matrix-animation-transform"><input semantic="INPUT" source="#jnt_neck-Matrix-animation-input"/><input semantic="OUTPUT" source="#jnt_neck-Matrix-animation-output-transform"/><input semantic="INTERPOLATION" source="#jnt_neck-Interpolations"/></sampler><channel source="#jnt_neck-Matrix-animation-transform" target="jnt_neck/matrix"/></animation></animation>
    <animation id="jnt_head-anim" name="jnt_head"><animation><source id="jnt_head-Matrix-animation-input"><float_array id="jnt_head-Matrix-animation-input-array" count="13">

0.000000 0.033333 0.066667 0.100000 0.133333 0.166667 0.200000 0.233333 0.266667 0.300000 0.333333 0.366667 0.400000</float_array><technique_common><accessor source="#jnt_head-Matrix-animation-input-array" count="13"><param name="TIME" type="float"/></accessor></technique_common></source><source id="jnt_head-Matrix-animation-output-transform"><float_array id="jnt_head-Matrix-animation-output-transform-array" count="208">

0.841732 0.539888 0.002920 0.273591 -0.539875 0.841734 -0.004309 0.000001 -0.004784 0.002050 0.999986 0.000000 0.000000 0.000000 0.000000 1.000000
0.841737 0.539888 0.000319 0.273591 -0.539885 0.841734 -0.002640 0.000000 -0.001694 0.002050 0.999996 -0.000000 0.000000 0.000000 0.000000 1.000000
0.841717 0.539888 -0.005885 0.273591 -0.539890 0.841735 0.001338 0.000000 0.005676 0.002051 0.999982 0.000000 0.000000 0.000000 0.000000 1.000000
0.841633 0.539887 -0.013289 0.273591 -0.539857 0.841735 0.006087 0.000001 0.014472 0.002051 0.999893 0.000000 0.000000 0.000000 0.000000 1.000000
0.841512 0.539887 -0.019491 0.273592 -0.539797 0.841735 0.010066 0.000001 0.021841 0.002051 0.999759 0.000000 0.000000 0.000000 0.000000 1.000000
0.841448 0.539886 -0.022091 0.273591 -0.539763 0.841735 0.011734 0.000001 0.024930 0.002051 0.999687 -0.000000 0.000000 0.000000 0.000000 1.000000
0.841483 0.539887 -0.020706 0.273591 -0.539782 0.841735 0.010845 0.000001 0.023285 0.002051 0.999727 -0.000000 0.000000 0.000000 0.000000 1.000000
0.841563 0.539887 -0.017134 0.273592 -0.539823 0.841735 0.008554 0.000000 0.019040 0.002051 0.999817 0.000000 0.000000 0.000000 0.000000 1.000000
0.841648 0.539887 -0.012248 0.273591 -0.539864 0.841735 0.005420 0.000001 0.013236 0.002051 0.999910 -0.000000 0.000000 0.000000 0.000000 1.000000
0.841709 0.539887 -0.006925 0.273591 -0.539888 0.841735 0.002005 0.000000 0.006912 0.002051 0.999974 0.000000 0.000000 0.000000 0.000000 1.000000
0.841735 0.539888 -0.002039 0.273591 -0.539890 0.841735 -0.001128 0.000001 0.001107 0.002051 0.999997 0.000000 0.000000 0.000000 0.000000 1.000000
0.841736 0.539888 0.001535 0.273592 -0.539881 0.841734 -0.003420 0.000001 -0.003138 0.002051 0.999993 0.000000 0.000000 0.000000 0.000000 1.000000
0.841732 0.539888 0.002920 0.273591 -0.539875 0.841734 -0.004309 0.000001 -0.004785 0.002050 0.999986 -0.000000 0.000000 0.000000 0.000000 1.000000</float_array><technique_common><accessor source="#jnt_head-Matrix-animation-output-transform-array" count="13" stride="16"><param type="float4x4"/></accessor></technique_common></source><source id="jnt_head-Interpolations"><Name_array id="jnt_head-Interpolations-array" count="13">
 LINEAR LINEAR LINEAR LINEAR LINEAR LINEAR LINEAR LINEAR LINEAR LINEAR LINEAR
LINEAR LINEAR</Name_array><technique_common><accessor source="#jnt_head-Interpolations-array" count="13"><param type="name"/></accessor></technique_common></source><sampler id="jnt_head-Matrix-animation-transform"><input semantic="INPUT" source="#jnt_head-Matrix-animation-input"/><input semantic="OUTPUT" source="#jnt_head-Matrix-animation-output-transform"/><input semantic="INTERPOLATION" source="#jnt_head-Interpolations"/></sampler><channel source="#jnt_head-Matrix-animation-transform" target="jnt_head/matrix"/></animation></animation>
    <animation id="jnt_left_shoulder-anim" name="jnt_left_shoulder"><animation><source id="jnt_left_shoulder-Matrix-animation-input"><float_array id="jnt_left_shoulder-Matrix-animation-input-array" count="13">

0.000000 0.033333 0.066667 0.100000 0.133333 0.166667 0.200000 0.233333 0.266667 0.300000 0.333333 0.366667 0.400000</float_array><technique_common><accessor source="#jnt_left_shoulder-Matrix-animation-input-array" count="13"><param name="TIME" type="float"/></accessor></technique_common></source><source id="jnt_left_shoulder-Matrix-animation-output-transform"><float_array id="jnt_left_shoulder-Matrix-animation-output-transform-array" count="208">

-0.006219 0.134216 -0.990933 0.635987 0.229369 -0.964340 -0.132054 0.114392 -0.973320 -0.228111 -0.024788 0.266187 0.000000 0.000000 0.000000 1.000000
-0.006219 0.134216 -0.990933 0.635987 0.229369 -0.964340 -0.132054 0.114392 -0.973320 -0.228111 -0.024788 0.266187 0.000000 0.000000 0.000000 1.000000
-0.006219 0.134216 -0.990933 0.635987 0.229369 -0.964340 -0.132054 0.114392 -0.973320 -0.228111 -0.024788 0.266187 0.000000 0.000000 0.000000 1.000000
-0.006219 0.134216 -0.990933 0.635987 0.229369 -0.964340 -0.132054 0.114391 -0.973320 -0.228111 -0.024788 0.266187 0.000000 0.000000 0.000000 1.000000
-0.006219 0.134216 -0.990933 0.635987 0.229369 -0.964340 -0.132054 0.114391 -0.973320 -0.228111 -0.024788 0.266187 0.000000 0.000000 0.000000 1.000000
-0.006219 0.134216 -0.990933 0.635987 0.229369 -0.964340 -0.132054 0.114392 -0.973320 -0.228111 -0.024788 0.266187 0.000000 0.000000 0.000000 1.000000
-0.006219 0.134216 -0.990933 0.635987 0.229369 -0.964340 -0.132054 0.114392 -0.973320 -0.228111 -0.024788 0.266187 0.000000 0.000000 0.000000 1.000000
-0.006219 0.134216 -0.990933 0.635987 0.229370 -0.964340 -0.132054 0.114392 -0.973320 -0.228111 -0.024788 0.266187 0.000000 0.000000 0.000000 1.000000
-0.006219 0.134216 -0.990933 0.635987 0.229369 -0.964340 -0.132054 0.114392 -0.973320 -0.228111 -0.024788 0.266187 0.000000 0.000000 0.000000 1.000000
-0.006219 0.134216 -0.990933 0.635987 0.229370 -0.964340 -0.132054 0.114392 -0.973320 -0.228111 -0.024788 0.266187 0.000000 0.000000 0.000000 1.000000
-0.006219 0.134216 -0.990933 0.635988 0.229369 -0.964340 -0.132054 0.114391 -0.973320 -0.228111 -0.024788 0.266187 0.000000 0.000000 0.000000 1.000000
-0.006219 0.134216 -0.990933 0.635987 0.229369 -0.964340 -0.132054 0.114392 -0.973320 -0.228111 -0.024788 0.266187 0.000000 0.000000 0.000000 1.000000
-0.006219 0.134216 -0.990933 0.635987 0.229369 -0.964340 -0.132054 0.114391 -0.973320 -0.228111 -0.024788 0.266187 0.000000 0.000000 0.000000 1.000000</float_array><technique_common><accessor source="#jnt_left_shoulder-Matrix-animation-output-transform-array" count="13" stride="16"><param type="float4x4"/></accessor></technique_common></source><source id="jnt_left_shoulder-Interpolations"><Name_array id="jnt_left_shoulder-Interpolations-array" count="13">
 LINEAR LINEAR LINEAR LINEAR LINEAR LINEAR LINEAR LINEAR LINEAR LINEAR LINEAR
LINEAR LINEAR</Name_array><technique_common><accessor source="#jnt_left_shoulder-Interpolations-array" count="13"><param type="name"/></accessor></technique_common></source><sampler id="jnt_left_shoulder-Matrix-animation-transform"><input semantic="INPUT" source="#jnt_left_shoulder-Matrix-animation-input"/><input semantic="OUTPUT" source="#jnt_left_shoulder-Matrix-animation-output-transform"/><input semantic="INTERPOLATION" source="#jnt_left_shoulder-Interpolations"/></sampler><channel source="#jnt_left_shoulder-Matrix-animation-transform" target="jnt_left_shoulder/matrix"/></animation></animation>
    <animation id="jnt_left_arm-anim" name="jnt_left_arm"><animation><source id="jnt_left_arm-Matrix-animation-input"><float_array id="jnt_left_arm-Matrix-animation-input-array" count="13">

0.000000 0.033333 0.066667 0.100000 0.133333 0.166667 0.200000 0.233333 0.266667 0.300000 0.333333 0.366667 0.400000</float_array><technique_common><accessor source="#jnt_left_arm-Matrix-animation-input-array" count="13"><param name="TIME" type="float"/></accessor></technique_common></source><source id="jnt_left_arm-Matrix-animation-output-transform"><float_array id="jnt_left_arm-Matrix-animation-output-transform-array" count="208">

0.749873 -0.548912 0.369303 -0.525416 0.387888 0.816983 0.426710 -0.032447 -0.535941 -0.176730 0.825551 0.009492 0.000000 0.000000 0.000000 1.000000
0.742990 -0.558726 0.368498 -0.525417 0.398600 0.811666 0.426986 -0.032447 -0.537665 -0.170363 0.825768 0.009491 0.000000 0.000000 0.000000 1.000000
0.734753 -0.572516 0.363818 -0.525417 0.417041 0.804260 0.423370 -0.032447 -0.534991 -0.159345 0.829695 0.009491 0.000000 0.000000 0.000000 1.000000
0.740741 -0.571283 0.353466 -0.525417 0.425388 0.806105 0.411388 -0.032447 -0.519950 -0.154371 0.840132 0.009491 0.000000 0.000000 0.000000 1.000000
0.758637 -0.555283 0.340778 -0.525417 0.420248 0.816765 0.395330 -0.032447 -0.497856 -0.156701 0.852985 0.009491 0.000000 0.000000 0.000000 1.000000
0.769458 -0.544807 0.333346 -0.525417 0.414973 0.823187 0.387505 -0.032447 -0.485522 -0.159839 0.859488 0.009491 0.000000 0.000000 0.000000 1.000000
0.764079 -0.551521 0.334675 -0.525417 0.418680 0.818617 0.393157 -0.032448 -0.490805 -0.160282 0.856400 0.009492 0.000000 0.000000 0.000000 1.000000
0.751712 -0.564722 0.340615 -0.525417 0.424849 0.809700 0.404832 -0.032447 -0.504413 -0.159607 0.848583 0.009491 0.000000 0.000000 0.000000 1.000000
0.740351 -0.574950 0.348301 -0.525417 0.426836 0.802354 0.417181 -0.032447 -0.519319 -0.160192 0.839432 0.009491 0.000000 0.000000 0.000000 1.000000
0.736170 -0.576061 0.355257 -0.525417 0.420917 0.800741 0.426196 -0.032447 -0.529984 -0.164218 0.831955 0.009491 0.000000 0.000000 0.000000 1.000000
0.740084 -0.568100 0.359915 -0.525417 0.408548 0.804896 0.430384 -0.032447 -0.534195 -0.171477 0.827787 0.009492 0.000000 0.000000 0.000000 1.000000
0.747530 -0.556859 0.362087 -0.525416 0.395472 0.811100 0.430951 -0.032447 -0.533667 -0.178954 0.826544 0.009492 0.000000 0.000000 0.000000 1.000000
0.751378 -0.551321 0.362596 -0.525417 0.389579 0.814138 0.430590 -0.032448 -0.532597 -0.182276 0.826508 0.009492 0.000000 0.000000 0.000000 1.000000</float_array><technique_common><accessor source="#jnt_left_arm-Matrix-animation-output-transform-array" count="13" stride="16"><param type="float4x4"/></accessor></technique_common></source><source id="jnt_left_arm-Interpolations"><Name_array id="jnt_left_arm-Interpolations-array" count="13">
 LINEAR LINEAR LINEAR LINEAR LINEAR LINEAR LINEAR LINEAR LINEAR LINEAR LINEAR
LINEAR LINEAR</Name_array><technique_common><accessor source="#jnt_left_arm-Interpolations-array" count="13"><param type="name"/></accessor></technique_common></source><sampler id="jnt_left_arm-Matrix-animation-transform"><input semantic="INPUT" source="#jnt_left_arm-Matrix-animation-input"/><input semantic="OUTPUT" source="#jnt_left_arm-Matrix-animation-output-transform"/><input semantic="INTERPOLATION" source="#jnt_left_arm-Interpolations"/></sampler><channel source="#jnt_left_arm-Matrix-animation-transform" target="jnt_left_arm/matrix"/></animation></animation>
    <animation id="jnt_left_armroll-anim" name="jnt_left_armroll"><animation><source id="jnt_left_armroll-Matrix-animation-input"><float_array id="jnt_left_armroll-Matrix-animation-input-array" count="13">

0.000000 0.033333 0.066667 0.100000 0.133333 0.166667 0.200000 0.233333 0.266667 0.300000 0.333333 0.366667 0.400000</float_array><technique_common><accessor source="#jnt_left_armroll-Matrix-animation-input-array" count="13"><param name="TIME" type="float"/></accessor></technique_common></source><source id="jnt_left_armroll-Matrix-animation-output-transform"><float_array id="jnt_left_armroll-Matrix-animation-output-transform-array" count="208">

1.000000 0.000013 -0.000003 -0.421995 -0.000011 0.666147 -0.745821 0.000001 -0.000008 0.745821 0.666147 -0.000004 0.000000 0.000000 0.000000 1.000000
1.000000 0.000013 -0.000003 -0.421995 -0.000011 0.668167 -0.744012 0.000001 -0.000007 0.744012 0.668167 -0.000004 0.000000 0.000000 0.000000 1.000000
1.000000 0.000013 -0.000003 -0.421995 -0.000010 0.673670 -0.739032 0.000001 -0.000008 0.739032 0.673670 -0.000004 0.000000 0.000000 0.000000 1.000000
1.000000 0.000012 -0.000003 -0.421995 -0.000010 0.681735 -0.731599 0.000002 -0.000007 0.731599 0.681735 -0.000004 0.000000 0.000000 0.000000 1.000000
1.000000 0.000012 -0.000002 -0.421995 -0.000010 0.691180 -0.722683 0.000001 -0.000007 0.722683 0.691180 -0.000004 0.000000 0.000000 0.000000 1.000000
1.000000 0.000012 -0.000002 -0.421995 -0.000010 0.700163 -0.713983 0.000001 -0.000007 0.713983 0.700163 -0.000004 0.000000 0.000000 0.000000 1.000000
1.000000 0.000012 -0.000002 -0.421995 -0.000010 0.709579 -0.704626 0.000001 -0.000007 0.704626 0.709579 -0.000004 0.000000 0.000000 0.000000 1.000000
1.000000 0.000012 -0.000002 -0.421995 -0.000010 0.721027 -0.692907 0.000001 -0.000007 0.692907 0.721027 -0.000004 0.000000 0.000000 0.000000 1.000000
1.000000 0.000011 -0.000002 -0.421995 -0.000010 0.733330 -0.679873 0.000001 -0.000006 0.679873 0.733330 -0.000004 0.000000 0.000000 0.000000 1.000000
1.000000 0.000011 -0.000002 -0.421995 -0.000010 0.745069 -0.666988 0.000001 -0.000006 0.666988 0.745069 -0.000004 0.000000 0.000000 0.000000 1.000000
1.000000 0.000011 -0.000001 -0.421995 -0.000009 0.754664 -0.656111 0.000001 -0.000006 0.656111 0.754664 -0.000004 0.000000 0.000000 0.000000 1.000000
1.000000 0.000011 -0.000001 -0.421995 -0.000009 0.763249 -0.646105 0.000001 -0.000006 0.646105 0.763249 -0.000004 0.000000 0.000000 0.000000 1.000000
1.000000 0.000010 -0.000001 -0.421995 -0.000009 0.772734 -0.634730 0.000001 -0.000006 0.634730 0.772734 -0.000004 0.000000 0.000000 0.000000 1.000000</float_array><technique_common><accessor source="#jnt_left_armroll-Matrix-animation-output-transform-array" count="13" stride="16"><param type="float4x4"/></accessor></technique_common></source><source id="jnt_left_armroll-Interpolations"><Name_array id="jnt_left_armroll-Interpolations-array" count="13">
 LINEAR LINEAR LINEAR LINEAR LINEAR LINEAR LINEAR LINEAR LINEAR LINEAR LINEAR
LINEAR LINEAR</Name_array><technique_common><accessor source="#jnt_left_armroll-Interpolations-array" count="13"><param type="name"/></accessor></technique_common></source><sampler id="jnt_left_armroll-Matrix-animation-transform"><input semantic="INPUT" source="#jnt_left_armroll-Matrix-animation-input"/><input semantic="OUTPUT" source="#jnt_left_armroll-Matrix-animation-output-transform"/><input semantic="INTERPOLATION" source="#jnt_left_armroll-Interpolations"/></sampler><channel source="#jnt_left_armroll-Matrix-animation-transform" target="jnt_left_armroll/matrix"/></animation></animation>
    <animation id="jnt_left_forearm-anim" name="jnt_left_forearm"><animation><source id="jnt_left_forearm-Matrix-animation-input"><float_array id="jnt_left_forearm-Matrix-animation-input-array" count="13">

0.000000 0.033333 0.066667 0.100000 0.133333 0.166667 0.200000 0.233333 0.266667 0.300000 0.333333 0.366667 0.400000</float_array><technique_common><accessor source="#jnt_left_forearm-Matrix-animation-input-array" count="13"><param name="TIME" type="float"/></accessor></technique_common></source><source id="jnt_left_forearm-Matrix-animation-output-transform"><float_array id="jnt_left_forearm-Matrix-animation-output-transform-array" count="208">

0.592179 -0.802067 -0.077536 -0.843982 0.805620 0.591365 0.035558 -0.000027 0.017332 -0.083521 0.996355 -0.000008 0.000000 0.000000 0.000000 1.000000
0.592588 -0.801772 -0.077467 -0.843982 0.805319 0.591773 0.035578 -0.000007 0.017318 -0.083469 0.996360 -0.000000 0.000000 0.000000 0.000000 1.000000
0.580841 -0.810227 -0.078460 -0.843982 0.813836 0.580041 0.034975 -0.000043 0.017172 -0.084168 0.996304 -0.000016 0.000000 0.000000 0.000000 1.000000
0.542295 -0.836218 -0.081586 -0.843981 0.840022 0.541556 0.032862 0.000004 0.016704 -0.086355 0.996124 0.000004 0.000000 0.000000 0.000000 1.000000
0.488893 -0.868139 -0.085546 -0.843981 0.872195 0.488261 0.029596 -0.000011 0.016075 -0.089082 0.995895 -0.000000 0.000000 0.000000 0.000000 1.000000
0.460924 -0.883126 -0.087392 -0.843982 0.887300 0.460355 0.027763 0.000017 0.015713 -0.090339 0.995787 0.000007 0.000000 0.000000 0.000000 1.000000
0.476220 -0.875078 -0.086334 -0.843982 0.879183 0.475612 0.028814 -0.000003 0.015847 -0.089625 0.995849 0.000002 0.000000 0.000000 0.000000 1.000000
0.511457 -0.855215 -0.083786 -0.843982 0.859157 0.510765 0.031119 0.000019 0.016181 -0.087901 0.995998 0.000009 0.000000 0.000000 0.000000 1.000000
0.549392 -0.831648 -0.080815 -0.843982 0.835402 0.548622 0.033443 0.000025 0.016524 -0.085886 0.996168 0.000012 0.000000 0.000000 0.000000 1.000000
0.577066 -0.812913 -0.078527 -0.843982 0.816525 0.576246 0.035034 -0.000040 0.016771 -0.084336 0.996296 -0.000015 0.000000 0.000000 0.000000 1.000000
0.590258 -0.803496 -0.077390 -0.843981 0.807038 0.589414 0.035784 -0.000035 0.016863 -0.083578 0.996359 -0.000012 0.000000 0.000000 0.000000 1.000000
0.592756 -0.801674 -0.077195 -0.843982 0.805205 0.591905 0.035955 -0.000036 0.016868 -0.083470 0.996368 -0.000012 0.000000 0.000000 0.000000 1.000000
0.592209 -0.802074 -0.077240 -0.843982 0.805609 0.591357 0.035944 0.000003 0.016846 -0.083512 0.996364 0.000004 0.000000 0.000000 0.000000 1.000000</float_array><technique_common><accessor source="#jnt_left_forearm-Matrix-animation-output-transform-array" count="13" stride="16"><param type="float4x4"/></accessor></technique_common></source><source id="jnt_left_forearm-Interpolations"><Name_array id="jnt_left_forearm-Interpolations-array" count="13">
 LINEAR LINEAR LINEAR LINEAR LINEAR LINEAR LINEAR LINEAR LINEAR LINEAR LINEAR
LINEAR LINEAR</Name_array><technique_common><accessor source="#jnt_left_forearm-Interpolations-array" count="13"><param type="name"/></accessor></technique_common></source><sampler id="jnt_left_forearm-Matrix-animation-transform"><input semantic="INPUT" source="#jnt_left_forearm-Matrix-animation-input"/><input semantic="OUTPUT" source="#jnt_left_forearm-Matrix-animation-output-transform"/><input semantic="INTERPOLATION" source="#jnt_left_forearm-Interpolations"/></sampler><channel source="#jnt_left_forearm-Matrix-animation-transform" target="jnt_left_forearm/matrix"/></animation></animation>
    <animation id="jnt_left_forearmroll-anim" name="jnt_left_forearmroll"><animation><source id="jnt_left_forearmroll-Matrix-animation-input"><float_array id="jnt_left_forearmroll-Matrix-animation-input-array" count="13">

0.000000 0.033333 0.066667 0.100000 0.133333 0.166667 0.200000 0.233333 0.266667 0.300000 0.333333 0.366667 0.400000</float_array><technique_common><accessor source="#jnt_left_forearmroll-Matrix-animation-input-array" count="13"><param name="TIME" type="float"/></accessor></technique_common></source><source id="jnt_left_forearmroll-Matrix-animation-output-transform"><float_array id="jnt_left_forearmroll-Matrix-animation-output-transform-array" count="208">

1.000000 -0.000004 0.000000 -0.487002 0.000004 0.895792 0.444474 -0.000000 -0.000002 -0.444474 0.895792 -0.000004 0.000000 0.000000 0.000000 1.000000
1.000000 -0.000004 0.000000 -0.487001 0.000003 0.918845 0.394618 0.000000 -0.000002 -0.394618 0.918845 -0.000004 0.000000 0.000000 0.000000 1.000000
1.000000 -0.000003 0.000000 -0.487002 0.000002 0.962726 0.270478 -0.000000 -0.000001 -0.270478 0.962726 -0.000004 0.000000 0.000000 0.000000 1.000000
