<?xml version="1.0" encoding="utf-8"?>
<COLLADA xmlns="http://www.collada.org/2005/11/COLLADASchema" version="1.4.1">
  <asset><contributor><author></author><authoring_tool>FBX COLLADA exporter</authoring_tool><comments></comments></contributor><created>2019-12-31T12:23:12Z</created><keywords></keywords><modified>2019-12-31T12:23:12Z</modified><revision></revision><subject></subject><title></title><unit meter="0.010000" name="centimeter"></unit><up_axis>Y_UP</up_axis></asset>
  <library_animations>
    <animation id="root_jnt-anim" name="root_jnt"><animation><source id="root_jnt-Matrix-animation-input"><float_array id="root_jnt-Matrix-animation-input-array" count="15">

0.000000 0.033333 0.066667 0.100000 0.133333 0.166667 0.200000 0.233333 0.266667 0.300000 0.333333 0.366667 0.400000 0.433333 0.466667</float_array><technique_common><accessor source="#root_jnt-Matrix-animation-input-array" count="15"><param name="TIME" type="float"/></accessor></technique_common></source><source id="root_jnt-Matrix-animation-output-transform"><float_array id="root_jnt-Matrix-animation-output-transform-array" count="240">

1.000000 0.000000 0.000000 0.000000 0.000000 1.000000 0.000000 0.000000 0.000000 0.000000 1.000000 0.000000 0.000000 0.000000 0.000000 1.000000
1.000000 0.000000 0.000000 0.000000 0.000000 1.000000 0.000000 0.000000 0.000000 0.000000 1.000000 0.000000 0.000000 0.000000 0.000000 1.000000
1.000000 0.000000 0.000000 0.000000 0.000000 1.000000 0.000000 0.000000 0.000000 0.000000 1.000000 0.000000 0.000000 0.000000 0.000000 1.000000
1.000000 0.000000 0.000000 0.000000 0.000000 1.000000 0.000000 0.000000 0.000000 0.000000 1.000000 0.000000 0.000000 0.000000 0.000000 1.000000
1.000000 0.000000 0.000000 0.000000 0.000000 1.000000 0.000000 0.000000 0.000000 0.000000 1.000000 0.000000 0.000000 0.000000 0.000000 1.000000
1.000000 0.000000 0.000000 0.000000 0.000000 1.000000 0.000000 0.000000 0.000000 0.000000 1.000000 0.000000 0.000000 0.000000 0.000000 1.000000
1.000000 0.000000 0.000000 0.000000 0.000000 1.000000 0.000000 0.000000 0.000000 0.000000 1.000000 0.000000 0.000000 0.000000 0.000000 1.000000
1.000000 0.000000 0.000000 0.000000 0.000000 1.000000 0.000000 0.000000 0.000000 0.000000 1.000000 0.000000 0.000000 0.000000 0.000000 1.000000
1.000000 0.000000 0.000000 0.000000 0.000000 1.000000 0.000000 0.000000 0.000000 0.000000 1.000000 0.000000 0.000000 0.000000 0.000000 1.000000
1.000000 0.000000 0.000000 0.000000 0.000000 1.000000 0.000000 0.000000 0.000000 0.000000 1.000000 0.000000 0.000000 0.000000 0.000000 1.000000
1.000000 0.000000 0.000000 0.000000 0.000000 1.000000 0.000000 0.000000 0.000000 0.000000 1.000000 0.000000 0.000000 0.000000 0.000000 1.000000
1.000000 0.000000 0.000000 0.000000 0.000000 1.000000 0.000000 0.000000 0.000000 0.000000 1.000000 0.000000 0.000000 0.000000 0.000000 1.000000
1.000000 0.000000 0.000000 0.000000 0.000000 1.000000 0.000000 0.000000 0.000000 0.000000 1.000000 0.000000 0.000000 0.000000 0.000000 1.000000
1.000000 0.000000 0.000000 0.000000 0.000000 1.000000 0.000000 0.000000 0.000000 0.000000 1.000000 0.000000 0.000000 0.000000 0.000000 1.000000
1.000000 0.000000 0.000000 0.000000 0.000000 1.000000 0.000000 0.000000 0.000000 0.000000 1.000000 0.000000 0.000000 0.000000 0.000000 1.000000</float_array><technique_common><accessor source="#root_jnt-Matrix-animation-output-transform-array" count="15" stride="16"><param type="float4x4"/></accessor></technique_common></source><source id="root_jnt-Interpolations"><Name_array id="root_jnt-Interpolations-array" count="15">
 LINEAR LINEAR LINEAR LINEAR LINEAR LINEAR LINEAR LINEAR LINEAR LINEAR LINEAR
LINEAR LINEAR LINEAR LINEAR</Name_array><technique_common><accessor source="#root_jnt-Interpolations-array" count="15"><param type="name"/></accessor></technique_common></source><sampler id="root_jnt-Matrix-animation-transform"><input semantic="INPUT" source="#root_jnt-Matrix-animation-input"/><input semantic="OUTPUT" source="#root_jnt-Matrix-animation-output-transform"/><input semantic="INTERPOLATION" source="#root_jnt-Interpolations"/></sampler><channel source="#root_jnt-Matrix-animation-transform" target="root_jnt/matrix"/></animation></animation>
    <animation id="jnt_hips-anim" name="jnt_hips"><animation><source id="jnt_hips-Matrix-animation-input"><float_array id="jnt_hips-Matrix-animation-input-array" count="15">

0.000000 0.033333 0.066667 0.100000 0.133333 0.166667 0.200000 0.233333 0.266667 0.300000 0.333333 0.366667 0.400000 0.433333 0.466667</float_array><technique_common><accessor source="#jnt_hips-Matrix-animation-input-array" count="15"><param name="TIME" type="float"/></accessor></technique_common></source><source id="jnt_hips-Matrix-animation-output-transform"><float_array id="jnt_hips-Matrix-animation-output-transform-array" count="240">

0.962594 0.027123 -0.269588 0.056394 -0.108833 0.949888 -0.293034 1.872555 0.248130 0.311412 0.917308 -0.004831 0.000000 0.000000 0.000000 1.000000
0.923581 0.027633 -0.382407 0.069128 -0.152532 0.941553 -0.300354 1.848771 0.351756 0.335731 0.873815 -0.000257 0.000000 0.000000 0.000000 1.000000
0.893558 0.039483 -0.447208 0.058026 -0.194537 0.931800 -0.306436 1.797541 0.404609 0.360817 0.840299 0.002255 0.000000 0.000000 0.000000 1.000000
0.912170 0.012534 -0.409620 0.057778 -0.164411 0.926760 -0.337764 1.829048 0.375386 0.375444 0.847424 0.006614 0.000000 0.000000 0.000000 1.000000
0.959300 -0.031959 -0.280574 0.029626 -0.076510 0.926998 -0.367180 1.896291 0.271826 0.373703 0.886824 0.003407 0.000000 0.000000 0.000000 1.000000
0.990087 -0.049110 -0.131592 -0.018684 -0.002560 0.930419 -0.366489 1.939299 0.140434 0.363192 0.921070 0.000765 0.000000 0.000000 0.000000 1.000000
0.999464 -0.032599 -0.003029 -0.035954 0.029379 0.933866 -0.356414 1.915781 0.014448 0.356134 0.934323 -0.000591 0.000000 0.000000 0.000000 1.000000
0.992720 -0.011636 0.119883 -0.042886 0.054250 0.931843 -0.358783 1.882536 -0.107538 0.362674 0.925691 0.000506 0.000000 0.000000 0.000000 1.000000
0.975040 -0.001565 0.222023 -0.038639 0.086379 0.923869 -0.372833 1.841803 -0.204537 0.382705 0.900945 0.003797 0.000000 0.000000 0.000000 1.000000
0.971252 0.011097 0.237795 -0.028226 0.083851 0.918946 -0.385365 1.824012 -0.222797 0.394226 0.891598 0.005480 0.000000 0.000000 0.000000 1.000000
0.989460 0.032696 0.141070 -0.011517 0.023008 0.926307 -0.376066 1.855268 -0.142970 0.375348 0.915791 0.002343 0.000000 0.000000 0.000000 1.000000
0.999144 0.041358 0.001313 0.026987 -0.038504 0.940899 -0.336493 1.893470 -0.015152 0.336154 0.941685 -0.003127 0.000000 0.000000 0.000000 1.000000
0.994481 0.024583 -0.101993 0.053148 -0.054247 0.952606 -0.299330 1.880422 0.089801 0.303211 0.948683 -0.007090 0.000000 0.000000 0.000000 1.000000
0.984845 0.004794 -0.173371 0.057789 -0.054467 0.957595 -0.282922 1.841447 0.164663 0.288077 0.943344 -0.008546 0.000000 0.000000 0.000000 1.000000
0.962594 0.027123 -0.269588 0.056394 -0.108833 0.949888 -0.293034 1.872555 0.248130 0.311412 0.917308 -0.004831 0.000000 0.000000 0.000000 1.000000</float_array><technique_common><accessor source="#jnt_hips-Matrix-animation-output-transform-array" count="15" stride="16"><param type="float4x4"/></accessor></technique_common></source><source id="jnt_hips-Interpolations"><Name_array id="jnt_hips-Interpolations-array" count="15">
 LINEAR LINEAR LINEAR LINEAR LINEAR LINEAR LINEAR LINEAR LINEAR LINEAR LINEAR
LINEAR LINEAR LINEAR LINEAR</Name_array><technique_common><accessor source="#jnt_hips-Interpolations-array" count="15"><param type="name"/></accessor></technique_common></source><sampler id="jnt_hips-Matrix-animation-transform"><input semantic="INPUT" source="#jnt_hips-Matrix-animation-input"/><input semantic="OUTPUT" source="#jnt_hips-Matrix-animation-output-transform"/><input semantic="INTERPOLATION" source="#jnt_hips-Interpolations"/></sampler><channel source="#jnt_hips-Matrix-animation-transform" target="jnt_hips/matrix"/></animation></animation>
    <animation id="jnt_spine1-anim" name="jnt_spine1"><animation><source id="jnt_spine1-Matrix-animation-input"><float_array id="jnt_spine1-Matrix-animation-input-array" count="15">

0.000000 0.033333 0.066667 0.100000 0.133333 0.166667 0.200000 0.233333 0.266667 0.300000 0.333333 0.366667 0.400000 0.433333 0.466667</float_array><technique_common><accessor source="#jnt_spine1-Matrix-animation-input-array" count="15"><param name="TIME" type="float"/></accessor></technique_common></source><source id="jnt_spine1-Matrix-animation-output-transform"><float_array id="jnt_spine1-Matrix-animation-output-transform-array" count="240">

-0.002382 0.075923 0.997111 -0.000000 0.999101 -0.042027 0.005587 0.212132 0.042330 0.996228 -0.075754 0.023482 0.000000 0.000000 0.000000 1.000000
-0.002382 0.075923 0.997111 0.000000 0.999101 -0.042028 0.005587 0.212132 0.042331 0.996228 -0.075754 0.023482 0.000000 0.000000 0.000000 1.000000
-0.002382 0.075922 0.997111 -0.000000 0.999101 -0.042028 0.005587 0.212132 0.042330 0.996228 -0.075754 0.023482 0.000000 0.000000 0.000000 1.000000
-0.002382 0.075923 0.997111 0.000000 0.999101 -0.042028 0.005587 0.212132 0.042331 0.996228 -0.075754 0.023482 0.000000 0.000000 0.000000 1.000000
-0.002382 0.075923 0.997111 -0.000000 0.999101 -0.042027 0.005587 0.212132 0.042330 0.996228 -0.075754 0.023482 0.000000 0.000000 0.000000 1.000000
-0.002382 0.075922 0.997111 0.000000 0.999101 -0.042027 0.005587 0.212132 0.042330 0.996228 -0.075754 0.023482 0.000000 0.000000 0.000000 1.000000
-0.002382 0.075923 0.997111 0.000000 0.999101 -0.042028 0.005586 0.212132 0.042330 0.996228 -0.075754 0.023482 0.000000 0.000000 0.000000 1.000000
-0.002382 0.075922 0.997111 -0.000000 0.999101 -0.042028 0.005586 0.212132 0.042330 0.996228 -0.075754 0.023482 0.000000 0.000000 0.000000 1.000000
-0.002382 0.075922 0.997111 -0.000000 0.999101 -0.042027 0.005586 0.212132 0.042330 0.996228 -0.075754 0.023482 0.000000 0.000000 0.000000 1.000000
-0.002382 0.075922 0.997111 0.000000 0.999101 -0.042028 0.005587 0.212132 0.042331 0.996228 -0.075754 0.023482 0.000000 0.000000 0.000000 1.000000
-0.002382 0.075923 0.997111 0.000000 0.999101 -0.042028 0.005587 0.212132 0.042331 0.996228 -0.075754 0.023482 0.000000 0.000000 0.000000 1.000000
-0.002382 0.075923 0.997111 0.000000 0.999101 -0.042027 0.005587 0.212132 0.042330 0.996228 -0.075754 0.023482 0.000000 0.000000 0.000000 1.000000
-0.002382 0.075923 0.997111 0.000000 0.999101 -0.042027 0.005587 0.212132 0.042330 0.996228 -0.075754 0.023482 0.000000 0.000000 0.000000 1.000000
-0.002382 0.075923 0.997111 0.000000 0.999101 -0.042027 0.005587 0.212132 0.042330 0.996228 -0.075754 0.023483 0.000000 0.000000 0.000000 1.000000
-0.002382 0.075923 0.997111 -0.000000 0.999101 -0.042027 0.005587 0.212132 0.042330 0.996228 -0.075754 0.023482 0.000000 0.000000 0.000000 1.000000</float_array><technique_common><accessor source="#jnt_spine1-Matrix-animation-output-transform-array" count="15" stride="16"><param type="float4x4"/></accessor></technique_common></source><source id="jnt_spine1-Interpolations"><Name_array id="jnt_spine1-Interpolations-array" count="15">
 LINEAR LINEAR LINEAR LINEAR LINEAR LINEAR LINEAR LINEAR LINEAR LINEAR LINEAR
LINEAR LINEAR LINEAR LINEAR</Name_array><technique_common><accessor source="#jnt_spine1-Interpolations-array" count="15"><param type="name"/></accessor></technique_common></source><sampler id="jnt_spine1-Matrix-animation-transform"><input semantic="INPUT" source="#jnt_spine1-Matrix-animation-input"/><input semantic="OUTPUT" source="#jnt_spine1-Matrix-animation-output-transform"/><input semantic="INTERPOLATION" source="#jnt_spine1-Interpolations"/></sampler><channel source="#jnt_spine1-Matrix-animation-transform" target="jnt_spine1/matrix"/></animation></animation>
    <animation id="jnt_spine2-anim" name="jnt_spine2"><animation><source id="jnt_spine2-Matrix-animation-input"><float_array id="jnt_spine2-Matrix-animation-input-array" count="15">

0.000000 0.033333 0.066667 0.100000 0.133333 0.166667 0.200000 0.233333 0.266667 0.300000 0.333333 0.366667 0.400000 0.433333 0.466667</float_array><technique_common><accessor source="#jnt_spine2-Matrix-animation-input-array" count="15"><param name="TIME" type="float"/></accessor></technique_common></source><source id="jnt_spine2-Matrix-animation-output-transform"><float_array id="jnt_spine2-Matrix-animation-output-transform-array" count="240">

0.999106 0.025939 0.033376 0.426848 -0.014939 0.955304 -0.295246 0.000000 -0.039543 0.294484 0.954838 -0.000000 0.000000 0.000000 0.000000 1.000000
0.999106 0.025939 0.033376 0.426848 -0.014939 0.955304 -0.295246 0.000000 -0.039543 0.294484 0.954838 0.000000 0.000000 0.000000 0.000000 1.000000
0.999106 0.025939 0.033376 0.426849 -0.014939 0.955304 -0.295246 0.000000 -0.039543 0.294484 0.954838 -0.000000 0.000000 0.000000 0.000000 1.000000
0.999106 0.025939 0.033376 0.426849 -0.014939 0.955304 -0.295246 0.000000 -0.039543 0.294484 0.954838 -0.000000 0.000000 0.000000 0.000000 1.000000
0.999106 0.025939 0.033376 0.426848 -0.014939 0.955304 -0.295246 0.000000 -0.039543 0.294484 0.954838 -0.000000 0.000000 0.000000 0.000000 1.000000
0.999106 0.025939 0.033376 0.426848 -0.014939 0.955304 -0.295246 0.000000 -0.039543 0.294484 0.954838 -0.000000 0.000000 0.000000 0.000000 1.000000
0.999106 0.025939 0.033376 0.426849 -0.014939 0.955304 -0.295246 -0.000000 -0.039543 0.294484 0.954838 -0.000000 0.000000 0.000000 0.000000 1.000000
0.999106 0.025939 0.033376 0.426849 -0.014939 0.955304 -0.295246 -0.000000 -0.039543 0.294484 0.954838 -0.000000 0.000000 0.000000 0.000000 1.000000
0.999106 0.025939 0.033377 0.426849 -0.014939 0.955304 -0.295246 -0.000000 -0.039543 0.294484 0.954838 -0.000000 0.000000 0.000000 0.000000 1.000000
0.999106 0.025939 0.033376 0.426848 -0.014939 0.955304 -0.295246 0.000000 -0.039543 0.294484 0.954838 -0.000000 0.000000 0.000000 0.000000 1.000000
0.999106 0.025939 0.033376 0.426848 -0.014939 0.955304 -0.295246 0.000000 -0.039543 0.294484 0.954838 -0.000000 0.000000 0.000000 0.000000 1.000000
0.999106 0.025939 0.033376 0.426849 -0.014939 0.955304 -0.295246 0.000000 -0.039543 0.294484 0.954838 -0.000000 0.000000 0.000000 0.000000 1.000000
0.999106 0.025939 0.033376 0.426849 -0.014939 0.955304 -0.295246 0.000000 -0.039543 0.294484 0.954838 0.000000 0.000000 0.000000 0.000000 1.000000
0.999106 0.025939 0.033377 0.426849 -0.014939 0.955304 -0.295247 -0.000000 -0.039543 0.294484 0.954838 -0.000000 0.000000 0.000000 0.000000 1.000000
0.999106 0.025939 0.033376 0.426848 -0.014938 0.955304 -0.295246 0.000000 -0.039543 0.294484 0.954838 0.000000 0.000000 0.000000 0.000000 1.000000</float_array><technique_common><accessor source="#jnt_spine2-Matrix-animation-output-transform-array" count="15" stride="16"><param type="float4x4"/></accessor></technique_common></source><source id="jnt_spine2-Interpolations"><Name_array id="jnt_spine2-Interpolations-array" count="15">
 LINEAR LINEAR LINEAR LINEAR LINEAR LINEAR LINEAR LINEAR LINEAR LINEAR LINEAR
LINEAR LINEAR LINEAR LINEAR</Name_array><technique_common><accessor source="#jnt_spine2-Interpolations-array" count="15"><param type="name"/></accessor></technique_common></source><sampler id="jnt_spine2-Matrix-animation-transform"><input semantic="INPUT" source="#jnt_spine2-Matrix-animation-input"/><input semantic="OUTPUT" source="#jnt_spine2-Matrix-animation-output-transform"/><input semantic="INTERPOLATION" source="#jnt_spine2-Interpolations"/></sampler><channel source="#jnt_spine2-Matrix-animation-transform" target="jnt_spine2/matrix"/></animation></animation>
    <animation id="jnt_spine3-anim" name="jnt_spine3"><animation><source id="jnt_spine3-Matrix-animation-input"><float_array id="jnt_spine3-Matrix-animation-input-array" count="15">

0.000000 0.033333 0.066667 0.100000 0.133333 0.166667 0.200000 0.233333 0.266667 0.300000 0.333333 0.366667 0.400000 0.433333 0.466667</float_array><technique_common><accessor source="#jnt_spine3-Matrix-animation-input-array" count="15"><param name="TIME" type="float"/></accessor></technique_common></source><source id="jnt_spine3-Matrix-animation-output-transform"><float_array id="jnt_spine3-Matrix-animation-output-transform-array" count="240">

0.998354 0.040761 0.040353 0.555067 -0.027105 0.955305 -0.294376 -0.000000 -0.050548 0.292798 0.954837 -0.000000 0.000000 0.000000 0.000000 1.000000
0.998354 0.040761 0.040353 0.555067 -0.027105 0.955305 -0.294376 0.000000 -0.050548 0.292798 0.954837 -0.000000 0.000000 0.000000 0.000000 1.000000
0.998354 0.040761 0.040353 0.555067 -0.027105 0.955305 -0.294376 -0.000000 -0.050548 0.292798 0.954837 0.000000 0.000000 0.000000 0.000000 1.000000
0.998354 0.040761 0.040353 0.555067 -0.027105 0.955305 -0.294376 -0.000000 -0.050548 0.292798 0.954837 -0.000000 0.000000 0.000000 0.000000 1.000000
0.998354 0.040761 0.040353 0.555067 -0.027105 0.955305 -0.294376 -0.000000 -0.050548 0.292798 0.954837 0.000000 0.000000 0.000000 0.000000 1.000000
0.998354 0.040761 0.040353 0.555067 -0.027105 0.955305 -0.294376 -0.000000 -0.050548 0.292798 0.954837 -0.000000 0.000000 0.000000 0.000000 1.000000
0.998354 0.040761 0.040353 0.555067 -0.027105 0.955305 -0.294376 -0.000000 -0.050548 0.292798 0.954837 -0.000000 0.000000 0.000000 0.000000 1.000000
0.998354 0.040761 0.040353 0.555067 -0.027105 0.955305 -0.294376 -0.000000 -0.050548 0.292798 0.954837 -0.000000 0.000000 0.000000 0.000000 1.000000
0.998354 0.040761 0.040353 0.555067 -0.027105 0.955305 -0.294376 0.000000 -0.050548 0.292798 0.954837 -0.000000 0.000000 0.000000 0.000000 1.000000
0.998354 0.040761 0.040353 0.555067 -0.027105 0.955305 -0.294376 -0.000000 -0.050548 0.292798 0.954837 -0.000000 0.000000 0.000000 0.000000 1.000000
0.998354 0.040761 0.040353 0.555067 -0.027105 0.955305 -0.294376 -0.000000 -0.050548 0.292798 0.954837 0.000000 0.000000 0.000000 0.000000 1.000000
0.998354 0.040761 0.040353 0.555067 -0.027105 0.955305 -0.294376 -0.000000 -0.050548 0.292798 0.954837 -0.000000 0.000000 0.000000 0.000000 1.000000
0.998354 0.040761 0.040353 0.555067 -0.027105 0.955305 -0.294376 -0.000000 -0.050548 0.292798 0.954837 -0.000000 0.000000 0.000000 0.000000 1.000000
0.998354 0.040761 0.040353 0.555067 -0.027105 0.955305 -0.294376 -0.000000 -0.050548 0.292798 0.954837 0.000000 0.000000 0.000000 0.000000 1.000000
0.998354 0.040761 0.040353 0.555067 -0.027105 0.955305 -0.294376 -0.000000 -0.050548 0.292798 0.954837 -0.000000 0.000000 0.000000 0.000000 1.000000</float_array><technique_common><accessor source="#jnt_spine3-Matrix-animation-output-transform-array" count="15" stride="16"><param type="float4x4"/></accessor></technique_common></source><source id="jnt_spine3-Interpolations"><Name_array id="jnt_spine3-Interpolations-array" count="15">
 LINEAR LINEAR LINEAR LINEAR LINEAR LINEAR LINEAR LINEAR LINEAR LINEAR LINEAR
LINEAR LINEAR LINEAR LINEAR</Name_array><technique_common><accessor source="#jnt_spine3-Interpolations-array" count="15"><param type="name"/></accessor></technique_common></source><sampler id="jnt_spine3-Matrix-animation-transform"><input semantic="INPUT" source="#jnt_spine3-Matrix-animation-input"/><input semantic="OUTPUT" source="#jnt_spine3-Matrix-animation-output-transform"/><input semantic="INTERPOLATION" source="#jnt_spine3-Interpolations"/></sampler><channel source="#jnt_spine3-Matrix-animation-transform" target="jnt_spine3/matrix"/></animation></animation>
    <animation id="jnt_neck-anim" name="jnt_neck"><animation><source id="jnt_neck-Matrix-animation-input"><float_array id="jnt_neck-Matrix-animation-input-array" count="15">

0.000000 0.033333 0.066667 0.100000 0.133333 0.166667 0.200000 0.233333 0.266667 0.300000 0.333333 0.366667 0.400000 0.433333 0.466667</float_array><technique_common><accessor source="#jnt_neck-Matrix-animation-input-array" count="15"><param name="TIME" type="float"/></accessor></technique_common></source><source id="jnt_neck-Matrix-animation-output-transform"><float_array id="jnt_neck-Matrix-animation-output-transform-array" count="240">

0.956932 -0.280974 -0.073041 0.867450 0.274637 0.794586 0.541487 0.171571 -0.094106 -0.538226 0.837530 -0.000000 0.000000 0.000000 0.000000 1.000000
0.957560 -0.278235 -0.075265 0.867451 0.278502 0.825839 0.490333 0.171570 -0.074271 -0.490485 0.868279 0.000000 0.000000 0.000000 0.000000 1.000000
0.961563 -0.267326 -0.062709 0.867452 0.265589 0.847514 0.459546 0.171574 -0.069702 -0.458538 0.885937 -0.000001 0.000000 0.000000 0.000000 1.000000
0.968062 -0.240677 -0.070225 0.867457 0.244004 0.840083 0.484482 0.171572 -0.057608 -0.486143 0.871978 0.000000 0.000000 0.000000 0.000000 1.000000
0.969258 -0.229635 -0.088360 0.867456 0.240497 0.808343 0.537348 0.171574 -0.051969 -0.542079 0.838719 -0.000000 0.000000 0.000000 0.000000 1.000000
0.969779 -0.220801 -0.103803 0.867460 0.238874 0.772630 0.588202 0.171572 -0.049674 -0.595222 0.802024 0.000001 0.000000 0.000000 0.000000 1.000000
0.970355 -0.218320 -0.103674 0.867457 0.233492 0.736081 0.635348 0.171574 -0.062397 -0.640720 0.765235 0.000000 0.000000 0.000000 0.000000 1.000000
0.969749 -0.225874 -0.092561 0.867454 0.226768 0.693251 0.684091 0.171572 -0.090350 -0.684386 0.723500 0.000000 0.000000 0.000000 0.000000 1.000000
0.968106 -0.237269 -0.080461 0.867450 0.220889 0.656765 0.721019 0.171570 -0.118231 -0.715796 0.688228 0.000000 0.000000 0.000000 0.000000 1.000000
0.967056 -0.243280 -0.074957 0.867450 0.218348 0.641319 0.735550 0.171570 -0.130873 -0.727685 0.673311 -0.000000 0.000000 0.000000 0.000000 1.000000
0.966218 -0.246448 -0.075413 0.867453 0.224231 0.659591 0.717398 0.171571 -0.127059 -0.710073 0.692570 -0.000000 0.000000 0.000000 0.000000 1.000000
0.964018 -0.254750 -0.075972 0.867450 0.238238 0.701102 0.672085 0.171570 -0.117950 -0.666002 0.736566 -0.000000 0.000000 0.000000 0.000000 1.000000
0.961020 -0.265971 -0.075497 0.867453 0.254905 0.746611 0.614488 0.171571 -0.107069 -0.609780 0.785305 0.000000 0.000000 0.000000 0.000000 1.000000
0.958199 -0.276366 -0.073999 0.867451 0.268817 0.781134 0.563531 0.171570 -0.097937 -0.559867 0.822774 0.000000 0.000000 0.000000 0.000000 1.000000
0.956932 -0.280972 -0.073040 0.867451 0.274635 0.794587 0.541487 0.171571 -0.094106 -0.538226 0.837530 0.000000 0.000000 0.000000 0.000000 1.000000</float_array><technique_common><accessor source="#jnt_neck-Matrix-animation-output-transform-array" count="15" stride="16"><param type="float4x4"/></accessor></technique_common></source><source id="jnt_neck-Interpolations"><Name_array id="jnt_neck-Interpolations-array" count="15">
 LINEAR LINEAR LINEAR LINEAR LINEAR LINEAR LINEAR LINEAR LINEAR LINEAR LINEAR
LINEAR LINEAR LINEAR LINEAR</Name_array><technique_common><accessor source="#jnt_neck-Interpolations-array" count="15"><param type="name"/></accessor></technique_common></source><sampler id="jnt_neck-Matrix-animation-transform"><input semantic="INPUT" source="#jnt_neck-Matrix-animation-input"/><input semantic="OUTPUT" source="#jnt_neck-Matrix-animation-output-transform"/><input semantic="INTERPOLATION" source="#jnt_neck-Interpolations"/></sampler><channel source="#jnt_neck-Matrix-animation-transform" target="jnt_neck/matrix"/></animation></animation>
    <animation id="jnt_head-anim" name="jnt_head"><animation><source id="jnt_head-Matrix-animation-input"><float_array id="jnt_head-Matrix-animation-input-array" count="15">

0.000000 0.033333 0.066667 0.100000 0.133333 0.166667 0.200000 0.233333 0.266667 0.300000 0.333333 0.366667 0.400000 0.433333 0.466667</float_array><technique_common><accessor source="#jnt_head-Matrix-animation-input-array" count="15"><param name="TIME" type="float"/></accessor></technique_common></source><source id="jnt_head-Matrix-animation-output-transform"><float_array id="jnt_head-Matrix-animation-output-transform-array" count="240">

0.917589 0.389510 -0.079444 0.273592 -0.397373 0.904330 -0.155828 0.000000 0.011147 0.174555 0.984584 -0.000000 0.000000 0.000000 0.000000 1.000000
0.913152 0.395208 -0.099815 0.273591 -0.407580 0.888628 -0.210283 0.000000 0.005593 0.232703 0.972532 0.000000 0.000000 0.000000 0.000000 1.000000
0.905319 0.413028 -0.099019 0.273591 -0.424464 0.871548 -0.245426 0.000001 -0.015068 0.264219 0.964345 0.000000 0.000000 0.000000 0.000000 1.000000
0.896579 0.430107 -0.105615 0.273591 -0.442885 0.870733 -0.213721 0.000001 0.000039 0.238393 0.971169 -0.000000 0.000000 0.000000 0.000000 1.000000
0.895408 0.430387 -0.114067 0.273592 -0.443730 0.883704 -0.148902 0.000000 0.036716 0.183943 0.982251 -0.000000 0.000000 0.000000 0.000000 1.000000
0.894278 0.433762 -0.110084 0.273591 -0.443373 0.892162 -0.086411 0.000001 0.060732 0.126083 0.990159 -0.000000 0.000000 0.000000 0.000000 1.000000
0.895938 0.436312 -0.083224 0.273592 -0.440008 0.897424 -0.031995 0.000000 0.060728 0.065285 0.996017 0.000000 0.000000 0.000000 0.000000 1.000000
0.899796 0.432905 -0.054412 0.273591 -0.432068 0.901439 0.026911 0.000000 0.060700 -0.000705 0.998156 -0.000000 0.000000 0.000000 0.000000 1.000000
0.904193 0.425916 -0.032105 0.273592 -0.422800 0.903175 0.074258 -0.000000 0.060624 -0.053569 0.996722 0.000000 0.000000 0.000000 0.000000 1.000000
0.907579 0.419225 -0.023481 0.273591 -0.415504 0.904765 0.093580 0.000001 0.060476 -0.075175 0.995335 -0.000000 0.000000 0.000000 0.000000 1.000000
0.910258 0.412951 -0.030036 0.273591 -0.410342 0.909423 0.067592 0.000000 0.055228 -0.049201 0.997261 -0.000000 0.000000 0.000000 0.000000 1.000000
0.913084 0.405334 -0.044523 0.273593 -0.405500 0.914078 0.005642 0.000000 0.042984 0.012902 0.998992 0.000000 0.000000 0.000000 0.000000 1.000000
0.915471 0.397749 -0.060893 0.273593 -0.401378 0.913358 -0.068358 -0.000001 0.028428 0.087021 0.995801 -0.000000 0.000000 0.000000 0.000000 1.000000
0.917036 0.391871 -0.074047 0.273592 -0.398474 0.907907 -0.130089 0.000000 0.016250 0.148802 0.988733 0.000000 0.000000 0.000000 0.000000 1.000000
0.917590 0.389510 -0.079444 0.273591 -0.397373 0.904330 -0.155828 0.000000 0.011147 0.174555 0.984584 -0.000000 0.000000 0.000000 0.000000 1.000000</float_array><technique_common><accessor source="#jnt_head-Matrix-animation-output-transform-array" count="15" stride="16"><param type="float4x4"/></accessor></technique_common></source><source id="jnt_head-Interpolations"><Name_array id="jnt_head-Interpolations-array" count="15">
 LINEAR LINEAR LINEAR LINEAR LINEAR LINEAR LINEAR LINEAR LINEAR LINEAR LINEAR
LINEAR LINEAR LINEAR LINEAR</Name_array><technique_common><accessor source="#jnt_head-Interpolations-array" count="15"><param type="name"/></accessor></technique_common></source><sampler id="jnt_head-Matrix-animation-transform"><input semantic="INPUT" source="#jnt_head-Matrix-animation-input"/><input semantic="OUTPUT" source="#jnt_head-Matrix-animation-output-transform"/><input semantic="INTERPOLATION" source="#jnt_head-Interpolations"/></sampler><channel source="#jnt_head-Matrix-animation-transform" target="jnt_head/matrix"/></animation></animation>
    <animation id="jnt_left_shoulder-anim" name="jnt_left_shoulder"><animation><source id="jnt_left_shoulder-Matrix-animation-input"><float_array id="jnt_left_shoulder-Matrix-animation-input-array" count="15">

0.000000 0.033333 0.066667 0.100000 0.133333 0.166667 0.200000 0.233333 0.266667 0.300000 0.333333 0.366667 0.400000 0.433333 0.466667</float_array><technique_common><accessor source="#jnt_left_shoulder-Matrix-animation-input-array" count="15"><param name="TIME" type="float"/></accessor></technique_common></source><source id="jnt_left_shoulder-Matrix-animation-output-transform"><float_array id="jnt_left_shoulder-Matrix-animation-output-transform-array" count="240">

-0.006219 0.134216 -0.990933 0.635987 0.229369 -0.964340 -0.132054 0.114392 -0.973320 -0.228111 -0.024788 0.266187 0.000000 0.000000 0.000000 1.000000
-0.006219 0.134216 -0.990933 0.635987 0.229369 -0.964340 -0.132054 0.114391 -0.973320 -0.228111 -0.024788 0.266187 0.000000 0.000000 0.000000 1.000000
-0.006219 0.134216 -0.990933 0.635987 0.229369 -0.964340 -0.132054 0.114392 -0.973320 -0.228111 -0.024788 0.266187 0.000000 0.000000 0.000000 1.000000
-0.006219 0.134216 -0.990933 0.635987 0.229369 -0.964340 -0.132054 0.114392 -0.973320 -0.228111 -0.024788 0.266187 0.000000 0.000000 0.000000 1.000000
-0.006219 0.134216 -0.990933 0.635987 0.229369 -0.964340 -0.132054 0.114392 -0.973320 -0.228111 -0.024788 0.266187 0.000000 0.000000 0.000000 1.000000
-0.006219 0.134216 -0.990933 0.635987 0.229369 -0.964340 -0.132054 0.114392 -0.973320 -0.228111 -0.024788 0.266187 0.000000 0.000000 0.000000 1.000000
-0.006219 0.134216 -0.990933 0.635987 0.229369 -0.964340 -0.132054 0.114391 -0.973320 -0.228111 -0.024788 0.266187 0.000000 0.000000 0.000000 1.000000
-0.006219 0.134216 -0.990933 0.635987 0.229369 -0.964340 -0.132054 0.114391 -0.973320 -0.228111 -0.024788 0.266187 0.000000 0.000000 0.000000 1.000000
-0.006219 0.134216 -0.990933 0.635987 0.229370 -0.964340 -0.132054 0.114392 -0.973320 -0.228111 -0.024788 0.266187 0.000000 0.000000 0.000000 1.000000
-0.006219 0.134216 -0.990933 0.635987 0.229369 -0.964340 -0.132054 0.114391 -0.973320 -0.228111 -0.024788 0.266187 0.000000 0.000000 0.000000 1.000000
-0.006219 0.134216 -0.990933 0.635987 0.229369 -0.964340 -0.132054 0.114391 -0.973320 -0.228111 -0.024788 0.266187 0.000000 0.000000 0.000000 1.000000
-0.006218 0.134216 -0.990933 0.635987 0.229369 -0.964340 -0.132054 0.114392 -0.973320 -0.228111 -0.024788 0.266187 0.000000 0.000000 0.000000 1.000000
-0.006219 0.134216 -0.990933 0.635987 0.229369 -0.964340 -0.132054 0.114391 -0.973320 -0.228111 -0.024788 0.266187 0.000000 0.000000 0.000000 1.000000
-0.006219 0.134216 -0.990933 0.635987 0.229369 -0.964340 -0.132054 0.114392 -0.973320 -0.228111 -0.024788 0.266187 0.000000 0.000000 0.000000 1.000000
-0.006219 0.134216 -0.990933 0.635987 0.229369 -0.964340 -0.132054 0.114391 -0.973320 -0.228111 -0.024788 0.266187 0.000000 0.000000 0.000000 1.000000</float_array><technique_common><accessor source="#jnt_left_shoulder-Matrix-animation-output-transform-array" count="15" stride="16"><param type="float4x4"/></accessor></technique_common></source><source id="jnt_left_shoulder-Interpolations"><Name_array id="jnt_left_shoulder-Interpolations-array" count="15">
 LINEAR LINEAR LINEAR LINEAR LINEAR LINEAR LINEAR LINEAR LINEAR LINEAR LINEAR
LINEAR LINEAR LINEAR LINEAR</Name_array><technique_common><accessor source="#jnt_left_shoulder-Interpolations-array" count="15"><param type="name"/></accessor></technique_common></source><sampler id="jnt_left_shoulder-Matrix-animation-transform"><input semantic="INPUT" source="#jnt_left_shoulder-Matrix-animation-input"/><input semantic="OUTPUT" source="#jnt_left_shoulder-Matrix-animation-output-transform"/><input semantic="INTERPOLATION" source="#jnt_left_shoulder-Interpolations"/></sampler><channel source="#jnt_left_shoulder-Matrix-animation-transform" target="jnt_left_shoulder/matrix"/></animation></animation>
    <animation id="jnt_left_arm-anim" name="jnt_left_arm"><animation><source id="jnt_left_arm-Matrix-animation-input"><float_array id="jnt_left_arm-Matrix-animation-input-array" count="15">

0.000000 0.033333 0.066667 0.100000 0.133333 0.166667 0.200000 0.233333 0.266667 0.300000 0.333333 0.366667 0.400000 0.433333 0.466667</float_array><technique_common><accessor source="#jnt_left_arm-Matrix-animation-input-array" count="15"><param name="TIME" type="float"/></accessor></technique_common></source><source id="jnt_left_arm-Matrix-animation-output-transform"><float_array id="jnt_left_arm-Matrix-animation-output-transform-array" count="240">

0.634041 0.226309 0.739443 -0.525417 -0.742140 0.446782 0.499614 -0.032447 -0.217303 -0.865546 0.451231 0.009492 0.000000 0.000000 0.000000 1.000000
0.646928 0.225608 0.728412 -0.525417 -0.727374 0.469352 0.500635 -0.032447 -0.228934 -0.853703 0.467739 0.009492 0.000000 0.000000 0.000000 1.000000
0.681250 0.218483 0.698687 -0.525417 -0.684303 0.529109 0.501770 -0.032447 -0.260054 -0.819944 0.509964 0.009491 0.000000 0.000000 0.000000 1.000000
0.729426 0.194826 0.655729 -0.525417 -0.612737 0.612259 0.499692 -0.032447 -0.304123 -0.766278 0.565975 0.009491 0.000000 0.000000 0.000000 1.000000
0.781878 0.147041 0.605843 -0.525417 -0.513644 0.702685 0.492345 -0.032447 -0.353322 -0.696141 0.624941 0.009491 0.000000 0.000000 0.000000 1.000000
0.828177 0.074713 0.555464 -0.525417 -0.392701 0.784473 0.479987 -0.032447 -0.399886 -0.615646 0.679022 0.009491 0.000000 0.000000 0.000000 1.000000
0.859998 -0.014362 0.510095 -0.525417 -0.261581 0.845876 0.464831 -0.032447 -0.438153 -0.533186 0.723695 0.009491 0.000000 0.000000 0.000000 1.000000
0.874250 -0.105445 0.473886 -0.525417 -0.137503 0.882374 0.450011 -0.032447 -0.465596 -0.458583 0.756916 0.009492 0.000000 0.000000 0.000000 1.000000
0.875061 -0.178072 0.450066 -0.525417 -0.042949 0.897628 0.438657 -0.032448 -0.482104 -0.403181 0.777831 0.009491 0.000000 0.000000 0.000000 1.000000
0.872819 -0.207250 0.441853 -0.525417 -0.005380 0.901215 0.433339 -0.032447 -0.488014 -0.380603 0.785483 0.009491 0.000000 0.000000 0.000000 1.000000
0.883719 -0.090456 0.459192 -0.525417 -0.134975 0.890198 0.435120 -0.032447 -0.448131 -0.446503 0.774476 0.009491 0.000000 0.000000 0.000000 1.000000
0.851831 0.129890 0.507456 -0.525417 -0.385705 0.811017 0.439866 -0.032447 -0.354422 -0.570421 0.740949 0.009492 0.000000 0.000000 0.000000 1.000000
0.748625 0.313003 0.584457 -0.525417 -0.616242 0.653674 0.439267 -0.032448 -0.244553 -0.689013 0.682243 0.009492 0.000000 0.000000 0.000000 1.000000
0.633183 0.372605 0.678414 -0.525417 -0.753009 0.499300 0.428574 -0.032447 -0.179043 -0.782218 0.596723 0.009492 0.000000 0.000000 0.000000 1.000000
0.589874 0.277097 0.758463 -0.525417 -0.769099 0.478988 0.423151 -0.032447 -0.246041 -0.832939 0.495658 0.009491 0.000000 0.000000 0.000000 1.000000</float_array><technique_common><accessor source="#jnt_left_arm-Matrix-animation-output-transform-array" count="15" stride="16"><param type="float4x4"/></accessor></technique_common></source><source id="jnt_left_arm-Interpolations"><Name_array id="jnt_left_arm-Interpolations-array" count="15">
 LINEAR LINEAR LINEAR LINEAR LINEAR LINEAR LINEAR LINEAR LINEAR LINEAR LINEAR
LINEAR LINEAR LINEAR LINEAR</Name_array><technique_common><accessor source="#jnt_left_arm-Interpolations-array" count="15"><param type="name"/></accessor></technique_common></source><sampler id="jnt_left_arm-Matrix-animation-transform"><input semantic="INPUT" source="#jnt_left_arm-Matrix-animation-input"/><input semantic="OUTPUT" source="#jnt_left_arm-Matrix-animation-output-transform"/><input semantic="INTERPOLATION" source="#jnt_left_arm-Interpolations"/></sampler><channel source="#jnt_left_arm-Matrix-animation-transform" target="jnt_left_arm/matrix"/></animation></animation>
    <animation id="jnt_left_armroll-anim" name="jnt_left_armroll"><animation><source id="jnt_left_armroll-Matrix-animation-input"><float_array id="jnt_left_armroll-Matrix-animation-input-array" count="15">

0.000000 0.033333 0.066667 0.100000 0.133333 0.166667 0.200000 0.233333 0.266667 0.300000 0.333333 0.366667 0.400000 0.433333 0.466667</float_array><technique_common><accessor source="#jnt_left_armroll-Matrix-animation-input-array" count="15"><param name="TIME" type="float"/></accessor></technique_common></source><source id="jnt_left_armroll-Matrix-animation-output-transform"><float_array id="jnt_left_armroll-Matrix-animation-output-transform-array" count="240">

1.000000 0.000015 -0.000005 -0.421995 -0.000012 0.536629 -0.843818 0.000001 -0.000010 0.843818 0.536629 -0.000004 0.000000 0.000000 0.000000 1.000000
1.000000 0.000015 -0.000005 -0.421995 -0.000012 0.546781 -0.837275 0.000001 -0.000010 0.837275 0.546781 -0.000004 0.000000 0.000000 0.000000 1.000000
1.000000 0.000014 -0.000004 -0.421995 -0.000012 0.572496 -0.819908 0.000001 -0.000009 0.819908 0.572496 -0.000004 0.000000 0.000000 0.000000 1.000000
1.000000 0.000014 -0.000004 -0.421995 -0.000011 0.605922 -0.795524 0.000001 -0.000009 0.795524 0.605922 -0.000004 0.000000 0.000000 0.000000 1.000000
1.000000 0.000013 -0.000003 -0.421995 -0.000011 0.640207 -0.768203 0.000001 -0.000008 0.768203 0.640207 -0.000004 0.000000 0.000000 0.000000 1.000000
1.000000 0.000012 -0.000003 -0.421995 -0.000010 0.670883 -0.741564 0.000001 -0.000007 0.741564 0.670883 -0.000004 0.000000 0.000000 0.000000 1.000000
1.000000 0.000012 -0.000002 -0.421995 -0.000010 0.698077 -0.716023 0.000001 -0.000007 0.716023 0.698077 -0.000004 0.000000 0.000000 0.000000 1.000000
1.000000 0.000012 -0.000002 -0.421995 -0.000010 0.722612 -0.691254 0.000001 -0.000007 0.691254 0.722612 -0.000004 0.000000 0.000000 0.000000 1.000000
1.000000 0.000012 -0.000002 -0.421995 -0.000010 0.743423 -0.668822 0.000002 -0.000007 0.668822 0.743423 -0.000004 0.000000 0.000000 0.000000 1.000000
1.000000 0.000011 -0.000002 -0.421995 -0.000009 0.759584 -0.650409 0.000001 -0.000006 0.650409 0.759584 -0.000004 0.000000 0.000000 0.000000 1.000000
1.000000 0.000011 -0.000001 -0.421995 -0.000009 0.766491 -0.642255 0.000001 -0.000006 0.642255 0.766491 -0.000004 0.000000 0.000000 0.000000 1.000000
1.000000 0.000010 -0.000001 -0.421995 -0.000009 0.764053 -0.645153 0.000001 -0.000006 0.645153 0.764053 -0.000004 0.000000 0.000000 0.000000 1.000000
1.000000 0.000011 -0.000001 -0.421995 -0.000009 0.754149 -0.656704 0.000001 -0.000006 0.656704 0.754149 -0.000004 0.000000 0.000000 0.000000 1.000000
1.000000 0.000011 -0.000002 -0.421995 -0.000009 0.741240 -0.671240 0.000001 -0.000006 0.671240 0.741240 -0.000004 0.000000 0.000000 0.000000 1.000000
1.000000 0.000011 -0.000002 -0.421995 -0.000009 0.747308 -0.664478 0.000001 -0.000006 0.664478 0.747308 -0.000004 0.000000 0.000000 0.000000 1.000000</float_array><technique_common><accessor source="#jnt_left_armroll-Matrix-animation-output-transform-array" count="15" stride="16"><param type="float4x4"/></accessor></technique_common></source><source id="jnt_left_armroll-Interpolations"><Name_array id="jnt_left_armroll-Interpolations-array" count="15">
 LINEAR LINEAR LINEAR LINEAR LINEAR LINEAR LINEAR LINEAR LINEAR LINEAR LINEAR
LINEAR LINEAR LINEAR LINEAR</Name_array><technique_common><accessor source="#jnt_left_armroll-Interpolations-array" count="15"><param type="name"/></accessor></technique_common></source><sampler id="jnt_left_armroll-Matrix-animation-transform"><input semantic="INPUT" source="#jnt_left_armroll-Matrix-animation-input"/><input semantic="OUTPUT" source="#jnt_left_armroll-Matrix-animation-output-transform"/><input semantic="INTERPOLATION" source="#jnt_left_armroll-Interpolations"/></sampler><channel source="#jnt_left_armroll-Matrix-animation-transform" target="jnt_left_armroll/matrix"/></animation></animation>
    <animation id="jnt_left_forearm-anim" name="jnt_left_forearm"><animation><source id="jnt_left_forearm-Matrix-animation-input"><float_array id="jnt_left_forearm-Matrix-animation-input-array" count="15">

0.000000 0.033333 0.066667 0.100000 0.133333 0.166667 0.200000 0.233333 0.266667 0.300000 0.333333 0.366667 0.400000 0.433333 0.466667</float_array><technique_common><accessor source="#jnt_left_forearm-Matrix-animation-input-array" count="15"><param name="TIME" type="float"/></accessor></technique_common></source><source id="jnt_left_forearm-Matrix-animation-output-transform"><float_array id="jnt_left_forearm-Matrix-animation-output-transform-array" count="240">

0.252775 -0.962580 -0.097697 -0.843982 0.967434 0.252843 0.011893 0.000001 0.013254 -0.097521 0.995145 0.000003 0.000000 0.000000 0.000000 1.000000
0.262631 -0.959983 -0.097255 -0.843981 0.964804 0.262663 0.012705 0.000000 0.013349 -0.097169 0.995178 0.000003 0.000000 0.000000 0.000000 1.000000
0.292626 -0.951410 -0.095861 -0.843982 0.956130 0.292552 0.015137 0.000001 0.013643 -0.096085 0.995280 0.000004 0.000000 0.000000 0.000000 1.000000
0.344980 -0.933971 -0.093204 -0.843981 0.938503 0.344735 0.019234 0.000001 0.014166 -0.094108 0.995461 0.000004 0.000000 0.000000 0.000000 1.000000
0.420091 -0.903130 -0.088764 -0.843981 0.907360 0.419626 0.024745 0.000000 0.014900 -0.090936 0.995745 0.000003 0.000000 0.000000 0.000000 1.000000
