<?xml version="1.0" encoding="utf-8"?>
<COLLADA xmlns="http://www.collada.org/2005/11/COLLADASchema" version="1.4.1">
  <asset><contributor><author></author><authoring_tool>FBX COLLADA exporter</authoring_tool><comments></comments></contributor><created>2019-12-31T12:26:01Z</created><keywords></keywords><modified>2019-12-31T12:26:01Z</modified><revision></revision><subject></subject><title></title><unit meter="0.010000" name="centimeter"></unit><up_axis>Y_UP</up_axis></asset>
  <library_animations>
    <animation id="root_jnt-anim" name="root_jnt"><animation><source id="root_jnt-Matrix-animation-input"><float_array id="root_jnt-Matrix-animation-input-array" count="121">

0.000000 0.033333 0.066667 0.100000 0.133333 0.166667 0.200000 0.233333 0.266667 0.300000 0.333333 0.366667 0.400000 0.433333 0.466667 0.500000
0.533333 0.566667 0.600000 0.633333 0.666667 0.700000 0.733333 0.766667 0.800000 0.833333 0.866667 0.900000 0.933333 0.966667 1.000000 1.033333
1.066667 1.100000 1.133333 1.166667 1.200000 1.233333 1.266667 1.300000 1.333333 1.366667 1.400000 1.433333 1.466667 1.500000 1.533333 1.566667
1.600000 1.633333 1.666667 1.700000 1.733333 1.766667 1.800000 1.833333 1.866667 1.900000 1.933333 1.966667 2.000000 2.033333 2.066667 2.100000
2.133333 2.166667 2.200000 2.233333 2.266667 2.300000 2.333333 2.366667 2.400000 2.433333 2.466667 2.500000 2.533333 2.566667 2.600000 2.633333
2.666667 2.700000 2.733333 2.766667 2.800000 2.833333 2.866667 2.900000 2.933333 2.966667 3.000000 3.033333 3.066667 3.100000 3.133333 3.166667
3.200000 3.233333 3.266667 3.300000 3.333333 3.366667 3.400000 3.433333 3.466667 3.500000 3.533333 3.566667 3.600000 3.633333 3.666667 3.700000
3.733333 3.766667 3.800000 3.833333 3.866667 3.900000 3.933333 3.966667 4.000000</float_array><technique_common><accessor source="#root_jnt-Matrix-animation-input-array" count="121"><param name="TIME" type="float"/></accessor></technique_common></source><source id="root_jnt-Matrix-animation-output-transform"><float_array id="root_jnt-Matrix-animation-output-transform-array" count="1936">

1.000000 0.000000 0.000000 0.000000 0.000000 1.000000 0.000000 0.000000 0.000000 0.000000 1.000000 0.000000 0.000000 0.000000 0.000000 1.000000
1.000000 0.000000 0.000000 0.000000 0.000000 1.000000 0.000000 0.000000 0.000000 0.000000 1.000000 0.000000 0.000000 0.000000 0.000000 1.000000
1.000000 0.000000 0.000000 0.000000 0.000000 1.000000 0.000000 0.000000 0.000000 0.000000 1.000000 0.000000 0.000000 0.000000 0.000000 1.000000
1.000000 0.000000 0.000000 0.000000 0.000000 1.000000 0.000000 0.000000 0.000000 0.000000 1.000000 0.000000 0.000000 0.000000 0.000000 1.000000
1.000000 0.000000 0.000000 0.000000 0.000000 1.000000 0.000000 0.000000 0.000000 0.000000 1.000000 0.000000 0.000000 0.000000 0.000000 1.000000
1.000000 0.000000 0.000000 0.000000 0.000000 1.000000 0.000000 0.000000 0.000000 0.000000 1.000000 0.000000 0.000000 0.000000 0.000000 1.000000
1.000000 0.000000 0.000000 0.000000 0.000000 1.000000 0.000000 0.000000 0.000000 0.000000 1.000000 0.000000 0.000000 0.000000 0.000000 1.000000
1.000000 0.000000 0.000000 0.000000 0.000000 1.000000 0.000000 0.000000 0.000000 0.000000 1.000000 0.000000 0.000000 0.000000 0.000000 1.000000
1.000000 0.000000 0.000000 0.000000 0.000000 1.000000 0.000000 0.000000 0.000000 0.000000 1.000000 0.000000 0.000000 0.000000 0.000000 1.000000
1.000000 0.000000 0.000000 0.000000 0.000000 1.000000 0.000000 0.000000 0.000000 0.000000 1.000000 0.000000 0.000000 0.000000 0.000000 1.000000
1.000000 0.000000 0.000000 0.000000 0.000000 1.000000 0.000000 0.000000 0.000000 0.000000 1.000000 0.000000 0.000000 0.000000 0.000000 1.000000
1.000000 0.000000 0.000000 0.000000 0.000000 1.000000 0.000000 0.000000 0.000000 0.000000 1.000000 0.000000 0.000000 0.000000 0.000000 1.000000
1.000000 0.000000 0.000000 0.000000 0.000000 1.000000 0.000000 0.000000 0.000000 0.000000 1.000000 0.000000 0.000000 0.000000 0.000000 1.000000
1.000000 0.000000 0.000000 0.000000 0.000000 1.000000 0.000000 0.000000 0.000000 0.000000 1.000000 0.000000 0.000000 0.000000 0.000000 1.000000
1.000000 0.000000 0.000000 0.000000 0.000000 1.000000 0.000000 0.000000 0.000000 0.000000 1.000000 0.000000 0.000000 0.000000 0.000000 1.000000
1.000000 0.000000 0.000000 0.000000 0.000000 1.000000 0.000000 0.000000 0.000000 0.000000 1.000000 0.000000 0.000000 0.000000 0.000000 1.000000
1.000000 0.000000 0.000000 0.000000 0.000000 1.000000 0.000000 0.000000 0.000000 0.000000 1.000000 0.000000 0.000000 0.000000 0.000000 1.000000
1.000000 0.000000 0.000000 0.000000 0.000000 1.000000 0.000000 0.000000 0.000000 0.000000 1.000000 0.000000 0.000000 0.000000 0.000000 1.000000
1.000000 0.000000 0.000000 0.000000 0.000000 1.000000 0.000000 0.000000 0.000000 0.000000 1.000000 0.000000 0.000000 0.000000 0.000000 1.000000
1.000000 0.000000 0.000000 0.000000 0.000000 1.000000 0.000000 0.000000 0.000000 0.000000 1.000000 0.000000 0.000000 0.000000 0.000000 1.000000
1.000000 0.000000 0.000000 0.000000 0.000000 1.000000 0.000000 0.000000 0.000000 0.000000 1.000000 0.000000 0.000000 0.000000 0.000000 1.000000
1.000000 0.000000 0.000000 0.000000 0.000000 1.000000 0.000000 0.000000 0.000000 0.000000 1.000000 0.000000 0.000000 0.000000 0.000000 1.000000
1.000000 0.000000 0.000000 0.000000 0.000000 1.000000 0.000000 0.000000 0.000000 0.000000 1.000000 0.000000 0.000000 0.000000 0.000000 1.000000
1.000000 0.000000 0.000000 0.000000 0.000000 1.000000 0.000000 0.000000 0.000000 0.000000 1.000000 0.000000 0.000000 0.000000 0.000000 1.000000
1.000000 0.000000 0.000000 0.000000 0.000000 1.000000 0.000000 0.000000 0.000000 0.000000 1.000000 0.000000 0.000000 0.000000 0.000000 1.000000
1.000000 0.000000 0.000000 0.000000 0.000000 1.000000 0.000000 0.000000 0.000000 0.000000 1.000000 0.000000 0.000000 0.000000 0.000000 1.000000
1.000000 0.000000 0.000000 0.000000 0.000000 1.000000 0.000000 0.000000 0.000000 0.000000 1.000000 0.000000 0.000000 0.000000 0.000000 1.000000
1.000000 0.000000 0.000000 0.000000 0.000000 1.000000 0.000000 0.000000 0.000000 0.000000 1.000000 0.000000 0.000000 0.000000 0.000000 1.000000
1.000000 0.000000 0.000000 0.000000 0.000000 1.000000 0.000000 0.000000 0.000000 0.000000 1.000000 0.000000 0.000000 0.000000 0.000000 1.000000
1.000000 0.000000 0.000000 0.000000 0.000000 1.000000 0.000000 0.000000 0.000000 0.000000 1.000000 0.000000 0.000000 0.000000 0.000000 1.000000
1.000000 0.000000 0.000000 0.000000 0.000000 1.000000 0.000000 0.000000 0.000000 0.000000 1.000000 0.000000 0.000000 0.000000 0.000000 1.000000
1.000000 0.000000 0.000000 0.000000 0.000000 1.000000 0.000000 0.000000 0.000000 0.000000 1.000000 0.000000 0.000000 0.000000 0.000000 1.000000
1.000000 0.000000 0.000000 0.000000 0.000000 1.000000 0.000000 0.000000 0.000000 0.000000 1.000000 0.000000 0.000000 0.000000 0.000000 1.000000
1.000000 0.000000 0.000000 0.000000 0.000000 1.000000 0.000000 0.000000 0.000000 0.000000 1.000000 0.000000 0.000000 0.000000 0.000000 1.000000
1.000000 0.000000 0.000000 0.000000 0.000000 1.000000 0.000000 0.000000 0.000000 0.000000 1.000000 0.000000 0.000000 0.000000 0.000000 1.000000
1.000000 0.000000 0.000000 0.000000 0.000000 1.000000 0.000000 0.000000 0.000000 0.000000 1.000000 0.000000 0.000000 0.000000 0.000000 1.000000
1.000000 0.000000 0.000000 0.000000 0.000000 1.000000 0.000000 0.000000 0.000000 0.000000 1.000000 0.000000 0.000000 0.000000 0.000000 1.000000
1.000000 0.000000 0.000000 0.000000 0.000000 1.000000 0.000000 0.000000 0.000000 0.000000 1.000000 0.000000 0.000000 0.000000 0.000000 1.000000
1.000000 0.000000 0.000000 0.000000 0.000000 1.000000 0.000000 0.000000 0.000000 0.000000 1.000000 0.000000 0.000000 0.000000 0.000000 1.000000
1.000000 0.000000 0.000000 0.000000 0.000000 1.000000 0.000000 0.000000 0.000000 0.000000 1.000000 0.000000 0.000000 0.000000 0.000000 1.000000
1.000000 0.000000 0.000000 0.000000 0.000000 1.000000 0.000000 0.000000 0.000000 0.000000 1.000000 0.000000 0.000000 0.000000 0.000000 1.000000
1.000000 0.000000 0.000000 0.000000 0.000000 1.000000 0.000000 0.000000 0.000000 0.000000 1.000000 0.000000 0.000000 0.000000 0.000000 1.000000
1.000000 0.000000 0.000000 0.000000 0.000000 1.000000 0.000000 0.000000 0.000000 0.000000 1.000000 0.000000 0.000000 0.000000 0.000000 1.000000
1.000000 0.000000 0.000000 0.000000 0.000000 1.000000 0.000000 0.000000 0.000000 0.000000 1.000000 0.000000 0.000000 0.000000 0.000000 1.000000
1.000000 0.000000 0.000000 0.000000 0.000000 1.000000 0.000000 0.000000 0.000000 0.000000 1.000000 0.000000 0.000000 0.000000 0.000000 1.000000
1.000000 0.000000 0.000000 0.000000 0.000000 1.000000 0.000000 0.000000 0.000000 0.000000 1.000000 0.000000 0.000000 0.000000 0.000000 1.000000
1.000000 0.000000 0.000000 0.000000 0.000000 1.000000 0.000000 0.000000 0.000000 0.000000 1.000000 0.000000 0.000000 0.000000 0.000000 1.000000
1.000000 0.000000 0.000000 0.000000 0.000000 1.000000 0.000000 0.000000 0.000000 0.000000 1.000000 0.000000 0.000000 0.000000 0.000000 1.000000
1.000000 0.000000 0.000000 0.000000 0.000000 1.000000 0.000000 0.000000 0.000000 0.000000 1.000000 0.000000 0.000000 0.000000 0.000000 1.000000
1.000000 0.000000 0.000000 0.000000 0.000000 1.000000 0.000000 0.000000 0.000000 0.000000 1.000000 0.000000 0.000000 0.000000 0.000000 1.000000
1.000000 0.000000 0.000000 0.000000 0.000000 1.000000 0.000000 0.000000 0.000000 0.000000 1.000000 0.000000 0.000000 0.000000 0.000000 1.000000
1.000000 0.000000 0.000000 0.000000 0.000000 1.000000 0.000000 0.000000 0.000000 0.000000 1.000000 0.000000 0.000000 0.000000 0.000000 1.000000
1.000000 0.000000 0.000000 0.000000 0.000000 1.000000 0.000000 0.000000 0.000000 0.000000 1.000000 0.000000 0.000000 0.000000 0.000000 1.000000
1.000000 0.000000 0.000000 0.000000 0.000000 1.000000 0.000000 0.000000 0.000000 0.000000 1.000000 0.000000 0.000000 0.000000 0.000000 1.000000
1.000000 0.000000 0.000000 0.000000 0.000000 1.000000 0.000000 0.000000 0.000000 0.000000 1.000000 0.000000 0.000000 0.000000 0.000000 1.000000
1.000000 0.000000 0.000000 0.000000 0.000000 1.000000 0.000000 0.000000 0.000000 0.000000 1.000000 0.000000 0.000000 0.000000 0.000000 1.000000
1.000000 0.000000 0.000000 0.000000 0.000000 1.000000 0.000000 0.000000 0.000000 0.000000 1.000000 0.000000 0.000000 0.000000 0.000000 1.000000
1.000000 0.000000 0.000000 0.000000 0.000000 1.000000 0.000000 0.000000 0.000000 0.000000 1.000000 0.000000 0.000000 0.000000 0.000000 1.000000
1.000000 0.000000 0.000000 0.000000 0.000000 1.000000 0.000000 0.000000 0.000000 0.000000 1.000000 0.000000 0.000000 0.000000 0.000000 1.000000
1.000000 0.000000 0.000000 0.000000 0.000000 1.000000 0.000000 0.000000 0.000000 0.000000 1.000000 0.000000 0.000000 0.000000 0.000000 1.000000
1.000000 0.000000 0.000000 0.000000 0.000000 1.000000 0.000000 0.000000 0.000000 0.000000 1.000000 0.000000 0.000000 0.000000 0.000000 1.000000
1.000000 0.000000 0.000000 0.000000 0.000000 1.000000 0.000000 0.000000 0.000000 0.000000 1.000000 0.000000 0.000000 0.000000 0.000000 1.000000
1.000000 0.000000 0.000000 0.000000 0.000000 1.000000 0.000000 0.000000 0.000000 0.000000 1.000000 0.000000 0.000000 0.000000 0.000000 1.000000
1.000000 0.000000 0.000000 0.000000 0.000000 1.000000 0.000000 0.000000 0.000000 0.000000 1.000000 0.000000 0.000000 0.000000 0.000000 1.000000
1.000000 0.000000 0.000000 0.000000 0.000000 1.000000 0.000000 0.000000 0.000000 0.000000 1.000000 0.000000 0.000000 0.000000 0.000000 1.000000
1.000000 0.000000 0.000000 0.000000 0.000000 1.000000 0.000000 0.000000 0.000000 0.000000 1.000000 0.000000 0.000000 0.000000 0.000000 1.000000
1.000000 0.000000 0.000000 0.000000 0.000000 1.000000 0.000000 0.000000 0.000000 0.000000 1.000000 0.000000 0.000000 0.000000 0.000000 1.000000
1.000000 0.000000 0.000000 0.000000 0.000000 1.000000 0.000000 0.000000 0.000000 0.000000 1.000000 0.000000 0.000000 0.000000 0.000000 1.000000
1.000000 0.000000 0.000000 0.000000 0.000000 1.000000 0.000000 0.000000 0.000000 0.000000 1.000000 0.000000 0.000000 0.000000 0.000000 1.000000
1.000000 0.000000 0.000000 0.000000 0.000000 1.000000 0.000000 0.000000 0.000000 0.000000 1.000000 0.000000 0.000000 0.000000 0.000000 1.000000
1.000000 0.000000 0.000000 0.000000 0.000000 1.000000 0.000000 0.000000 0.000000 0.000000 1.000000 0.000000 0.000000 0.000000 0.000000 1.000000
1.000000 0.000000 0.000000 0.000000 0.000000 1.000000 0.000000 0.000000 0.000000 0.000000 1.000000 0.000000 0.000000 0.000000 0.000000 1.000000
1.000000 0.000000 0.000000 0.000000 0.000000 1.000000 0.000000 0.000000 0.000000 0.000000 1.000000 0.000000 0.000000 0.000000 0.000000 1.000000
1.000000 0.000000 0.000000 0.000000 0.000000 1.000000 0.000000 0.000000 0.000000 0.000000 1.000000 0.000000 0.000000 0.000000 0.000000 1.000000
1.000000 0.000000 0.000000 0.000000 0.000000 1.000000 0.000000 0.000000 0.000000 0.000000 1.000000 0.000000 0.000000 0.000000 0.000000 1.000000
1.000000 0.000000 0.000000 0.000000 0.000000 1.000000 0.000000 0.000000 0.000000 0.000000 1.000000 0.000000 0.000000 0.000000 0.000000 1.000000
1.000000 0.000000 0.000000 0.000000 0.000000 1.000000 0.000000 0.000000 0.000000 0.000000 1.000000 0.000000 0.000000 0.000000 0.000000 1.000000
1.000000 0.000000 0.000000 0.000000 0.000000 1.000000 0.000000 0.000000 0.000000 0.000000 1.000000 0.000000 0.000000 0.000000 0.000000 1.000000
1.000000 0.000000 0.000000 0.000000 0.000000 1.000000 0.000000 0.000000 0.000000 0.000000 1.000000 0.000000 0.000000 0.000000 0.000000 1.000000
1.000000 0.000000 0.000000 0.000000 0.000000 1.000000 0.000000 0.000000 0.000000 0.000000 1.000000 0.000000 0.000000 0.000000 0.000000 1.000000
1.000000 0.000000 0.000000 0.000000 0.000000 1.000000 0.000000 0.000000 0.000000 0.000000 1.000000 0.000000 0.000000 0.000000 0.000000 1.000000
1.000000 0.000000 0.000000 0.000000 0.000000 1.000000 0.000000 0.000000 0.000000 0.000000 1.000000 0.000000 0.000000 0.000000 0.000000 1.000000
1.000000 0.000000 0.000000 0.000000 0.000000 1.000000 0.000000 0.000000 0.000000 0.000000 1.000000 0.000000 0.000000 0.000000 0.000000 1.000000
1.000000 0.000000 0.000000 0.000000 0.000000 1.000000 0.000000 0.000000 0.000000 0.000000 1.000000 0.000000 0.000000 0.000000 0.000000 1.000000
1.000000 0.000000 0.000000 0.000000 0.000000 1.000000 0.000000 0.000000 0.000000 0.000000 1.000000 0.000000 0.000000 0.000000 0.000000 1.000000
1.000000 0.000000 0.000000 0.000000 0.000000 1.000000 0.000000 0.000000 0.000000 0.000000 1.000000 0.000000 0.000000 0.000000 0.000000 1.000000
1.000000 0.000000 0.000000 0.000000 0.000000 1.000000 0.000000 0.000000 0.000000 0.000000 1.000000 0.000000 0.000000 0.000000 0.000000 1.000000
1.000000 0.000000 0.000000 0.000000 0.000000 1.000000 0.000000 0.000000 0.000000 0.000000 1.000000 0.000000 0.000000 0.000000 0.000000 1.000000
1.000000 0.000000 0.000000 0.000000 0.000000 1.000000 0.000000 0.000000 0.000000 0.000000 1.000000 0.000000 0.000000 0.000000 0.000000 1.000000
1.000000 0.000000 0.000000 0.000000 0.000000 1.000000 0.000000 0.000000 0.000000 0.000000 1.000000 0.000000 0.000000 0.000000 0.000000 1.000000
1.000000 0.000000 0.000000 0.000000 0.000000 1.000000 0.000000 0.000000 0.000000 0.000000 1.000000 0.000000 0.000000 0.000000 0.000000 1.000000
1.000000 0.000000 0.000000 0.000000 0.000000 1.000000 0.000000 0.000000 0.000000 0.000000 1.000000 0.000000 0.000000 0.000000 0.000000 1.000000
1.000000 0.000000 0.000000 0.000000 0.000000 1.000000 0.000000 0.000000 0.000000 0.000000 1.000000 0.000000 0.000000 0.000000 0.000000 1.000000
1.000000 0.000000 0.000000 0.000000 0.000000 1.000000 0.000000 0.000000 0.000000 0.000000 1.000000 0.000000 0.000000 0.000000 0.000000 1.000000
1.000000 0.000000 0.000000 0.000000 0.000000 1.000000 0.000000 0.000000 0.000000 0.000000 1.000000 0.000000 0.000000 0.000000 0.000000 1.000000
1.000000 0.000000 0.000000 0.000000 0.000000 1.000000 0.000000 0.000000 0.000000 0.000000 1.000000 0.000000 0.000000 0.000000 0.000000 1.000000
1.000000 0.000000 0.000000 0.000000 0.000000 1.000000 0.000000 0.000000 0.000000 0.000000 1.000000 0.000000 0.000000 0.000000 0.000000 1.000000
1.000000 0.000000 0.000000 0.000000 0.000000 1.000000 0.000000 0.000000 0.000000 0.000000 1.000000 0.000000 0.000000 0.000000 0.000000 1.000000
1.000000 0.000000 0.000000 0.000000 0.000000 1.000000 0.000000 0.000000 0.000000 0.000000 1.000000 0.000000 0.000000 0.000000 0.000000 1.000000
1.000000 0.000000 0.000000 0.000000 0.000000 1.000000 0.000000 0.000000 0.000000 0.000000 1.000000 0.000000 0.000000 0.000000 0.000000 1.000000
1.000000 0.000000 0.000000 0.000000 0.000000 1.000000 0.000000 0.000000 0.000000 0.000000 1.000000 0.000000 0.000000 0.000000 0.000000 1.000000
1.000000 0.000000 0.000000 0.000000 0.000000 1.000000 0.000000 0.000000 0.000000 0.000000 1.000000 0.000000 0.000000 0.000000 0.000000 1.000000
1.000000 0.000000 0.000000 0.000000 0.000000 1.000000 0.000000 0.000000 0.000000 0.000000 1.000000 0.000000 0.000000 0.000000 0.000000 1.000000
1.000000 0.000000 0.000000 0.000000 0.000000 1.000000 0.000000 0.000000 0.000000 0.000000 1.000000 0.000000 0.000000 0.000000 0.000000 1.000000
1.000000 0.000000 0.000000 0.000000 0.000000 1.000000 0.000000 0.000000 0.000000 0.000000 1.000000 0.000000 0.000000 0.000000 0.000000 1.000000
1.000000 0.000000 0.000000 0.000000 0.000000 1.000000 0.000000 0.000000 0.000000 0.000000 1.000000 0.000000 0.000000 0.000000 0.000000 1.000000
1.000000 0.000000 0.000000 0.000000 0.000000 1.000000 0.000000 0.000000 0.000000 0.000000 1.000000 0.000000 0.000000 0.000000 0.000000 1.000000
1.000000 0.000000 0.000000 0.000000 0.000000 1.000000 0.000000 0.000000 0.000000 0.000000 1.000000 0.000000 0.000000 0.000000 0.000000 1.000000
1.000000 0.000000 0.000000 0.000000 0.000000 1.000000 0.000000 0.000000 0.000000 0.000000 1.000000 0.000000 0.000000 0.000000 0.000000 1.000000
1.000000 0.000000 0.000000 0.000000 0.000000 1.000000 0.000000 0.000000 0.000000 0.000000 1.000000 0.000000 0.000000 0.000000 0.000000 1.000000
1.000000 0.000000 0.000000 0.000000 0.000000 1.000000 0.000000 0.000000 0.000000 0.000000 1.000000 0.000000 0.000000 0.000000 0.000000 1.000000
1.000000 0.000000 0.000000 0.000000 0.000000 1.000000 0.000000 0.000000 0.000000 0.000000 1.000000 0.000000 0.000000 0.000000 0.000000 1.000000
1.000000 0.000000 0.000000 0.000000 0.000000 1.000000 0.000000 0.000000 0.000000 0.000000 1.000000 0.000000 0.000000 0.000000 0.000000 1.000000
1.000000 0.000000 0.000000 0.000000 0.000000 1.000000 0.000000 0.000000 0.000000 0.000000 1.000000 0.000000 0.000000 0.000000 0.000000 1.000000
1.000000 0.000000 0.000000 0.000000 0.000000 1.000000 0.000000 0.000000 0.000000 0.000000 1.000000 0.000000 0.000000 0.000000 0.000000 1.000000
1.000000 0.000000 0.000000 0.000000 0.000000 1.000000 0.000000 0.000000 0.000000 0.000000 1.000000 0.000000 0.000000 0.000000 0.000000 1.000000
1.000000 0.000000 0.000000 0.000000 0.000000 1.000000 0.000000 0.000000 0.000000 0.000000 1.000000 0.000000 0.000000 0.000000 0.000000 1.000000
1.000000 0.000000 0.000000 0.000000 0.000000 1.000000 0.000000 0.000000 0.000000 0.000000 1.000000 0.000000 0.000000 0.000000 0.000000 1.000000
1.000000 0.000000 0.000000 0.000000 0.000000 1.000000 0.000000 0.000000 0.000000 0.000000 1.000000 0.000000 0.000000 0.000000 0.000000 1.000000
1.000000 0.000000 0.000000 0.000000 0.000000 1.000000 0.000000 0.000000 0.000000 0.000000 1.000000 0.000000 0.000000 0.000000 0.000000 1.000000
1.000000 0.000000 0.000000 0.000000 0.000000 1.000000 0.000000 0.000000 0.000000 0.000000 1.000000 0.000000 0.000000 0.000000 0.000000 1.000000</float_array><technique_common><accessor source="#root_jnt-Matrix-animation-output-transform-array" count="121" stride="16"><param type="float4x4"/></accessor></technique_common></source><source id="root_jnt-Interpolations"><Name_array id="root_jnt-Interpolations-array" count="121">
 LINEAR LINEAR LINEAR LINEAR LINEAR LINEAR LINEAR LINEAR LINEAR LINEAR LINEAR
LINEAR LINEAR LINEAR LINEAR LINEAR LINEAR LINEAR LINEAR LINEAR LINEAR LINEAR LINEAR
LINEAR LINEAR LINEAR LINEAR LINEAR LINEAR LINEAR LINEAR LINEAR LINEAR LINEAR LINEAR
LINEAR LINEAR LINEAR LINEAR LINEAR LINEAR LINEAR LINEAR LINEAR LINEAR LINEAR LINEAR
LINEAR LINEAR LINEAR LINEAR LINEAR LINEAR LINEAR LINEAR LINEAR LINEAR LINEAR LINEAR
LINEAR LINEAR LINEAR LINEAR LINEAR LINEAR LINEAR LINEAR LINEAR LINEAR LINEAR LINEAR
LINEAR LINEAR LINEAR LINEAR LINEAR LINEAR LINEAR LINEAR LINEAR LINEAR LINEAR LINEAR
LINEAR LINEAR LINEAR LINEAR LINEAR LINEAR LINEAR LINEAR LINEAR LINEAR LINEAR LINEAR
LINEAR LINEAR LINEAR LINEAR LINEAR LINEAR LINEAR LINEAR LINEAR LINEAR LINEAR LINEAR
LINEAR LINEAR LINEAR LINEAR LINEAR LINEAR LINEAR LINEAR LINEAR LINEAR LINEAR LINEAR
LINEAR LINEAR</Name_array><technique_common><accessor source="#root_jnt-Interpolations-array" count="121"><param type="name"/></accessor></technique_common></source><sampler id="root_jnt-Matrix-animation-transform"><input semantic="INPUT" source="#root_jnt-Matrix-animation-input"/><input semantic="OUTPUT" source="#root_jnt-Matrix-animation-output-transform"/><input semantic="INTERPOLATION" source="#root_jnt-Interpolations"/></sampler><channel source="#root_jnt-Matrix-animation-transform" target="root_jnt/matrix"/></animation></animation>
    <animation id="jnt_hips-anim" name="jnt_hips"><animation><source id="jnt_hips-Matrix-animation-input"><float_array id="jnt_hips-Matrix-animation-input-array" count="121">

0.000000 0.033333 0.066667 0.100000 0.133333 0.166667 0.200000 0.233333 0.266667 0.300000 0.333333 0.366667 0.400000 0.433333 0.466667 0.500000
0.533333 0.566667 0.600000 0.633333 0.666667 0.700000 0.733333 0.766667 0.800000 0.833333 0.866667 0.900000 0.933333 0.966667 1.000000 1.033333
1.066667 1.100000 1.133333 1.166667 1.200000 1.233333 1.266667 1.300000 1.333333 1.366667 1.400000 1.433333 1.466667 1.500000 1.533333 1.566667
1.600000 1.633333 1.666667 1.700000 1.733333 1.766667 1.800000 1.833333 1.866667 1.900000 1.933333 1.966667 2.000000 2.033333 2.066667 2.100000
2.133333 2.166667 2.200000 2.233333 2.266667 2.300000 2.333333 2.366667 2.400000 2.433333 2.466667 2.500000 2.533333 2.566667 2.600000 2.633333
2.666667 2.700000 2.733333 2.766667 2.800000 2.833333 2.866667 2.900000 2.933333 2.966667 3.000000 3.033333 3.066667 3.100000 3.133333 3.166667
3.200000 3.233333 3.266667 3.300000 3.333333 3.366667 3.400000 3.433333 3.466667 3.500000 3.533333 3.566667 3.600000 3.633333 3.666667 3.700000
3.733333 3.766667 3.800000 3.833333 3.866667 3.900000 3.933333 3.966667 4.000000</float_array><technique_common><accessor source="#jnt_hips-Matrix-animation-input-array" count="121"><param name="TIME" type="float"/></accessor></technique_common></source><source id="jnt_hips-Matrix-animation-output-transform"><float_array id="jnt_hips-Matrix-animation-output-transform-array" count="1936">

0.961463 0.055178 -0.269342 -0.011449 -0.002571 0.981416 0.191875 2.028563 0.274924 -0.183788 0.943737 -0.270758 0.000000 0.000000 0.000000 1.000000
0.961313 0.054845 -0.269942 -0.011504 -0.002397 0.981607 0.190899 2.028513 0.275447 -0.182867 0.943763 -0.271695 0.000000 0.000000 0.000000 1.000000
0.961031 0.054483 -0.271018 -0.011625 -0.002226 0.981879 0.189494 2.028275 0.276431 -0.181506 0.943738 -0.274001 0.000000 0.000000 0.000000 1.000000
0.960760 0.054014 -0.272069 -0.011837 -0.001987 0.982172 0.187975 2.027843 0.277372 -0.180059 0.943739 -0.276728 0.000000 0.000000 0.000000 1.000000
0.960648 0.053363 -0.272596 -0.012162 -0.001605 0.982423 0.186659 2.027213 0.277765 -0.178876 0.943848 -0.278931 0.000000 0.000000 0.000000 1.000000
0.960839 0.052454 -0.272097 -0.012626 -0.001006 0.982575 0.185864 2.026380 0.277105 -0.178311 0.944149 -0.279665 0.000000 0.000000 0.000000 1.000000
0.961310 0.051301 -0.270648 -0.013218 -0.000189 0.982629 0.185583 2.025359 0.275467 -0.178352 0.944621 -0.278928 0.000000 0.000000 0.000000 1.000000
0.962027 0.049828 -0.268369 -0.013934 0.000876 0.982628 0.185582 2.024182 0.272955 -0.178770 0.945271 -0.277496 0.000000 0.000000 0.000000 1.000000
0.962875 0.048188 -0.265613 -0.014737 0.002072 0.982591 0.185771 2.022870 0.269941 -0.179425 0.946012 -0.275562 0.000000 0.000000 0.000000 1.000000
0.963746 0.046535 -0.262733 -0.015589 0.003280 0.982533 0.186058 2.021442 0.266802 -0.180174 0.946760 -0.273319 0.000000 0.000000 0.000000 1.000000
0.964536 0.045027 -0.260083 -0.016450 0.004383 0.982474 0.186347 2.019922 0.263915 -0.180878 0.947434 -0.270960 0.000000 0.000000 0.000000 1.000000
0.965147 0.043820 -0.258016 -0.017283 0.005264 0.982433 0.186542 2.018331 0.261657 -0.181399 0.947961 -0.268678 0.000000 0.000000 0.000000 1.000000
0.965481 0.043074 -0.256887 -0.018047 0.005805 0.982429 0.186547 2.016691 0.260408 -0.181599 0.948267 -0.266667 0.000000 0.000000 0.000000 1.000000
0.965528 0.042839 -0.256751 -0.018731 0.005958 0.982469 0.186331 2.015019 0.260232 -0.181437 0.948346 -0.264754 0.000000 0.000000 0.000000 1.000000
0.965381 0.043061 -0.257265 -0.019347 0.005760 0.982520 0.186068 2.013319 0.260780 -0.181109 0.948258 -0.262710 0.000000 0.000000 0.000000 1.000000
0.965094 0.043597 -0.258249 -0.019914 0.005323 0.982579 0.185768 2.011606 0.261849 -0.180658 0.948049 -0.260633 0.000000 0.000000 0.000000 1.000000
0.964719 0.044302 -0.259528 -0.020449 0.004762 0.982645 0.185437 2.009896 0.263239 -0.180131 0.947765 -0.258619 0.000000 0.000000 0.000000 1.000000
0.964309 0.045031 -0.260924 -0.020971 0.004190 0.982714 0.185085 2.008201 0.264748 -0.179572 0.947450 -0.256763 0.000000 0.000000 0.000000 1.000000
0.963918 0.045641 -0.262259 -0.021497 0.003723 0.982785 0.184718 2.006539 0.266175 -0.179029 0.947153 -0.255162 0.000000 0.000000 0.000000 1.000000
0.963601 0.045989 -0.263358 -0.022044 0.003475 0.982856 0.184343 2.004924 0.267321 -0.178548 0.946921 -0.253912 0.000000 0.000000 0.000000 1.000000
0.963416 0.045929 -0.264044 -0.022631 0.003561 0.982926 0.183969 2.003369 0.267986 -0.178179 0.946803 -0.253111 0.000000 0.000000 0.000000 1.000000
0.963321 0.045510 -0.264465 -0.023239 0.003968 0.982991 0.183612 2.001891 0.268323 -0.177926 0.946755 -0.252866 0.000000 0.000000 0.000000 1.000000
0.963244 0.044899 -0.264851 -0.023834 0.004572 0.983050 0.183278 2.000504 0.268591 -0.177753 0.946712 -0.253139 0.000000 0.000000 0.000000 1.000000
0.963196 0.044129 -0.265152 -0.024409 0.005326 0.983106 0.182962 1.999223 0.268746 -0.177640 0.946689 -0.253810 0.000000 0.000000 0.000000 1.000000
0.963191 0.043234 -0.265318 -0.024956 0.006184 0.983158 0.182654 1.998065 0.268746 -0.177571 0.946702 -0.254756 0.000000 0.000000 0.000000 1.000000
0.963240 0.042248 -0.265300 -0.025467 0.007099 0.983208 0.182349 1.997045 0.268549 -0.177529 0.946766 -0.255857 0.000000 0.000000 0.000000 1.000000
0.963355 0.041206 -0.265047 -0.025935 0.008027 0.983259 0.182039 1.996180 0.268111 -0.177495 0.946896 -0.256990 0.000000 0.000000 0.000000 1.000000
0.963547 0.040142 -0.264510 -0.026352 0.008919 0.983310 0.181718 1.995485 0.267390 -0.177453 0.947108 -0.258034 0.000000 0.000000 0.000000 1.000000
0.963829 0.039090 -0.263638 -0.026711 0.009731 0.983365 0.181379 1.994976 0.266343 -0.177383 0.947416 -0.258868 0.000000 0.000000 0.000000 1.000000
0.964133 0.038330 -0.262636 -0.026966 0.010240 0.983408 0.181116 1.994663 0.265220 -0.177309 0.947744 -0.259614 0.000000 0.000000 0.000000 1.000000
0.964502 0.037541 -0.261393 -0.027151 0.010750 0.983441 0.180908 1.994563 0.263856 -0.177296 0.948128 -0.260476 0.000000 0.000000 0.000000 1.000000
0.964935 0.036735 -0.259905 -0.027260 0.011252 0.983460 0.180777 1.994742 0.262247 -0.177362 0.948562 -0.261443 0.000000 0.000000 0.000000 1.000000
0.965430 0.035922 -0.258175 -0.027298 0.011740 0.983461 0.180737 1.995243 0.260397 -0.177520 0.949042 -0.262492 0.000000 0.000000 0.000000 1.000000
0.965972 0.035120 -0.256251 -0.027266 0.012201 0.983448 0.180777 1.996043 0.258359 -0.177752 0.949555 -0.263600 0.000000 0.000000 0.000000 1.000000
0.966545 0.034349 -0.254185 -0.027165 0.012621 0.983423 0.180886 1.997119 0.256185 -0.178042 0.950090 -0.264740 0.000000 0.000000 0.000000 1.000000
0.967136 0.033630 -0.252025 -0.026996 0.012985 0.983388 0.181051 1.998449 0.253927 -0.178373 0.950633 -0.265886 0.000000 0.000000 0.000000 1.000000
0.967730 0.032981 -0.249823 -0.026763 0.013280 0.983345 0.181261 2.000010 0.251641 -0.178730 0.951174 -0.267014 0.000000 0.000000 0.000000 1.000000
0.968312 0.032423 -0.247628 -0.026465 0.013492 0.983297 0.181506 2.001779 0.249377 -0.179096 0.951701 -0.268098 0.000000 0.000000 0.000000 1.000000
0.968871 0.031976 -0.245491 -0.026104 0.013607 0.983246 0.181774 2.003734 0.247191 -0.179456 0.952204 -0.269112 0.000000 0.000000 0.000000 1.000000
0.969393 0.031660 -0.243463 -0.025683 0.013612 0.983194 0.182053 2.005853 0.245135 -0.179795 0.952671 -0.270031 0.000000 0.000000 0.000000 1.000000
0.969866 0.031494 -0.241594 -0.025202 0.013494 0.983144 0.182333 2.008112 0.243264 -0.180098 0.953093 -0.270830 0.000000 0.000000 0.000000 1.000000
0.970278 0.031499 -0.239935 -0.024663 0.013239 0.983098 0.182601 2.010488 0.241632 -0.180351 0.953461 -0.271484 0.000000 0.000000 0.000000 1.000000
0.970633 0.031659 -0.238471 -0.024076 0.012848 0.983065 0.182804 2.012963 0.240220 -0.180500 0.953789 -0.271967 0.000000 0.000000 0.000000 1.000000
0.970948 0.031937 -0.237150 -0.023451 0.012339 0.983053 0.182905 2.015514 0.238973 -0.180517 0.954099 -0.272284 0.000000 0.000000 0.000000 1.000000
0.971223 0.032321 -0.235967 -0.022796 0.011727 0.983058 0.182918 2.018118 0.237881 -0.180422 0.954390 -0.272449 0.000000 0.000000 0.000000 1.000000
0.971462 0.032799 -0.234915 -0.022119 0.011027 0.983077 0.182860 2.020750 0.236937 -0.180232 0.954661 -0.272480 0.000000 0.000000 0.000000 1.000000
0.971666 0.033361 -0.233991 -0.021427 0.010254 0.983107 0.182746 2.023385 0.236134 -0.179968 0.954910 -0.272393 0.000000 0.000000 0.000000 1.000000
0.971838 0.033993 -0.233187 -0.020729 0.009423 0.983144 0.182592 2.026000 0.235463 -0.179647 0.955136 -0.272204 0.000000 0.000000 0.000000 1.000000
0.971978 0.034685 -0.232499 -0.020030 0.008549 0.983185 0.182413 2.028570 0.234916 -0.179289 0.955338 -0.271928 0.000000 0.000000 0.000000 1.000000
0.972090 0.035423 -0.231921 -0.019340 0.007646 0.983227 0.182224 2.031070 0.234486 -0.178911 0.955514 -0.271583 0.000000 0.000000 0.000000 1.000000
0.972174 0.036196 -0.231446 -0.018665 0.006730 0.983268 0.182041 2.033475 0.234163 -0.178533 0.955664 -0.271184 0.000000 0.000000 0.000000 1.000000
0.972233 0.036992 -0.231071 -0.018013 0.005815 0.983303 0.181880 2.035763 0.233941 -0.178174 0.955785 -0.270748 0.000000 0.000000 0.000000 1.000000
0.972270 0.037798 -0.230787 -0.017391 0.004916 0.983331 0.181756 2.037907 0.233810 -0.177851 0.955878 -0.270291 0.000000 0.000000 0.000000 1.000000
0.972285 0.038602 -0.230590 -0.016808 0.004048 0.983349 0.181684 2.039885 0.233763 -0.177582 0.955939 -0.269829 0.000000 0.000000 0.000000 1.000000
0.972281 0.039392 -0.230472 -0.016271 0.003226 0.983352 0.181680 2.041671 0.233792 -0.177388 0.955968 -0.269378 0.000000 0.000000 0.000000 1.000000
0.972209 0.040257 -0.230627 -0.015767 0.002401 0.983338 0.181769 2.043240 0.234102 -0.177271 0.955914 -0.268812 0.000000 0.000000 0.000000 1.000000
0.972061 0.041228 -0.231077 -0.015298 0.001558 0.983300 0.181988 2.044567 0.234721 -0.177264 0.955763 -0.268034 0.000000 0.000000 0.000000 1.000000
0.971849 0.042268 -0.231782 -0.014877 0.000710 0.983246 0.182281 2.045633 0.235603 -0.177314 0.955537 -0.267086 0.000000 0.000000 0.000000 1.000000
0.971583 0.043340 -0.232696 -0.014514 -0.000128 0.983190 0.182588 2.046416 0.236698 -0.177370 0.955256 -0.266012 0.000000 0.000000 0.000000 1.000000
0.971275 0.044410 -0.233778 -0.014221 -0.000941 0.983140 0.182852 2.046898 0.237957 -0.177380 0.954941 -0.264857 0.000000 0.000000 0.000000 1.000000
0.970936 0.045441 -0.234987 -0.014011 -0.001717 0.983108 0.183016 2.047059 0.239334 -0.177293 0.954613 -0.263665 0.000000 0.000000 0.000000 1.000000
0.970570 0.046433 -0.236301 -0.013844 -0.002481 0.983112 0.182988 2.046973 0.240807 -0.177016 0.954294 -0.262513 0.000000 0.000000 0.000000 1.000000
0.970185 0.047386 -0.237687 -0.013678 -0.003261 0.983164 0.182696 2.046737 0.242343 -0.176474 0.954006 -0.261485 0.000000 0.000000 0.000000 1.000000
0.969800 0.048262 -0.239079 -0.013521 -0.004039 0.983271 0.182106 2.046365 0.243868 -0.175641 0.953771 -0.260633 0.000000 0.000000 0.000000 1.000000
0.969433 0.049022 -0.240411 -0.013379 -0.004798 0.983438 0.181184 2.045871 0.245311 -0.174492 0.953612 -0.260010 0.000000 0.000000 0.000000 1.000000
0.969102 0.049626 -0.241617 -0.013260 -0.005521 0.983670 0.179895 2.045268 0.246599 -0.173003 0.953551 -0.259667 0.000000 0.000000 0.000000 1.000000
0.968819 0.050070 -0.242659 -0.013166 -0.006202 0.983962 0.178271 2.044568 0.247693 -0.171207 0.953591 -0.259581 0.000000 0.000000 0.000000 1.000000
0.968595 0.050325 -0.243496 -0.013101 -0.006803 0.984300 0.176374 2.043777 0.248550 -0.169179 0.953730 -0.259682 0.000000 0.000000 0.000000 1.000000
0.968416 0.050428 -0.244186 -0.013061 -0.007338 0.984674 0.174248 2.042904 0.249231 -0.166953 0.953945 -0.259946 0.000000 0.000000 0.000000 1.000000
0.968267 0.050415 -0.244781 -0.013037 -0.007825 0.985077 0.171935 2.041959 0.249797 -0.164564 0.954212 -0.260350 0.000000 0.000000 0.000000 1.000000
0.968131 0.050324 -0.245338 -0.013023 -0.008278 0.985499 0.169479 2.040951 0.250309 -0.162047 0.954508 -0.260873 0.000000 0.000000 0.000000 1.000000
0.967992 0.050190 -0.245910 -0.013013 -0.008715 0.985931 0.166923 2.039889 0.250828 -0.159437 0.954812 -0.261489 0.000000 0.000000 0.000000 1.000000
0.967836 0.050052 -0.246552 -0.013001 -0.009153 0.986366 0.164310 2.038781 0.251414 -0.156769 0.955099 -0.262179 0.000000 0.000000 0.000000 1.000000
0.967646 0.049946 -0.247317 -0.012980 -0.009609 0.986796 0.161686 2.037638 0.252127 -0.154078 0.955349 -0.262917 0.000000 0.000000 0.000000 1.000000
0.967406 0.049910 -0.248262 -0.012943 -0.010104 0.987212 0.159093 2.036469 0.253027 -0.151399 0.955539 -0.263682 0.000000 0.000000 0.000000 1.000000
0.967100 0.049982 -0.249439 -0.012885 -0.010657 0.987609 0.156575 2.035282 0.254174 -0.148765 0.955649 -0.264450 0.000000 0.000000 0.000000 1.000000
0.966710 0.050199 -0.250903 -0.012798 -0.011288 0.987979 0.154177 2.034086 0.255626 -0.146213 0.955655 -0.265199 0.000000 0.000000 0.000000 1.000000
0.966219 0.050600 -0.252707 -0.012676 -0.012017 0.988316 0.151945 2.032892 0.257443 -0.143775 0.955538 -0.265907 0.000000 0.000000 0.000000 1.000000
0.965608 0.051224 -0.254905 -0.012512 -0.012867 0.988614 0.149921 2.031709 0.259682 -0.141485 0.955273 -0.266549 0.000000 0.000000 0.000000 1.000000
0.964845 0.052093 -0.257606 -0.012299 -0.013832 0.988866 0.148163 2.030544 0.262456 -0.139391 0.954823 -0.267236 0.000000 0.000000 0.000000 1.000000
0.963928 0.053178 -0.260798 -0.012041 -0.014879 0.989072 0.146681 2.029411 0.265749 -0.137509 0.954185 -0.268067 0.000000 0.000000 0.000000 1.000000
0.962887 0.054433 -0.264357 -0.011748 -0.015989 0.989236 0.145454 2.028321 0.269429 -0.135829 0.953393 -0.269007 0.000000 0.000000 0.000000 1.000000
0.961757 0.055816 -0.268158 -0.011431 -0.017139 0.989362 0.144463 2.027288 0.273369 -0.134342 0.952482 -0.270021 0.000000 0.000000 0.000000 1.000000
0.960569 0.057282 -0.272076 -0.011099 -0.018307 0.989454 0.143685 2.026327 0.277437 -0.133038 0.951488 -0.271075 0.000000 0.000000 0.000000 1.000000
0.959362 0.058788 -0.275987 -0.010764 -0.019470 0.989517 0.143097 2.025449 0.281506 -0.131909 0.950450 -0.272133 0.000000 0.000000 0.000000 1.000000
0.958173 0.060287 -0.279768 -0.010434 -0.020602 0.989555 0.142678 2.024668 0.285447 -0.130946 0.949407 -0.273161 0.000000 0.000000 0.000000 1.000000
0.957043 0.061735 -0.283298 -0.010121 -0.021681 0.989571 0.142403 2.023998 0.289135 -0.130143 0.948401 -0.274124 0.000000 0.000000 0.000000 1.000000
0.956014 0.063087 -0.286455 -0.009835 -0.022679 0.989571 0.142247 2.023452 0.292442 -0.129494 0.947475 -0.274988 0.000000 0.000000 0.000000 1.000000
0.955131 0.064295 -0.289119 -0.009586 -0.023573 0.989559 0.142188 2.023044 0.295243 -0.128992 0.946675 -0.275719 0.000000 0.000000 0.000000 1.000000
0.954439 0.065315 -0.291170 -0.009384 -0.024337 0.989539 0.142199 2.022787 0.297412 -0.128634 0.946044 -0.276282 0.000000 0.000000 0.000000 1.000000
0.953982 0.066100 -0.292488 -0.009240 -0.024947 0.989516 0.142256 2.022694 0.298825 -0.128413 0.945629 -0.276644 0.000000 0.000000 0.000000 1.000000
0.953793 0.066598 -0.292989 -0.009163 -0.025372 0.989495 0.142325 2.022718 0.299390 -0.128315 0.945463 -0.276769 0.000000 0.000000 0.000000 1.000000
0.953875 0.066804 -0.292677 -0.009154 -0.025617 0.989483 0.142362 2.022800 0.299109 -0.128298 0.945554 -0.276594 0.000000 0.000000 0.000000 1.000000
0.954201 0.066809 -0.291612 -0.009199 -0.025777 0.989481 0.142347 2.022935 0.298055 -0.128311 0.945886 -0.276115 0.000000 0.000000 0.000000 1.000000
0.954733 0.066638 -0.289905 -0.009292 -0.025849 0.989484 0.142315 2.023121 0.296340 -0.128379 0.946415 -0.275387 0.000000 0.000000 0.000000 1.000000
0.955433 0.066316 -0.287665 -0.009424 -0.025835 0.989486 0.142301 2.023349 0.294077 -0.128528 0.947101 -0.274463 0.000000 0.000000 0.000000 1.000000
0.956262 0.065866 -0.285001 -0.009589 -0.025731 0.989483 0.142341 2.023613 0.291379 -0.128782 0.947899 -0.273396 0.000000 0.000000 0.000000 1.000000
0.957182 0.065313 -0.282024 -0.009778 -0.025539 0.989469 0.142471 2.023908 0.288359 -0.129168 0.948770 -0.272241 0.000000 0.000000 0.000000 1.000000
0.958156 0.064680 -0.278843 -0.009986 -0.025256 0.989440 0.142724 2.024227 0.285130 -0.129710 0.949672 -0.271052 0.000000 0.000000 0.000000 1.000000
0.959149 0.063990 -0.275571 -0.010203 -0.024883 0.989390 0.143137 2.024566 0.281806 -0.130433 0.950564 -0.269882 0.000000 0.000000 0.000000 1.000000
0.960125 0.063265 -0.272318 -0.010424 -0.024419 0.989314 0.143743 2.024916 0.278502 -0.131362 0.951410 -0.268787 0.000000 0.000000 0.000000 1.000000
0.961053 0.062526 -0.269198 -0.010640 -0.023860 0.989206 0.144577 2.025273 0.275332 -0.132523 0.952171 -0.267819 0.000000 0.000000 0.000000 1.000000
0.961901 0.061794 -0.266322 -0.010845 -0.023206 0.989061 0.145671 2.025631 0.272411 -0.133941 0.952813 -0.267034 0.000000 0.000000 0.000000 1.000000
0.962639 0.061090 -0.263807 -0.011031 -0.022454 0.988873 0.147059 2.025983 0.269855 -0.135641 0.953299 -0.266485 0.000000 0.000000 0.000000 1.000000
0.963238 0.060433 -0.261764 -0.011192 -0.021597 0.988636 0.148771 2.026323 0.267780 -0.137649 0.953597 -0.266227 0.000000 0.000000 0.000000 1.000000
0.963669 0.059845 -0.260308 -0.011320 -0.020632 0.988343 0.150840 2.026647 0.266301 -0.139990 0.953670 -0.266314 0.000000 0.000000 0.000000 1.000000
0.963936 0.059312 -0.259439 -0.011417 -0.019546 0.987995 0.153246 2.026949 0.265414 -0.142648 0.953523 -0.266603 0.000000 0.000000 0.000000 1.000000
0.964085 0.058816 -0.258998 -0.011491 -0.018360 0.987597 0.155931 2.027230 0.264957 -0.145575 0.953208 -0.266915 0.000000 0.000000 0.000000 1.000000
0.964130 0.058357 -0.258935 -0.011544 -0.017091 0.987156 0.158840 2.027488 0.264878 -0.148717 0.952745 -0.267245 0.000000 0.000000 0.000000 1.000000
0.964085 0.057932 -0.259200 -0.011580 -0.015756 0.986678 0.161919 2.027723 0.265127 -0.152020 0.952154 -0.267587 0.000000 0.000000 0.000000 1.000000
0.963962 0.057540 -0.259744 -0.011600 -0.014375 0.986170 0.165114 2.027934 0.265652 -0.155430 0.951457 -0.267936 0.000000 0.000000 0.000000 1.000000
0.963775 0.057180 -0.260514 -0.011607 -0.012965 0.985638 0.168371 2.028120 0.266400 -0.158895 0.950675 -0.268288 0.000000 0.000000 0.000000 1.000000
0.963538 0.056851 -0.261463 -0.011602 -0.011547 0.985092 0.171638 2.028280 0.267323 -0.162360 0.949830 -0.268637 0.000000 0.000000 0.000000 1.000000
0.963263 0.056551 -0.262537 -0.011589 -0.010142 0.984541 0.174860 2.028414 0.268368 -0.165774 0.948946 -0.268979 0.000000 0.000000 0.000000 1.000000
0.962965 0.056281 -0.263688 -0.011570 -0.008772 0.983994 0.177987 2.028521 0.269485 -0.169082 0.948045 -0.269308 0.000000 0.000000 0.000000 1.000000
0.962656 0.056037 -0.264864 -0.011546 -0.007458 0.983461 0.180967 2.028600 0.270624 -0.172233 0.947153 -0.269620 0.000000 0.000000 0.000000 1.000000
