<?xml version="1.0" encoding="utf-8"?>
<COLLADA xmlns="http://www.collada.org/2005/11/COLLADASchema" version="1.4.1">
  <asset><contributor><author></author><authoring_tool>FBX COLLADA exporter</authoring_tool><comments></comments></contributor><created>2019-12-31T12:23:37Z</created><keywords></keywords><modified>2019-12-31T12:23:37Z</modified><revision></revision><subject></subject><title></title><unit meter="0.010000" name="centimeter"></unit><up_axis>Y_UP</up_axis></asset>
  <library_animations>
    <animation id="root_jnt-anim" name="root_jnt"><animation><source id="root_jnt-Matrix-animation-input"><float_array id="root_jnt-Matrix-animation-input-array" count="21">

0.000000 0.033333 0.066667 0.100000 0.133333 0.166667 0.200000 0.233333 0.266667 0.300000 0.333333 0.366667 0.400000 0.433333 0.466667 0.500000
0.533333 0.566667 0.600000 0.633333 0.666667</float_array><technique_common><accessor source="#root_jnt-Matrix-animation-input-array" count="21"><param name="TIME" type="float"/></accessor></technique_common></source><source id="root_jnt-Matrix-animation-output-transform"><float_array id="root_jnt-Matrix-animation-output-transform-array" count="336">

1.000000 0.000000 0.000000 0.000000 0.000000 1.000000 0.000000 0.000000 0.000000 0.000000 1.000000 0.000000 0.000000 0.000000 0.000000 1.000000
1.000000 0.000000 0.000000 0.000000 0.000000 1.000000 0.000000 0.000000 0.000000 0.000000 1.000000 0.000000 0.000000 0.000000 0.000000 1.000000
1.000000 0.000000 0.000000 0.000000 0.000000 1.000000 0.000000 0.000000 0.000000 0.000000 1.000000 0.000000 0.000000 0.000000 0.000000 1.000000
1.000000 0.000000 0.000000 0.000000 0.000000 1.000000 0.000000 0.000000 0.000000 0.000000 1.000000 0.000000 0.000000 0.000000 0.000000 1.000000
1.000000 0.000000 0.000000 0.000000 0.000000 1.000000 0.000000 0.000000 0.000000 0.000000 1.000000 0.000000 0.000000 0.000000 0.000000 1.000000
1.000000 0.000000 0.000000 0.000000 0.000000 1.000000 0.000000 0.000000 0.000000 0.000000 1.000000 0.000000 0.000000 0.000000 0.000000 1.000000
1.000000 0.000000 0.000000 0.000000 0.000000 1.000000 0.000000 0.000000 0.000000 0.000000 1.000000 0.000000 0.000000 0.000000 0.000000 1.000000
1.000000 0.000000 0.000000 0.000000 0.000000 1.000000 0.000000 0.000000 0.000000 0.000000 1.000000 0.000000 0.000000 0.000000 0.000000 1.000000
1.000000 0.000000 0.000000 0.000000 0.000000 1.000000 0.000000 0.000000 0.000000 0.000000 1.000000 0.000000 0.000000 0.000000 0.000000 1.000000
1.000000 0.000000 0.000000 0.000000 0.000000 1.000000 0.000000 0.000000 0.000000 0.000000 1.000000 0.000000 0.000000 0.000000 0.000000 1.000000
1.000000 0.000000 0.000000 0.000000 0.000000 1.000000 0.000000 0.000000 0.000000 0.000000 1.000000 0.000000 0.000000 0.000000 0.000000 1.000000
1.000000 0.000000 0.000000 0.000000 0.000000 1.000000 0.000000 0.000000 0.000000 0.000000 1.000000 0.000000 0.000000 0.000000 0.000000 1.000000
1.000000 0.000000 0.000000 0.000000 0.000000 1.000000 0.000000 0.000000 0.000000 0.000000 1.000000 0.000000 0.000000 0.000000 0.000000 1.000000
1.000000 0.000000 0.000000 0.000000 0.000000 1.000000 0.000000 0.000000 0.000000 0.000000 1.000000 0.000000 0.000000 0.000000 0.000000 1.000000
1.000000 0.000000 0.000000 0.000000 0.000000 1.000000 0.000000 0.000000 0.000000 0.000000 1.000000 0.000000 0.000000 0.000000 0.000000 1.000000
1.000000 0.000000 0.000000 0.000000 0.000000 1.000000 0.000000 0.000000 0.000000 0.000000 1.000000 0.000000 0.000000 0.000000 0.000000 1.000000
1.000000 0.000000 0.000000 0.000000 0.000000 1.000000 0.000000 0.000000 0.000000 0.000000 1.000000 0.000000 0.000000 0.000000 0.000000 1.000000
1.000000 0.000000 0.000000 0.000000 0.000000 1.000000 0.000000 0.000000 0.000000 0.000000 1.000000 0.000000 0.000000 0.000000 0.000000 1.000000
1.000000 0.000000 0.000000 0.000000 0.000000 1.000000 0.000000 0.000000 0.000000 0.000000 1.000000 0.000000 0.000000 0.000000 0.000000 1.000000
1.000000 0.000000 0.000000 0.000000 0.000000 1.000000 0.000000 0.000000 0.000000 0.000000 1.000000 0.000000 0.000000 0.000000 0.000000 1.000000
1.000000 0.000000 0.000000 0.000000 0.000000 1.000000 0.000000 0.000000 0.000000 0.000000 1.000000 0.000000 0.000000 0.000000 0.000000 1.000000</float_array><technique_common><accessor source="#root_jnt-Matrix-animation-output-transform-array" count="21" stride="16"><param type="float4x4"/></accessor></technique_common></source><source id="root_jnt-Interpolations"><Name_array id="root_jnt-Interpolations-array" count="21">
 LINEAR LINEAR LINEAR LINEAR LINEAR LINEAR LINEAR LINEAR LINEAR LINEAR LINEAR
LINEAR LINEAR LINEAR LINEAR LINEAR LINEAR LINEAR LINEAR LINEAR LINEAR</Name_array><technique_common><accessor source="#root_jnt-Interpolations-array" count="21"><param type="name"/></accessor></technique_common></source><sampler id="root_jnt-Matrix-animation-transform"><input semantic="INPUT" source="#root_jnt-Matrix-animation-input"/><input semantic="OUTPUT" source="#root_jnt-Matrix-animation-output-transform"/><input semantic="INTERPOLATION" source="#root_jnt-Interpolations"/></sampler><channel source="#root_jnt-Matrix-animation-transform" target="root_jnt/matrix"/></animation></animation>
    <animation id="jnt_hips-anim" name="jnt_hips"><animation><source id="jnt_hips-Matrix-animation-input"><float_array id="jnt_hips-Matrix-animation-input-array" count="21">

0.000000 0.033333 0.066667 0.100000 0.133333 0.166667 0.200000 0.233333 0.266667 0.300000 0.333333 0.366667 0.400000 0.433333 0.466667 0.500000
0.533333 0.566667 0.600000 0.633333 0.666667</float_array><technique_common><accessor source="#jnt_hips-Matrix-animation-input-array" count="21"><param name="TIME" type="float"/></accessor></technique_common></source><source id="jnt_hips-Matrix-animation-output-transform"><float_array id="jnt_hips-Matrix-animation-output-transform-array" count="336">

0.961460 -0.010974 -0.274724 0.005653 -0.002571 0.998800 -0.048898 1.940700 0.274931 0.047720 0.960279 -0.246249 0.000000 0.000000 0.000000 1.000000
0.965088 -0.011044 -0.261694 0.005120 -0.001176 0.998918 -0.046493 1.941001 0.261924 0.045177 0.964031 -0.247613 0.000000 0.000000 0.000000 1.000000
0.969326 -0.011177 -0.245525 0.004513 0.000503 0.999054 -0.043494 1.942008 0.245778 0.042037 0.968414 -0.250782 0.000000 0.000000 0.000000 1.000000
0.973938 -0.011399 -0.226527 0.003832 0.002403 0.999199 -0.039951 1.943640 0.226801 0.038366 0.973185 -0.255549 0.000000 0.000000 0.000000 1.000000
0.978688 -0.011736 -0.205016 0.003084 0.004460 0.999345 -0.035915 1.945819 0.205304 0.034235 0.978099 -0.261704 0.000000 0.000000 0.000000 1.000000
0.983349 -0.012210 -0.181317 0.002270 0.006614 0.999484 -0.031437 1.948464 0.181608 0.029714 0.982922 -0.269040 0.000000 0.000000 0.000000 1.000000
0.987711 -0.012840 -0.155765 0.001396 0.008804 0.999608 -0.026573 1.951495 0.156045 0.024875 0.987437 -0.277350 0.000000 0.000000 0.000000 1.000000
0.991589 -0.013640 -0.128706 0.000468 0.010976 0.999711 -0.021384 1.954835 0.128961 0.019791 0.991452 -0.286426 0.000000 0.000000 0.000000 1.000000
0.994830 -0.014618 -0.100499 -0.000507 0.013081 0.999788 -0.015931 1.958403 0.100710 0.014534 0.994810 -0.296063 0.000000 0.000000 0.000000 1.000000
0.997315 -0.015775 -0.071509 -0.001520 0.015077 0.999833 -0.010282 1.962122 0.071660 0.009176 0.997387 -0.306059 0.000000 0.000000 0.000000 1.000000
0.998966 -0.017104 -0.042112 -0.002563 0.016929 0.999847 -0.004507 1.965912 0.042183 0.003789 0.999103 -0.316211 0.000000 0.000000 0.000000 1.000000
0.999747 -0.018591 -0.012687 -0.003624 0.018609 0.999826 0.001320 1.969697 0.012660 -0.001556 0.999919 -0.326320 0.000000 0.000000 0.000000 1.000000
0.999661 -0.020214 0.016386 -0.004693 0.020099 0.999773 0.007123 1.973397 -0.016527 -0.006791 0.999840 -0.336188 0.000000 0.000000 0.000000 1.000000
0.998758 -0.021943 0.044729 -0.005757 0.021390 0.999689 0.012824 1.976937 -0.044997 -0.011851 0.998917 -0.345619 0.000000 0.000000 0.000000 1.000000
0.997124 -0.023743 0.071968 -0.006804 0.022477 0.999579 0.018344 1.980239 -0.072373 -0.016673 0.997238 -0.354421 0.000000 0.000000 0.000000 1.000000
0.994884 -0.025570 0.097736 -0.007820 0.023369 0.999448 0.023603 1.983225 -0.098286 -0.021198 0.994932 -0.362402 0.000000 0.000000 0.000000 1.000000
0.992192 -0.027377 0.121675 -0.008793 0.024076 0.999303 0.028521 1.985819 -0.122371 -0.025368 0.992160 -0.369372 0.000000 0.000000 0.000000 1.000000
0.989231 -0.029112 0.143438 -0.009708 0.024616 0.999152 0.033019 1.987945 -0.144277 -0.029132 0.989108 -0.375144 0.000000 0.000000 0.000000 1.000000
0.986200 -0.030721 0.162685 -0.010553 0.025013 0.999001 0.037019 1.989525 -0.163660 -0.032439 0.985983 -0.379531 0.000000 0.000000 0.000000 1.000000
0.983308 -0.032147 0.179087 -0.011314 0.025289 0.998862 0.040445 1.990483 -0.180183 -0.035241 0.983002 -0.382345 0.000000 0.000000 0.000000 1.000000
0.980766 -0.033335 0.192319 -0.011980 0.025471 0.998741 0.043219 1.990742 -0.193517 -0.037489 0.980380 -0.383402 0.000000 0.000000 0.000000 1.000000</float_array><technique_common><accessor source="#jnt_hips-Matrix-animation-output-transform-array" count="21" stride="16"><param type="float4x4"/></accessor></technique_common></source><source id="jnt_hips-Interpolations"><Name_array id="jnt_hips-Interpolations-array" count="21">
 LINEAR LINEAR LINEAR LINEAR LINEAR LINEAR LINEAR LINEAR LINEAR LINEAR LINEAR
LINEAR LINEAR LINEAR LINEAR LINEAR LINEAR LINEAR LINEAR LINEAR LINEAR</Name_array><technique_common><accessor source="#jnt_hips-Interpolations-array" count="21"><param type="name"/></accessor></technique_common></source><sampler id="jnt_hips-Matrix-animation-transform"><input semantic="INPUT" source="#jnt_hips-Matrix-animation-input"/><input semantic="OUTPUT" source="#jnt_hips-Matrix-animation-output-transform"/><input semantic="INTERPOLATION" source="#jnt_hips-Interpolations"/></sampler><channel source="#jnt_hips-Matrix-animation-transform" target="jnt_hips/matrix"/></animation></animation>
    <animation id="jnt_spine1-anim" name="jnt_spine1"><animation><source id="jnt_spine1-Matrix-animation-input"><float_array id="jnt_spine1-Matrix-animation-input-array" count="21">

0.000000 0.033333 0.066667 0.100000 0.133333 0.166667 0.200000 0.233333 0.266667 0.300000 0.333333 0.366667 0.400000 0.433333 0.466667 0.500000
0.533333 0.566667 0.600000 0.633333 0.666667</float_array><technique_common><accessor source="#jnt_spine1-Matrix-animation-input-array" count="21"><param name="TIME" type="float"/></accessor></technique_common></source><source id="jnt_spine1-Matrix-animation-output-transform"><float_array id="jnt_spine1-Matrix-animation-output-transform-array" count="336">

0.001151 0.049327 0.998782 -0.000000 0.999132 -0.041642 0.000905 0.212132 0.041636 0.997914 -0.049332 0.023482 0.000000 0.000000 0.000000 1.000000
0.001125 0.049520 0.998773 -0.000000 0.999132 -0.041646 0.000939 0.212132 0.041641 0.997905 -0.049524 0.023482 0.000000 0.000000 0.000000 1.000000
0.001052 0.050071 0.998745 -0.000000 0.999131 -0.041656 0.001036 0.212132 0.041656 0.997877 -0.050072 0.023482 0.000000 0.000000 0.000000 1.000000
0.000936 0.050943 0.998701 -0.000000 0.999131 -0.041672 0.001189 0.212132 0.041678 0.997832 -0.050938 0.023482 0.000000 0.000000 0.000000 1.000000
0.000783 0.052094 0.998642 0.000000 0.999130 -0.041693 0.001391 0.212132 0.041709 0.997771 -0.052081 0.023482 0.000000 0.000000 0.000000 1.000000
0.000599 0.053485 0.998568 0.000000 0.999128 -0.041717 0.001635 0.212132 0.041745 0.997697 -0.053463 0.023482 0.000000 0.000000 0.000000 1.000000
0.000388 0.055075 0.998482 0.000000 0.999127 -0.041744 0.001915 0.212132 0.041786 0.997609 -0.055043 0.023482 0.000000 0.000000 0.000000 1.000000
0.000156 0.056824 0.998384 0.000000 0.999125 -0.041773 0.002222 0.212132 0.041832 0.997510 -0.056781 0.023482 0.000000 0.000000 0.000000 1.000000
-0.000093 0.058693 0.998276 0.000000 0.999123 -0.041803 0.002550 0.212132 0.041881 0.997400 -0.058638 0.023482 0.000000 0.000000 0.000000 1.000000
-0.000351 0.060642 0.998160 -0.000000 0.999120 -0.041833 0.002893 0.212132 0.041932 0.997283 -0.060574 0.023482 0.000000 0.000000 0.000000 1.000000
-0.000616 0.062630 0.998037 -0.000000 0.999118 -0.041863 0.003243 0.212132 0.041984 0.997158 -0.062549 0.023482 0.000000 0.000000 0.000000 1.000000
-0.000880 0.064618 0.997910 -0.000000 0.999116 -0.041891 0.003593 0.212132 0.042035 0.997030 -0.064524 0.023482 0.000000 0.000000 0.000000 1.000000
-0.001138 0.066566 0.997781 -0.000000 0.999113 -0.041917 0.003936 0.212132 0.042086 0.996901 -0.066459 0.023482 0.000000 0.000000 0.000000 1.000000
-0.001386 0.068434 0.997655 -0.000000 0.999111 -0.041942 0.004265 0.212132 0.042135 0.996774 -0.068315 0.023482 0.000000 0.000000 0.000000 1.000000
-0.001619 0.070182 0.997533 -0.000000 0.999109 -0.041963 0.004574 0.212132 0.042181 0.996651 -0.070051 0.023482 0.000000 0.000000 0.000000 1.000000
-0.001830 0.071770 0.997420 -0.000000 0.999107 -0.041982 0.004854 0.212132 0.042222 0.996537 -0.071629 0.023482 0.000000 0.000000 0.000000 1.000000
-0.002014 0.073159 0.997318 0.000000 0.999105 -0.041998 0.005099 0.212132 0.042258 0.996436 -0.073009 0.023482 0.000000 0.000000 0.000000 1.000000
-0.002167 0.074309 0.997233 -0.000000 0.999103 -0.042011 0.005302 0.212132 0.042289 0.996350 -0.074151 0.023482 0.000000 0.000000 0.000000 1.000000
-0.002283 0.075179 0.997167 0.000000 0.999102 -0.042020 0.005455 0.212132 0.042311 0.996284 -0.075015 0.023482 0.000000 0.000000 0.000000 1.000000
-0.002356 0.075730 0.997126 0.000000 0.999101 -0.042026 0.005552 0.212132 0.042326 0.996242 -0.075563 0.023482 0.000000 0.000000 0.000000 1.000000
-0.002382 0.075923 0.997111 -0.000000 0.999101 -0.042028 0.005586 0.212132 0.042331 0.996228 -0.075754 0.023482 0.000000 0.000000 0.000000 1.000000</float_array><technique_common><accessor source="#jnt_spine1-Matrix-animation-output-transform-array" count="21" stride="16"><param type="float4x4"/></accessor></technique_common></source><source id="jnt_spine1-Interpolations"><Name_array id="jnt_spine1-Interpolations-array" count="21">
 LINEAR LINEAR LINEAR LINEAR LINEAR LINEAR LINEAR LINEAR LINEAR LINEAR LINEAR
LINEAR LINEAR LINEAR LINEAR LINEAR LINEAR LINEAR LINEAR LINEAR LINEAR</Name_array><technique_common><accessor source="#jnt_spine1-Interpolations-array" count="21"><param type="name"/></accessor></technique_common></source><sampler id="jnt_spine1-Matrix-animation-transform"><input semantic="INPUT" source="#jnt_spine1-Matrix-animation-input"/><input semantic="OUTPUT" source="#jnt_spine1-Matrix-animation-output-transform"/><input semantic="INTERPOLATION" source="#jnt_spine1-Interpolations"/></sampler><channel source="#jnt_spine1-Matrix-animation-transform" target="jnt_spine1/matrix"/></animation></animation>
    <animation id="jnt_spine2-anim" name="jnt_spine2"><animation><source id="jnt_spine2-Matrix-animation-input"><float_array id="jnt_spine2-Matrix-animation-input-array" count="21">

0.000000 0.033333 0.066667 0.100000 0.133333 0.166667 0.200000 0.233333 0.266667 0.300000 0.333333 0.366667 0.400000 0.433333 0.466667 0.500000
0.533333 0.566667 0.600000 0.633333 0.666667</float_array><technique_common><accessor source="#jnt_spine2-Matrix-animation-input-array" count="21"><param name="TIME" type="float"/></accessor></technique_common></source><source id="jnt_spine2-Matrix-animation-output-transform"><float_array id="jnt_spine2-Matrix-animation-output-transform-array" count="336">

0.999722 0.023557 -0.000095 0.426849 -0.023527 0.998228 -0.054659 0.000000 -0.001192 0.054646 0.998505 -0.000000 0.000000 0.000000 0.000000 1.000000
0.999724 0.023510 0.000144 0.426848 -0.023465 0.998131 -0.056434 0.000000 -0.001470 0.056415 0.998406 -0.000000 0.000000 0.000000 0.000000 1.000000
0.999726 0.023382 0.000830 0.426849 -0.023287 0.997834 -0.061516 -0.000000 -0.002266 0.061479 0.998106 -0.000000 0.000000 0.000000 0.000000 1.000000
0.999729 0.023195 0.001915 0.426848 -0.023006 0.997314 -0.069532 0.000000 -0.003523 0.069469 0.997578 -0.000000 0.000000 0.000000 0.000000 1.000000
0.999730 0.022977 0.003353 0.426848 -0.022635 0.996529 -0.080110 -0.000000 -0.005182 0.080013 0.996780 -0.000000 0.000000 0.000000 0.000000 1.000000
0.999728 0.022758 0.005095 0.426849 -0.022187 0.995430 -0.092876 0.000000 -0.007186 0.092738 0.995665 0.000000 0.000000 0.000000 0.000000 1.000000
0.999720 0.022566 0.007096 0.426848 -0.021674 0.993974 -0.107454 0.000000 -0.009478 0.107270 0.994185 -0.000000 0.000000 0.000000 0.000000 1.000000
0.999705 0.022428 0.009304 0.426849 -0.021109 0.992124 -0.123466 0.000000 -0.012000 0.123233 0.992305 -0.000000 0.000000 0.000000 0.000000 1.000000
0.999682 0.022366 0.011670 0.426849 -0.020506 0.989863 -0.140536 -0.000000 -0.014695 0.140252 0.990007 -0.000000 0.000000 0.000000 0.000000 1.000000
0.999649 0.022395 0.014141 0.426849 -0.019877 0.987193 -0.158287 -0.000000 -0.017505 0.157951 0.987292 -0.000000 0.000000 0.000000 0.000000 1.000000
0.999607 0.022523 0.016664 0.426849 -0.019235 0.984140 -0.176347 0.000000 -0.020371 0.175957 0.984187 0.000000 0.000000 0.000000 0.000000 1.000000
0.999557 0.022751 0.019186 0.426849 -0.018593 0.980757 -0.194343 0.000000 -0.023238 0.193901 0.980746 0.000000 0.000000 0.000000 0.000000 1.000000
0.999499 0.023071 0.021654 0.426849 -0.017963 0.977124 -0.211912 -0.000000 -0.026047 0.211417 0.977049 -0.000000 0.000000 0.000000 0.000000 1.000000
0.999436 0.023468 0.024014 0.426849 -0.017360 0.973343 -0.228695 -0.000000 -0.028741 0.228149 0.973202 -0.000000 0.000000 0.000000 0.000000 1.000000
0.999370 0.023918 0.026216 0.426849 -0.016795 0.969544 -0.244339 0.000000 -0.031262 0.243745 0.969335 0.000000 0.000000 0.000000 0.000000 1.000000
0.999304 0.024395 0.028210 0.426848 -0.016281 0.965874 -0.258498 -0.000000 -0.033553 0.257859 0.965600 -0.000000 0.000000 0.000000 0.000000 1.000000
0.999242 0.024863 0.029945 0.426849 -0.015832 0.962496 -0.270833 0.000000 -0.035556 0.270154 0.962160 0.000000 0.000000 0.000000 0.000000 1.000000
0.999188 0.025287 0.031376 0.426848 -0.015461 0.959581 -0.281009 0.000000 -0.037214 0.280295 0.959192 0.000000 0.000000 0.000000 0.000000 1.000000
0.999144 0.025630 0.032456 0.426849 -0.015179 0.957302 -0.288692 0.000000 -0.038470 0.287953 0.956872 0.000000 0.000000 0.000000 0.000000 1.000000
0.999116 0.025858 0.033138 0.426849 -0.015001 0.955826 -0.293551 -0.000000 -0.039265 0.292794 0.955369 -0.000000 0.000000 0.000000 0.000000 1.000000
0.999106 0.025939 0.033376 0.426848 -0.014939 0.955304 -0.295246 -0.000000 -0.039543 0.294484 0.954838 -0.000000 0.000000 0.000000 0.000000 1.000000</float_array><technique_common><accessor source="#jnt_spine2-Matrix-animation-output-transform-array" count="21" stride="16"><param type="float4x4"/></accessor></technique_common></source><source id="jnt_spine2-Interpolations"><Name_array id="jnt_spine2-Interpolations-array" count="21">
 LINEAR LINEAR LINEAR LINEAR LINEAR LINEAR LINEAR LINEAR LINEAR LINEAR LINEAR
LINEAR LINEAR LINEAR LINEAR LINEAR LINEAR LINEAR LINEAR LINEAR LINEAR</Name_array><technique_common><accessor source="#jnt_spine2-Interpolations-array" count="21"><param type="name"/></accessor></technique_common></source><sampler id="jnt_spine2-Matrix-animation-transform"><input semantic="INPUT" source="#jnt_spine2-Matrix-animation-input"/><input semantic="OUTPUT" source="#jnt_spine2-Matrix-animation-output-transform"/><input semantic="INTERPOLATION" source="#jnt_spine2-Interpolations"/></sampler><channel source="#jnt_spine2-Matrix-animation-transform" target="jnt_spine2/matrix"/></animation></animation>
    <animation id="jnt_spine3-anim" name="jnt_spine3"><animation><source id="jnt_spine3-Matrix-animation-input"><float_array id="jnt_spine3-Matrix-animation-input-array" count="21">

0.000000 0.033333 0.066667 0.100000 0.133333 0.166667 0.200000 0.233333 0.266667 0.300000 0.333333 0.366667 0.400000 0.433333 0.466667 0.500000
0.533333 0.566667 0.600000 0.633333 0.666667</float_array><technique_common><accessor source="#jnt_spine3-Matrix-animation-input-array" count="21"><param name="TIME" type="float"/></accessor></technique_common></source><source id="jnt_spine3-Matrix-animation-output-transform"><float_array id="jnt_spine3-Matrix-animation-output-transform-array" count="336">

0.999365 0.035604 0.001496 0.555067 -0.035469 0.997878 -0.054607 0.000000 -0.003437 0.054520 0.998507 0.000000 0.000000 0.000000 0.000000 1.000000
0.999364 0.035607 0.001782 0.555067 -0.035450 0.997780 -0.056376 -0.000000 -0.003785 0.056277 0.998408 -0.000000 0.000000 0.000000 0.000000 1.000000
0.999362 0.035619 0.002597 0.555067 -0.035393 0.997483 -0.061436 -0.000000 -0.004779 0.061305 0.998108 -0.000000 0.000000 0.000000 0.000000 1.000000
0.999357 0.035647 0.003884 0.555067 -0.035292 0.996963 -0.069418 -0.000000 -0.006347 0.069237 0.997580 0.000000 0.000000 0.000000 0.000000 1.000000
0.999347 0.035699 0.005584 0.555067 -0.035139 0.996179 -0.079953 -0.000000 -0.008417 0.079705 0.996783 -0.000000 0.000000 0.000000 0.000000 1.000000
0.999330 0.035786 0.007636 0.555067 -0.034925 0.995084 -0.092668 -0.000000 -0.010915 0.092340 0.995668 -0.000000 0.000000 0.000000 0.000000 1.000000
0.999305 0.035917 0.009982 0.555067 -0.034642 0.993635 -0.107189 -0.000000 -0.013768 0.106769 0.994189 -0.000000 0.000000 0.000000 0.000000 1.000000
0.999269 0.036100 0.012560 0.555067 -0.034282 0.991797 -0.123141 -0.000000 -0.016902 0.122620 0.992310 -0.000000 0.000000 0.000000 0.000000 1.000000
0.999222 0.036341 0.015311 0.555067 -0.033842 0.989552 -0.140149 -0.000000 -0.020244 0.139521 0.990012 -0.000000 0.000000 0.000000 0.000000 1.000000
0.999163 0.036643 0.018173 0.555067 -0.033322 0.986903 -0.157837 0.000000 -0.023719 0.157100 0.987298 -0.000000 0.000000 0.000000 0.000000 1.000000
0.999093 0.037003 0.021089 0.555067 -0.032728 0.983875 -0.175835 0.000000 -0.027255 0.174985 0.984194 0.000000 0.000000 0.000000 0.000000 1.000000
0.999012 0.037416 0.023997 0.555067 -0.032069 0.980522 -0.193772 0.000000 -0.030780 0.192811 0.980753 0.000000 0.000000 0.000000 0.000000 1.000000
0.998922 0.037872 0.026839 0.555067 -0.031361 0.976921 -0.211286 -0.000000 -0.034221 0.210216 0.977056 -0.000000 0.000000 0.000000 0.000000 1.000000
0.998827 0.038356 0.029556 0.555067 -0.030624 0.973176 -0.228016 -0.000000 -0.037508 0.226844 0.973209 -0.000000 0.000000 0.000000 0.000000 1.000000
0.998730 0.038851 0.032090 0.555067 -0.029883 0.969412 -0.243613 -0.000000 -0.040573 0.242345 0.969341 0.000000 0.000000 0.000000 0.000000 1.000000
0.998634 0.039336 0.034386 0.555067 -0.029167 0.965776 -0.257731 -0.000000 -0.043347 0.256376 0.965605 0.000000 0.000000 0.000000 0.000000 1.000000
0.998545 0.039788 0.036388 0.555067 -0.028509 0.962430 -0.270031 -0.000000 -0.045764 0.268601 0.962164 -0.000000 0.000000 0.000000 0.000000 1.000000
0.998468 0.040180 0.038040 0.555067 -0.027940 0.959541 -0.280178 -0.000000 -0.047758 0.278686 0.959194 0.000000 0.000000 0.000000 0.000000 1.000000
0.998407 0.040489 0.039288 0.555067 -0.027495 0.957284 -0.287840 -0.000000 -0.049264 0.286301 0.956872 -0.000000 0.000000 0.000000 0.000000 1.000000
0.998368 0.040690 0.040077 0.555067 -0.027207 0.955822 -0.292685 -0.000000 -0.050216 0.291117 0.955369 -0.000000 0.000000 0.000000 0.000000 1.000000
0.998354 0.040761 0.040353 0.555067 -0.027105 0.955305 -0.294376 -0.000000 -0.050548 0.292798 0.954837 -0.000000 0.000000 0.000000 0.000000 1.000000</float_array><technique_common><accessor source="#jnt_spine3-Matrix-animation-output-transform-array" count="21" stride="16"><param type="float4x4"/></accessor></technique_common></source><source id="jnt_spine3-Interpolations"><Name_array id="jnt_spine3-Interpolations-array" count="21">
 LINEAR LINEAR LINEAR LINEAR LINEAR LINEAR LINEAR LINEAR LINEAR LINEAR LINEAR
LINEAR LINEAR LINEAR LINEAR LINEAR LINEAR LINEAR LINEAR LINEAR LINEAR</Name_array><technique_common><accessor source="#jnt_spine3-Interpolations-array" count="21"><param type="name"/></accessor></technique_common></source><sampler id="jnt_spine3-Matrix-animation-transform"><input semantic="INPUT" source="#jnt_spine3-Matrix-animation-input"/><input semantic="OUTPUT" source="#jnt_spine3-Matrix-animation-output-transform"/><input semantic="INTERPOLATION" source="#jnt_spine3-Interpolations"/></sampler><channel source="#jnt_spine3-Matrix-animation-transform" target="jnt_spine3/matrix"/></animation></animation>
    <animation id="jnt_neck-anim" name="jnt_neck"><animation><source id="jnt_neck-Matrix-animation-input"><float_array id="jnt_neck-Matrix-animation-input-array" count="21">

0.000000 0.033333 0.066667 0.100000 0.133333 0.166667 0.200000 0.233333 0.266667 0.300000 0.333333 0.366667 0.400000 0.433333 0.466667 0.500000
0.533333 0.566667 0.600000 0.633333 0.666667</float_array><technique_common><accessor source="#jnt_neck-Matrix-animation-input-array" count="21"><param name="TIME" type="float"/></accessor></technique_common></source><source id="jnt_neck-Matrix-animation-output-transform"><float_array id="jnt_neck-Matrix-animation-output-transform-array" count="336">

0.939478 -0.342505 -0.008491 0.867451 0.341153 0.937476 -0.068942 0.171571 0.031573 0.061873 0.997585 -0.000000 0.000000 0.000000 0.000000 1.000000
0.939679 -0.341909 -0.010078 0.867450 0.340680 0.938131 -0.062028 0.171570 0.030663 0.054853 0.998024 0.000000 0.000000 0.000000 0.000000 1.000000
0.940235 -0.340220 -0.014459 0.867450 0.339363 0.939684 -0.042741 0.171570 0.028128 0.035279 0.998982 -0.000000 0.000000 0.000000 0.000000 1.000000
0.941066 -0.337570 -0.021019 0.867460 0.337352 0.941285 -0.013259 0.171572 0.024261 0.005386 0.999691 -0.000000 0.000000 0.000000 0.000000 1.000000
0.942097 -0.334072 -0.029128 0.867456 0.334780 0.941985 0.024210 0.171572 0.019351 -0.032560 0.999282 -0.000000 0.000000 0.000000 0.000000 1.000000
0.943249 -0.329884 -0.038177 0.867457 0.331804 0.940938 0.067395 0.171573 0.013690 -0.076237 0.996996 -0.000000 0.000000 0.000000 0.000000 1.000000
0.944448 -0.325196 -0.047603 0.867461 0.328575 0.937577 0.113964 0.171572 0.007570 -0.123274 0.992344 0.000000 0.000000 0.000000 0.000000 1.000000
0.945634 -0.320216 -0.056903 0.867450 0.325230 0.931732 0.161559 0.171570 0.001285 -0.171283 0.985221 0.000000 0.000000 0.000000 0.000000 1.000000
0.946747 -0.315214 -0.065651 0.867450 0.321941 0.923664 0.207845 0.171571 -0.004876 -0.217912 0.975956 -0.000000 0.000000 0.000000 0.000000 1.000000
0.947742 -0.310459 -0.073483 0.867450 0.318860 0.914083 0.250562 0.171570 -0.010620 -0.260899 0.965308 -0.000000 0.000000 0.000000 0.000000 1.000000
0.948583 -0.306229 -0.080092 0.867450 0.316143 0.904078 0.287570 0.171571 -0.015653 -0.298105 0.954405 -0.000000 0.000000 0.000000 0.000000 1.000000
0.949378 -0.302031 -0.086365 0.867450 0.313460 0.892792 0.323521 0.171571 -0.020608 -0.334216 0.942271 -0.000000 0.000000 0.000000 0.000000 1.000000
0.950229 -0.297313 -0.093107 0.867450 0.310453 0.878538 0.363030 0.171570 -0.026135 -0.373867 0.927114 -0.000000 0.000000 0.000000 0.000000 1.000000
0.951087 -0.292303 -0.099957 0.867460 0.307262 0.861593 0.404038 0.171573 -0.031979 -0.414989 0.909264 -0.000000 0.000000 0.000000 0.000000 1.000000
0.951912 -0.287227 -0.106602 0.867454 0.304021 0.842564 0.444586 0.171571 -0.037878 -0.455616 0.889370 -0.000000 0.000000 0.000000 0.000000 1.000000
0.952666 -0.282328 -0.112777 0.867450 0.300880 0.822388 0.482856 0.171570 -0.043577 -0.493932 0.868408 0.000000 0.000000 0.000000 0.000000 1.000000
0.953323 -0.277833 -0.118255 0.867450 0.297980 0.802318 0.517198 0.171570 -0.048816 -0.528294 0.847657 0.000000 0.000000 0.000000 0.000000 1.000000
0.953861 -0.273971 -0.122840 0.867460 0.295473 0.783848 0.546149 0.171572 -0.053341 -0.557246 0.828633 0.000000 0.000000 0.000000 0.000000 1.000000
0.954266 -0.270949 -0.126346 0.867460 0.293496 0.768631 0.568389 0.171572 -0.056891 -0.579476 0.813001 0.000000 0.000000 0.000000 0.000000 1.000000
0.954523 -0.268978 -0.128596 0.867450 0.292200 0.758356 0.582680 0.171570 -0.059206 -0.593757 0.802463 -0.000000 0.000000 0.000000 0.000000 1.000000
0.954613 -0.268274 -0.129394 0.867450 0.291736 0.754613 0.587749 0.171570 -0.060035 -0.598822 0.798629 -0.000000 0.000000 0.000000 0.000000 1.000000</float_array><technique_common><accessor source="#jnt_neck-Matrix-animation-output-transform-array" count="21" stride="16"><param type="float4x4"/></accessor></technique_common></source><source id="jnt_neck-Interpolations"><Name_array id="jnt_neck-Interpolations-array" count="21">
 LINEAR LINEAR LINEAR LINEAR LINEAR LINEAR LINEAR LINEAR LINEAR LINEAR LINEAR
LINEAR LINEAR LINEAR LINEAR LINEAR LINEAR LINEAR LINEAR LINEAR LINEAR</Name_array><technique_common><accessor source="#jnt_neck-Interpolations-array" count="21"><param type="name"/></accessor></technique_common></source><sampler id="jnt_neck-Matrix-animation-transform"><input semantic="INPUT" source="#jnt_neck-Matrix-animation-input"/><input semantic="OUTPUT" source="#jnt_neck-Matrix-animation-output-transform"/><input semantic="INTERPOLATION" source="#jnt_neck-Interpolations"/></sampler><channel source="#jnt_neck-Matrix-animation-transform" target="jnt_neck/matrix"/></animation></animation>
    <animation id="jnt_head-anim" name="jnt_head"><animation><source id="jnt_head-Matrix-animation-input"><float_array id="jnt_head-Matrix-animation-input-array" count="21">

0.000000 0.033333 0.066667 0.100000 0.133333 0.166667 0.200000 0.233333 0.266667 0.300000 0.333333 0.366667 0.400000 0.433333 0.466667 0.500000
0.533333 0.566667 0.600000 0.633333 0.666667</float_array><technique_common><accessor source="#jnt_head-Matrix-animation-input-array" count="21"><param name="TIME" type="float"/></accessor></technique_common></source><source id="jnt_head-Matrix-animation-output-transform"><float_array id="jnt_head-Matrix-animation-output-transform-array" count="336">

0.991330 0.127147 -0.033148 0.273591 -0.129012 0.989703 -0.062004 0.000001 0.024923 0.065743 0.997525 0.000000 0.000000 0.000000 0.000000 1.000000
0.991330 0.127244 -0.032773 0.273591 -0.129012 0.989881 -0.059089 0.000000 0.024923 0.062805 0.997715 -0.000000 0.000000 0.000000 0.000000 1.000000
0.991330 0.127507 -0.031730 0.273590 -0.129011 0.990332 -0.050982 0.000000 0.024923 0.054633 0.998195 -0.000000 0.000000 0.000000 0.000000 1.000000
0.991330 0.127892 -0.030139 0.273591 -0.129009 0.990890 -0.038634 0.000000 0.024923 0.042187 0.998799 -0.000000 0.000000 0.000000 0.000000 1.000000
0.991330 0.128349 -0.028118 0.273591 -0.129008 0.991377 -0.023002 0.000000 0.024924 0.026430 0.999340 -0.000000 0.000000 0.000000 0.000000 1.000000
0.991330 0.128836 -0.025790 0.273591 -0.129006 0.991631 -0.005044 0.000001 0.024924 0.008327 0.999655 0.000000 0.000000 0.000000 0.000000 1.000000
0.991331 0.129312 -0.023276 0.273592 -0.129004 0.991541 0.014275 0.000000 0.024925 -0.011149 0.999627 -0.000000 0.000000 0.000000 0.000000 1.000000
0.991331 0.129748 -0.020700 0.273590 -0.129003 0.991062 0.033989 0.000001 0.024925 -0.031024 0.999208 -0.000000 0.000000 0.000000 0.000000 1.000000
0.991331 0.130122 -0.018190 0.273590 -0.129001 0.990220 0.053129 0.000000 0.024925 -0.050322 0.998422 -0.000000 0.000000 0.000000 0.000000 1.000000
0.991331 0.130423 -0.015874 0.273590 -0.128999 0.989119 0.070733 0.000001 0.024926 -0.068072 0.997369 -0.000000 0.000000 0.000000 0.000000 1.000000
0.991332 0.130649 -0.013879 0.273591 -0.128998 0.987922 0.085843 0.000001 0.024926 -0.083309 0.996212 0.000000 0.000000 0.000000 0.000000 1.000000
0.991332 0.130837 -0.011969 0.273590 -0.128997 0.986563 0.100264 0.000001 0.024927 -0.097851 0.994889 0.000000 0.000000 0.000000 0.000000 1.000000
0.991332 0.131010 -0.009882 0.273591 -0.128996 0.984839 0.115981 0.000001 0.024927 -0.113701 0.993202 0.000000 0.000000 0.000000 0.000000 1.000000
0.991332 0.131156 -0.007706 0.273591 -0.128996 0.982778 0.132318 0.000001 0.024927 -0.130177 0.991177 -0.000000 0.000000 0.000000 0.000000 1.000000
0.991332 0.131265 -0.005529 0.273590 -0.128995 0.980448 0.148602 0.000000 0.024928 -0.146601 0.988882 0.000000 0.000000 0.000000 0.000000 1.000000
0.991332 0.131335 -0.003442 0.273592 -0.128994 0.977962 0.164167 0.000000 0.024927 -0.162300 0.986427 -0.000000 0.000000 0.000000 0.000000 1.000000
0.991332 0.131371 -0.001535 0.273591 -0.128993 0.975475 0.178353 0.000000 0.024928 -0.176609 0.983965 0.000000 0.000000 0.000000 0.000000 1.000000
0.991332 0.131379 0.000104 0.273592 -0.128993 0.973174 0.190507 0.000000 0.024928 -0.188869 0.981686 -0.000000 0.000000 0.000000 0.000000 1.000000
0.991332 0.131372 0.001384 0.273591 -0.128992 0.971271 0.199986 0.000000 0.024928 -0.198431 0.979798 0.000000 0.000000 0.000000 0.000000 1.000000
0.991332 0.131360 0.002218 0.273591 -0.128992 0.969982 0.206146 0.000000 0.024928 -0.204645 0.978519 -0.000000 0.000000 0.000000 0.000000 1.000000
0.991332 0.131355 0.002516 0.273591 -0.128992 0.969512 0.208343 0.000000 0.024928 -0.206862 0.978053 -0.000000 0.000000 0.000000 0.000000 1.000000</float_array><technique_common><accessor source="#jnt_head-Matrix-animation-output-transform-array" count="21" stride="16"><param type="float4x4"/></accessor></technique_common></source><source id="jnt_head-Interpolations"><Name_array id="jnt_head-Interpolations-array" count="21">
 LINEAR LINEAR LINEAR LINEAR LINEAR LINEAR LINEAR LINEAR LINEAR LINEAR LINEAR
LINEAR LINEAR LINEAR LINEAR LINEAR LINEAR LINEAR LINEAR LINEAR LINEAR</Name_array><technique_common><accessor source="#jnt_head-Interpolations-array" count="21"><param type="name"/></accessor></technique_common></source><sampler id="jnt_head-Matrix-animation-transform"><input semantic="INPUT" source="#jnt_head-Matrix-animation-input"/><input semantic="OUTPUT" source="#jnt_head-Matrix-animation-output-transform"/><input semantic="INTERPOLATION" source="#jnt_head-Interpolations"/></sampler><channel source="#jnt_head-Matrix-animation-transform" target="jnt_head/matrix"/></animation></animation>
    <animation id="jnt_left_shoulder-anim" name="jnt_left_shoulder"><animation><source id="jnt_left_shoulder-Matrix-animation-input"><float_array id="jnt_left_shoulder-Matrix-animation-input-array" count="21">

0.000000 0.033333 0.066667 0.100000 0.133333 0.166667 0.200000 0.233333 0.266667 0.300000 0.333333 0.366667 0.400000 0.433333 0.466667 0.500000
0.533333 0.566667 0.600000 0.633333 0.666667</float_array><technique_common><accessor source="#jnt_left_shoulder-Matrix-animation-input-array" count="21"><param name="TIME" type="float"/></accessor></technique_common></source><source id="jnt_left_shoulder-Matrix-animation-output-transform"><float_array id="jnt_left_shoulder-Matrix-animation-output-transform-array" count="336">

0.061960 0.111512 -0.991830 0.635988 -0.254853 -0.959029 -0.123745 0.114392 -0.964993 0.260438 -0.031003 0.266187 0.000000 0.000000 0.000000 1.000000
0.061553 0.111832 -0.991819 0.635987 -0.251418 -0.959923 -0.123839 0.114391 -0.965919 0.256984 -0.030969 0.266187 0.000000 0.000000 0.000000 1.000000
0.060378 0.112740 -0.991788 0.635987 -0.241571 -0.962414 -0.124107 0.114392 -0.968503 0.247081 -0.030873 0.266187 0.000000 0.000000 0.000000 1.000000
0.058494 0.114139 -0.991741 0.635987 -0.225980 -0.966141 -0.124521 0.114392 -0.972374 0.231397 -0.030720 0.266187 0.000000 0.000000 0.000000 1.000000
0.055956 0.115922 -0.991681 0.635987 -0.205302 -0.970677 -0.125051 0.114391 -0.977098 0.210592 -0.030516 0.266187 0.000000 0.000000 0.000000 1.000000
0.052813 0.117975 -0.991611 0.635987 -0.180202 -0.975569 -0.125664 0.114392 -0.982211 0.185327 -0.030263 0.266187 0.000000 0.000000 0.000000 1.000000
0.049122 0.120185 -0.991535 0.635987 -0.151359 -0.980373 -0.126331 0.114392 -0.987257 0.156284 -0.029967 0.266187 0.000000 0.000000 0.000000 1.000000
0.044947 0.122443 -0.991457 0.635987 -0.119475 -0.984678 -0.127023 0.114392 -0.991819 0.124164 -0.029629 0.266187 0.000000 0.000000 0.000000 1.000000
0.040362 0.124650 -0.991379 0.635987 -0.085278 -0.988138 -0.127715 0.114392 -0.995539 0.089697 -0.029254 0.266187 0.000000 0.000000 0.000000 1.000000
0.035456 0.126719 -0.991305 0.635987 -0.049519 -0.990487 -0.128386 0.114392 -0.998144 0.053640 -0.028844 0.266187 0.000000 0.000000 0.000000 1.000000
0.030329 0.128580 -0.991235 0.635987 -0.012969 -0.991557 -0.129019 0.114392 -0.999456 0.016768 -0.028405 0.266187 0.000000 0.000000 0.000000 1.000000
0.025091 0.130184 -0.991172 0.635987 0.023591 -0.991285 -0.129602 0.114391 -0.999407 -0.020130 -0.027943 0.266187 0.000000 0.000000 0.000000 1.000000
0.019862 0.131502 -0.991117 0.635987 0.059379 -0.989718 -0.130126 0.114392 -0.998038 -0.056267 -0.027466 0.266187 0.000000 0.000000 0.000000 1.000000
0.014769 0.132525 -0.991070 0.635988 0.093623 -0.987007 -0.130586 0.114392 -0.995498 -0.090859 -0.026985 0.266187 0.000000 0.000000 0.000000 1.000000
0.009942 0.133267 -0.991030 0.635987 0.125568 -0.983401 -0.130981 0.114391 -0.992035 -0.123139 -0.026511 0.266187 0.000000 0.000000 0.000000 1.000000
0.005513 0.133760 -0.990998 0.635987 0.154479 -0.979231 -0.131312 0.114392 -0.987981 -0.152365 -0.026061 0.266187 0.000000 0.000000 0.000000 1.000000
0.001610 0.134047 -0.990974 0.635988 0.179649 -0.974891 -0.131580 0.114392 -0.983729 -0.177816 -0.025651 0.266187 0.000000 0.000000 0.000000 1.000000
-0.001637 0.134182 -0.990955 0.635987 0.200392 -0.970812 -0.131786 0.114392 -0.979714 -0.198796 -0.025300 0.266187 0.000000 0.000000 0.000000 1.000000
-0.004104 0.134223 -0.990943 0.635987 0.216038 -0.967430 -0.131933 0.114391 -0.976376 -0.214623 -0.025027 0.266187 0.000000 0.000000 0.000000 1.000000
-0.005671 0.134222 -0.990935 0.635987 0.225922 -0.965158 -0.132023 0.114391 -0.974129 -0.224622 -0.024850 0.266187 0.000000 0.000000 0.000000 1.000000
-0.006219 0.134216 -0.990933 0.635987 0.229369 -0.964340 -0.132054 0.114392 -0.973320 -0.228111 -0.024788 0.266187 0.000000 0.000000 0.000000 1.000000</float_array><technique_common><accessor source="#jnt_left_shoulder-Matrix-animation-output-transform-array" count="21" stride="16"><param type="float4x4"/></accessor></technique_common></source><source id="jnt_left_shoulder-Interpolations"><Name_array id="jnt_left_shoulder-Interpolations-array" count="21">
 LINEAR LINEAR LINEAR LINEAR LINEAR LINEAR LINEAR LINEAR LINEAR LINEAR LINEAR
LINEAR LINEAR LINEAR LINEAR LINEAR LINEAR LINEAR LINEAR LINEAR LINEAR</Name_array><technique_common><accessor source="#jnt_left_shoulder-Interpolations-array" count="21"><param type="name"/></accessor></technique_common></source><sampler id="jnt_left_shoulder-Matrix-animation-transform"><input semantic="INPUT" source="#jnt_left_shoulder-Matrix-animation-input"/><input semantic="OUTPUT" source="#jnt_left_shoulder-Matrix-animation-output-transform"/><input semantic="INTERPOLATION" source="#jnt_left_shoulder-Interpolations"/></sampler><channel source="#jnt_left_shoulder-Matrix-animation-transform" target="jnt_left_shoulder/matrix"/></animation></animation>
    <animation id="jnt_left_arm-anim" name="jnt_left_arm"><animation><source id="jnt_left_arm-Matrix-animation-input"><float_array id="jnt_left_arm-Matrix-animation-input-array" count="21">

0.000000 0.033333 0.066667 0.100000 0.133333 0.166667 0.200000 0.233333 0.266667 0.300000 0.333333 0.366667 0.400000 0.433333 0.466667 0.500000
0.533333 0.566667 0.600000 0.633333 0.666667</float_array><technique_common><accessor source="#jnt_left_arm-Matrix-animation-input-array" count="21"><param name="TIME" type="float"/></accessor></technique_common></source><source id="jnt_left_arm-Matrix-animation-output-transform"><float_array id="jnt_left_arm-Matrix-animation-output-transform-array" count="336">

0.792237 -0.561726 0.238380 -0.525417 0.221112 0.628359 0.745838 -0.032447 -0.568745 -0.538172 0.622014 0.009491 0.000000 0.000000 0.000000 1.000000
0.827351 -0.510045 0.235256 -0.525417 0.192178 0.650609 0.734694 -0.032447 -0.527786 -0.562639 0.636301 0.009491 0.000000 0.000000 0.000000 1.000000
0.892512 -0.390631 0.225457 -0.525417 0.129098 0.700220 0.702158 -0.032448 -0.432154 -0.597578 0.675384 0.009491 0.000000 0.000000 0.000000 1.000000
0.948596 -0.239719 0.206642 -0.525416 0.050773 0.759725 0.648259 -0.032447 -0.312391 -0.604444 0.732843 0.009491 0.000000 0.000000 0.000000 1.000000
