<?xml version="1.0" encoding="utf-8"?>
<COLLADA xmlns="http://www.collada.org/2005/11/COLLADASchema" version="1.4.1">
  <asset><contributor><author></author><authoring_tool>FBX COLLADA exporter</authoring_tool><comments></comments></contributor><created>2019-12-31T12:22:55Z</created><keywords></keywords><modified>2019-12-31T12:22:55Z</modified><revision></revision><subject></subject><title></title><unit meter="0.010000" name="centimeter"></unit><up_axis>Y_UP</up_axis></asset>
  <library_animations>
    <animation id="root_jnt-anim" name="root_jnt"><animation><source id="root_jnt-Matrix-animation-input"><float_array id="root_jnt-Matrix-animation-input-array" count="19">

0.000000 0.033333 0.066667 0.100000 0.133333 0.166667 0.200000 0.233333 0.266667 0.300000 0.333333 0.366667 0.400000 0.433333 0.466667 0.500000
0.533333 0.566667 0.600000</float_array><technique_common><accessor source="#root_jnt-Matrix-animation-input-array" count="19"><param name="TIME" type="float"/></accessor></technique_common></source><source id="root_jnt-Matrix-animation-output-transform"><float_array id="root_jnt-Matrix-animation-output-transform-array" count="304">

1.000000 0.000000 0.000000 0.000000 0.000000 1.000000 0.000000 0.000000 0.000000 0.000000 1.000000 0.000000 0.000000 0.000000 0.000000 1.000000
1.000000 0.000000 0.000000 0.000000 0.000000 1.000000 0.000000 0.000000 0.000000 0.000000 1.000000 0.000000 0.000000 0.000000 0.000000 1.000000
1.000000 0.000000 0.000000 0.000000 0.000000 1.000000 0.000000 0.000000 0.000000 0.000000 1.000000 0.000000 0.000000 0.000000 0.000000 1.000000
1.000000 0.000000 0.000000 0.000000 0.000000 1.000000 0.000000 0.000000 0.000000 0.000000 1.000000 0.000000 0.000000 0.000000 0.000000 1.000000
1.000000 0.000000 0.000000 0.000000 0.000000 1.000000 0.000000 0.000000 0.000000 0.000000 1.000000 0.000000 0.000000 0.000000 0.000000 1.000000
1.000000 0.000000 0.000000 0.000000 0.000000 1.000000 0.000000 0.000000 0.000000 0.000000 1.000000 0.000000 0.000000 0.000000 0.000000 1.000000
1.000000 0.000000 0.000000 0.000000 0.000000 1.000000 0.000000 0.000000 0.000000 0.000000 1.000000 0.000000 0.000000 0.000000 0.000000 1.000000
1.000000 0.000000 0.000000 0.000000 0.000000 1.000000 0.000000 0.000000 0.000000 0.000000 1.000000 0.000000 0.000000 0.000000 0.000000 1.000000
1.000000 0.000000 0.000000 0.000000 0.000000 1.000000 0.000000 0.000000 0.000000 0.000000 1.000000 0.000000 0.000000 0.000000 0.000000 1.000000
1.000000 0.000000 0.000000 0.000000 0.000000 1.000000 0.000000 0.000000 0.000000 0.000000 1.000000 0.000000 0.000000 0.000000 0.000000 1.000000
1.000000 0.000000 0.000000 0.000000 0.000000 1.000000 0.000000 0.000000 0.000000 0.000000 1.000000 0.000000 0.000000 0.000000 0.000000 1.000000
1.000000 0.000000 0.000000 0.000000 0.000000 1.000000 0.000000 0.000000 0.000000 0.000000 1.000000 0.000000 0.000000 0.000000 0.000000 1.000000
1.000000 0.000000 0.000000 0.000000 0.000000 1.000000 0.000000 0.000000 0.000000 0.000000 1.000000 0.000000 0.000000 0.000000 0.000000 1.000000
1.000000 0.000000 0.000000 0.000000 0.000000 1.000000 0.000000 0.000000 0.000000 0.000000 1.000000 0.000000 0.000000 0.000000 0.000000 1.000000
1.000000 0.000000 0.000000 0.000000 0.000000 1.000000 0.000000 0.000000 0.000000 0.000000 1.000000 0.000000 0.000000 0.000000 0.000000 1.000000
1.000000 0.000000 0.000000 0.000000 0.000000 1.000000 0.000000 0.000000 0.000000 0.000000 1.000000 0.000000 0.000000 0.000000 0.000000 1.000000
1.000000 0.000000 0.000000 0.000000 0.000000 1.000000 0.000000 0.000000 0.000000 0.000000 1.000000 0.000000 0.000000 0.000000 0.000000 1.000000
1.000000 0.000000 0.000000 0.000000 0.000000 1.000000 0.000000 0.000000 0.000000 0.000000 1.000000 0.000000 0.000000 0.000000 0.000000 1.000000
1.000000 0.000000 0.000000 0.000000 0.000000 1.000000 0.000000 0.000000 0.000000 0.000000 1.000000 0.000000 0.000000 0.000000 0.000000 1.000000</float_array><technique_common><accessor source="#root_jnt-Matrix-animation-output-transform-array" count="19" stride="16"><param type="float4x4"/></accessor></technique_common></source><source id="root_jnt-Interpolations"><Name_array id="root_jnt-Interpolations-array" count="19">
 LINEAR LINEAR LINEAR LINEAR LINEAR LINEAR LINEAR LINEAR LINEAR LINEAR LINEAR
LINEAR LINEAR LINEAR LINEAR LINEAR LINEAR LINEAR LINEAR</Name_array><technique_common><accessor source="#root_jnt-Interpolations-array" count="19"><param type="name"/></accessor></technique_common></source><sampler id="root_jnt-Matrix-animation-transform"><input semantic="INPUT" source="#root_jnt-Matrix-animation-input"/><input semantic="OUTPUT" source="#root_jnt-Matrix-animation-output-transform"/><input semantic="INTERPOLATION" source="#root_jnt-Interpolations"/></sampler><channel source="#root_jnt-Matrix-animation-transform" target="root_jnt/matrix"/></animation></animation>
    <animation id="jnt_hips-anim" name="jnt_hips"><animation><source id="jnt_hips-Matrix-animation-input"><float_array id="jnt_hips-Matrix-animation-input-array" count="19">

0.000000 0.033333 0.066667 0.100000 0.133333 0.166667 0.200000 0.233333 0.266667 0.300000 0.333333 0.366667 0.400000 0.433333 0.466667 0.500000
0.533333 0.566667 0.600000</float_array><technique_common><accessor source="#jnt_hips-Matrix-animation-input-array" count="19"><param name="TIME" type="float"/></accessor></technique_common></source><source id="jnt_hips-Matrix-animation-output-transform"><float_array id="jnt_hips-Matrix-animation-output-transform-array" count="304">

0.998786 -0.005537 -0.048944 -0.035031 -0.005413 0.975303 -0.220805 1.852046 0.048958 0.220802 0.974089 -0.118979 0.000000 0.000000 0.000000 1.000000
0.999616 -0.013752 -0.024068 -0.034291 0.009080 0.982805 -0.184425 1.611286 0.026191 0.184136 0.982552 -0.110550 0.000000 0.000000 0.000000 1.000000
0.999811 -0.005756 -0.018590 -0.023131 0.002964 0.989158 -0.146823 1.607939 0.019233 0.146740 0.988988 -0.103123 0.000000 0.000000 0.000000 1.000000
0.999325 0.028664 -0.022956 -0.011041 -0.031679 0.989058 -0.144087 1.730965 0.018575 0.144717 0.989299 -0.106490 0.000000 0.000000 0.000000 1.000000
0.998056 0.062319 0.000180 -0.009497 -0.061427 0.984258 -0.165717 1.937728 -0.010504 0.165384 0.986173 -0.113374 0.000000 0.000000 0.000000 1.000000
0.994946 0.094133 0.034944 -0.003448 -0.085540 0.976872 -0.195968 2.159604 -0.052583 0.191989 0.979987 -0.119334 0.000000 0.000000 0.000000 1.000000
0.992102 0.111575 0.057313 0.007280 -0.096013 0.969521 -0.225411 2.217148 -0.080716 0.218128 0.972576 -0.121901 0.000000 0.000000 0.000000 1.000000
0.994226 0.069929 0.081395 0.019072 -0.048676 0.969876 -0.238687 2.183283 -0.095634 0.233347 0.967679 -0.129821 0.000000 0.000000 0.000000 1.000000
0.996285 -0.001309 0.086113 0.026893 0.021519 0.971954 -0.234186 2.074694 -0.083391 0.235169 0.968371 -0.141547 0.000000 0.000000 0.000000 1.000000
0.997958 0.000719 0.063874 0.036131 0.013476 0.975060 -0.221532 1.869263 -0.062440 0.221940 0.973059 -0.145351 0.000000 0.000000 0.000000 1.000000
0.998485 0.034316 0.043017 0.036602 -0.025781 0.982355 -0.185240 1.608082 -0.048614 0.183850 0.981751 -0.137107 0.000000 0.000000 0.000000 1.000000
0.997719 0.052148 0.042861 0.022732 -0.045210 0.987748 -0.149367 1.607393 -0.050125 0.147089 0.987852 -0.120245 0.000000 0.000000 0.000000 1.000000
0.999501 0.019926 0.024523 0.008110 -0.016029 0.988563 -0.149954 1.718298 -0.027230 0.149486 0.988389 -0.116825 0.000000 0.000000 0.000000 1.000000
0.999293 -0.034393 -0.015166 -0.001796 0.031029 0.982512 -0.183598 1.940354 0.021215 0.182997 0.982884 -0.120363 0.000000 0.000000 0.000000 1.000000
0.994669 -0.086833 -0.055619 -0.009496 0.072579 0.972668 -0.220568 2.172531 0.073252 0.215355 0.973785 -0.124317 0.000000 0.000000 0.000000 1.000000
0.991277 -0.105630 -0.078817 -0.019597 0.083798 0.966730 -0.241684 2.209412 0.101724 0.232971 0.967149 -0.127981 0.000000 0.000000 0.000000 1.000000
0.994039 -0.065664 -0.087034 -0.029468 0.042587 0.968721 -0.244470 2.170815 0.100364 0.239307 0.965743 -0.128732 0.000000 0.000000 0.000000 1.000000
0.997100 -0.010675 -0.075357 -0.031218 -0.007078 0.972817 -0.231468 2.025880 0.075779 0.231330 0.969919 -0.124862 0.000000 0.000000 0.000000 1.000000
0.998786 -0.005537 -0.048944 -0.035031 -0.005413 0.975303 -0.220805 1.852046 0.048958 0.220802 0.974089 -0.118979 0.000000 0.000000 0.000000 1.000000</float_array><technique_common><accessor source="#jnt_hips-Matrix-animation-output-transform-array" count="19" stride="16"><param type="float4x4"/></accessor></technique_common></source><source id="jnt_hips-Interpolations"><Name_array id="jnt_hips-Interpolations-array" count="19">
 LINEAR LINEAR LINEAR LINEAR LINEAR LINEAR LINEAR LINEAR LINEAR LINEAR LINEAR
LINEAR LINEAR LINEAR LINEAR LINEAR LINEAR LINEAR LINEAR</Name_array><technique_common><accessor source="#jnt_hips-Interpolations-array" count="19"><param type="name"/></accessor></technique_common></source><sampler id="jnt_hips-Matrix-animation-transform"><input semantic="INPUT" source="#jnt_hips-Matrix-animation-input"/><input semantic="OUTPUT" source="#jnt_hips-Matrix-animation-output-transform"/><input semantic="INTERPOLATION" source="#jnt_hips-Interpolations"/></sampler><channel source="#jnt_hips-Matrix-animation-transform" target="jnt_hips/matrix"/></animation></animation>
    <animation id="jnt_spine1-anim" name="jnt_spine1"><animation><source id="jnt_spine1-Matrix-animation-input"><float_array id="jnt_spine1-Matrix-animation-input-array" count="19">

0.000000 0.033333 0.066667 0.100000 0.133333 0.166667 0.200000 0.233333 0.266667 0.300000 0.333333 0.366667 0.400000 0.433333 0.466667 0.500000
0.533333 0.566667 0.600000</float_array><technique_common><accessor source="#jnt_spine1-Matrix-animation-input-array" count="19"><param name="TIME" type="float"/></accessor></technique_common></source><source id="jnt_spine1-Matrix-animation-output-transform"><float_array id="jnt_spine1-Matrix-animation-output-transform-array" count="304">

-0.002382 0.075923 0.997111 -0.000000 0.999101 -0.042029 0.005587 0.212132 0.042331 0.996228 -0.075754 0.023482 0.000000 0.000000 0.000000 1.000000
-0.006477 0.077012 0.997009 0.000000 0.999096 -0.041398 0.009688 0.212132 0.042020 0.996170 -0.076674 0.023482 0.000000 0.000000 0.000000 1.000000
-0.016715 0.079728 0.996676 -0.000000 0.999009 -0.039782 0.019936 0.212132 0.041239 0.996022 -0.078984 0.023482 0.000000 0.000000 0.000000 1.000000
-0.030021 0.083244 0.996077 0.000000 0.998740 -0.037599 0.033244 0.212132 0.040219 0.995820 -0.082011 0.023482 0.000000 0.000000 0.000000 1.000000
-0.043322 0.086742 0.995288 -0.000000 0.998292 -0.035322 0.046532 0.212132 0.039192 0.995604 -0.085064 0.023482 0.000000 0.000000 0.000000 1.000000
-0.053549 0.089419 0.994554 -0.000000 0.997827 -0.033507 0.056738 0.212132 0.038398 0.995430 -0.087430 0.023482 0.000000 0.000000 0.000000 1.000000
-0.057638 0.090486 0.994228 -0.000000 0.997611 -0.032766 0.060816 0.212132 0.038080 0.995359 -0.088381 0.023482 0.000000 0.000000 0.000000 1.000000
-0.044966 0.087209 0.995175 0.000000 0.998229 -0.034904 0.048163 0.212132 0.038935 0.995578 -0.085485 0.023482 0.000000 0.000000 0.000000 1.000000
-0.021413 0.081024 0.996482 -0.000000 0.998950 -0.038652 0.024609 0.212132 0.040510 0.995962 -0.080111 0.023482 0.000000 0.000000 0.000000 1.000000
-0.008726 0.077522 0.996952 -0.000000 0.999107 -0.040551 0.011898 0.212132 0.041350 0.996166 -0.077099 0.023482 0.000000 0.000000 0.000000 1.000000
-0.014140 0.077430 0.996898 0.000000 0.999097 -0.038859 0.017189 0.212132 0.040069 0.996240 -0.076811 0.023482 0.000000 0.000000 0.000000 1.000000
-0.019553 0.077335 0.996813 0.000000 0.999070 -0.036822 0.022454 0.212132 0.038441 0.996325 -0.076543 0.023482 0.000000 0.000000 0.000000 1.000000
-0.009002 0.074752 0.997162 0.000000 0.999243 -0.037083 0.011801 0.212132 0.037860 0.996512 -0.074361 0.023482 0.000000 0.000000 0.000000 1.000000
0.014211 0.069378 0.997489 0.000000 0.999197 -0.038367 -0.011567 0.212132 0.037468 0.996852 -0.069868 0.023482 0.000000 0.000000 0.000000 1.000000
0.037418 0.064034 0.997246 0.000000 0.998606 -0.039576 -0.034928 0.212132 0.037231 0.997163 -0.065426 0.023482 0.000000 0.000000 0.000000 1.000000
0.047960 0.061608 0.996947 -0.000000 0.998158 -0.040076 -0.045542 0.212132 0.037148 0.997296 -0.063416 0.023482 0.000000 0.000000 0.000000 1.000000
0.034915 0.065333 0.997252 -0.000000 0.998648 -0.040722 -0.032296 0.212132 0.038500 0.997032 -0.066667 0.023482 0.000000 0.000000 0.000000 1.000000
0.010675 0.072227 0.997331 -0.000000 0.999102 -0.041663 -0.007676 0.212132 0.040997 0.996518 -0.072607 0.023482 0.000000 0.000000 0.000000 1.000000
-0.002382 0.075922 0.997111 -0.000000 0.999101 -0.042029 0.005587 0.212132 0.042331 0.996228 -0.075754 0.023482 0.000000 0.000000 0.000000 1.000000</float_array><technique_common><accessor source="#jnt_spine1-Matrix-animation-output-transform-array" count="19" stride="16"><param type="float4x4"/></accessor></technique_common></source><source id="jnt_spine1-Interpolations"><Name_array id="jnt_spine1-Interpolations-array" count="19">
 LINEAR LINEAR LINEAR LINEAR LINEAR LINEAR LINEAR LINEAR LINEAR LINEAR LINEAR
LINEAR LINEAR LINEAR LINEAR LINEAR LINEAR LINEAR LINEAR</Name_array><technique_common><accessor source="#jnt_spine1-Interpolations-array" count="19"><param type="name"/></accessor></technique_common></source><sampler id="jnt_spine1-Matrix-animation-transform"><input semantic="INPUT" source="#jnt_spine1-Matrix-animation-input"/><input semantic="OUTPUT" source="#jnt_spine1-Matrix-animation-output-transform"/><input semantic="INTERPOLATION" source="#jnt_spine1-Interpolations"/></sampler><channel source="#jnt_spine1-Matrix-animation-transform" target="jnt_spine1/matrix"/></animation></animation>
    <animation id="jnt_spine2-anim" name="jnt_spine2"><animation><source id="jnt_spine2-Matrix-animation-input"><float_array id="jnt_spine2-Matrix-animation-input-array" count="19">

0.000000 0.033333 0.066667 0.100000 0.133333 0.166667 0.200000 0.233333 0.266667 0.300000 0.333333 0.366667 0.400000 0.433333 0.466667 0.500000
0.533333 0.566667 0.600000</float_array><technique_common><accessor source="#jnt_spine2-Matrix-animation-input-array" count="19"><param name="TIME" type="float"/></accessor></technique_common></source><source id="jnt_spine2-Matrix-animation-output-transform"><float_array id="jnt_spine2-Matrix-animation-output-transform-array" count="304">

0.999106 0.025939 0.033376 0.426849 -0.014939 0.955304 -0.295246 -0.000000 -0.039543 0.294484 0.954838 -0.000000 0.000000 0.000000 0.000000 1.000000
0.998928 0.027733 0.037067 0.426848 -0.015517 0.954966 -0.296308 -0.000000 -0.043615 0.295415 0.954373 -0.000000 0.000000 0.000000 0.000000 1.000000
0.998408 0.032249 0.046274 0.426849 -0.016961 0.954109 -0.298980 -0.000000 -0.053792 0.297719 0.953137 -0.000000 0.000000 0.000000 0.000000 1.000000
0.997574 0.038189 0.058199 0.426848 -0.018834 0.952966 -0.302492 0.000000 -0.067013 0.300662 0.951374 0.000000 0.000000 0.000000 0.000000 1.000000
0.996562 0.044204 0.070072 0.426849 -0.020699 0.951792 -0.306045 -0.000000 -0.080223 0.303542 0.949435 -0.000000 0.000000 0.000000 0.000000 1.000000
0.995662 0.048882 0.079169 0.426849 -0.022129 0.950868 -0.308806 -0.000000 -0.090374 0.305715 0.947824 0.000000 0.000000 0.000000 0.000000 1.000000
0.995272 0.050766 0.082799 0.426848 -0.022699 0.950492 -0.309918 0.000000 -0.094433 0.306573 0.947151 -0.000000 0.000000 0.000000 0.000000 1.000000
0.996423 0.045083 0.071479 0.426848 -0.021059 0.951596 -0.306630 -0.000000 -0.081843 0.304028 0.949141 -0.000000 0.000000 0.000000 0.000000 1.000000
0.998129 0.034696 0.050338 0.426848 -0.017994 0.953615 -0.300489 0.000000 -0.058429 0.299021 0.952456 -0.000000 0.000000 0.000000 0.000000 1.000000
0.998817 0.029185 0.038903 0.426849 -0.016336 0.954785 -0.296848 -0.000000 -0.045807 0.295861 0.954132 -0.000000 0.000000 0.000000 0.000000 1.000000
0.998522 0.032820 0.043320 0.426849 -0.018505 0.954761 -0.296797 -0.000000 -0.051101 0.295557 0.953957 -0.000000 0.000000 0.000000 0.000000 1.000000
0.998195 0.036452 0.047736 0.426848 -0.020672 0.954726 -0.296768 -0.000000 -0.056393 0.295245 0.953756 -0.000000 0.000000 0.000000 0.000000 1.000000
0.998745 0.032787 0.037874 0.426848 -0.020222 0.955600 -0.293973 0.000000 -0.045831 0.292839 0.955063 -0.000000 0.000000 0.000000 0.000000 1.000000
0.999562 0.024843 0.016094 0.426848 -0.019142 0.957217 -0.288738 -0.000000 -0.022578 0.288303 0.957273 -0.000000 0.000000 0.000000 0.000000 1.000000
0.999841 0.016916 -0.005721 0.426849 -0.017844 0.958743 -0.283715 -0.000000 0.000686 0.283772 0.958892 -0.000000 0.000000 0.000000 0.000000 1.000000
0.999796 0.012915 -0.015527 0.426849 -0.016765 0.959419 -0.281487 0.000000 0.011262 0.281690 0.959439 -0.000000 0.000000 0.000000 0.000000 1.000000
0.999871 0.015814 -0.002708 0.426849 -0.015930 0.958372 -0.285078 0.000000 -0.001913 0.285084 0.958501 -0.000000 0.000000 0.000000 0.000000 1.000000
0.999536 0.022261 0.020789 0.426849 -0.015233 0.956389 -0.291698 -0.000000 -0.026376 0.291246 0.956284 -0.000000 0.000000 0.000000 0.000000 1.000000
0.999106 0.025939 0.033376 0.426849 -0.014939 0.955304 -0.295246 -0.000000 -0.039543 0.294484 0.954838 -0.000000 0.000000 0.000000 0.000000 1.000000</float_array><technique_common><accessor source="#jnt_spine2-Matrix-animation-output-transform-array" count="19" stride="16"><param type="float4x4"/></accessor></technique_common></source><source id="jnt_spine2-Interpolations"><Name_array id="jnt_spine2-Interpolations-array" count="19">
 LINEAR LINEAR LINEAR LINEAR LINEAR LINEAR LINEAR LINEAR LINEAR LINEAR LINEAR
LINEAR LINEAR LINEAR LINEAR LINEAR LINEAR LINEAR LINEAR</Name_array><technique_common><accessor source="#jnt_spine2-Interpolations-array" count="19"><param type="name"/></accessor></technique_common></source><sampler id="jnt_spine2-Matrix-animation-transform"><input semantic="INPUT" source="#jnt_spine2-Matrix-animation-input"/><input semantic="OUTPUT" source="#jnt_spine2-Matrix-animation-output-transform"/><input semantic="INTERPOLATION" source="#jnt_spine2-Interpolations"/></sampler><channel source="#jnt_spine2-Matrix-animation-transform" target="jnt_spine2/matrix"/></animation></animation>
    <animation id="jnt_spine3-anim" name="jnt_spine3"><animation><source id="jnt_spine3-Matrix-animation-input"><float_array id="jnt_spine3-Matrix-animation-input-array" count="19">

0.000000 0.033333 0.066667 0.100000 0.133333 0.166667 0.200000 0.233333 0.266667 0.300000 0.333333 0.366667 0.400000 0.433333 0.466667 0.500000
0.533333 0.566667 0.600000</float_array><technique_common><accessor source="#jnt_spine3-Matrix-animation-input-array" count="19"><param name="TIME" type="float"/></accessor></technique_common></source><source id="jnt_spine3-Matrix-animation-output-transform"><float_array id="jnt_spine3-Matrix-animation-output-transform-array" count="304">

0.998354 0.040761 0.040353 0.555067 -0.027105 0.955305 -0.294376 -0.000000 -0.050548 0.292798 0.954837 -0.000000 0.000000 0.000000 0.000000 1.000000
0.998110 0.043521 0.043391 0.555067 -0.028795 0.954931 -0.295429 -0.000000 -0.054293 0.293621 0.954379 -0.000000 0.000000 0.000000 0.000000 1.000000
0.997426 0.050453 0.050957 0.555067 -0.033024 0.953960 -0.298110 -0.000000 -0.063652 0.295660 0.953170 -0.000000 0.000000 0.000000 0.000000 1.000000
0.996378 0.059530 0.060725 0.555067 -0.038528 0.952624 -0.301701 0.000000 -0.075809 0.298268 0.951467 -0.000000 0.000000 0.000000 0.000000 1.000000
0.995151 0.068682 0.070414 0.555067 -0.044038 0.951202 -0.305410 -0.000000 -0.087954 0.300828 0.949614 -0.000000 0.000000 0.000000 0.000000 1.000000
0.994085 0.075770 0.077811 0.555067 -0.048279 0.950049 -0.308343 -0.000000 -0.097287 0.302763 0.948088 -0.000000 0.000000 0.000000 0.000000 1.000000
0.993629 0.078618 0.080756 0.555067 -0.049975 0.949574 -0.309535 -0.000000 -0.101018 0.303527 0.947453 -0.000000 0.000000 0.000000 0.000000 1.000000
0.994986 0.069919 0.071521 0.555067 -0.044842 0.951013 -0.305880 -0.000000 -0.089404 0.301139 0.949380 -0.000000 0.000000 0.000000 0.000000 1.000000
0.997074 0.053941 0.054174 0.555067 -0.035317 0.953483 -0.299370 -0.000000 -0.067802 0.296581 0.952598 -0.000000 0.000000 0.000000 0.000000 1.000000
0.997965 0.045435 0.044732 0.555067 -0.030197 0.954705 -0.296016 -0.000000 -0.056156 0.294063 0.954135 -0.000000 0.000000 0.000000 0.000000 1.000000
0.997595 0.049930 0.048079 0.555067 -0.033516 0.954616 -0.295947 -0.000000 -0.060673 0.293624 0.953994 0.000000 0.000000 0.000000 0.000000 1.000000
0.997193 0.054426 0.051425 0.555067 -0.036836 0.954507 -0.295903 -0.000000 -0.065190 0.293178 0.953833 0.000000 0.000000 0.000000 0.000000 1.000000
0.997920 0.048021 0.043018 0.555067 -0.033326 0.955401 -0.293425 -0.000000 -0.055190 0.291381 0.955014 -0.000000 0.000000 0.000000 0.000000 1.000000
0.999121 0.034100 0.024387 0.555067 -0.025636 0.957227 -0.288200 -0.000000 -0.033172 0.287321 0.957260 -0.000000 0.000000 0.000000 0.000000 1.000000
0.999776 0.020414 0.005583 0.555067 -0.017997 0.958866 -0.283288 -0.000000 -0.011136 0.283124 0.959019 0.000000 0.000000 0.000000 0.000000 1.000000
0.999894 0.014273 -0.003017 0.555067 -0.014545 0.959551 -0.281159 -0.000000 -0.001118 0.281173 0.959656 -0.000000 0.000000 0.000000 0.000000 1.000000
0.999745 0.021004 0.008308 0.555067 -0.017773 0.958520 -0.284472 -0.000000 -0.013939 0.284252 0.958648 -0.000000 0.000000 0.000000 0.000000 1.000000
0.999004 0.033758 0.029193 0.555067 -0.023822 0.956476 -0.290836 -0.000000 -0.037741 0.289851 0.956327 -0.000000 0.000000 0.000000 0.000000 1.000000
0.998354 0.040761 0.040353 0.555067 -0.027105 0.955305 -0.294376 -0.000000 -0.050548 0.292797 0.954837 -0.000000 0.000000 0.000000 0.000000 1.000000</float_array><technique_common><accessor source="#jnt_spine3-Matrix-animation-output-transform-array" count="19" stride="16"><param type="float4x4"/></accessor></technique_common></source><source id="jnt_spine3-Interpolations"><Name_array id="jnt_spine3-Interpolations-array" count="19">
 LINEAR LINEAR LINEAR LINEAR LINEAR LINEAR LINEAR LINEAR LINEAR LINEAR LINEAR
LINEAR LINEAR LINEAR LINEAR LINEAR LINEAR LINEAR LINEAR</Name_array><technique_common><accessor source="#jnt_spine3-Interpolations-array" count="19"><param type="name"/></accessor></technique_common></source><sampler id="jnt_spine3-Matrix-animation-transform"><input semantic="INPUT" source="#jnt_spine3-Matrix-animation-input"/><input semantic="OUTPUT" source="#jnt_spine3-Matrix-animation-output-transform"/><input semantic="INTERPOLATION" source="#jnt_spine3-Interpolations"/></sampler><channel source="#jnt_spine3-Matrix-animation-transform" target="jnt_spine3/matrix"/></animation></animation>
    <animation id="jnt_neck-anim" name="jnt_neck"><animation><source id="jnt_neck-Matrix-animation-input"><float_array id="jnt_neck-Matrix-animation-input-array" count="19">

0.000000 0.033333 0.066667 0.100000 0.133333 0.166667 0.200000 0.233333 0.266667 0.300000 0.333333 0.366667 0.400000 0.433333 0.466667 0.500000
0.533333 0.566667 0.600000</float_array><technique_common><accessor source="#jnt_neck-Matrix-animation-input-array" count="19"><param name="TIME" type="float"/></accessor></technique_common></source><source id="jnt_neck-Matrix-animation-output-transform"><float_array id="jnt_neck-Matrix-animation-output-transform-array" count="304">

0.950898 -0.274092 -0.143760 0.867461 0.307573 0.785016 0.537726 0.171572 -0.034532 -0.555540 0.830773 0.000001 0.000000 0.000000 0.000000 1.000000
0.946243 -0.290365 -0.142519 0.867450 0.320135 0.777745 0.540950 0.171571 -0.046230 -0.557495 0.828892 -0.000000 0.000000 0.000000 0.000000 1.000000
0.936812 -0.320121 -0.141085 0.867450 0.343170 0.762595 0.548346 0.171570 -0.067946 -0.562113 0.824265 0.000000 0.000000 0.000000 0.000000 1.000000
0.931318 -0.335372 -0.142026 0.867456 0.355394 0.751578 0.555720 0.171571 -0.079629 -0.568028 0.819148 0.000000 0.000000 0.000000 0.000000 1.000000
0.933912 -0.327275 -0.143870 0.867451 0.349230 0.749101 0.562926 0.171570 -0.076459 -0.575968 0.813889 -0.000000 0.000000 0.000000 0.000000 1.000000
0.939891 -0.309494 -0.144287 0.867458 0.334451 0.749078 0.571861 0.171573 -0.068906 -0.585744 0.807562 0.000000 0.000000 0.000000 0.000000 1.000000
0.946651 -0.288514 -0.143565 0.867451 0.316648 0.749987 0.580736 0.171572 -0.059878 -0.595214 0.801333 -0.000000 0.000000 0.000000 0.000000 1.000000
0.951995 -0.270979 -0.142392 0.867451 0.301610 0.750843 0.587593 0.171573 -0.052311 -0.602333 0.796529 -0.000002 0.000000 0.000000 0.000000 1.000000
0.954145 -0.263644 -0.141769 0.867461 0.295282 0.751198 0.590347 0.171573 -0.049145 -0.605138 0.794602 0.000000 0.000000 0.000000 0.000000 1.000000
0.948608 -0.283500 -0.140610 0.867459 0.310325 0.746332 0.588802 0.171572 -0.061983 -0.602177 0.795953 0.000001 0.000000 0.000000 0.000000 1.000000
0.937287 -0.320096 -0.137954 0.867458 0.337834 0.736851 0.585593 0.171572 -0.085794 -0.595474 0.798780 0.000000 0.000000 0.000000 0.000000 1.000000
0.930644 -0.340011 -0.135257 0.867450 0.352395 0.733169 0.581619 0.171570 -0.098591 -0.588944 0.802137 -0.000000 0.000000 0.000000 0.000000 1.000000
0.931921 -0.336996 -0.134008 0.867457 0.349984 0.738845 0.575864 0.171572 -0.095053 -0.583560 0.806488 0.000000 0.000000 0.000000 0.000000 1.000000
0.935132 -0.327866 -0.134280 0.867460 0.343722 0.747626 0.568252 0.171572 -0.085919 -0.577546 0.811824 0.000001 0.000000 0.000000 0.000000 1.000000
0.939332 -0.314983 -0.135797 0.867450 0.335061 0.757863 0.559801 0.171570 -0.073412 -0.571339 0.817424 0.000000 0.000000 0.000000 0.000000 1.000000
0.943644 -0.300753 -0.138146 0.867461 0.325520 0.768010 0.551541 0.171572 -0.059780 -0.565428 0.822629 0.000000 0.000000 0.000000 0.000000 1.000000
0.947361 -0.287572 -0.140749 0.867461 0.316662 0.776705 0.544477 0.171572 -0.047256 -0.560386 0.826883 0.000001 0.000000 0.000000 0.000000 1.000000
0.949934 -0.277868 -0.142881 0.867459 0.310121 0.782747 0.539566 0.171572 -0.038089 -0.556862 0.829731 0.000001 0.000000 0.000000 0.000000 1.000000
0.950899 -0.274088 -0.143759 0.867452 0.307569 0.785017 0.537727 0.171572 -0.034532 -0.555540 0.830772 -0.000000 0.000000 0.000000 0.000000 1.000000</float_array><technique_common><accessor source="#jnt_neck-Matrix-animation-output-transform-array" count="19" stride="16"><param type="float4x4"/></accessor></technique_common></source><source id="jnt_neck-Interpolations"><Name_array id="jnt_neck-Interpolations-array" count="19">
 LINEAR LINEAR LINEAR LINEAR LINEAR LINEAR LINEAR LINEAR LINEAR LINEAR LINEAR
LINEAR LINEAR LINEAR LINEAR LINEAR LINEAR LINEAR LINEAR</Name_array><technique_common><accessor source="#jnt_neck-Interpolations-array" count="19"><param type="name"/></accessor></technique_common></source><sampler id="jnt_neck-Matrix-animation-transform"><input semantic="INPUT" source="#jnt_neck-Matrix-animation-input"/><input semantic="OUTPUT" source="#jnt_neck-Matrix-animation-output-transform"/><input semantic="INTERPOLATION" source="#jnt_neck-Interpolations"/></sampler><channel source="#jnt_neck-Matrix-animation-transform" target="jnt_neck/matrix"/></animation></animation>
    <animation id="jnt_head-anim" name="jnt_head"><animation><source id="jnt_head-Matrix-animation-input"><float_array id="jnt_head-Matrix-animation-input-array" count="19">

0.000000 0.033333 0.066667 0.100000 0.133333 0.166667 0.200000 0.233333 0.266667 0.300000 0.333333 0.366667 0.400000 0.433333 0.466667 0.500000
0.533333 0.566667 0.600000</float_array><technique_common><accessor source="#jnt_head-Matrix-animation-input-array" count="19"><param name="TIME" type="float"/></accessor></technique_common></source><source id="jnt_head-Matrix-animation-output-transform"><float_array id="jnt_head-Matrix-animation-output-transform-array" count="304">

0.952986 0.302625 -0.015381 0.273592 -0.301652 0.952284 0.046482 0.000001 0.028713 -0.039657 0.998801 0.000000 0.000000 0.000000 0.000000 1.000000
0.958412 0.285044 -0.014031 0.273590 -0.284052 0.957522 0.049662 0.000001 0.027591 -0.043611 0.998668 -0.000000 0.000000 0.000000 0.000000 1.000000
0.967622 0.252143 -0.011471 0.273591 -0.251112 0.966266 0.057204 0.000000 0.025507 -0.052471 0.998297 -0.000000 0.000000 0.000000 0.000000 1.000000
0.972111 0.234337 -0.009257 0.273592 -0.233248 0.970193 0.065732 0.000000 0.024385 -0.061739 0.997794 0.000000 0.000000 0.000000 0.000000 1.000000
0.970350 0.241604 -0.006922 0.273591 -0.240424 0.967761 0.075067 0.000001 0.024835 -0.071177 0.997154 -0.000000 0.000000 0.000000 0.000000 1.000000
0.965936 0.258754 -0.003784 0.273591 -0.257481 0.962444 0.086052 0.000001 0.025909 -0.082147 0.996283 -0.000000 0.000000 0.000000 0.000000 1.000000
0.960273 0.279061 -0.000282 0.273590 -0.277733 0.955802 0.096469 0.000001 0.027191 -0.092558 0.995336 0.000000 0.000000 0.000000 0.000000 1.000000
0.955201 0.295946 0.002709 0.273590 -0.294605 0.949921 0.104198 0.000001 0.028264 -0.100328 0.994553 -0.000000 0.000000 0.000000 0.000000 1.000000
0.952985 0.302991 0.003982 0.273591 -0.301653 0.947370 0.107219 0.000001 0.028714 -0.103379 0.994227 -0.000000 0.000000 0.000000 0.000000 1.000000
0.958998 0.283396 0.003098 0.273593 -0.282137 0.953590 0.105187 0.000001 0.026855 -0.101748 0.994448 0.000000 0.000000 0.000000 0.000000 1.000000
0.969094 0.246688 0.001383 0.273593 -0.245579 0.964177 0.100265 -0.000000 0.023401 -0.097506 0.994960 0.000000 0.000000 0.000000 0.000000 1.000000
0.973949 0.226766 -0.000202 0.273591 -0.225740 0.969629 0.094129 0.000000 0.021541 -0.091631 0.995560 0.000000 0.000000 0.000000 0.000000 1.000000
0.972946 0.231024 -0.001928 0.273592 -0.229988 0.969308 0.086873 0.000001 0.021939 -0.084079 0.996218 0.000000 0.000000 0.000000 0.000000 1.000000
0.970273 0.241975 -0.004184 0.273593 -0.240920 0.967392 0.078172 0.000001 0.022963 -0.074840 0.996931 -0.000000 0.000000 0.000000 0.000000 1.000000
0.966418 0.256882 -0.006878 0.273591 -0.255816 0.964258 0.069027 0.000000 0.024364 -0.064949 0.997591 -0.000000 0.000000 0.000000 0.000000 1.000000
0.961955 0.273031 -0.009786 0.273592 -0.271977 0.960406 0.060405 0.000001 0.025891 -0.055445 0.998126 0.000000 0.000000 0.000000 0.000000 1.000000
0.957620 0.287763 -0.012523 0.273592 -0.286740 0.956530 0.053214 0.000001 0.027291 -0.047368 0.998505 0.000000 0.000000 0.000000 0.000000 1.000000
0.954304 0.298481 -0.014577 0.273591 -0.297493 0.953501 0.048302 0.000001 0.028316 -0.041758 0.998726 0.000000 0.000000 0.000000 0.000000 1.000000
0.952986 0.302625 -0.015381 0.273591 -0.301652 0.952284 0.046482 0.000000 0.028713 -0.039657 0.998801 0.000000 0.000000 0.000000 0.000000 1.000000</float_array><technique_common><accessor source="#jnt_head-Matrix-animation-output-transform-array" count="19" stride="16"><param type="float4x4"/></accessor></technique_common></source><source id="jnt_head-Interpolations"><Name_array id="jnt_head-Interpolations-array" count="19">
 LINEAR LINEAR LINEAR LINEAR LINEAR LINEAR LINEAR LINEAR LINEAR LINEAR LINEAR
LINEAR LINEAR LINEAR LINEAR LINEAR LINEAR LINEAR LINEAR</Name_array><technique_common><accessor source="#jnt_head-Interpolations-array" count="19"><param type="name"/></accessor></technique_common></source><sampler id="jnt_head-Matrix-animation-transform"><input semantic="INPUT" source="#jnt_head-Matrix-animation-input"/><input semantic="OUTPUT" source="#jnt_head-Matrix-animation-output-transform"/><input semantic="INTERPOLATION" source="#jnt_head-Interpolations"/></sampler><channel source="#jnt_head-Matrix-animation-transform" target="jnt_head/matrix"/></animation></animation>
    <animation id="jnt_left_shoulder-anim" name="jnt_left_shoulder"><animation><source id="jnt_left_shoulder-Matrix-animation-input"><float_array id="jnt_left_shoulder-Matrix-animation-input-array" count="19">

0.000000 0.033333 0.066667 0.100000 0.133333 0.166667 0.200000 0.233333 0.266667 0.300000 0.333333 0.366667 0.400000 0.433333 0.466667 0.500000
0.533333 0.566667 0.600000</float_array><technique_common><accessor source="#jnt_left_shoulder-Matrix-animation-input-array" count="19"><param name="TIME" type="float"/></accessor></technique_common></source><source id="jnt_left_shoulder-Matrix-animation-output-transform"><float_array id="jnt_left_shoulder-Matrix-animation-output-transform-array" count="304">

-0.006219 0.134216 -0.990933 0.635987 0.229369 -0.964340 -0.132054 0.114392 -0.973320 -0.228111 -0.024788 0.266187 0.000000 0.000000 0.000000 1.000000
-0.006219 0.134216 -0.990933 0.635987 0.229369 -0.964340 -0.132054 0.114391 -0.973320 -0.228111 -0.024788 0.266187 0.000000 0.000000 0.000000 1.000000
-0.006219 0.134216 -0.990933 0.635987 0.229369 -0.964340 -0.132054 0.114392 -0.973320 -0.228111 -0.024788 0.266187 0.000000 0.000000 0.000000 1.000000
-0.006219 0.134216 -0.990933 0.635987 0.229369 -0.964340 -0.132054 0.114391 -0.973320 -0.228111 -0.024788 0.266187 0.000000 0.000000 0.000000 1.000000
-0.006219 0.134216 -0.990933 0.635987 0.229369 -0.964340 -0.132054 0.114391 -0.973320 -0.228111 -0.024788 0.266187 0.000000 0.000000 0.000000 1.000000
-0.006219 0.134216 -0.990933 0.635987 0.229369 -0.964340 -0.132054 0.114392 -0.973320 -0.228111 -0.024788 0.266187 0.000000 0.000000 0.000000 1.000000
-0.006219 0.134216 -0.990933 0.635987 0.229369 -0.964340 -0.132054 0.114391 -0.973320 -0.228111 -0.024788 0.266187 0.000000 0.000000 0.000000 1.000000
-0.006219 0.134216 -0.990933 0.635987 0.229369 -0.964340 -0.132054 0.114391 -0.973320 -0.228111 -0.024788 0.266187 0.000000 0.000000 0.000000 1.000000
-0.006219 0.134216 -0.990933 0.635987 0.229369 -0.964340 -0.132054 0.114392 -0.973320 -0.228111 -0.024788 0.266187 0.000000 0.000000 0.000000 1.000000
-0.006219 0.134216 -0.990933 0.635987 0.229369 -0.964340 -0.132054 0.114392 -0.973320 -0.228111 -0.024788 0.266187 0.000000 0.000000 0.000000 1.000000
-0.006219 0.134216 -0.990933 0.635987 0.229369 -0.964340 -0.132054 0.114392 -0.973320 -0.228111 -0.024788 0.266187 0.000000 0.000000 0.000000 1.000000
-0.006219 0.134216 -0.990933 0.635987 0.229370 -0.964340 -0.132054 0.114391 -0.973320 -0.228111 -0.024788 0.266187 0.000000 0.000000 0.000000 1.000000
-0.006219 0.134216 -0.990933 0.635987 0.229370 -0.964340 -0.132054 0.114392 -0.973320 -0.228111 -0.024788 0.266187 0.000000 0.000000 0.000000 1.000000
-0.006219 0.134216 -0.990933 0.635987 0.229369 -0.964340 -0.132054 0.114392 -0.973320 -0.228111 -0.024788 0.266187 0.000000 0.000000 0.000000 1.000000
-0.006219 0.134216 -0.990933 0.635987 0.229369 -0.964340 -0.132054 0.114391 -0.973320 -0.228111 -0.024788 0.266187 0.000000 0.000000 0.000000 1.000000
-0.006219 0.134216 -0.990933 0.635988 0.229370 -0.964340 -0.132054 0.114391 -0.973320 -0.228111 -0.024788 0.266187 0.000000 0.000000 0.000000 1.000000
-0.006219 0.134216 -0.990933 0.635988 0.229369 -0.964340 -0.132054 0.114392 -0.973320 -0.228111 -0.024788 0.266187 0.000000 0.000000 0.000000 1.000000
-0.006219 0.134216 -0.990933 0.635987 0.229369 -0.964340 -0.132054 0.114392 -0.973320 -0.228111 -0.024788 0.266187 0.000000 0.000000 0.000000 1.000000
-0.006219 0.134216 -0.990933 0.635987 0.229369 -0.964340 -0.132054 0.114391 -0.973320 -0.228111 -0.024788 0.266187 0.000000 0.000000 0.000000 1.000000</float_array><technique_common><accessor source="#jnt_left_shoulder-Matrix-animation-output-transform-array" count="19" stride="16"><param type="float4x4"/></accessor></technique_common></source><source id="jnt_left_shoulder-Interpolations"><Name_array id="jnt_left_shoulder-Interpolations-array" count="19">
 LINEAR LINEAR LINEAR LINEAR LINEAR LINEAR LINEAR LINEAR LINEAR LINEAR LINEAR
LINEAR LINEAR LINEAR LINEAR LINEAR LINEAR LINEAR LINEAR</Name_array><technique_common><accessor source="#jnt_left_shoulder-Interpolations-array" count="19"><param type="name"/></accessor></technique_common></source><sampler id="jnt_left_shoulder-Matrix-animation-transform"><input semantic="INPUT" source="#jnt_left_shoulder-Matrix-animation-input"/><input semantic="OUTPUT" source="#jnt_left_shoulder-Matrix-animation-output-transform"/><input semantic="INTERPOLATION" source="#jnt_left_shoulder-Interpolations"/></sampler><channel source="#jnt_left_shoulder-Matrix-animation-transform" target="jnt_left_shoulder/matrix"/></animation></animation>
    <animation id="jnt_left_arm-anim" name="jnt_left_arm"><animation><source id="jnt_left_arm-Matrix-animation-input"><float_array id="jnt_left_arm-Matrix-animation-input-array" count="19">

0.000000 0.033333 0.066667 0.100000 0.133333 0.166667 0.200000 0.233333 0.266667 0.300000 0.333333 0.366667 0.400000 0.433333 0.466667 0.500000
0.533333 0.566667 0.600000</float_array><technique_common><accessor source="#jnt_left_arm-Matrix-animation-input-array" count="19"><param name="TIME" type="float"/></accessor></technique_common></source><source id="jnt_left_arm-Matrix-animation-output-transform"><float_array id="jnt_left_arm-Matrix-animation-output-transform-array" count="304">

0.938372 0.063843 0.339680 -0.525417 -0.197135 0.906117 0.374284 -0.032448 -0.283895 -0.418181 0.862861 0.009492 0.000000 0.000000 0.000000 1.000000
0.939777 0.024655 0.340897 -0.525417 -0.165745 0.905145 0.391459 -0.032448 -0.298910 -0.424387 0.854722 0.009492 0.000000 0.000000 0.000000 1.000000
0.940403 -0.042629 0.337380 -0.525417 -0.114900 0.893935 0.433219 -0.032447 -0.320063 -0.446165 0.835761 0.009491 0.000000 0.000000 0.000000 1.000000
0.945915 -0.079191 0.314601 -0.525417 -0.083623 0.877460 0.472304 -0.032448 -0.313452 -0.473067 0.823380 0.009492 0.000000 0.000000 0.000000 1.000000
0.966367 -0.038227 0.254309 -0.525417 -0.087027 0.881933 0.463271 -0.032447 -0.241993 -0.469822 0.848944 0.009491 0.000000 0.000000 0.000000 1.000000
0.981949 0.052096 0.181830 -0.525417 -0.125373 0.899072 0.419465 -0.032447 -0.141626 -0.434690 0.889374 0.009492 0.000000 0.000000 0.000000 1.000000
0.984537 0.101047 0.143094 -0.525417 -0.151318 0.902123 0.404076 -0.032447 -0.088257 -0.419481 0.903464 0.009492 0.000000 0.000000 0.000000 1.000000
0.986030 0.096122 0.136032 -0.525417 -0.145262 0.895867 0.419905 -0.032447 -0.081505 -0.433800 0.897315 0.009491 0.000000 0.000000 0.000000 1.000000
0.985802 0.092967 0.139825 -0.525417 -0.144561 0.893526 0.425103 -0.032447 -0.085417 -0.439281 0.894280 0.009491 0.000000 0.000000 0.000000 1.000000
0.983615 0.088803 0.156891 -0.525417 -0.148406 0.892945 0.425000 -0.032447 -0.102354 -0.441320 0.891493 0.009492 0.000000 0.000000 0.000000 1.000000
0.983689 -0.000741 0.179874 -0.525417 -0.084075 0.882142 0.463419 -0.032447 -0.159018 -0.470983 0.867691 0.009492 0.000000 0.000000 0.000000 1.000000
0.970795 -0.135745 0.197812 -0.525417 0.006391 0.838870 0.544294 -0.032448 -0.239824 -0.527134 0.815238 0.009492 0.000000 0.000000 0.000000 1.000000
0.957516 -0.191906 0.215256 -0.525417 0.030468 0.809575 0.586225 -0.032447 -0.286766 -0.554762 0.781028 0.009491 0.000000 0.000000 0.000000 1.000000
0.957747 -0.174525 0.228607 -0.525417 0.018924 0.831366 0.555403 -0.032448 -0.286988 -0.527610 0.799541 0.009492 0.000000 0.000000 0.000000 1.000000
0.958270 -0.135274 0.251834 -0.525417 -0.012615 0.860081 0.510001 -0.032447 -0.285588 -0.491895 0.822483 0.009492 0.000000 0.000000 0.000000 1.000000
0.956905 -0.077779 0.279791 -0.525417 -0.062358 0.885958 0.459554 -0.032447 -0.283627 -0.457197 0.842928 0.009491 0.000000 0.000000 0.000000 1.000000
0.952865 -0.011952 0.303159 -0.525418 -0.120207 0.902576 0.413409 -0.032448 -0.278565 -0.430365 0.858596 0.009491 0.000000 0.000000 0.000000 1.000000
0.947131 0.043628 0.317866 -0.525417 -0.169767 0.908809 0.381110 -0.032448 -0.272253 -0.414924 0.868168 0.009491 0.000000 0.000000 0.000000 1.000000
0.944084 0.066897 0.322848 -0.525417 -0.190682 0.909610 0.369121 -0.032448 -0.268973 -0.410043 0.871504 0.009492 0.000000 0.000000 0.000000 1.000000</float_array><technique_common><accessor source="#jnt_left_arm-Matrix-animation-output-transform-array" count="19" stride="16"><param type="float4x4"/></accessor></technique_common></source><source id="jnt_left_arm-Interpolations"><Name_array id="jnt_left_arm-Interpolations-array" count="19">
 LINEAR LINEAR LINEAR LINEAR LINEAR LINEAR LINEAR LINEAR LINEAR LINEAR LINEAR
