<?xml version="1.0" encoding="utf-8"?>
<COLLADA xmlns="http://www.collada.org/2005/11/COLLADASchema" version="1.4.1">
  <asset><contributor><author></author><authoring_tool>FBX COLLADA exporter</authoring_tool><comments></comments></contributor><created>2020-04-13T22:33:48Z</created><keywords></keywords><modified>2020-04-13T22:33:48Z</modified><revision></revision><subject></subject><title></title><unit meter="0.010000" name="centimeter"></unit><up_axis>Y_UP</up_axis></asset>
  <library_animations>
    <animation id="jnt_right_lip-anim" name="jnt_right_lip"><animation><source id="jnt_right_lip-Matrix-animation-input"><float_array id="jnt_right_lip-Matrix-animation-input-array" count="76">

0.000000 0.033333 0.066667 0.100000 0.133333 0.166667 0.200000 0.233333 0.266667 0.300000 0.333333 0.366667 0.400000 0.433333 0.466667 0.500000
0.533333 0.566667 0.600000 0.633333 0.666667 0.700000 0.733333 0.766667 0.800000 0.833333 0.866667 0.900000 0.933333 0.966667 1.000000 1.033333
1.066667 1.100000 1.133333 1.166667 1.200000 1.233333 1.266667 1.300000 1.333333 1.366667 1.400000 1.433333 1.466667 1.500000 1.533333 1.566667
1.600000 1.633333 1.666667 1.700000 1.733333 1.766667 1.800000 1.833333 1.866667 1.900000 1.933333 1.966667 2.000000 2.033333 2.066667 2.100000
2.133333 2.166667 2.200000 2.233333 2.266667 2.300000 2.333333 2.366667 2.400000 2.433333 2.466667 2.500000</float_array><technique_common><accessor source="#jnt_right_lip-Matrix-animation-input-array" count="76"><param name="TIME" type="float"/></accessor></technique_common></source><source id="jnt_right_lip-Matrix-animation-output-transform"><float_array id="jnt_right_lip-Matrix-animation-output-transform-array" count="1216">

0.005105 0.999927 0.010949 -0.015465 0.422587 -0.012081 0.906242 0.618797 0.906308 0.000000 -0.422618 -0.179989 0.000000 0.000000 0.000000 1.000000
0.002388 0.999984 0.005122 -0.018572 0.422612 -0.005651 0.906293 0.618916 0.906308 0.000000 -0.422618 -0.175097 0.000000 0.000000 0.000000 1.000000
-0.004091 0.999953 -0.008773 -0.025981 0.422598 0.009680 0.906265 0.619039 0.906308 0.000000 -0.422618 -0.163433 0.000000 0.000000 0.000000 1.000000
-0.011823 0.999609 -0.025355 -0.034816 0.422453 0.027976 0.905953 0.618889 0.906308 0.000000 -0.422618 -0.149510 0.000000 0.000000 0.000000 1.000000
-0.018299 0.999062 -0.039241 -0.042204 0.422222 0.043298 0.905458 0.618515 0.906308 0.000000 -0.422618 -0.137846 0.000000 0.000000 0.000000 1.000000
-0.021013 0.998763 -0.045062 -0.045297 0.422096 0.049721 0.905187 0.618291 0.906308 -0.000000 -0.422618 -0.132954 0.000000 0.000000 0.000000 1.000000
-0.020725 0.998797 -0.044444 -0.045224 0.422110 0.049039 0.905217 0.618256 0.906308 0.000000 -0.422618 -0.137846 0.000000 0.000000 0.000000 1.000000
-0.019952 0.998885 -0.042787 -0.044945 0.422147 0.047210 0.905297 0.618182 0.906308 0.000000 -0.422618 -0.149510 0.000000 0.000000 0.000000 1.000000
-0.018833 0.999007 -0.040388 -0.044367 0.422198 0.044563 0.905407 0.618114 0.906308 0.000000 -0.422618 -0.163433 0.000000 0.000000 0.000000 1.000000
-0.017507 0.999142 -0.037544 -0.043399 0.422255 0.041425 0.905530 0.618093 0.906308 0.000000 -0.422618 -0.175097 0.000000 0.000000 0.000000 1.000000
-0.016111 0.999273 -0.034551 -0.041948 0.422311 0.038122 0.905649 0.618163 0.906308 0.000000 -0.422618 -0.179989 0.000000 0.000000 0.000000 1.000000
-0.014784 0.999388 -0.031705 -0.040296 0.422360 0.034983 0.905753 0.618280 0.906308 0.000000 -0.422618 -0.179989 0.000000 0.000000 0.000000 1.000000
-0.013665 0.999477 -0.029305 -0.038902 0.422397 0.032335 0.905834 0.618371 0.906308 0.000000 -0.422618 -0.179989 0.000000 0.000000 0.000000 1.000000
-0.012892 0.999535 -0.027647 -0.037939 0.422422 0.030506 0.905886 0.618430 0.906308 0.000000 -0.422618 -0.179989 0.000000 0.000000 0.000000 1.000000
-0.012604 0.999555 -0.027029 -0.037579 0.422430 0.029823 0.905905 0.618451 0.906308 0.000000 -0.422618 -0.179989 0.000000 0.000000 0.000000 1.000000
-0.014210 0.999435 -0.030473 -0.039580 0.422379 0.033623 0.905795 0.618328 0.906308 0.000000 -0.422618 -0.179989 0.000000 0.000000 0.000000 1.000000
-0.018039 0.999089 -0.038685 -0.044348 0.422233 0.042684 0.905482 0.617974 0.906308 0.000000 -0.422618 -0.179989 0.000000 0.000000 0.000000 1.000000
-0.022607 0.998568 -0.048482 -0.050026 0.422013 0.053494 0.905010 0.617437 0.906308 0.000000 -0.422618 -0.179989 0.000000 0.000000 0.000000 1.000000
-0.026433 0.998042 -0.056686 -0.054771 0.421791 0.062546 0.904533 0.616894 0.906308 -0.000000 -0.422618 -0.179989 0.000000 0.000000 0.000000 1.000000
-0.028037 0.997797 -0.060125 -0.056757 0.421687 0.066340 0.904311 0.616641 0.906308 0.000000 -0.422618 -0.179989 0.000000 0.000000 0.000000 1.000000
-0.027389 0.997898 -0.058737 -0.055956 0.421730 0.064809 0.904402 0.616745 0.906308 0.000000 -0.422618 -0.179989 0.000000 0.000000 0.000000 1.000000
-0.025743 0.998143 -0.055207 -0.053916 0.421833 0.060914 0.904625 0.616998 0.906308 0.000000 -0.422618 -0.179989 0.000000 0.000000 0.000000 1.000000
-0.023542 0.998447 -0.050486 -0.051186 0.421962 0.055706 0.904901 0.617313 0.906308 0.000000 -0.422618 -0.179989 0.000000 0.000000 0.000000 1.000000
-0.021230 0.998737 -0.045528 -0.048315 0.422085 0.050234 0.905164 0.617612 0.906308 0.000000 -0.422618 -0.179989 0.000000 0.000000 0.000000 1.000000
-0.019251 0.998962 -0.041284 -0.045855 0.422180 0.045552 0.905367 0.617843 0.906308 0.000000 -0.422618 -0.179989 0.000000 0.000000 0.000000 1.000000
-0.017425 0.999150 -0.037368 -0.043584 0.422259 0.041231 0.905537 0.618036 0.906308 -0.000000 -0.422618 -0.179989 0.000000 0.000000 0.000000 1.000000
-0.015372 0.999338 -0.032965 -0.041028 0.422339 0.036372 0.905708 0.618230 0.906308 0.000000 -0.422618 -0.179989 0.000000 0.000000 0.000000 1.000000
-0.013236 0.999509 -0.028385 -0.038367 0.422411 0.031319 0.905863 0.618404 0.906308 0.000000 -0.422618 -0.179989 0.000000 0.000000 0.000000 1.000000
-0.011163 0.999651 -0.023939 -0.035783 0.422471 0.026414 0.905992 0.618548 0.906308 0.000000 -0.422618 -0.179989 0.000000 0.000000 0.000000 1.000000
-0.009298 0.999758 -0.019940 -0.033457 0.422516 0.022001 0.906088 0.618656 0.906308 0.000000 -0.422618 -0.179989 0.000000 0.000000 0.000000 1.000000
-0.007786 0.999830 -0.016697 -0.031570 0.422547 0.018424 0.906154 0.618729 0.906308 0.000000 -0.422618 -0.179989 0.000000 0.000000 0.000000 1.000000
-0.006773 0.999872 -0.014524 -0.030305 0.422564 0.016025 0.906191 0.618770 0.906308 0.000000 -0.422618 -0.179989 0.000000 0.000000 0.000000 1.000000
-0.006402 0.999885 -0.013730 -0.029843 0.422570 0.015149 0.906204 0.618783 0.906308 -0.000000 -0.422618 -0.179989 0.000000 0.000000 0.000000 1.000000
-0.015621 0.999317 -0.033499 -0.041338 0.422329 0.036962 0.905688 0.618207 0.906308 0.000000 -0.422618 -0.179989 0.000000 0.000000 0.000000 1.000000
-0.024832 0.998272 -0.053252 -0.052786 0.421888 0.058757 0.904742 0.617132 0.906308 -0.000000 -0.422618 -0.179989 0.000000 0.000000 0.000000 1.000000
-0.024698 0.998291 -0.052965 -0.052620 0.421896 0.058441 0.904759 0.617151 0.906308 -0.000000 -0.422618 -0.179989 0.000000 0.000000 0.000000 1.000000
-0.024332 0.998341 -0.052179 -0.052165 0.421917 0.057573 0.904804 0.617203 0.906308 0.000000 -0.422618 -0.179989 0.000000 0.000000 0.000000 1.000000
-0.023784 0.998415 -0.051004 -0.051486 0.421948 0.056277 0.904871 0.617279 0.906308 0.000000 -0.422618 -0.179989 0.000000 0.000000 0.000000 1.000000
-0.023106 0.998504 -0.049552 -0.050645 0.421986 0.054674 0.904952 0.617371 0.906308 0.000000 -0.422618 -0.179989 0.000000 0.000000 0.000000 1.000000
-0.022351 0.998600 -0.047933 -0.049708 0.422027 0.052888 0.905039 0.617471 0.906308 -0.000000 -0.422618 -0.179989 0.000000 0.000000 0.000000 1.000000
-0.021570 0.998697 -0.046258 -0.048738 0.422067 0.051040 0.905127 0.617570 0.906308 0.000000 -0.422618 -0.179989 0.000000 0.000000 0.000000 1.000000
-0.020815 0.998786 -0.044638 -0.047800 0.422105 0.049253 0.905208 0.617662 0.906308 -0.000000 -0.422618 -0.179989 0.000000 0.000000 0.000000 1.000000
-0.020138 0.998864 -0.043185 -0.046957 0.422138 0.047650 0.905278 0.617743 0.906308 -0.000000 -0.422618 -0.179989 0.000000 0.000000 0.000000 1.000000
-0.019590 0.998925 -0.042010 -0.046276 0.422164 0.046353 0.905334 0.617805 0.906308 0.000000 -0.422618 -0.179989 0.000000 0.000000 0.000000 1.000000
-0.019223 0.998965 -0.041223 -0.045820 0.422181 0.045485 0.905370 0.617846 0.906308 0.000000 -0.422618 -0.179989 0.000000 0.000000 0.000000 1.000000
-0.019089 0.998979 -0.040936 -0.045654 0.422187 0.045168 0.905383 0.617861 0.906308 0.000000 -0.422618 -0.179989 0.000000 0.000000 0.000000 1.000000
-0.019145 0.998973 -0.041058 -0.045724 0.422184 0.045302 0.905377 0.617855 0.906308 -0.000000 -0.422618 -0.179989 0.000000 0.000000 0.000000 1.000000
-0.019327 0.998954 -0.041446 -0.045949 0.422176 0.045731 0.905360 0.617835 0.906308 0.000000 -0.422618 -0.179989 0.000000 0.000000 0.000000 1.000000
-0.019650 0.998918 -0.042140 -0.046351 0.422161 0.046496 0.905328 0.617799 0.906308 0.000000 -0.422618 -0.179989 0.000000 0.000000 0.000000 1.000000
-0.020133 0.998865 -0.043175 -0.046952 0.422138 0.047639 0.905279 0.617743 0.906308 0.000000 -0.422618 -0.179989 0.000000 0.000000 0.000000 1.000000
-0.020793 0.998789 -0.044590 -0.047771 0.422106 0.049199 0.905210 0.617665 0.906308 -0.000000 -0.422618 -0.179989 0.000000 0.000000 0.000000 1.000000
-0.021647 0.998687 -0.046421 -0.048832 0.422064 0.051220 0.905118 0.617560 0.906308 -0.000000 -0.422618 -0.179989 0.000000 0.000000 0.000000 1.000000
-0.022712 0.998555 -0.048706 -0.050155 0.422008 0.053741 0.904998 0.617424 0.906308 -0.000000 -0.422618 -0.179989 0.000000 0.000000 0.000000 1.000000
-0.024006 0.998385 -0.051481 -0.051762 0.421936 0.056803 0.904844 0.617249 0.906308 -0.000000 -0.422618 -0.179989 0.000000 0.000000 0.000000 1.000000
-0.025546 0.998171 -0.054784 -0.053672 0.421845 0.060448 0.904650 0.617028 0.906308 0.000000 -0.422618 -0.179989 0.000000 0.000000 0.000000 1.000000
-0.027350 0.997904 -0.058652 -0.055907 0.421732 0.064715 0.904408 0.616751 0.906308 0.000000 -0.422618 -0.179989 0.000000 0.000000 0.000000 1.000000
-0.029434 0.997572 -0.063121 -0.058486 0.421592 0.069646 0.904107 0.616407 0.906308 0.000000 -0.422618 -0.179989 0.000000 0.000000 0.000000 1.000000
-0.031815 0.997162 -0.068227 -0.061430 0.421419 0.075280 0.903736 0.615983 0.906308 -0.000000 -0.422618 -0.179989 0.000000 0.000000 0.000000 1.000000
-0.035207 0.996524 -0.075502 -0.065616 0.421149 0.083308 0.903157 0.615322 0.906308 0.000000 -0.422618 -0.179989 0.000000 0.000000 0.000000 1.000000
-0.039992 0.995513 -0.085762 -0.071502 0.420722 0.094628 0.902241 0.614274 0.906308 0.000000 -0.422618 -0.179989 0.000000 0.000000 0.000000 1.000000
-0.045685 0.994140 -0.097972 -0.078479 0.420142 0.108100 0.900997 0.612852 0.906308 0.000000 -0.422618 -0.179989 0.000000 0.000000 0.000000 1.000000
-0.051805 0.992458 -0.111097 -0.085939 0.419431 0.122582 0.899473 0.611111 0.906308 0.000000 -0.422618 -0.179989 0.000000 0.000000 0.000000 1.000000
-0.057873 0.990580 -0.124109 -0.092748 0.418637 0.136939 0.897770 0.609314 0.906308 0.000000 -0.422618 -0.175670 0.000000 0.000000 0.000000 1.000000
-0.063411 0.988679 -0.135986 -0.098128 0.417834 0.150044 0.896048 0.607726 0.906308 0.000000 -0.422618 -0.165372 0.000000 0.000000 0.000000 1.000000
-0.067948 0.986990 -0.145715 -0.102028 0.417120 0.160779 0.894517 0.606458 0.906308 -0.000000 -0.422618 -0.153081 0.000000 0.000000 0.000000 1.000000
-0.071014 0.985781 -0.152290 -0.104404 0.416609 0.168033 0.893421 0.605628 0.906308 0.000000 -0.422618 -0.142782 0.000000 0.000000 0.000000 1.000000
-0.072140 0.985323 -0.154705 -0.105208 0.416416 0.170698 0.893006 0.605334 0.906308 -0.000000 -0.422618 -0.138464 0.000000 0.000000 0.000000 1.000000
-0.064176 0.988403 -0.137625 -0.097027 0.417717 0.151852 0.895798 0.608022 0.906308 0.000000 -0.422618 -0.149230 0.000000 0.000000 0.000000 1.000000
-0.045094 0.994291 -0.096704 -0.076393 0.420206 0.106701 0.901134 0.613332 0.906308 0.000000 -0.422618 -0.169223 0.000000 0.000000 0.000000 1.000000
-0.022200 0.998619 -0.047607 -0.049519 0.422035 0.052529 0.905057 0.617490 0.906308 -0.000000 -0.422618 -0.179989 0.000000 0.000000 0.000000 1.000000
-0.002965 0.999975 -0.006358 -0.025550 0.422608 0.007016 0.906285 0.618869 0.906308 -0.000000 -0.422618 -0.179989 0.000000 0.000000 0.000000 1.000000
0.005105 0.999927 0.010949 -0.015465 0.422587 -0.012081 0.906242 0.618797 0.906308 0.000000 -0.422618 -0.179989 0.000000 0.000000 0.000000 1.000000
0.005105 0.999927 0.010949 -0.015465 0.422587 -0.012081 0.906242 0.618797 0.906308 0.000000 -0.422618 -0.179989 0.000000 0.000000 0.000000 1.000000
0.005105 0.999927 0.010949 -0.015465 0.422587 -0.012081 0.906242 0.618797 0.906308 0.000000 -0.422618 -0.179989 0.000000 0.000000 0.000000 1.000000
0.005105 0.999927 0.010949 -0.015465 0.422587 -0.012081 0.906242 0.618797 0.906308 0.000000 -0.422618 -0.179989 0.000000 0.000000 0.000000 1.000000
0.005105 0.999927 0.010949 -0.015465 0.422587 -0.012081 0.906242 0.618797 0.906308 0.000000 -0.422618 -0.179989 0.000000 0.000000 0.000000 1.000000</float_array><technique_common><accessor source="#jnt_right_lip-Matrix-animation-output-transform-array" count="76" stride="16"><param type="float4x4"/></accessor></technique_common></source><source id="jnt_right_lip-Interpolations"><Name_array id="jnt_right_lip-Interpolations-array" count="76">
 LINEAR LINEAR LINEAR LINEAR LINEAR LINEAR LINEAR LINEAR LINEAR LINEAR LINEAR
LINEAR LINEAR LINEAR LINEAR LINEAR LINEAR LINEAR LINEAR LINEAR LINEAR LINEAR LINEAR
LINEAR LINEAR LINEAR LINEAR LINEAR LINEAR LINEAR LINEAR LINEAR LINEAR LINEAR LINEAR
LINEAR LINEAR LINEAR LINEAR LINEAR LINEAR LINEAR LINEAR LINEAR LINEAR LINEAR LINEAR
LINEAR LINEAR LINEAR LINEAR LINEAR LINEAR LINEAR LINEAR LINEAR LINEAR LINEAR LINEAR
LINEAR LINEAR LINEAR LINEAR LINEAR LINEAR LINEAR LINEAR LINEAR LINEAR LINEAR LINEAR
LINEAR LINEAR LINEAR LINEAR LINEAR</Name_array><technique_common><accessor source="#jnt_right_lip-Interpolations-array" count="76"><param type="name"/></accessor></technique_common></source><sampler id="jnt_right_lip-Matrix-animation-transform"><input semantic="INPUT" source="#jnt_right_lip-Matrix-animation-input"/><input semantic="OUTPUT" source="#jnt_right_lip-Matrix-animation-output-transform"/><input semantic="INTERPOLATION" source="#jnt_right_lip-Interpolations"/></sampler><channel source="#jnt_right_lip-Matrix-animation-transform" target="jnt_right_lip/matrix"/></animation></animation>
    <animation id="jnt_upper_lip-anim" name="jnt_upper_lip"><animation><source id="jnt_upper_lip-Matrix-animation-input"><float_array id="jnt_upper_lip-Matrix-animation-input-array" count="76">

0.000000 0.033333 0.066667 0.100000 0.133333 0.166667 0.200000 0.233333 0.266667 0.300000 0.333333 0.366667 0.400000 0.433333 0.466667 0.500000
0.533333 0.566667 0.600000 0.633333 0.666667 0.700000 0.733333 0.766667 0.800000 0.833333 0.866667 0.900000 0.933333 0.966667 1.000000 1.033333
1.066667 1.100000 1.133333 1.166667 1.200000 1.233333 1.266667 1.300000 1.333333 1.366667 1.400000 1.433333 1.466667 1.500000 1.533333 1.566667
1.600000 1.633333 1.666667 1.700000 1.733333 1.766667 1.800000 1.833333 1.866667 1.900000 1.933333 1.966667 2.000000 2.033333 2.066667 2.100000
2.133333 2.166667 2.200000 2.233333 2.266667 2.300000 2.333333 2.366667 2.400000 2.433333 2.466667 2.500000</float_array><technique_common><accessor source="#jnt_upper_lip-Matrix-animation-input-array" count="76"><param name="TIME" type="float"/></accessor></technique_common></source><source id="jnt_upper_lip-Matrix-animation-output-transform"><float_array id="jnt_upper_lip-Matrix-animation-output-transform-array" count="1216">

0.999190 -0.000000 0.040236 -0.042328 -0.000000 1.000000 0.000000 0.670988 -0.040236 -0.000000 0.999190 0.009156 0.000000 0.000000 0.000000 1.000000
0.999190 -0.000000 0.040236 -0.042328 -0.000000 1.000000 0.000000 0.670988 -0.040236 -0.000000 0.999190 0.009156 0.000000 0.000000 0.000000 1.000000
0.999190 -0.000000 0.040236 -0.042328 -0.000000 1.000000 0.000000 0.670988 -0.040236 -0.000000 0.999190 0.009156 0.000000 0.000000 0.000000 1.000000
0.999190 -0.000000 0.040236 -0.042328 -0.000000 1.000000 0.000000 0.670988 -0.040236 -0.000000 0.999190 0.009156 0.000000 0.000000 0.000000 1.000000
0.999190 -0.000000 0.040236 -0.020546 -0.000000 1.000000 0.000000 0.673072 -0.040236 -0.000000 0.999190 0.008082 0.000000 0.000000 0.000000 1.000000
0.999190 -0.000000 0.040236 0.001236 -0.000000 1.000000 0.000000 0.675157 -0.040236 -0.000000 0.999190 0.007007 0.000000 0.000000 0.000000 1.000000
0.999190 -0.000000 0.040236 0.001204 -0.000000 1.000000 0.000000 0.675153 -0.040236 -0.000000 0.999190 0.007009 0.000000 0.000000 0.000000 1.000000
0.999190 -0.000000 0.040236 0.001111 -0.000000 1.000000 0.000000 0.675145 -0.040236 -0.000000 0.999190 0.007013 0.000000 0.000000 0.000000 1.000000
0.999190 -0.000000 0.040236 0.000958 -0.000000 1.000000 0.000000 0.675130 -0.040236 -0.000000 0.999190 0.007021 0.000000 0.000000 0.000000 1.000000
0.999190 -0.000000 0.040236 0.000747 -0.000000 1.000000 0.000000 0.675110 -0.040236 -0.000000 0.999190 0.007031 0.000000 0.000000 0.000000 1.000000
0.999190 -0.000000 0.040236 0.000480 -0.000000 1.000000 0.000000 0.675084 -0.040236 -0.000000 0.999190 0.007044 0.000000 0.000000 0.000000 1.000000
0.999190 -0.000000 0.040236 0.000159 -0.000000 1.000000 0.000000 0.675053 -0.040236 -0.000000 0.999190 0.007060 0.000000 0.000000 0.000000 1.000000
0.999190 -0.000000 0.040236 -0.000213 -0.000000 1.000000 0.000000 0.675018 -0.040236 -0.000000 0.999190 0.007079 0.000000 0.000000 0.000000 1.000000
0.999190 -0.000000 0.040236 -0.000636 -0.000000 1.000000 0.000000 0.674977 -0.040236 -0.000000 0.999190 0.007099 0.000000 0.000000 0.000000 1.000000
0.999190 -0.000000 0.040236 -0.001106 -0.000000 1.000000 0.000000 0.674932 -0.040236 -0.000000 0.999190 0.007123 0.000000 0.000000 0.000000 1.000000
0.999190 -0.000000 0.040236 -0.001622 -0.000000 1.000000 0.000000 0.674883 -0.040236 -0.000000 0.999190 0.007148 0.000000 0.000000 0.000000 1.000000
0.999190 -0.000000 0.040236 -0.002182 -0.000000 1.000000 0.000000 0.674829 -0.040236 -0.000000 0.999190 0.007176 0.000000 0.000000 0.000000 1.000000
0.999190 -0.000000 0.040236 -0.002784 -0.000000 1.000000 0.000000 0.674772 -0.040236 -0.000000 0.999190 0.007205 0.000000 0.000000 0.000000 1.000000
0.999190 -0.000000 0.040236 -0.003426 -0.000000 1.000000 0.000000 0.674710 -0.040236 -0.000000 0.999190 0.007237 0.000000 0.000000 0.000000 1.000000
0.999190 -0.000000 0.040236 -0.004106 -0.000000 1.000000 0.000000 0.674645 -0.040236 -0.000000 0.999190 0.007271 0.000000 0.000000 0.000000 1.000000
0.999190 -0.000000 0.040236 -0.004821 -0.000000 1.000000 0.000000 0.674577 -0.040236 -0.000000 0.999190 0.007306 0.000000 0.000000 0.000000 1.000000
0.999190 -0.000000 0.040236 -0.005571 -0.000000 1.000000 0.000000 0.674505 -0.040236 -0.000000 0.999190 0.007343 0.000000 0.000000 0.000000 1.000000
0.999190 -0.000000 0.040236 -0.006352 -0.000000 1.000000 0.000000 0.674430 -0.040236 -0.000000 0.999190 0.007381 0.000000 0.000000 0.000000 1.000000
0.999190 -0.000000 0.040236 -0.007164 -0.000000 1.000000 0.000000 0.674353 -0.040236 -0.000000 0.999190 0.007421 0.000000 0.000000 0.000000 1.000000
0.999190 -0.000000 0.040236 -0.008003 -0.000000 1.000000 0.000000 0.674273 -0.040236 -0.000000 0.999190 0.007463 0.000000 0.000000 0.000000 1.000000
0.999190 -0.000000 0.040236 -0.008868 -0.000000 1.000000 0.000000 0.674190 -0.040236 -0.000000 0.999190 0.007506 0.000000 0.000000 0.000000 1.000000
0.999190 -0.000000 0.040236 -0.009757 -0.000000 1.000000 0.000000 0.674105 -0.040236 -0.000000 0.999190 0.007549 0.000000 0.000000 0.000000 1.000000
0.999190 -0.000000 0.040236 -0.010668 -0.000000 1.000000 0.000000 0.674018 -0.040236 -0.000000 0.999190 0.007594 0.000000 0.000000 0.000000 1.000000
0.999190 -0.000000 0.040236 -0.011599 -0.000000 1.000000 0.000000 0.673928 -0.040236 -0.000000 0.999190 0.007640 0.000000 0.000000 0.000000 1.000000
0.999190 -0.000000 0.040236 -0.012548 -0.000000 1.000000 0.000000 0.673838 -0.040236 -0.000000 0.999190 0.007687 0.000000 0.000000 0.000000 1.000000
0.999190 -0.000000 0.040236 -0.013513 -0.000000 1.000000 0.000000 0.673745 -0.040236 -0.000000 0.999190 0.007735 0.000000 0.000000 0.000000 1.000000
0.999190 -0.000000 0.040236 -0.014492 -0.000000 1.000000 0.000000 0.673652 -0.040236 -0.000000 0.999190 0.007783 0.000000 0.000000 0.000000 1.000000
0.999190 -0.000000 0.040236 -0.015482 -0.000000 1.000000 0.000000 0.673557 -0.040236 -0.000000 0.999190 0.007832 0.000000 0.000000 0.000000 1.000000
0.999190 -0.000000 0.040236 -0.016483 -0.000000 1.000000 0.000000 0.673461 -0.040236 -0.000000 0.999190 0.007881 0.000000 0.000000 0.000000 1.000000
0.999190 -0.000000 0.040236 -0.017492 -0.000000 1.000000 0.000000 0.673365 -0.040236 -0.000000 0.999190 0.007931 0.000000 0.000000 0.000000 1.000000
0.999190 -0.000000 0.040236 -0.018507 -0.000000 1.000000 0.000000 0.673268 -0.040236 -0.000000 0.999190 0.007981 0.000000 0.000000 0.000000 1.000000
0.999190 -0.000000 0.040236 -0.019525 -0.000000 1.000000 0.000000 0.673170 -0.040236 -0.000000 0.999190 0.008031 0.000000 0.000000 0.000000 1.000000
0.999190 -0.000000 0.040236 -0.020546 -0.000000 1.000000 0.000000 0.673072 -0.040236 -0.000000 0.999190 0.008082 0.000000 0.000000 0.000000 1.000000
0.999190 -0.000000 0.040236 -0.021567 -0.000000 1.000000 0.000000 0.672975 -0.040236 -0.000000 0.999190 0.008132 0.000000 0.000000 0.000000 1.000000
0.999190 -0.000000 0.040236 -0.022585 -0.000000 1.000000 0.000000 0.672877 -0.040236 -0.000000 0.999190 0.008182 0.000000 0.000000 0.000000 1.000000
0.999190 -0.000000 0.040236 -0.023600 -0.000000 1.000000 0.000000 0.672780 -0.040236 -0.000000 0.999190 0.008232 0.000000 0.000000 0.000000 1.000000
0.999190 -0.000000 0.040236 -0.024609 -0.000000 1.000000 0.000000 0.672684 -0.040236 -0.000000 0.999190 0.008282 0.000000 0.000000 0.000000 1.000000
0.999190 -0.000000 0.040236 -0.025610 -0.000000 1.000000 0.000000 0.672588 -0.040236 -0.000000 0.999190 0.008331 0.000000 0.000000 0.000000 1.000000
0.999190 -0.000000 0.040236 -0.026600 -0.000000 1.000000 0.000000 0.672493 -0.040236 -0.000000 0.999190 0.008380 0.000000 0.000000 0.000000 1.000000
0.999190 -0.000000 0.040236 -0.027579 -0.000000 1.000000 0.000000 0.672400 -0.040236 -0.000000 0.999190 0.008429 0.000000 0.000000 0.000000 1.000000
0.999190 -0.000000 0.040236 -0.028544 -0.000000 1.000000 0.000000 0.672307 -0.040236 -0.000000 0.999190 0.008476 0.000000 0.000000 0.000000 1.000000
0.999190 -0.000000 0.040236 -0.029493 -0.000000 1.000000 0.000000 0.672216 -0.040236 -0.000000 0.999190 0.008523 0.000000 0.000000 0.000000 1.000000
0.999190 -0.000000 0.040236 -0.030424 -0.000000 1.000000 0.000000 0.672127 -0.040236 -0.000000 0.999190 0.008569 0.000000 0.000000 0.000000 1.000000
0.999190 -0.000000 0.040236 -0.031335 -0.000000 1.000000 0.000000 0.672040 -0.040236 -0.000000 0.999190 0.008614 0.000000 0.000000 0.000000 1.000000
0.999190 -0.000000 0.040236 -0.032224 -0.000000 1.000000 0.000000 0.671955 -0.040236 -0.000000 0.999190 0.008658 0.000000 0.000000 0.000000 1.000000
0.999190 -0.000000 0.040236 -0.033089 -0.000000 1.000000 0.000000 0.671872 -0.040236 -0.000000 0.999190 0.008701 0.000000 0.000000 0.000000 1.000000
0.999190 -0.000000 0.040236 -0.033928 -0.000000 1.000000 0.000000 0.671792 -0.040236 -0.000000 0.999190 0.008742 0.000000 0.000000 0.000000 1.000000
0.999190 -0.000000 0.040236 -0.034740 -0.000000 1.000000 0.000000 0.671714 -0.040236 -0.000000 0.999190 0.008782 0.000000 0.000000 0.000000 1.000000
0.999190 -0.000000 0.040236 -0.035521 -0.000000 1.000000 0.000000 0.671640 -0.040236 -0.000000 0.999190 0.008821 0.000000 0.000000 0.000000 1.000000
0.999190 -0.000000 0.040236 -0.036271 -0.000000 1.000000 0.000000 0.671568 -0.040236 -0.000000 0.999190 0.008857 0.000000 0.000000 0.000000 1.000000
0.999190 -0.000000 0.040236 -0.036986 -0.000000 1.000000 0.000000 0.671499 -0.040236 -0.000000 0.999190 0.008893 0.000000 0.000000 0.000000 1.000000
0.999190 -0.000000 0.040236 -0.037666 -0.000000 1.000000 0.000000 0.671434 -0.040236 -0.000000 0.999190 0.008926 0.000000 0.000000 0.000000 1.000000
0.999190 -0.000000 0.040236 -0.038308 -0.000000 1.000000 0.000000 0.671373 -0.040236 -0.000000 0.999190 0.008958 0.000000 0.000000 0.000000 1.000000
0.999190 -0.000000 0.040236 -0.038910 -0.000000 1.000000 0.000000 0.671315 -0.040236 -0.000000 0.999190 0.008988 0.000000 0.000000 0.000000 1.000000
0.999190 -0.000000 0.040236 -0.039470 -0.000000 1.000000 0.000000 0.671262 -0.040236 -0.000000 0.999190 0.009015 0.000000 0.000000 0.000000 1.000000
0.999190 -0.000000 0.040236 -0.039986 -0.000000 1.000000 0.000000 0.671212 -0.040236 -0.000000 0.999190 0.009041 0.000000 0.000000 0.000000 1.000000
0.999190 -0.000000 0.040236 -0.040456 -0.000000 1.000000 0.000000 0.671167 -0.040236 -0.000000 0.999190 0.009064 0.000000 0.000000 0.000000 1.000000
0.999190 -0.000000 0.040236 -0.040879 -0.000000 1.000000 0.000000 0.671127 -0.040236 -0.000000 0.999190 0.009085 0.000000 0.000000 0.000000 1.000000
0.999190 -0.000000 0.040236 -0.041251 -0.000000 1.000000 0.000000 0.671091 -0.040236 -0.000000 0.999190 0.009103 0.000000 0.000000 0.000000 1.000000
0.999190 -0.000000 0.040236 -0.041572 -0.000000 1.000000 0.000000 0.671061 -0.040236 -0.000000 0.999190 0.009119 0.000000 0.000000 0.000000 1.000000
0.999190 -0.000000 0.040236 -0.041839 -0.000000 1.000000 0.000000 0.671035 -0.040236 -0.000000 0.999190 0.009132 0.000000 0.000000 0.000000 1.000000
0.999190 -0.000000 0.040236 -0.042050 -0.000000 1.000000 0.000000 0.671015 -0.040236 -0.000000 0.999190 0.009143 0.000000 0.000000 0.000000 1.000000
0.999190 -0.000000 0.040236 -0.042203 -0.000000 1.000000 0.000000 0.671000 -0.040236 -0.000000 0.999190 0.009150 0.000000 0.000000 0.000000 1.000000
0.999190 -0.000000 0.040236 -0.042296 -0.000000 1.000000 0.000000 0.670991 -0.040236 -0.000000 0.999190 0.009155 0.000000 0.000000 0.000000 1.000000
0.999190 -0.000000 0.040236 -0.042328 -0.000000 1.000000 0.000000 0.670988 -0.040236 -0.000000 0.999190 0.009156 0.000000 0.000000 0.000000 1.000000
0.999190 -0.000000 0.040236 -0.042328 -0.000000 1.000000 0.000000 0.670988 -0.040236 -0.000000 0.999190 0.009156 0.000000 0.000000 0.000000 1.000000
0.999190 -0.000000 0.040236 -0.042328 -0.000000 1.000000 0.000000 0.670988 -0.040236 -0.000000 0.999190 0.009156 0.000000 0.000000 0.000000 1.000000
0.999190 -0.000000 0.040236 -0.042328 -0.000000 1.000000 0.000000 0.670988 -0.040236 -0.000000 0.999190 0.009156 0.000000 0.000000 0.000000 1.000000
0.999190 -0.000000 0.040236 -0.042328 -0.000000 1.000000 0.000000 0.670988 -0.040236 -0.000000 0.999190 0.009156 0.000000 0.000000 0.000000 1.000000
0.999190 -0.000000 0.040236 -0.042328 -0.000000 1.000000 0.000000 0.670988 -0.040236 -0.000000 0.999190 0.009156 0.000000 0.000000 0.000000 1.000000
0.999190 -0.000000 0.040236 -0.042328 -0.000000 1.000000 0.000000 0.670988 -0.040236 -0.000000 0.999190 0.009156 0.000000 0.000000 0.000000 1.000000</float_array><technique_common><accessor source="#jnt_upper_lip-Matrix-animation-output-transform-array" count="76" stride="16"><param type="float4x4"/></accessor></technique_common></source><source id="jnt_upper_lip-Interpolations"><Name_array id="jnt_upper_lip-Interpolations-array" count="76">
 LINEAR LINEAR LINEAR LINEAR LINEAR LINEAR LINEAR LINEAR LINEAR LINEAR LINEAR
LINEAR LINEAR LINEAR LINEAR LINEAR LINEAR LINEAR LINEAR LINEAR LINEAR LINEAR LINEAR
LINEAR LINEAR LINEAR LINEAR LINEAR LINEAR LINEAR LINEAR LINEAR LINEAR LINEAR LINEAR
LINEAR LINEAR LINEAR LINEAR LINEAR LINEAR LINEAR LINEAR LINEAR LINEAR LINEAR LINEAR
LINEAR LINEAR LINEAR LINEAR LINEAR LINEAR LINEAR LINEAR LINEAR LINEAR LINEAR LINEAR
LINEAR LINEAR LINEAR LINEAR LINEAR LINEAR LINEAR LINEAR LINEAR LINEAR LINEAR LINEAR
LINEAR LINEAR LINEAR LINEAR LINEAR</Name_array><technique_common><accessor source="#jnt_upper_lip-Interpolations-array" count="76"><param type="name"/></accessor></technique_common></source><sampler id="jnt_upper_lip-Matrix-animation-transform"><input semantic="INPUT" source="#jnt_upper_lip-Matrix-animation-input"/><input semantic="OUTPUT" source="#jnt_upper_lip-Matrix-animation-output-transform"/><input semantic="INTERPOLATION" source="#jnt_upper_lip-Interpolations"/></sampler><channel source="#jnt_upper_lip-Matrix-animation-transform" target="jnt_upper_lip/matrix"/></animation></animation>
    <animation id="jnt_left_lip-anim" name="jnt_left_lip"><animation><source id="jnt_left_lip-Matrix-animation-input"><float_array id="jnt_left_lip-Matrix-animation-input-array" count="76">

0.000000 0.033333 0.066667 0.100000 0.133333 0.166667 0.200000 0.233333 0.266667 0.300000 0.333333 0.366667 0.400000 0.433333 0.466667 0.500000
0.533333 0.566667 0.600000 0.633333 0.666667 0.700000 0.733333 0.766667 0.800000 0.833333 0.866667 0.900000 0.933333 0.966667 1.000000 1.033333
1.066667 1.100000 1.133333 1.166667 1.200000 1.233333 1.266667 1.300000 1.333333 1.366667 1.400000 1.433333 1.466667 1.500000 1.533333 1.566667
1.600000 1.633333 1.666667 1.700000 1.733333 1.766667 1.800000 1.833333 1.866667 1.900000 1.933333 1.966667 2.000000 2.033333 2.066667 2.100000
2.133333 2.166667 2.200000 2.233333 2.266667 2.300000 2.333333 2.366667 2.400000 2.433333 2.466667 2.500000</float_array><technique_common><accessor source="#jnt_left_lip-Matrix-animation-input-array" count="76"><param name="TIME" type="float"/></accessor></technique_common></source><source id="jnt_left_lip-Matrix-animation-output-transform"><float_array id="jnt_left_lip-Matrix-animation-output-transform-array" count="1216">

-0.005215 0.999927 0.010897 -0.025886 -0.431617 -0.012081 0.901976 0.602533 0.902042 -0.000000 0.431648 0.180029 0.000000 0.000000 0.000000 1.000000
-0.002439 0.999984 0.005098 -0.029304 -0.431642 -0.005651 0.902028 0.602510 0.902042 0.000000 0.431648 0.177881 0.000000 0.000000 0.000000 1.000000
0.004178 0.999953 -0.008732 -0.037449 -0.431628 0.009680 0.902000 0.602278 0.902042 -0.000000 0.431648 0.172757 0.000000 0.000000 0.000000 1.000000
0.012076 0.999609 -0.025236 -0.047151 -0.431479 0.027976 0.901689 0.601674 0.902042 -0.000000 0.431648 0.166641 0.000000 0.000000 0.000000 1.000000
0.018690 0.999062 -0.039057 -0.055254 -0.431244 0.043298 0.901196 0.600896 0.902042 0.000000 0.431648 0.161517 0.000000 0.000000 0.000000 1.000000
0.021462 0.998763 -0.044850 -0.058643 -0.431115 0.049721 0.900926 0.600496 0.902042 0.000000 0.431648 0.159369 0.000000 0.000000 0.000000 1.000000
0.021167 0.998797 -0.044235 -0.058171 -0.431129 0.049039 0.900957 0.600567 0.902042 -0.000000 0.431648 0.161517 0.000000 0.000000 0.000000 1.000000
0.020378 0.998885 -0.042586 -0.056943 -0.431167 0.047210 0.901036 0.600745 0.902042 0.000000 0.431648 0.166641 0.000000 0.000000 0.000000 1.000000
0.019236 0.999007 -0.040198 -0.055240 -0.431220 0.044563 0.901146 0.600979 0.902042 0.000000 0.431648 0.172757 0.000000 0.000000 0.000000 1.000000
0.017881 0.999142 -0.037367 -0.053344 -0.431278 0.041425 0.901268 0.601215 0.902042 -0.000000 0.431648 0.177881 0.000000 0.000000 0.000000 1.000000
0.016455 0.999273 -0.034388 -0.051537 -0.431335 0.038122 0.901386 0.601408 0.902042 -0.000000 0.431648 0.180029 0.000000 0.000000 0.000000 1.000000
0.015100 0.999388 -0.031556 -0.049937 -0.431384 0.034983 0.901490 0.601553 0.902042 0.000000 0.431648 0.180029 0.000000 0.000000 0.000000 1.000000
0.013957 0.999477 -0.029167 -0.048588 -0.431423 0.032335 0.901570 0.601669 0.902042 -0.000000 0.431648 0.180029 0.000000 0.000000 0.000000 1.000000
0.013168 0.999535 -0.027517 -0.047655 -0.431448 0.030506 0.901622 0.601744 0.902042 -0.000000 0.431648 0.180029 0.000000 0.000000 0.000000 1.000000
0.012873 0.999555 -0.026901 -0.047307 -0.431456 0.029823 0.901641 0.601771 0.902042 -0.000000 0.431648 0.180029 0.000000 0.000000 0.000000 1.000000
0.014513 0.999435 -0.030330 -0.049245 -0.431404 0.033623 0.901532 0.601613 0.902042 0.000000 0.431648 0.180029 0.000000 0.000000 0.000000 1.000000
0.018424 0.999089 -0.038503 -0.053859 -0.431255 0.042684 0.901220 0.601178 0.902042 -0.000000 0.431648 0.180029 0.000000 0.000000 0.000000 1.000000
0.023090 0.998568 -0.048253 -0.059352 -0.431030 0.053494 0.900750 0.600549 0.902042 0.000000 0.431648 0.180029 0.000000 0.000000 0.000000 1.000000
0.026998 0.998042 -0.056419 -0.063942 -0.430803 0.062546 0.900276 0.599931 0.902042 0.000000 0.431648 0.180029 0.000000 0.000000 0.000000 1.000000
0.028636 0.997797 -0.059842 -0.065863 -0.430698 0.066340 0.900055 0.599647 0.902042 -0.000000 0.431648 0.180029 0.000000 0.000000 0.000000 1.000000
0.027975 0.997898 -0.058460 -0.065088 -0.430741 0.064809 0.900146 0.599763 0.902042 -0.000000 0.431648 0.180029 0.000000 0.000000 0.000000 1.000000
0.026293 0.998143 -0.054947 -0.063116 -0.430847 0.060914 0.900367 0.600049 0.902042 -0.000000 0.431648 0.180029 0.000000 0.000000 0.000000 1.000000
0.024045 0.998447 -0.050249 -0.060475 -0.430978 0.055706 0.900641 0.600406 0.902042 0.000000 0.431648 0.180029 0.000000 0.000000 0.000000 1.000000
0.021684 0.998737 -0.045313 -0.057697 -0.431103 0.050234 0.900903 0.600751 0.902042 -0.000000 0.431648 0.180029 0.000000 0.000000 0.000000 1.000000
0.019662 0.998962 -0.041090 -0.055317 -0.431200 0.045552 0.901106 0.601023 0.902042 0.000000 0.431648 0.180029 0.000000 0.000000 0.000000 1.000000
0.017797 0.999150 -0.037192 -0.053119 -0.431281 0.041231 0.901275 0.601254 0.902042 0.000000 0.431648 0.180029 0.000000 0.000000 0.000000 1.000000
0.015700 0.999338 -0.032810 -0.050645 -0.431363 0.036372 0.901445 0.601490 0.902042 -0.000000 0.431648 0.180029 0.000000 0.000000 0.000000 1.000000
0.013519 0.999509 -0.028251 -0.048070 -0.431437 0.031319 0.901599 0.601711 0.902042 -0.000000 0.431648 0.180029 0.000000 0.000000 0.000000 1.000000
0.011402 0.999651 -0.023827 -0.045568 -0.431498 0.026414 0.901727 0.601900 0.902042 -0.000000 0.431648 0.180029 0.000000 0.000000 0.000000 1.000000
0.009497 0.999758 -0.019846 -0.043316 -0.431544 0.022001 0.901824 0.602050 0.902042 -0.000000 0.431648 0.180029 0.000000 0.000000 0.000000 1.000000
0.007953 0.999830 -0.016619 -0.041489 -0.431575 0.018424 0.901889 0.602156 0.902042 0.000000 0.431648 0.180029 0.000000 0.000000 0.000000 1.000000
0.006917 0.999872 -0.014455 -0.040264 -0.431593 0.016025 0.901926 0.602220 0.902042 -0.000000 0.431648 0.180029 0.000000 0.000000 0.000000 1.000000
0.006539 0.999885 -0.013665 -0.039816 -0.431599 0.015149 0.901938 0.602242 0.902042 0.000000 0.431648 0.180029 0.000000 0.000000 0.000000 1.000000
0.015955 0.999317 -0.033341 -0.050946 -0.431353 0.036962 0.901426 0.601463 0.902042 0.000000 0.431648 0.180029 0.000000 0.000000 0.000000 1.000000
0.025362 0.998272 -0.053001 -0.062022 -0.430903 0.058757 0.900483 0.600200 0.902042 -0.000000 0.431648 0.180029 0.000000 0.000000 0.000000 1.000000
0.025226 0.998291 -0.052716 -0.061862 -0.430911 0.058441 0.900500 0.600222 0.902042 -0.000000 0.431648 0.180029 0.000000 0.000000 0.000000 1.000000
0.024851 0.998341 -0.051933 -0.061422 -0.430932 0.057573 0.900546 0.600281 0.902042 -0.000000 0.431648 0.180029 0.000000 0.000000 0.000000 1.000000
0.024292 0.998415 -0.050764 -0.060765 -0.430964 0.056277 0.900612 0.600368 0.902042 0.000000 0.431648 0.180029 0.000000 0.000000 0.000000 1.000000
0.023600 0.998504 -0.049319 -0.059951 -0.431003 0.054674 0.900693 0.600473 0.902042 -0.000000 0.431648 0.180029 0.000000 0.000000 0.000000 1.000000
0.022829 0.998600 -0.047707 -0.059045 -0.431044 0.052888 0.900779 0.600588 0.902042 -0.000000 0.431648 0.180029 0.000000 0.000000 0.000000 1.000000
0.022031 0.998697 -0.046040 -0.058106 -0.431086 0.051040 0.900866 0.600702 0.902042 0.000000 0.431648 0.180029 0.000000 0.000000 0.000000 1.000000
0.021260 0.998786 -0.044428 -0.057199 -0.431125 0.049253 0.900947 0.600810 0.902042 0.000000 0.431648 0.180029 0.000000 0.000000 0.000000 1.000000
0.020568 0.998864 -0.042982 -0.056384 -0.431158 0.047650 0.901017 0.600904 0.902042 0.000000 0.431648 0.180029 0.000000 0.000000 0.000000 1.000000
0.020008 0.998925 -0.041812 -0.055725 -0.431184 0.046353 0.901072 0.600978 0.902042 -0.000000 0.431648 0.180029 0.000000 0.000000 0.000000 1.000000
0.019633 0.998965 -0.041029 -0.055283 -0.431202 0.045485 0.901108 0.601027 0.902042 -0.000000 0.431648 0.180029 0.000000 0.000000 0.000000 1.000000
0.019497 0.998979 -0.040744 -0.055122 -0.431208 0.045168 0.901121 0.601044 0.902042 -0.000000 0.431648 0.180029 0.000000 0.000000 0.000000 1.000000
0.019555 0.998973 -0.040864 -0.055190 -0.431205 0.045302 0.901116 0.601037 0.902042 0.000000 0.431648 0.180029 0.000000 0.000000 0.000000 1.000000
0.019740 0.998954 -0.041251 -0.055408 -0.431197 0.045731 0.901098 0.601013 0.902042 0.000000 0.431648 0.180029 0.000000 0.000000 0.000000 1.000000
0.020070 0.998918 -0.041941 -0.055797 -0.431182 0.046496 0.901066 0.600970 0.902042 -0.000000 0.431648 0.180029 0.000000 0.000000 0.000000 1.000000
0.020563 0.998865 -0.042972 -0.056378 -0.431158 0.047639 0.901018 0.600905 0.902042 -0.000000 0.431648 0.180029 0.000000 0.000000 0.000000 1.000000
0.021237 0.998789 -0.044380 -0.057171 -0.431126 0.049199 0.900950 0.600813 0.902042 0.000000 0.431648 0.180029 0.000000 0.000000 0.000000 1.000000
0.022109 0.998687 -0.046203 -0.058198 -0.431082 0.051220 0.900858 0.600691 0.902042 0.000000 0.431648 0.180029 0.000000 0.000000 0.000000 1.000000
0.023197 0.998555 -0.048476 -0.059478 -0.431025 0.053741 0.900738 0.600533 0.902042 0.000000 0.431648 0.180029 0.000000 0.000000 0.000000 1.000000
0.024519 0.998385 -0.051239 -0.061032 -0.430951 0.056803 0.900585 0.600333 0.902042 -0.000000 0.431648 0.180029 0.000000 0.000000 0.000000 1.000000
0.026092 0.998171 -0.054526 -0.062879 -0.430859 0.060448 0.900392 0.600082 0.902042 0.000000 0.431648 0.180029 0.000000 0.000000 0.000000 1.000000
0.027934 0.997904 -0.058376 -0.065041 -0.430744 0.064715 0.900151 0.599770 0.902042 0.000000 0.431648 0.180029 0.000000 0.000000 0.000000 1.000000
0.030063 0.997572 -0.062823 -0.067535 -0.430600 0.069646 0.899852 0.599388 0.902042 0.000000 0.431648 0.180029 0.000000 0.000000 0.000000 1.000000
0.032495 0.997162 -0.067906 -0.070381 -0.430424 0.075280 0.899482 0.598920 0.902042 -0.000000 0.431648 0.180029 0.000000 0.000000 0.000000 1.000000
0.035960 0.996524 -0.075147 -0.074427 -0.430148 0.083308 0.898906 0.598199 0.902042 0.000000 0.431648 0.180029 0.000000 0.000000 0.000000 1.000000
0.040846 0.995513 -0.085359 -0.080116 -0.429711 0.094628 0.897994 0.597070 0.902042 -0.000000 0.431648 0.180029 0.000000 0.000000 0.000000 1.000000
0.046661 0.994140 -0.097511 -0.086855 -0.429119 0.108100 0.896756 0.595557 0.902042 0.000000 0.431648 0.180029 0.000000 0.000000 0.000000 1.000000
0.052912 0.992458 -0.110574 -0.094058 -0.428393 0.122582 0.895239 0.593725 0.902042 -0.000000 0.431648 0.180029 0.000000 0.000000 0.000000 1.000000
0.059109 0.990580 -0.123524 -0.101732 -0.427582 0.136939 0.893544 0.591543 0.902042 0.000000 0.431648 0.175412 0.000000 0.000000 0.000000 1.000000
0.064766 0.988679 -0.135346 -0.109539 -0.426762 0.150044 0.891830 0.589114 0.902042 0.000000 0.431648 0.164403 0.000000 0.000000 0.000000 1.000000
0.069400 0.986990 -0.145029 -0.116406 -0.426033 0.160779 0.890307 0.586815 0.902042 0.000000 0.431648 0.151263 0.000000 0.000000 0.000000 1.000000
0.072531 0.985781 -0.151573 -0.121287 -0.425511 0.168033 0.889216 0.585095 0.902042 0.000000 0.431648 0.140253 0.000000 0.000000 0.000000 1.000000
0.073682 0.985323 -0.153977 -0.123145 -0.425313 0.170698 0.888803 0.584423 0.902042 -0.000000 0.431648 0.135637 0.000000 0.000000 0.000000 1.000000
0.065547 0.988403 -0.136977 -0.112580 -0.426643 0.151852 0.891581 0.588199 0.902042 0.000000 0.431648 0.147146 0.000000 0.000000 0.000000 1.000000
0.046057 0.994291 -0.096249 -0.087613 -0.429184 0.106701 0.896892 0.595377 0.902042 -0.000000 0.431648 0.168520 0.000000 0.000000 0.000000 1.000000
0.022674 0.998619 -0.047383 -0.058862 -0.431053 0.052529 0.900797 0.600610 0.902042 0.000000 0.431648 0.180029 0.000000 0.000000 0.000000 1.000000
