<?xml version="1.0" encoding="utf-8"?>
<COLLADA xmlns="http://www.collada.org/2005/11/COLLADASchema" version="1.4.1">
  <asset><contributor><author></author><authoring_tool>FBX COLLADA exporter</authoring_tool><comments></comments></contributor><created>2019-12-05T09:20:11Z</created><keywords></keywords><modified>2019-12-05T09:20:11Z</modified><revision></revision><subject></subject><title></title><unit meter="0.010000" name="centimeter"></unit><up_axis>Y_UP</up_axis></asset>
  <library_animations>
    <animation id="root_jnt-anim" name="root_jnt"><animation><source id="root_jnt-Matrix-animation-input"><float_array id="root_jnt-Matrix-animation-input-array" count="31">

0.000000 0.033333 0.066667 0.100000 0.133333 0.166667 0.200000 0.233333 0.266667 0.300000 0.333333 0.366667 0.400000 0.433333 0.466667 0.500000
0.533333 0.566667 0.600000 0.633333 0.666667 0.700000 0.733333 0.766667 0.800000 0.833333 0.866667 0.900000 0.933333 0.966667 1.000000</float_array><technique_common><accessor source="#root_jnt-Matrix-animation-input-array" count="31"><param name="TIME" type="float"/></accessor></technique_common></source><source id="root_jnt-Matrix-animation-output-transform"><float_array id="root_jnt-Matrix-animation-output-transform-array" count="496">

1.000000 0.000000 0.000000 0.000000 0.000000 1.000000 0.000000 0.000000 0.000000 0.000000 1.000000 0.000000 0.000000 0.000000 0.000000 1.000000
1.000000 0.000000 0.000000 0.000000 0.000000 1.000000 0.000000 0.000000 0.000000 0.000000 1.000000 0.000000 0.000000 0.000000 0.000000 1.000000
1.000000 0.000000 0.000000 0.000000 0.000000 1.000000 0.000000 0.000000 0.000000 0.000000 1.000000 0.000000 0.000000 0.000000 0.000000 1.000000
1.000000 0.000000 0.000000 0.000000 0.000000 1.000000 0.000000 0.000000 0.000000 0.000000 1.000000 0.000000 0.000000 0.000000 0.000000 1.000000
1.000000 0.000000 0.000000 0.000000 0.000000 1.000000 0.000000 0.000000 0.000000 0.000000 1.000000 0.000000 0.000000 0.000000 0.000000 1.000000
1.000000 0.000000 0.000000 0.000000 0.000000 1.000000 0.000000 0.000000 0.000000 0.000000 1.000000 0.000000 0.000000 0.000000 0.000000 1.000000
1.000000 0.000000 0.000000 0.000000 0.000000 1.000000 0.000000 0.000000 0.000000 0.000000 1.000000 0.000000 0.000000 0.000000 0.000000 1.000000
1.000000 0.000000 0.000000 0.000000 0.000000 1.000000 0.000000 0.000000 0.000000 0.000000 1.000000 0.000000 0.000000 0.000000 0.000000 1.000000
1.000000 0.000000 0.000000 0.000000 0.000000 1.000000 0.000000 0.000000 0.000000 0.000000 1.000000 0.000000 0.000000 0.000000 0.000000 1.000000
1.000000 0.000000 0.000000 0.000000 0.000000 1.000000 0.000000 0.000000 0.000000 0.000000 1.000000 0.000000 0.000000 0.000000 0.000000 1.000000
1.000000 0.000000 0.000000 0.000000 0.000000 1.000000 0.000000 0.000000 0.000000 0.000000 1.000000 0.000000 0.000000 0.000000 0.000000 1.000000
1.000000 0.000000 0.000000 0.000000 0.000000 1.000000 0.000000 0.000000 0.000000 0.000000 1.000000 0.000000 0.000000 0.000000 0.000000 1.000000
1.000000 0.000000 0.000000 0.000000 0.000000 1.000000 0.000000 0.000000 0.000000 0.000000 1.000000 0.000000 0.000000 0.000000 0.000000 1.000000
1.000000 0.000000 0.000000 0.000000 0.000000 1.000000 0.000000 0.000000 0.000000 0.000000 1.000000 0.000000 0.000000 0.000000 0.000000 1.000000
1.000000 0.000000 0.000000 0.000000 0.000000 1.000000 0.000000 0.000000 0.000000 0.000000 1.000000 0.000000 0.000000 0.000000 0.000000 1.000000
1.000000 0.000000 0.000000 0.000000 0.000000 1.000000 0.000000 0.000000 0.000000 0.000000 1.000000 0.000000 0.000000 0.000000 0.000000 1.000000
1.000000 0.000000 0.000000 0.000000 0.000000 1.000000 0.000000 0.000000 0.000000 0.000000 1.000000 0.000000 0.000000 0.000000 0.000000 1.000000
1.000000 0.000000 0.000000 0.000000 0.000000 1.000000 0.000000 0.000000 0.000000 0.000000 1.000000 0.000000 0.000000 0.000000 0.000000 1.000000
1.000000 0.000000 0.000000 0.000000 0.000000 1.000000 0.000000 0.000000 0.000000 0.000000 1.000000 0.000000 0.000000 0.000000 0.000000 1.000000
1.000000 0.000000 0.000000 0.000000 0.000000 1.000000 0.000000 0.000000 0.000000 0.000000 1.000000 0.000000 0.000000 0.000000 0.000000 1.000000
1.000000 0.000000 0.000000 0.000000 0.000000 1.000000 0.000000 0.000000 0.000000 0.000000 1.000000 0.000000 0.000000 0.000000 0.000000 1.000000
1.000000 0.000000 0.000000 0.000000 0.000000 1.000000 0.000000 0.000000 0.000000 0.000000 1.000000 0.000000 0.000000 0.000000 0.000000 1.000000
1.000000 0.000000 0.000000 0.000000 0.000000 1.000000 0.000000 0.000000 0.000000 0.000000 1.000000 0.000000 0.000000 0.000000 0.000000 1.000000
1.000000 0.000000 0.000000 0.000000 0.000000 1.000000 0.000000 0.000000 0.000000 0.000000 1.000000 0.000000 0.000000 0.000000 0.000000 1.000000
1.000000 0.000000 0.000000 0.000000 0.000000 1.000000 0.000000 0.000000 0.000000 0.000000 1.000000 0.000000 0.000000 0.000000 0.000000 1.000000
1.000000 0.000000 0.000000 0.000000 0.000000 1.000000 0.000000 0.000000 0.000000 0.000000 1.000000 0.000000 0.000000 0.000000 0.000000 1.000000
1.000000 0.000000 0.000000 0.000000 0.000000 1.000000 0.000000 0.000000 0.000000 0.000000 1.000000 0.000000 0.000000 0.000000 0.000000 1.000000
1.000000 0.000000 0.000000 0.000000 0.000000 1.000000 0.000000 0.000000 0.000000 0.000000 1.000000 0.000000 0.000000 0.000000 0.000000 1.000000
1.000000 0.000000 0.000000 0.000000 0.000000 1.000000 0.000000 0.000000 0.000000 0.000000 1.000000 0.000000 0.000000 0.000000 0.000000 1.000000
1.000000 0.000000 0.000000 0.000000 0.000000 1.000000 0.000000 0.000000 0.000000 0.000000 1.000000 0.000000 0.000000 0.000000 0.000000 1.000000
1.000000 0.000000 0.000000 0.000000 0.000000 1.000000 0.000000 0.000000 0.000000 0.000000 1.000000 0.000000 0.000000 0.000000 0.000000 1.000000</float_array><technique_common><accessor source="#root_jnt-Matrix-animation-output-transform-array" count="31" stride="16"><param type="float4x4"/></accessor></technique_common></source><source id="root_jnt-Interpolations"><Name_array id="root_jnt-Interpolations-array" count="31">
 LINEAR LINEAR LINEAR LINEAR LINEAR LINEAR LINEAR LINEAR LINEAR LINEAR LINEAR
LINEAR LINEAR LINEAR LINEAR LINEAR LINEAR LINEAR LINEAR LINEAR LINEAR LINEAR LINEAR
LINEAR LINEAR LINEAR LINEAR LINEAR LINEAR LINEAR LINEAR</Name_array><technique_common><accessor source="#root_jnt-Interpolations-array" count="31"><param type="name"/></accessor></technique_common></source><sampler id="root_jnt-Matrix-animation-transform"><input semantic="INPUT" source="#root_jnt-Matrix-animation-input"/><input semantic="OUTPUT" source="#root_jnt-Matrix-animation-output-transform"/><input semantic="INTERPOLATION" source="#root_jnt-Interpolations"/></sampler><channel source="#root_jnt-Matrix-animation-transform" target="root_jnt/matrix"/></animation></animation>
    <animation id="spine1_jnt-anim" name="spine1_jnt"><animation><source id="spine1_jnt-Matrix-animation-input"><float_array id="spine1_jnt-Matrix-animation-input-array" count="31">

0.000000 0.033333 0.066667 0.100000 0.133333 0.166667 0.200000 0.233333 0.266667 0.300000 0.333333 0.366667 0.400000 0.433333 0.466667 0.500000
0.533333 0.566667 0.600000 0.633333 0.666667 0.700000 0.733333 0.766667 0.800000 0.833333 0.866667 0.900000 0.933333 0.966667 1.000000</float_array><technique_common><accessor source="#spine1_jnt-Matrix-animation-input-array" count="31"><param name="TIME" type="float"/></accessor></technique_common></source><source id="spine1_jnt-Matrix-animation-output-transform"><float_array id="spine1_jnt-Matrix-animation-output-transform-array" count="496">

0.000000 0.000000 1.000000 0.000000 -0.995409 0.095712 0.000000 -1.017607 -0.095712 -0.995409 0.000000 1.742724 0.000000 0.000000 0.000000 1.000000
0.000000 0.000000 1.000000 0.003784 -0.994476 0.104967 0.000000 -1.009620 -0.104967 -0.994476 0.000000 1.729780 0.000000 0.000000 0.000000 1.000000
0.000000 0.000000 1.000000 0.014379 -0.991365 0.131135 0.000000 -0.986940 -0.131135 -0.991365 0.000000 1.693153 0.000000 0.000000 0.000000 1.000000
0.000000 0.000000 1.000000 0.030651 -0.985143 0.171738 0.000000 -0.951490 -0.171738 -0.985143 0.000000 1.636157 0.000000 0.000000 0.000000 1.000000
0.000000 0.000000 1.000000 0.051463 -0.974554 0.224154 0.000000 -0.905191 -0.224154 -0.974554 0.000000 1.562103 0.000000 0.000000 0.000000 1.000000
0.000000 0.000000 1.000000 0.075681 -0.958349 0.285598 0.000000 -0.849966 -0.285598 -0.958349 0.000000 1.474303 0.000000 0.000000 0.000000 1.000000
0.000000 0.000000 1.000000 0.102169 -0.935567 0.353150 0.000000 -0.787737 -0.353150 -0.935567 0.000000 1.376068 0.000000 0.000000 0.000000 1.000000
0.000000 0.000000 1.000000 0.129793 -0.905744 0.423826 0.000000 -0.720425 -0.423826 -0.905744 0.000000 1.270710 0.000000 0.000000 0.000000 1.000000
0.000000 0.000000 1.000000 0.157416 -0.869062 0.494703 0.000000 -0.649955 -0.494703 -0.869062 0.000000 1.161541 0.000000 0.000000 0.000000 1.000000
0.000000 0.000000 1.000000 0.183905 -0.826411 0.563068 0.000000 -0.578246 -0.563068 -0.826411 0.000000 1.051873 0.000000 0.000000 0.000000 1.000000
0.000000 0.000000 1.000000 0.208122 -0.779368 0.626567 0.000000 -0.507222 -0.626567 -0.779368 0.000000 0.945017 0.000000 0.000000 0.000000 1.000000
0.000000 0.000000 1.000000 0.228935 -0.730113 0.683326 0.000000 -0.438805 -0.683326 -0.730113 0.000000 0.844285 0.000000 0.000000 0.000000 1.000000
0.000000 0.000000 1.000000 0.245206 -0.681290 0.732014 0.000000 -0.374917 -0.732014 -0.681290 0.000000 0.752988 0.000000 0.000000 0.000000 1.000000
0.000000 0.000000 1.000000 0.255801 -0.635835 0.771825 0.000000 -0.317480 -0.771825 -0.635835 0.000000 0.674440 0.000000 0.000000 0.000000 1.000000
0.000000 0.000000 1.000000 0.259585 -0.596803 0.802388 0.000000 -0.268416 -0.802388 -0.596803 0.000000 0.611950 0.000000 0.000000 0.000000 1.000000
0.000000 0.000000 1.000000 0.259451 -0.561466 0.827500 0.000000 -0.223046 -0.827500 -0.561466 0.000000 0.559778 0.000000 0.000000 0.000000 1.000000
0.000000 0.000000 1.000000 0.259071 -0.525307 0.850913 0.000000 -0.175847 -0.850913 -0.525307 0.000000 0.510057 0.000000 0.000000 0.000000 1.000000
0.000000 0.000000 1.000000 0.258481 -0.488717 0.872443 0.000000 -0.127475 -0.872443 -0.488717 0.000000 0.462915 0.000000 0.000000 0.000000 1.000000
0.000000 0.000000 1.000000 0.257715 -0.452110 0.891962 0.000000 -0.078586 -0.891962 -0.452110 0.000000 0.418476 0.000000 0.000000 0.000000 1.000000
0.000000 0.000000 1.000000 0.256808 -0.415926 0.909399 0.000000 -0.029838 -0.909399 -0.415926 0.000000 0.376868 0.000000 0.000000 0.000000 1.000000
0.000000 0.000000 1.000000 0.255797 -0.380611 0.924735 0.000000 0.018115 -0.924735 -0.380611 0.000000 0.338215 0.000000 0.000000 0.000000 1.000000
0.000000 0.000000 1.000000 0.254715 -0.346623 0.938004 0.000000 0.064616 -0.938004 -0.346623 0.000000 0.302646 0.000000 0.000000 0.000000 1.000000
0.000000 0.000000 1.000000 0.253599 -0.314418 0.949285 0.000000 0.109009 -0.949285 -0.314418 0.000000 0.270285 0.000000 0.000000 0.000000 1.000000
0.000000 0.000000 1.000000 0.252482 -0.284446 0.958692 0.000000 0.150636 -0.958692 -0.284446 0.000000 0.241258 0.000000 0.000000 0.000000 1.000000
0.000000 0.000000 1.000000 0.251401 -0.257151 0.966371 0.000000 0.188842 -0.966371 -0.257151 0.000000 0.215693 0.000000 0.000000 0.000000 1.000000
0.000000 0.000000 1.000000 0.250389 -0.232965 0.972485 0.000000 0.222972 -0.972485 -0.232965 0.000000 0.193714 0.000000 0.000000 0.000000 1.000000
0.000000 0.000000 1.000000 0.249483 -0.212304 0.977204 0.000000 0.252367 -0.977204 -0.212304 0.000000 0.175449 0.000000 0.000000 0.000000 1.000000
0.000000 0.000000 1.000000 0.248717 -0.195574 0.980689 0.000000 0.276373 -0.980689 -0.195574 0.000000 0.161023 0.000000 0.000000 0.000000 1.000000
0.000000 0.000000 1.000000 0.248127 -0.183165 0.983082 0.000000 0.294332 -0.983082 -0.183165 0.000000 0.150563 0.000000 0.000000 0.000000 1.000000
0.000000 0.000000 1.000000 0.247747 -0.175454 0.984488 0.000000 0.305589 -0.984488 -0.175454 0.000000 0.144194 0.000000 0.000000 0.000000 1.000000
0.000000 0.000000 1.000000 0.247612 -0.172805 0.984956 0.000000 0.309487 -0.984956 -0.172805 0.000000 0.142043 0.000000 0.000000 0.000000 1.000000</float_array><technique_common><accessor source="#spine1_jnt-Matrix-animation-output-transform-array" count="31" stride="16"><param type="float4x4"/></accessor></technique_common></source><source id="spine1_jnt-Interpolations"><Name_array id="spine1_jnt-Interpolations-array" count="31">
 LINEAR LINEAR LINEAR LINEAR LINEAR LINEAR LINEAR LINEAR LINEAR LINEAR LINEAR
LINEAR LINEAR LINEAR LINEAR LINEAR LINEAR LINEAR LINEAR LINEAR LINEAR LINEAR LINEAR
LINEAR LINEAR LINEAR LINEAR LINEAR LINEAR LINEAR LINEAR</Name_array><technique_common><accessor source="#spine1_jnt-Interpolations-array" count="31"><param type="name"/></accessor></technique_common></source><sampler id="spine1_jnt-Matrix-animation-transform"><input semantic="INPUT" source="#spine1_jnt-Matrix-animation-input"/><input semantic="OUTPUT" source="#spine1_jnt-Matrix-animation-output-transform"/><input semantic="INTERPOLATION" source="#spine1_jnt-Interpolations"/></sampler><channel source="#spine1_jnt-Matrix-animation-transform" target="spine1_jnt/matrix"/></animation></animation>
    <animation id="l_upleg_jnt-anim" name="l_upleg_jnt"><animation><source id="l_upleg_jnt-Matrix-animation-input"><float_array id="l_upleg_jnt-Matrix-animation-input-array" count="31">

0.000000 0.033333 0.066667 0.100000 0.133333 0.166667 0.200000 0.233333 0.266667 0.300000 0.333333 0.366667 0.400000 0.433333 0.466667 0.500000
0.533333 0.566667 0.600000 0.633333 0.666667 0.700000 0.733333 0.766667 0.800000 0.833333 0.866667 0.900000 0.933333 0.966667 1.000000</float_array><technique_common><accessor source="#l_upleg_jnt-Matrix-animation-input-array" count="31"><param name="TIME" type="float"/></accessor></technique_common></source><source id="l_upleg_jnt-Matrix-animation-output-transform"><float_array id="l_upleg_jnt-Matrix-animation-output-transform-array" count="496">

-0.170194 0.024417 0.985108 0.384409 0.016365 -0.999485 0.027600 0.000000 0.985275 0.020819 0.169707 0.488045 0.000000 0.000000 0.000000 1.000000
-0.169602 0.001567 0.985511 0.384409 0.020759 -0.999771 0.005162 0.000000 0.985294 0.021334 0.169530 0.488045 0.000000 0.000000 0.000000 1.000000
-0.167536 -0.059639 0.984060 0.384409 0.032593 -0.997958 -0.054932 0.000000 0.985327 0.022870 0.169138 0.488045 0.000000 0.000000 0.000000 1.000000
-0.163348 -0.147788 0.975436 0.384409 0.049751 -0.988692 -0.141465 0.000000 0.985313 0.025421 0.168854 0.488045 0.000000 0.000000 0.000000 1.000000
-0.156573 -0.250726 0.955312 0.384409 0.070010 -0.967626 -0.242483 0.000000 0.985182 0.028915 0.169058 0.488045 0.000000 0.000000 0.000000 1.000000
-0.147345 -0.356006 0.922794 0.384409 0.091171 -0.933894 -0.345731 0.000000 0.984874 0.033190 0.170062 0.488045 0.000000 0.000000 0.000000 1.000000
-0.136554 -0.452026 0.881490 0.384409 0.111268 -0.891194 -0.439765 0.000000 0.984364 0.038030 0.171992 0.488045 0.000000 0.000000 0.000000 1.000000
-0.125767 -0.529140 0.839162 0.384409 0.128755 -0.847431 -0.515057 0.000000 0.983669 0.043269 0.174708 0.488045 0.000000 0.000000 0.000000 1.000000
-0.116955 -0.579954 0.806210 0.384409 0.142526 -0.813180 -0.564292 0.000000 0.982857 0.048909 0.177764 0.488045 0.000000 0.000000 0.000000 1.000000
-0.112133 -0.598259 0.793418 0.384409 0.151681 -0.799402 -0.581334 0.000000 0.982048 0.055160 0.180384 0.488045 0.000000 0.000000 0.000000 1.000000
-0.117131 -0.545657 0.829782 0.384409 0.150252 -0.835653 -0.528308 0.000000 0.981685 0.062795 0.179866 0.488045 0.000000 0.000000 0.000000 1.000000
-0.130542 -0.405106 0.904902 0.384409 0.135075 -0.911469 -0.388560 0.000000 0.982198 0.071507 0.173704 0.488045 0.000000 0.000000 0.000000 1.000000
-0.142946 -0.207506 0.967733 0.384409 0.110271 -0.975026 -0.192781 0.000000 0.983568 0.079156 0.162258 0.488045 0.000000 0.000000 0.000000 1.000000
-0.148301 -0.000909 0.988942 0.384409 0.083309 -0.996457 0.011577 0.000000 0.985427 0.084105 0.147852 0.488045 0.000000 0.000000 0.000000 1.000000
-0.146798 0.158619 0.976366 0.384409 0.063780 -0.983487 0.169366 0.000000 0.987108 0.087135 0.134257 0.488045 0.000000 0.000000 0.000000 1.000000
-0.143360 0.221764 0.964504 0.384409 0.060675 -0.970768 0.232222 0.000000 0.987809 0.091813 0.125714 0.488045 0.000000 0.000000 0.000000 1.000000
-0.140720 0.220818 0.965110 0.384409 0.068685 -0.970284 0.232016 0.000000 0.987664 0.098938 0.121372 0.488045 0.000000 0.000000 0.000000 1.000000
-0.138150 0.217425 0.966251 0.384409 0.077053 -0.970289 0.229350 0.000000 0.987409 0.106137 0.117292 0.488045 0.000000 0.000000 0.000000 1.000000
-0.135662 0.211956 0.967817 0.384409 0.085642 -0.970683 0.224589 0.000000 0.987047 0.113354 0.113533 0.488045 0.000000 0.000000 0.000000 1.000000
-0.133270 0.204781 0.969693 0.384409 0.094316 -0.971359 0.218095 -0.000000 0.986582 0.120523 0.110139 0.488045 0.000000 0.000000 0.000000 1.000000
-0.130984 0.196266 0.971763 0.384409 0.102940 -0.972217 0.210233 0.000000 0.986026 0.127571 0.107141 0.488045 0.000000 0.000000 0.000000 1.000000
-0.128819 0.186781 0.973919 0.384409 0.111379 -0.973163 0.201368 0.000000 0.985394 0.134414 0.104558 0.488045 0.000000 0.000000 0.000000 1.000000
-0.126787 0.176697 0.976065 0.384409 0.119498 -0.974119 0.191867 0.000000 0.984706 0.140964 0.102391 0.488045 0.000000 0.000000 0.000000 1.000000
-0.124907 0.166384 0.978118 0.384409 0.127162 -0.975023 0.182097 0.000000 0.983986 0.147124 0.100629 0.488045 0.000000 0.000000 0.000000 1.000000
-0.123197 0.156219 0.980009 0.384409 0.134236 -0.975833 0.172428 0.000000 0.983262 0.152795 0.099249 0.488045 0.000000 0.000000 0.000000 1.000000
-0.121679 0.146577 0.981687 0.384409 0.140587 -0.976520 0.163231 0.000000 0.982563 0.157875 0.098215 0.488045 0.000000 0.000000 0.000000 1.000000
-0.120377 0.137836 0.983113 0.384409 0.146083 -0.977074 0.154877 0.000000 0.981921 0.162259 0.097482 0.488045 0.000000 0.000000 0.000000 1.000000
-0.119317 0.130376 0.984259 0.384409 0.150588 -0.977496 0.147735 0.000000 0.981370 0.165845 0.096999 0.488045 0.000000 0.000000 0.000000 1.000000
-0.118526 0.124575 0.985105 0.384409 0.153971 -0.977793 0.142176 0.000000 0.980941 0.168530 0.096713 0.488045 0.000000 0.000000 0.000000 1.000000
-0.118032 0.120816 0.985633 0.384409 0.156099 -0.977973 0.138570 0.000000 0.980664 0.170212 0.096573 0.488045 0.000000 0.000000 0.000000 1.000000
-0.117862 0.119478 0.985816 0.384409 0.156838 -0.978036 0.137286 0.000000 0.980566 0.170794 0.096534 0.488045 0.000000 0.000000 0.000000 1.000000</float_array><technique_common><accessor source="#l_upleg_jnt-Matrix-animation-output-transform-array" count="31" stride="16"><param type="float4x4"/></accessor></technique_common></source><source id="l_upleg_jnt-Interpolations"><Name_array id="l_upleg_jnt-Interpolations-array" count="31">
 LINEAR LINEAR LINEAR LINEAR LINEAR LINEAR LINEAR LINEAR LINEAR LINEAR LINEAR
LINEAR LINEAR LINEAR LINEAR LINEAR LINEAR LINEAR LINEAR LINEAR LINEAR LINEAR LINEAR
LINEAR LINEAR LINEAR LINEAR LINEAR LINEAR LINEAR LINEAR</Name_array><technique_common><accessor source="#l_upleg_jnt-Interpolations-array" count="31"><param type="name"/></accessor></technique_common></source><sampler id="l_upleg_jnt-Matrix-animation-transform"><input semantic="INPUT" source="#l_upleg_jnt-Matrix-animation-input"/><input semantic="OUTPUT" source="#l_upleg_jnt-Matrix-animation-output-transform"/><input semantic="INTERPOLATION" source="#l_upleg_jnt-Interpolations"/></sampler><channel source="#l_upleg_jnt-Matrix-animation-transform" target="l_upleg_jnt/matrix"/></animation></animation>
    <animation id="l_leg_jnt-anim" name="l_leg_jnt"><animation><source id="l_leg_jnt-Matrix-animation-input"><float_array id="l_leg_jnt-Matrix-animation-input-array" count="31">

0.000000 0.033333 0.066667 0.100000 0.133333 0.166667 0.200000 0.233333 0.266667 0.300000 0.333333 0.366667 0.400000 0.433333 0.466667 0.500000
0.533333 0.566667 0.600000 0.633333 0.666667 0.700000 0.733333 0.766667 0.800000 0.833333 0.866667 0.900000 0.933333 0.966667 1.000000</float_array><technique_common><accessor source="#l_leg_jnt-Matrix-animation-input-array" count="31"><param name="TIME" type="float"/></accessor></technique_common></source><source id="l_leg_jnt-Matrix-animation-output-transform"><float_array id="l_leg_jnt-Matrix-animation-output-transform-array" count="496">

0.999788 -0.002625 -0.020432 0.000000 0.002508 0.999980 -0.005734 0.000000 0.020446 0.005682 0.999775 0.722353 0.000000 0.000000 0.000000 1.000000
0.999785 -0.004955 -0.020116 0.000000 0.004566 0.999803 -0.019328 0.000000 0.020208 0.019232 0.999611 0.722353 0.000000 0.000000 0.000000 1.000000
0.999754 -0.011261 -0.019100 0.000000 0.010171 0.998366 -0.056226 0.000000 0.019702 0.056018 0.998235 0.722353 0.000000 0.000000 0.000000 1.000000
0.999643 -0.020484 -0.017177 -0.000000 0.018464 0.993705 -0.110495 0.000000 0.019332 0.110139 0.993728 0.722353 0.000000 0.000000 0.000000 1.000000
0.999402 -0.031537 -0.014166 0.000000 0.028555 0.983974 -0.176009 0.000000 0.019490 0.175499 0.984287 0.722353 0.000000 0.000000 0.000000 1.000000
0.999010 -0.043328 -0.010058 0.000000 0.039516 0.968332 -0.246518 0.000000 0.020421 0.245876 0.969086 0.722353 0.000000 0.000000 0.000000 1.000000
0.998483 -0.054820 -0.005095 0.000000 0.050406 0.947456 -0.315890 0.000000 0.022144 0.315154 0.948782 0.722353 0.000000 0.000000 0.000000 1.000000
0.997880 -0.065077 0.000212 0.000000 0.060318 0.923670 -0.378412 0.000000 0.024430 0.377622 0.925637 0.722353 0.000000 0.000000 0.000000 1.000000
0.997297 -0.073302 0.005131 0.000000 0.068410 0.900710 -0.429001 0.000000 0.026825 0.428193 0.903289 0.722353 0.000000 0.000000 0.000000 1.000000
0.996850 -0.078820 0.008794 0.000000 0.073917 0.883173 -0.463186 0.000000 0.028742 0.462377 0.886217 0.722353 0.000000 0.000000 0.000000 1.000000
0.996507 -0.082705 0.011563 0.000000 0.077837 0.869709 -0.487389 0.000000 0.030253 0.486587 0.873108 0.722353 0.000000 0.000000 0.000000 1.000000
0.996153 -0.086442 0.014385 0.000000 0.081642 0.855827 -0.510779 0.000000 0.031842 0.509988 0.859592 0.722353 0.000000 0.000000 0.000000 1.000000
0.995791 -0.090022 0.017243 0.000000 0.085319 0.841623 -0.533284 0.000000 0.033495 0.532511 0.845760 0.722353 0.000000 0.000000 0.000000 1.000000
0.995422 -0.093434 0.020119 0.000000 0.088858 0.827196 -0.554844 0.000000 0.035199 0.554092 0.831711 0.722353 0.000000 0.000000 0.000000 1.000000
0.995051 -0.096672 0.022993 0.000000 0.092247 0.812652 -0.575402 0.000000 0.036940 0.574675 0.817548 0.722353 0.000000 0.000000 0.000000 1.000000
0.994679 -0.099730 0.025845 0.000000 0.095478 0.798102 -0.594909 0.000000 0.038703 0.594211 0.803377 0.722353 0.000000 0.000000 0.000000 1.000000
0.994310 -0.102602 0.028657 0.000000 0.098542 0.783661 -0.613323 0.000000 0.040470 0.612657 0.789312 0.722353 0.000000 0.000000 0.000000 1.000000
0.993946 -0.105284 0.031407 0.000000 0.101430 0.769445 -0.630608 0.000000 0.042227 0.629976 0.775466 0.722353 0.000000 0.000000 0.000000 1.000000
0.993591 -0.107775 0.034075 0.000000 0.104137 0.755573 -0.646734 0.000000 0.043955 0.646137 0.761954 0.722353 0.000000 0.000000 0.000000 1.000000
0.993248 -0.110071 0.036640 0.000000 0.106655 0.742167 -0.661674 0.000000 0.045638 0.661115 0.748895 0.722353 0.000000 0.000000 0.000000 1.000000
0.992920 -0.112173 0.039082 0.000000 0.108980 0.729346 -0.675409 0.000000 0.047258 0.674887 0.736407 0.722353 0.000000 0.000000 0.000000 1.000000
0.992610 -0.114078 0.041379 0.000000 0.111107 0.717230 -0.687921 0.000000 0.048799 0.687435 0.724605 0.722353 0.000000 0.000000 0.000000 1.000000
0.992321 -0.115787 0.043512 0.000000 0.113030 0.705939 -0.699195 0.000000 0.050241 0.698744 0.713605 0.722353 0.000000 0.000000 0.000000 1.000000
0.992055 -0.117301 0.045460 0.000000 0.114746 0.695589 -0.709218 0.000000 0.051570 0.708799 0.703522 0.722353 0.000000 0.000000 0.000000 1.000000
0.991817 -0.118618 0.047205 0.000000 0.116250 0.686293 -0.717975 0.000000 0.052768 0.717587 0.694467 0.722353 0.000000 0.000000 0.000000 1.000000
0.991609 -0.119739 0.048727 0.000000 0.117538 0.678162 -0.725453 0.000000 0.053820 0.725093 0.686545 0.722353 0.000000 0.000000 0.000000 1.000000
0.991433 -0.120663 0.050009 0.000000 0.118605 0.671301 -0.731634 0.000000 0.054710 0.731297 0.679861 0.722353 0.000000 0.000000 0.000000 1.000000
0.991292 -0.121388 0.051033 -0.000000 0.119447 0.665810 -0.736498 0.000000 0.055423 0.736181 0.674512 0.722353 0.000000 0.000000 0.000000 1.000000
0.991189 -0.121911 0.051783 0.000000 0.120058 0.661785 -0.740018 0.000000 0.055947 0.739715 0.670590 0.722353 0.000000 0.000000 0.000000 1.000000
0.991126 -0.122230 0.052244 0.000000 0.120430 0.659312 -0.742162 0.000000 0.056270 0.741868 0.668181 0.722353 0.000000 0.000000 0.000000 1.000000
0.991104 -0.122338 0.052400 0.000000 0.120556 0.658471 -0.742888 0.000000 0.056379 0.742596 0.667362 0.722353 0.000000 0.000000 0.000000 1.000000</float_array><technique_common><accessor source="#l_leg_jnt-Matrix-animation-output-transform-array" count="31" stride="16"><param type="float4x4"/></accessor></technique_common></source><source id="l_leg_jnt-Interpolations"><Name_array id="l_leg_jnt-Interpolations-array" count="31">
 LINEAR LINEAR LINEAR LINEAR LINEAR LINEAR LINEAR LINEAR LINEAR LINEAR LINEAR
LINEAR LINEAR LINEAR LINEAR LINEAR LINEAR LINEAR LINEAR LINEAR LINEAR LINEAR LINEAR
LINEAR LINEAR LINEAR LINEAR LINEAR LINEAR LINEAR LINEAR</Name_array><technique_common><accessor source="#l_leg_jnt-Interpolations-array" count="31"><param type="name"/></accessor></technique_common></source><sampler id="l_leg_jnt-Matrix-animation-transform"><input semantic="INPUT" source="#l_leg_jnt-Matrix-animation-input"/><input semantic="OUTPUT" source="#l_leg_jnt-Matrix-animation-output-transform"/><input semantic="INTERPOLATION" source="#l_leg_jnt-Interpolations"/></sampler><channel source="#l_leg_jnt-Matrix-animation-transform" target="l_leg_jnt/matrix"/></animation></animation>
    <animation id="l_foot_jnt-anim" name="l_foot_jnt"><animation><source id="l_foot_jnt-Matrix-animation-input"><float_array id="l_foot_jnt-Matrix-animation-input-array" count="31">

0.000000 0.033333 0.066667 0.100000 0.133333 0.166667 0.200000 0.233333 0.266667 0.300000 0.333333 0.366667 0.400000 0.433333 0.466667 0.500000
0.533333 0.566667 0.600000 0.633333 0.666667 0.700000 0.733333 0.766667 0.800000 0.833333 0.866667 0.900000 0.933333 0.966667 1.000000</float_array><technique_common><accessor source="#l_foot_jnt-Matrix-animation-input-array" count="31"><param name="TIME" type="float"/></accessor></technique_common></source><source id="l_foot_jnt-Matrix-animation-output-transform"><float_array id="l_foot_jnt-Matrix-animation-output-transform-array" count="496">

0.988588 0.150647 0.000000 -0.000000 0.019196 -0.125971 0.991848 0.000000 0.149419 -0.980529 -0.127425 0.753460 0.000000 0.000000 0.000000 1.000000
0.988588 0.150646 -0.000211 -0.000000 0.019196 -0.124583 0.992023 0.000000 0.149419 -0.980706 -0.126053 0.753460 0.000000 0.000000 0.000000 1.000000
0.988588 0.150644 -0.000824 -0.000000 0.019196 -0.120546 0.992522 0.000000 0.149419 -0.981211 -0.122062 0.753460 0.000000 0.000000 0.000000 1.000000
0.988588 0.150636 -0.001810 -0.000000 0.019196 -0.114045 0.993290 0.000000 0.149419 -0.981989 -0.115635 0.753460 0.000000 0.000000 0.000000 1.000000
0.988588 0.150614 -0.003141 -0.000000 0.019196 -0.105263 0.994259 0.000000 0.149419 -0.982973 -0.106953 0.753460 0.000000 0.000000 0.000000 1.000000
0.988588 0.150571 -0.004788 -0.000000 0.019196 -0.094385 0.995351 0.000000 0.149419 -0.984083 -0.096199 0.753460 0.000000 0.000000 0.000000 1.000000
0.988588 0.150497 -0.006721 -0.000000 0.019196 -0.081596 0.996481 0.000000 0.149419 -0.985237 -0.083554 0.753460 0.000000 0.000000 0.000000 1.000000
0.988588 0.150383 -0.008911 -0.000000 0.019196 -0.067081 0.997563 0.000000 0.149419 -0.986349 -0.069202 0.753460 0.000000 0.000000 0.000000 1.000000
0.988588 0.150220 -0.011328 -0.000000 0.019196 -0.051029 0.998513 0.000000 0.149419 -0.987335 -0.053330 0.753460 0.000000 0.000000 0.000000 1.000000
0.988588 0.150000 -0.013943 -0.000000 0.019196 -0.033629 0.999250 0.000000 0.149419 -0.988114 -0.036125 0.753460 0.000000 0.000000 0.000000 1.000000
0.988588 0.149715 -0.016725 -0.000000 0.019196 -0.015075 0.999702 0.000000 0.149419 -0.988614 -0.017777 0.753460 0.000000 0.000000 0.000000 1.000000
0.988588 0.149360 -0.019644 -0.000000 0.019196 0.004437 0.999806 0.000000 0.149419 -0.988773 0.001520 0.753460 0.000000 0.000000 0.000000 1.000000
0.988588 0.148931 -0.022668 -0.000000 0.019196 0.024711 0.999510 0.000000 0.149419 -0.988539 0.021570 0.753460 0.000000 0.000000 0.000000 1.000000
0.988588 0.148426 -0.025769 -0.000000 0.019196 0.045545 0.998778 0.000000 0.149419 -0.987874 0.042176 0.753460 0.000000 0.000000 0.000000 1.000000
0.988588 0.147846 -0.028914 -0.000000 0.019196 0.066740 0.997586 0.000000 0.149419 -0.986756 0.063140 0.753460 0.000000 0.000000 0.000000 1.000000
0.988588 0.147192 -0.032075 -0.000000 0.019196 0.088095 0.995927 0.000000 0.149419 -0.985177 0.084264 0.753460 0.000000 0.000000 0.000000 1.000000
0.988588 0.146472 -0.035220 -0.000000 0.019196 0.109410 0.993811 0.000000 0.149419 -0.983146 0.105350 0.753460 0.000000 0.000000 0.000000 1.000000
0.988588 0.145691 -0.038322 -0.000000 0.019196 0.130485 0.991264 0.000000 0.149419 -0.980687 0.126200 0.753460 0.000000 0.000000 0.000000 1.000000
0.988588 0.144860 -0.041352 -0.000000 0.019196 0.151125 0.988328 0.000000 0.149419 -0.977843 0.146620 0.753460 0.000000 0.000000 0.000000 1.000000
0.988588 0.143992 -0.044281 -0.000000 0.019196 0.171135 0.985061 0.000000 0.149419 -0.974669 0.166418 0.753460 0.000000 0.000000 0.000000 1.000000
0.988588 0.143100 -0.047082 -0.000000 0.019196 0.190327 0.981533 0.000000 0.149419 -0.971235 0.185408 0.753460 0.000000 0.000000 0.000000 1.000000
0.988588 0.142202 -0.049730 -0.000000 0.019196 0.208513 0.977831 0.000000 0.149419 -0.967627 0.203404 0.753460 0.000000 0.000000 0.000000 1.000000
0.988588 0.141314 -0.052200 -0.000000 0.019196 0.225513 0.974051 0.000000 0.149419 -0.963937 0.220227 0.753460 0.000000 0.000000 0.000000 1.000000
0.988588 0.140456 -0.054466 -0.000000 0.019196 0.241150 0.970298 0.000000 0.149419 -0.960270 0.235701 0.753460 0.000000 0.000000 0.000000 1.000000
0.988588 0.139648 -0.056505 -0.000000 0.019196 0.255249 0.966685 0.000000 0.149419 -0.956737 0.249655 0.753460 0.000000 0.000000 0.000000 1.000000
0.988588 0.138911 -0.058293 -0.000000 0.019196 0.267641 0.963327 0.000000 0.149419 -0.953453 0.261920 0.753460 0.000000 0.000000 0.000000 1.000000
0.988588 0.138265 -0.059809 -0.000000 0.019196 0.278159 0.960343 0.000000 0.149419 -0.950532 0.272330 0.753460 0.000000 0.000000 0.000000 1.000000
0.988588 0.137732 -0.061028 -0.000000 0.019196 0.286634 0.957848 0.000000 0.149419 -0.948088 0.280719 0.753460 0.000000 0.000000 0.000000 1.000000
0.988588 0.137329 -0.061929 -0.000000 0.019196 0.292899 0.955951 0.000000 0.149419 -0.946230 0.286921 0.753460 0.000000 0.000000 0.000000 1.000000
0.988588 0.137076 -0.062487 -0.000000 0.019196 0.296786 0.954751 0.000000 0.149419 -0.945054 0.290768 0.753460 0.000000 0.000000 0.000000 1.000000
0.988588 0.136988 -0.062678 -0.000000 0.019196 0.298121 0.954335 0.000000 0.149419 -0.944647 0.292090 0.753460 0.000000 0.000000 0.000000 1.000000</float_array><technique_common><accessor source="#l_foot_jnt-Matrix-animation-output-transform-array" count="31" stride="16"><param type="float4x4"/></accessor></technique_common></source><source id="l_foot_jnt-Interpolations"><Name_array id="l_foot_jnt-Interpolations-array" count="31">
 LINEAR LINEAR LINEAR LINEAR LINEAR LINEAR LINEAR LINEAR LINEAR LINEAR LINEAR
LINEAR LINEAR LINEAR LINEAR LINEAR LINEAR LINEAR LINEAR LINEAR LINEAR LINEAR LINEAR
LINEAR LINEAR LINEAR LINEAR LINEAR LINEAR LINEAR LINEAR</Name_array><technique_common><accessor source="#l_foot_jnt-Interpolations-array" count="31"><param type="name"/></accessor></technique_common></source><sampler id="l_foot_jnt-Matrix-animation-transform"><input semantic="INPUT" source="#l_foot_jnt-Matrix-animation-input"/><input semantic="OUTPUT" source="#l_foot_jnt-Matrix-animation-output-transform"/><input semantic="INTERPOLATION" source="#l_foot_jnt-Interpolations"/></sampler><channel source="#l_foot_jnt-Matrix-animation-transform" target="l_foot_jnt/matrix"/></animation></animation>
    <animation id="spine2_jnt-anim" name="spine2_jnt"><animation><source id="spine2_jnt-Matrix-animation-input"><float_array id="spine2_jnt-Matrix-animation-input-array" count="31">

0.000000 0.033333 0.066667 0.100000 0.133333 0.166667 0.200000 0.233333 0.266667 0.300000 0.333333 0.366667 0.400000 0.433333 0.466667 0.500000
0.533333 0.566667 0.600000 0.633333 0.666667 0.700000 0.733333 0.766667 0.800000 0.833333 0.866667 0.900000 0.933333 0.966667 1.000000</float_array><technique_common><accessor source="#spine2_jnt-Matrix-animation-input-array" count="31"><param name="TIME" type="float"/></accessor></technique_common></source><source id="spine2_jnt-Matrix-animation-output-transform"><float_array id="spine2_jnt-Matrix-animation-output-transform-array" count="496">

1.000000 0.000000 0.000000 -1.145606 0.000000 1.000000 -0.000000 0.218733 -0.000000 0.000000 1.000000 0.000000 0.000000 0.000000 0.000000 1.000000
0.999990 -0.004435 0.000000 -1.145606 0.004435 0.999990 -0.000000 0.218733 -0.000000 0.000000 1.000000 0.000000 0.000000 0.000000 0.000000 1.000000
0.999858 -0.016852 0.000000 -1.145606 0.016852 0.999858 -0.000000 0.218733 -0.000000 0.000000 1.000000 0.000000 0.000000 0.000000 0.000000 1.000000
0.999355 -0.035916 0.000000 -1.145606 0.035916 0.999355 -0.000000 0.218733 0.000000 0.000000 1.000000 0.000000 0.000000 0.000000 0.000000 1.000000
0.998182 -0.060279 0.000000 -1.145606 0.060279 0.998182 -0.000000 0.218733 0.000000 0.000000 1.000000 0.000000 0.000000 0.000000 0.000000 1.000000
0.996069 -0.088584 0.000000 -1.145606 0.088584 0.996069 -0.000000 0.218733 0.000000 0.000000 1.000000 0.000000 0.000000 0.000000 0.000000 1.000000
0.992839 -0.119459 0.000000 -1.145606 0.119459 0.992839 -0.000000 0.218733 -0.000000 0.000000 1.000000 0.000000 0.000000 0.000000 0.000000 1.000000
0.988452 -0.151534 0.000000 -1.145606 0.151534 0.988452 -0.000000 0.218733 -0.000000 0.000000 1.000000 0.000000 0.000000 0.000000 0.000000 1.000000
0.983029 -0.183451 0.000000 -1.145606 0.183451 0.983029 -0.000000 0.218733 -0.000000 0.000000 1.000000 0.000000 0.000000 0.000000 0.000000 1.000000
0.976861 -0.213876 0.000000 -1.145606 0.213876 0.976861 -0.000000 0.218733 -0.000000 0.000000 1.000000 0.000000 0.000000 0.000000 0.000000 1.000000
0.970398 -0.241513 0.000000 -1.145606 0.241513 0.970398 -0.000000 0.218733 -0.000000 0.000000 1.000000 0.000000 0.000000 0.000000 0.000000 1.000000
0.964218 -0.265109 0.000000 -1.145606 0.265109 0.964218 0.000000 0.218733 -0.000000 0.000000 1.000000 0.000000 0.000000 0.000000 0.000000 1.000000
0.958988 -0.283448 0.000000 -1.145606 0.283448 0.958988 -0.000000 0.218733 -0.000000 0.000000 1.000000 0.000000 0.000000 0.000000 0.000000 1.000000
0.955394 -0.295334 -0.000000 -1.145606 0.295334 0.955394 -0.000000 0.218733 0.000000 0.000000 1.000000 0.000000 0.000000 0.000000 0.000000 1.000000
0.954075 -0.299569 0.000000 -1.145606 0.299569 0.954075 -0.000000 0.218733 -0.000000 0.000000 1.000000 0.000000 0.000000 0.000000 0.000000 1.000000
0.955676 -0.294421 0.000000 -1.145606 0.294421 0.955676 -0.000000 0.218733 -0.000000 0.000000 1.000000 0.000000 0.000000 0.000000 0.000000 1.000000
0.960050 -0.279829 0.000000 -1.145606 0.279829 0.960050 -0.000000 0.218733 -0.000000 0.000000 1.000000 0.000000 0.000000 0.000000 0.000000 1.000000
0.966404 -0.257026 0.000000 -1.145606 0.257026 0.966404 0.000000 0.218733 -0.000000 0.000000 1.000000 0.000000 0.000000 0.000000 0.000000 1.000000
0.973839 -0.227239 0.000000 -1.145606 0.227239 0.973839 -0.000000 0.218733 -0.000000 0.000000 1.000000 0.000000 0.000000 0.000000 0.000000 1.000000
0.981450 -0.191719 0.000000 -1.145606 0.191719 0.981450 -0.000000 0.218733 -0.000000 0.000000 1.000000 0.000000 0.000000 0.000000 0.000000 1.000000
0.988415 -0.151778 0.000000 -1.145606 0.151778 0.988415 0.000000 0.218733 -0.000000 0.000000 1.000000 0.000000 0.000000 0.000000 0.000000 1.000000
0.994065 -0.108792 -0.000000 -1.145606 0.108792 0.994065 -0.000000 0.218733 0.000000 0.000000 1.000000 0.000000 0.000000 0.000000 0.000000 1.000000
0.997937 -0.064198 0.000000 -1.145606 0.064198 0.997937 0.000000 0.218733 -0.000000 0.000000 1.000000 0.000000 0.000000 0.000000 0.000000 1.000000
0.999810 -0.019476 0.000000 -1.145606 0.019476 0.999810 -0.000000 0.218733 -0.000000 0.000000 1.000000 0.000000 0.000000 0.000000 0.000000 1.000000
0.999715 0.023879 0.000000 -1.145606 -0.023879 0.999715 -0.000000 0.218733 -0.000000 0.000000 1.000000 0.000000 0.000000 0.000000 0.000000 1.000000
0.997925 0.064384 0.000000 -1.145606 -0.064384 0.997925 -0.000000 0.218733 -0.000000 0.000000 1.000000 0.000000 0.000000 0.000000 0.000000 1.000000
0.994928 0.100586 -0.000000 -1.145606 -0.100586 0.994928 -0.000000 0.218733 -0.000000 0.000000 1.000000 0.000000 0.000000 0.000000 0.000000 1.000000
0.991372 0.131081 0.000000 -1.145606 -0.131081 0.991372 -0.000000 0.218733 -0.000000 0.000000 1.000000 0.000000 0.000000 0.000000 0.000000 1.000000
0.987991 0.154509 0.000000 -1.145606 -0.154509 0.987991 -0.000000 0.218733 -0.000000 0.000000 1.000000 0.000000 0.000000 0.000000 0.000000 1.000000
0.985523 0.169542 0.000000 -1.145606 -0.169542 0.985523 -0.000000 0.218733 -0.000000 0.000000 1.000000 0.000000 0.000000 0.000000 0.000000 1.000000
0.984595 0.174852 0.000000 -1.145606 -0.174852 0.984595 -0.000000 0.218733 -0.000000 0.000000 1.000000 -0.000000 0.000000 0.000000 0.000000 1.000000</float_array><technique_common><accessor source="#spine2_jnt-Matrix-animation-output-transform-array" count="31" stride="16"><param type="float4x4"/></accessor></technique_common></source><source id="spine2_jnt-Interpolations"><Name_array id="spine2_jnt-Interpolations-array" count="31">
 LINEAR LINEAR LINEAR LINEAR LINEAR LINEAR LINEAR LINEAR LINEAR LINEAR LINEAR
LINEAR LINEAR LINEAR LINEAR LINEAR LINEAR LINEAR LINEAR LINEAR LINEAR LINEAR LINEAR
LINEAR LINEAR LINEAR LINEAR LINEAR LINEAR LINEAR LINEAR</Name_array><technique_common><accessor source="#spine2_jnt-Interpolations-array" count="31"><param type="name"/></accessor></technique_common></source><sampler id="spine2_jnt-Matrix-animation-transform"><input semantic="INPUT" source="#spine2_jnt-Matrix-animation-input"/><input semantic="OUTPUT" source="#spine2_jnt-Matrix-animation-output-transform"/><input semantic="INTERPOLATION" source="#spine2_jnt-Interpolations"/></sampler><channel source="#spine2_jnt-Matrix-animation-transform" target="spine2_jnt/matrix"/></animation></animation>
    <animation id="l_uparm_jnt-anim" name="l_uparm_jnt"><animation><source id="l_uparm_jnt-Matrix-animation-input"><float_array id="l_uparm_jnt-Matrix-animation-input-array" count="31">

0.000000 0.033333 0.066667 0.100000 0.133333 0.166667 0.200000 0.233333 0.266667 0.300000 0.333333 0.366667 0.400000 0.433333 0.466667 0.500000
0.533333 0.566667 0.600000 0.633333 0.666667 0.700000 0.733333 0.766667 0.800000 0.833333 0.866667 0.900000 0.933333 0.966667 1.000000</float_array><technique_common><accessor source="#l_uparm_jnt-Matrix-animation-input-array" count="31"><param name="TIME" type="float"/></accessor></technique_common></source><source id="l_uparm_jnt-Matrix-animation-output-transform"><float_array id="l_uparm_jnt-Matrix-animation-output-transform-array" count="496">

1.000000 0.000000 -0.000000 -0.462678 -0.000000 1.000000 0.000000 0.174359 0.000000 -0.000000 1.000000 0.817069 0.000000 0.000000 0.000000 1.000000
0.999779 0.016195 0.013439 -0.462678 -0.016387 0.999763 0.014333 0.174359 -0.013203 -0.014550 0.999807 0.817069 0.000000 0.000000 0.000000 1.000000
0.996945 0.060359 0.049581 -0.462678 -0.062567 0.997059 0.044262 0.174359 -0.046763 -0.047229 0.997789 0.817069 0.000000 0.000000 0.000000 1.000000
