<?xml version="1.0" encoding="utf-8"?>
<COLLADA xmlns="http://www.collada.org/2005/11/COLLADASchema" version="1.4.1">
  <asset><contributor><author></author><authoring_tool>FBX COLLADA exporter</authoring_tool><comments></comments></contributor><created>2019-10-23T15:45:35Z</created><keywords></keywords><modified>2019-10-23T15:45:35Z</modified><revision></revision><subject></subject><title></title><unit meter="0.010000" name="centimeter"></unit><up_axis>Y_UP</up_axis></asset>
  <library_animations>
    <animation id="rig_char_workbench_arm_jnt-anim" name="rig_char_workbench_arm_jnt"><animation><source id="rig_char_workbench_arm_jnt-Matrix-animation-input"><float_array id="rig_char_workbench_arm_jnt-Matrix-animation-input-array" count="110">

0.041667 0.083333 0.125000 0.166667 0.208333 0.250000 0.291667 0.333333 0.375000 0.416667 0.458333 0.500000 0.541667 0.583333 0.625000 0.666667
0.708333 0.750000 0.791667 0.833333 0.875000 0.916667 0.958333 1.000000 1.041667 1.083333 1.125000 1.166667 1.208333 1.250000 1.291667 1.333333
1.375000 1.416667 1.458333 1.500000 1.541667 1.583333 1.625000 1.666667 1.708333 1.750000 1.791667 1.833333 1.875000 1.916667 1.958333 2.000000
2.041667 2.083333 2.125000 2.166667 2.208333 2.250000 2.291667 2.333333 2.375000 2.416667 2.458333 2.500000 2.541667 2.583333 2.625000 2.666667
2.708333 2.750000 2.791667 2.833333 2.875000 2.916667 2.958333 3.000000 3.041667 3.083333 3.125000 3.166667 3.208333 3.250000 3.291667 3.333333
3.375000 3.416667 3.458333 3.500000 3.541667 3.583333 3.625000 3.666667 3.708333 3.750000 3.791667 3.833333 3.875000 3.916667 3.958333 4.000000
4.041667 4.083333 4.125000 4.166667 4.208333 4.250000 4.291667 4.333333 4.375000 4.416667 4.458333 4.500000 4.541667 4.583333</float_array><technique_common><accessor source="#rig_char_workbench_arm_jnt-Matrix-animation-input-array" count="110"><param name="TIME" type="float"/></accessor></technique_common></source><source id="rig_char_workbench_arm_jnt-Matrix-animation-output-transform"><float_array id="rig_char_workbench_arm_jnt-Matrix-animation-output-transform-array" count="1760">

1.000000 0.000000 0.000000 0.000000 0.000000 1.000000 0.000000 3.520595 0.000000 0.000000 1.000000 -0.879316 0.000000 0.000000 0.000000 1.000000
1.000000 0.000000 0.000000 0.000000 0.000000 0.999582 0.028916 3.520595 0.000000 -0.028916 0.999582 -0.879316 0.000000 0.000000 0.000000 1.000000
1.000000 0.000000 0.000000 0.000000 0.000000 0.994266 0.106931 3.520595 0.000000 -0.106931 0.994266 -0.879316 0.000000 0.000000 0.000000 1.000000
1.000000 0.000000 0.000000 0.000000 0.000000 0.975496 0.220018 3.520595 0.000000 -0.220018 0.975496 -0.879316 0.000000 0.000000 0.000000 1.000000
1.000000 0.000000 0.000000 0.000000 0.000000 0.935827 0.352460 3.520595 0.000000 -0.352460 0.935827 -0.879316 0.000000 0.000000 0.000000 1.000000
1.000000 0.000000 0.000000 0.000000 0.000000 0.873029 0.487668 3.520595 0.000000 -0.487668 0.873029 -0.879316 0.000000 0.000000 0.000000 1.000000
1.000000 0.000000 0.000000 0.000000 0.000000 0.792027 0.610486 3.520595 0.000000 -0.610486 0.792027 -0.879316 0.000000 0.000000 0.000000 1.000000
1.000000 0.000000 0.000000 0.000000 0.000000 0.704446 0.709758 3.520595 0.000000 -0.709758 0.704446 -0.879316 0.000000 0.000000 0.000000 1.000000
1.000000 0.000000 0.000000 0.000000 0.000000 0.626264 0.779611 3.520595 0.000000 -0.779611 0.626264 -0.879316 0.000000 0.000000 0.000000 1.000000
1.000000 0.000000 0.000000 0.000000 0.000000 0.574723 0.818348 3.520595 0.000000 -0.818348 0.574723 -0.879316 0.000000 0.000000 0.000000 1.000000
1.000000 0.000000 0.000000 0.000000 0.000000 0.551456 0.834204 3.520595 0.000000 -0.834204 0.551456 -0.879316 0.000000 0.000000 0.000000 1.000000
1.000000 0.000000 0.000000 0.000000 0.000000 0.542773 0.839880 3.520595 0.000000 -0.839880 0.542773 -0.879316 0.000000 0.000000 0.000000 1.000000
1.000000 0.000000 0.000000 0.000000 0.000000 0.541528 0.840683 3.520595 0.000000 -0.840683 0.541528 -0.879316 0.000000 0.000000 0.000000 1.000000
1.000000 0.000000 0.000000 0.000000 0.000000 0.546773 0.837281 3.520595 0.000000 -0.837281 0.546773 -0.879316 0.000000 0.000000 0.000000 1.000000
1.000000 0.000000 0.000000 0.000000 0.000000 0.558237 0.829682 3.520595 0.000000 -0.829682 0.558237 -0.879316 0.000000 0.000000 0.000000 1.000000
1.000000 0.000000 0.000000 0.000000 0.000000 0.569595 0.821925 3.520595 0.000000 -0.821925 0.569595 -0.879316 0.000000 0.000000 0.000000 1.000000
1.000000 0.000000 0.000000 0.000000 0.000000 0.574723 0.818348 3.520595 0.000000 -0.818348 0.574723 -0.879316 0.000000 0.000000 0.000000 1.000000
1.000000 0.000000 0.000000 0.000000 0.000000 0.574723 0.818348 3.520595 0.000000 -0.818348 0.574723 -0.879316 0.000000 0.000000 0.000000 1.000000
1.000000 0.000000 0.000000 0.000000 0.000000 0.574723 0.818348 3.520595 0.000000 -0.818348 0.574723 -0.879316 0.000000 0.000000 0.000000 1.000000
1.000000 0.000000 0.000000 0.000000 0.000000 0.574723 0.818348 3.520595 0.000000 -0.818348 0.574723 -0.879316 0.000000 0.000000 0.000000 1.000000
1.000000 0.000000 0.000000 0.000000 0.000000 0.574723 0.818348 3.520595 0.000000 -0.818348 0.574723 -0.879316 0.000000 0.000000 0.000000 1.000000
1.000000 0.000000 0.000000 0.000000 0.000000 0.574723 0.818348 3.520595 0.000000 -0.818348 0.574723 -0.879316 0.000000 0.000000 0.000000 1.000000
1.000000 0.000000 0.000000 0.000000 0.000000 0.574723 0.818348 3.520595 0.000000 -0.818348 0.574723 -0.879316 0.000000 0.000000 0.000000 1.000000
1.000000 0.000000 0.000000 0.000000 0.000000 0.574723 0.818348 3.520595 0.000000 -0.818348 0.574723 -0.879316 0.000000 0.000000 0.000000 1.000000
1.000000 0.000000 0.000000 0.000000 0.000000 0.574723 0.818348 3.520595 0.000000 -0.818348 0.574723 -0.879316 0.000000 0.000000 0.000000 1.000000
1.000000 0.000000 0.000000 0.000000 0.000000 0.574723 0.818348 3.520595 0.000000 -0.818348 0.574723 -0.879316 0.000000 0.000000 0.000000 1.000000
1.000000 0.000000 0.000000 0.000000 0.000000 0.574723 0.818348 3.520595 0.000000 -0.818348 0.574723 -0.879316 0.000000 0.000000 0.000000 1.000000
1.000000 0.000000 0.000000 0.000000 0.000000 0.574723 0.818348 3.520595 0.000000 -0.818348 0.574723 -0.879316 0.000000 0.000000 0.000000 1.000000
1.000000 0.000000 0.000000 0.000000 0.000000 0.574723 0.818348 3.520595 0.000000 -0.818348 0.574723 -0.879316 0.000000 0.000000 0.000000 1.000000
1.000000 0.000000 0.000000 0.000000 0.000000 0.574723 0.818348 3.520595 0.000000 -0.818348 0.574723 -0.879316 0.000000 0.000000 0.000000 1.000000
1.000000 0.000000 0.000000 0.000000 0.000000 0.574723 0.818348 3.520595 0.000000 -0.818348 0.574723 -0.879316 0.000000 0.000000 0.000000 1.000000
1.000000 0.000000 0.000000 0.000000 0.000000 0.574723 0.818348 3.520595 0.000000 -0.818348 0.574723 -0.879316 0.000000 0.000000 0.000000 1.000000
1.000000 0.000000 0.000000 0.000000 0.000000 0.574723 0.818348 3.520595 0.000000 -0.818348 0.574723 -0.879316 0.000000 0.000000 0.000000 1.000000
1.000000 0.000000 0.000000 0.000000 0.000000 0.574723 0.818348 3.520595 0.000000 -0.818348 0.574723 -0.879316 0.000000 0.000000 0.000000 1.000000
1.000000 0.000000 0.000000 0.000000 0.000000 0.574723 0.818348 3.520595 0.000000 -0.818348 0.574723 -0.879316 0.000000 0.000000 0.000000 1.000000
1.000000 0.000000 0.000000 0.000000 0.000000 0.574723 0.818348 3.520595 0.000000 -0.818348 0.574723 -0.879316 0.000000 0.000000 0.000000 1.000000
1.000000 0.000000 0.000000 0.000000 0.000000 0.574723 0.818348 3.520595 0.000000 -0.818348 0.574723 -0.879316 0.000000 0.000000 0.000000 1.000000
1.000000 0.000000 0.000000 0.000000 0.000000 0.574723 0.818348 3.520595 0.000000 -0.818348 0.574723 -0.879316 0.000000 0.000000 0.000000 1.000000
1.000000 0.000000 0.000000 0.000000 0.000000 0.574723 0.818348 3.520595 0.000000 -0.818348 0.574723 -0.879316 0.000000 0.000000 0.000000 1.000000
1.000000 0.000000 0.000000 0.000000 0.000000 0.574723 0.818348 3.520595 0.000000 -0.818348 0.574723 -0.879316 0.000000 0.000000 0.000000 1.000000
1.000000 0.000000 0.000000 0.000000 0.000000 0.574723 0.818348 3.520595 0.000000 -0.818348 0.574723 -0.879316 0.000000 0.000000 0.000000 1.000000
1.000000 0.000000 0.000000 0.000000 0.000000 0.574723 0.818348 3.520595 0.000000 -0.818348 0.574723 -0.879316 0.000000 0.000000 0.000000 1.000000
1.000000 0.000000 0.000000 0.000000 0.000000 0.574723 0.818348 3.520595 0.000000 -0.818348 0.574723 -0.879316 0.000000 0.000000 0.000000 1.000000
1.000000 0.000000 0.000000 0.000000 0.000000 0.574723 0.818348 3.520595 0.000000 -0.818348 0.574723 -0.879316 0.000000 0.000000 0.000000 1.000000
1.000000 0.000000 0.000000 0.000000 0.000000 0.574723 0.818348 3.520595 0.000000 -0.818348 0.574723 -0.879316 0.000000 0.000000 0.000000 1.000000
1.000000 0.000000 0.000000 0.000000 0.000000 0.574723 0.818348 3.520595 0.000000 -0.818348 0.574723 -0.879316 0.000000 0.000000 0.000000 1.000000
1.000000 0.000000 0.000000 0.000000 0.000000 0.574723 0.818348 3.520595 0.000000 -0.818348 0.574723 -0.879316 0.000000 0.000000 0.000000 1.000000
1.000000 0.000000 0.000000 0.000000 0.000000 0.574723 0.818348 3.520595 0.000000 -0.818348 0.574723 -0.879316 0.000000 0.000000 0.000000 1.000000
1.000000 0.000000 0.000000 0.000000 0.000000 0.574723 0.818348 3.520595 0.000000 -0.818348 0.574723 -0.879316 0.000000 0.000000 0.000000 1.000000
1.000000 0.000000 0.000000 0.000000 0.000000 0.574723 0.818348 3.520595 0.000000 -0.818348 0.574723 -0.879316 0.000000 0.000000 0.000000 1.000000
1.000000 0.000000 0.000000 0.000000 0.000000 0.574723 0.818348 3.520595 0.000000 -0.818348 0.574723 -0.879316 0.000000 0.000000 0.000000 1.000000
1.000000 0.000000 0.000000 0.000000 0.000000 0.574723 0.818348 3.520595 0.000000 -0.818348 0.574723 -0.879316 0.000000 0.000000 0.000000 1.000000
1.000000 0.000000 0.000000 0.000000 0.000000 0.574723 0.818348 3.520595 0.000000 -0.818348 0.574723 -0.879316 0.000000 0.000000 0.000000 1.000000
1.000000 0.000000 0.000000 0.000000 0.000000 0.574723 0.818348 3.520595 0.000000 -0.818348 0.574723 -0.879316 0.000000 0.000000 0.000000 1.000000
1.000000 0.000000 0.000000 0.000000 0.000000 0.574723 0.818348 3.520595 0.000000 -0.818348 0.574723 -0.879316 0.000000 0.000000 0.000000 1.000000
1.000000 0.000000 0.000000 0.000000 0.000000 0.574723 0.818348 3.520595 0.000000 -0.818348 0.574723 -0.879316 0.000000 0.000000 0.000000 1.000000
1.000000 0.000000 0.000000 0.000000 0.000000 0.574723 0.818348 3.520595 0.000000 -0.818348 0.574723 -0.879316 0.000000 0.000000 0.000000 1.000000
1.000000 0.000000 0.000000 0.000000 0.000000 0.574723 0.818348 3.520595 0.000000 -0.818348 0.574723 -0.879316 0.000000 0.000000 0.000000 1.000000
1.000000 0.000000 0.000000 0.000000 0.000000 0.574723 0.818348 3.520595 0.000000 -0.818348 0.574723 -0.879316 0.000000 0.000000 0.000000 1.000000
1.000000 0.000000 0.000000 0.000000 0.000000 0.574723 0.818348 3.520595 0.000000 -0.818348 0.574723 -0.879316 0.000000 0.000000 0.000000 1.000000
1.000000 0.000000 0.000000 0.000000 0.000000 0.574723 0.818348 3.520595 0.000000 -0.818348 0.574723 -0.879316 0.000000 0.000000 0.000000 1.000000
1.000000 0.000000 0.000000 0.000000 0.000000 0.574723 0.818348 3.520595 0.000000 -0.818348 0.574723 -0.879316 0.000000 0.000000 0.000000 1.000000
1.000000 0.000000 0.000000 0.000000 0.000000 0.574723 0.818348 3.520595 0.000000 -0.818348 0.574723 -0.879316 0.000000 0.000000 0.000000 1.000000
1.000000 0.000000 0.000000 0.000000 0.000000 0.574723 0.818348 3.520595 0.000000 -0.818348 0.574723 -0.879316 0.000000 0.000000 0.000000 1.000000
1.000000 0.000000 0.000000 0.000000 0.000000 0.574723 0.818348 3.520595 0.000000 -0.818348 0.574723 -0.879316 0.000000 0.000000 0.000000 1.000000
1.000000 0.000000 0.000000 0.000000 0.000000 0.574723 0.818348 3.520595 0.000000 -0.818348 0.574723 -0.879316 0.000000 0.000000 0.000000 1.000000
1.000000 0.000000 0.000000 0.000000 0.000000 0.574723 0.818348 3.520595 0.000000 -0.818348 0.574723 -0.879316 0.000000 0.000000 0.000000 1.000000
1.000000 0.000000 0.000000 0.000000 0.000000 0.574723 0.818348 3.520595 0.000000 -0.818348 0.574723 -0.879316 0.000000 0.000000 0.000000 1.000000
1.000000 0.000000 0.000000 0.000000 0.000000 0.574723 0.818348 3.520595 0.000000 -0.818348 0.574723 -0.879316 0.000000 0.000000 0.000000 1.000000
1.000000 0.000000 0.000000 0.000000 0.000000 0.574723 0.818348 3.520595 0.000000 -0.818348 0.574723 -0.879316 0.000000 0.000000 0.000000 1.000000
1.000000 0.000000 0.000000 0.000000 0.000000 0.574723 0.818348 3.520595 0.000000 -0.818348 0.574723 -0.879316 0.000000 0.000000 0.000000 1.000000
1.000000 0.000000 0.000000 0.000000 0.000000 0.574723 0.818348 3.520595 0.000000 -0.818348 0.574723 -0.879316 0.000000 0.000000 0.000000 1.000000
1.000000 0.000000 0.000000 0.000000 0.000000 0.574723 0.818348 3.520595 0.000000 -0.818348 0.574723 -0.879316 0.000000 0.000000 0.000000 1.000000
1.000000 0.000000 0.000000 0.000000 0.000000 0.574723 0.818348 3.520595 0.000000 -0.818348 0.574723 -0.879316 0.000000 0.000000 0.000000 1.000000
1.000000 0.000000 0.000000 0.000000 0.000000 0.574723 0.818348 3.520595 0.000000 -0.818348 0.574723 -0.879316 0.000000 0.000000 0.000000 1.000000
1.000000 0.000000 0.000000 0.000000 0.000000 0.574723 0.818348 3.520595 0.000000 -0.818348 0.574723 -0.879316 0.000000 0.000000 0.000000 1.000000
1.000000 0.000000 0.000000 0.000000 0.000000 0.574723 0.818348 3.520595 0.000000 -0.818348 0.574723 -0.879316 0.000000 0.000000 0.000000 1.000000
1.000000 0.000000 0.000000 0.000000 0.000000 0.574723 0.818348 3.520595 0.000000 -0.818348 0.574723 -0.879316 0.000000 0.000000 0.000000 1.000000
1.000000 0.000000 0.000000 0.000000 0.000000 0.574723 0.818348 3.520595 0.000000 -0.818348 0.574723 -0.879316 0.000000 0.000000 0.000000 1.000000
1.000000 0.000000 0.000000 0.000000 0.000000 0.574723 0.818348 3.520595 0.000000 -0.818348 0.574723 -0.879316 0.000000 0.000000 0.000000 1.000000
1.000000 0.000000 0.000000 0.000000 0.000000 0.593228 0.805035 3.520595 0.000000 -0.805035 0.593228 -0.879316 0.000000 0.000000 0.000000 1.000000
1.000000 0.000000 0.000000 0.000000 0.000000 0.642366 0.766398 3.520595 0.000000 -0.766398 0.642366 -0.879316 0.000000 0.000000 0.000000 1.000000
1.000000 0.000000 0.000000 0.000000 0.000000 0.711068 0.703123 3.520595 0.000000 -0.703123 0.711068 -0.879316 0.000000 0.000000 0.000000 1.000000
1.000000 0.000000 0.000000 0.000000 0.000000 0.787386 0.616461 3.520595 0.000000 -0.616461 0.787386 -0.879316 0.000000 0.000000 0.000000 1.000000
1.000000 0.000000 0.000000 0.000000 0.000000 0.860064 0.510185 3.520595 0.000000 -0.510185 0.860064 -0.879316 0.000000 0.000000 0.000000 1.000000
1.000000 0.000000 0.000000 0.000000 0.000000 0.920253 0.391324 3.520595 0.000000 -0.391324 0.920253 -0.879316 0.000000 0.000000 0.000000 1.000000
1.000000 0.000000 0.000000 0.000000 0.000000 0.962951 0.269677 3.520595 0.000000 -0.269677 0.962951 -0.879316 0.000000 0.000000 0.000000 1.000000
1.000000 0.000000 0.000000 0.000000 0.000000 0.987674 0.156523 3.520595 0.000000 -0.156523 0.987674 -0.879316 0.000000 0.000000 0.000000 1.000000
1.000000 0.000000 0.000000 0.000000 0.000000 0.998003 0.063172 3.520595 0.000000 -0.063172 0.998003 -0.879316 0.000000 0.000000 0.000000 1.000000
1.000000 0.000000 0.000000 0.000000 0.000000 1.000000 0.000000 3.520595 0.000000 0.000000 1.000000 -0.879316 0.000000 0.000000 0.000000 1.000000
1.000000 0.000000 0.000000 0.000000 0.000000 0.999177 -0.040556 3.520595 0.000000 0.040556 0.999177 -0.879316 0.000000 0.000000 0.000000 1.000000
1.000000 0.000000 0.000000 0.000000 0.000000 0.997333 -0.072985 3.520595 0.000000 0.072985 0.997333 -0.879316 0.000000 0.000000 0.000000 1.000000
1.000000 0.000000 0.000000 0.000000 0.000000 0.995168 -0.098190 3.520595 0.000000 0.098190 0.995168 -0.879316 0.000000 0.000000 0.000000 1.000000
1.000000 0.000000 0.000000 0.000000 0.000000 0.993121 -0.117090 3.520595 0.000000 0.117090 0.993121 -0.879316 0.000000 0.000000 0.000000 1.000000
1.000000 0.000000 0.000000 0.000000 0.000000 0.991434 -0.130607 3.520595 0.000000 0.130607 0.991434 -0.879316 0.000000 0.000000 0.000000 1.000000
1.000000 0.000000 0.000000 0.000000 0.000000 0.990200 -0.139655 3.520595 0.000000 0.139655 0.990200 -0.879316 0.000000 0.000000 0.000000 1.000000
1.000000 0.000000 0.000000 0.000000 0.000000 0.989412 -0.145137 3.520595 0.000000 0.145137 0.989412 -0.879316 0.000000 0.000000 0.000000 1.000000
1.000000 0.000000 0.000000 0.000000 0.000000 0.988995 -0.147950 3.520595 0.000000 0.147950 0.988995 -0.879316 0.000000 0.000000 0.000000 1.000000
1.000000 0.000000 0.000000 0.000000 0.000000 0.988839 -0.148987 3.520595 0.000000 0.148987 0.988839 -0.879316 0.000000 0.000000 0.000000 1.000000
1.000000 0.000000 0.000000 0.000000 0.000000 0.988817 -0.149135 3.520595 0.000000 0.149135 0.988817 -0.879316 0.000000 0.000000 0.000000 1.000000
1.000000 0.000000 0.000000 0.000000 0.000000 0.991019 -0.133723 3.520595 0.000000 0.133723 0.991019 -0.879316 0.000000 0.000000 0.000000 1.000000
1.000000 0.000000 0.000000 0.000000 0.000000 0.995299 -0.096849 3.520595 0.000000 0.096849 0.995299 -0.879316 0.000000 0.000000 0.000000 1.000000
1.000000 0.000000 0.000000 0.000000 0.000000 0.998612 -0.052668 3.520595 0.000000 0.052668 0.998612 -0.879316 0.000000 0.000000 0.000000 1.000000
1.000000 0.000000 0.000000 0.000000 0.000000 0.999879 -0.015567 3.520595 0.000000 0.015567 0.999879 -0.879316 0.000000 0.000000 0.000000 1.000000
1.000000 0.000000 0.000000 0.000000 0.000000 1.000000 0.000000 3.520595 0.000000 0.000000 1.000000 -0.879316 0.000000 0.000000 0.000000 1.000000
1.000000 0.000000 0.000000 0.000000 0.000000 1.000000 0.000000 3.520595 0.000000 0.000000 1.000000 -0.879316 0.000000 0.000000 0.000000 1.000000
1.000000 0.000000 0.000000 0.000000 0.000000 1.000000 0.000000 3.520595 0.000000 0.000000 1.000000 -0.879316 0.000000 0.000000 0.000000 1.000000
1.000000 0.000000 0.000000 0.000000 0.000000 1.000000 0.000000 3.520595 0.000000 0.000000 1.000000 -0.879316 0.000000 0.000000 0.000000 1.000000
1.000000 0.000000 0.000000 0.000000 0.000000 1.000000 0.000000 3.520595 0.000000 0.000000 1.000000 -0.879316 0.000000 0.000000 0.000000 1.000000
1.000000 0.000000 0.000000 0.000000 0.000000 1.000000 0.000000 3.520595 0.000000 0.000000 1.000000 -0.879316 0.000000 0.000000 0.000000 1.000000</float_array><technique_common><accessor source="#rig_char_workbench_arm_jnt-Matrix-animation-output-transform-array" count="110" stride="16"><param type="float4x4"/></accessor></technique_common></source><source id="rig_char_workbench_arm_jnt-Interpolations"><Name_array id="rig_char_workbench_arm_jnt-Interpolations-array" count="110">
 LINEAR LINEAR LINEAR LINEAR LINEAR LINEAR LINEAR LINEAR LINEAR LINEAR LINEAR
LINEAR LINEAR LINEAR LINEAR LINEAR LINEAR LINEAR LINEAR LINEAR LINEAR LINEAR LINEAR
LINEAR LINEAR LINEAR LINEAR LINEAR LINEAR LINEAR LINEAR LINEAR LINEAR LINEAR LINEAR
LINEAR LINEAR LINEAR LINEAR LINEAR LINEAR LINEAR LINEAR LINEAR LINEAR LINEAR LINEAR
LINEAR LINEAR LINEAR LINEAR LINEAR LINEAR LINEAR LINEAR LINEAR LINEAR LINEAR LINEAR
LINEAR LINEAR LINEAR LINEAR LINEAR LINEAR LINEAR LINEAR LINEAR LINEAR LINEAR LINEAR
LINEAR LINEAR LINEAR LINEAR LINEAR LINEAR LINEAR LINEAR LINEAR LINEAR LINEAR LINEAR
LINEAR LINEAR LINEAR LINEAR LINEAR LINEAR LINEAR LINEAR LINEAR LINEAR LINEAR LINEAR
LINEAR LINEAR LINEAR LINEAR LINEAR LINEAR LINEAR LINEAR LINEAR LINEAR LINEAR LINEAR
LINEAR LINEAR LINEAR</Name_array><technique_common><accessor source="#rig_char_workbench_arm_jnt-Interpolations-array" count="110"><param type="name"/></accessor></technique_common></source><sampler id="rig_char_workbench_arm_jnt-Matrix-animation-transform"><input semantic="INPUT" source="#rig_char_workbench_arm_jnt-Matrix-animation-input"/><input semantic="OUTPUT" source="#rig_char_workbench_arm_jnt-Matrix-animation-output-transform"/><input semantic="INTERPOLATION" source="#rig_char_workbench_arm_jnt-Interpolations"/></sampler><channel source="#rig_char_workbench_arm_jnt-Matrix-animation-transform" target="rig_char_workbench_arm_jnt/matrix"/></animation></animation>
    <animation id="rig_char_workbench_body_jnt-anim" name="rig_char_workbench_body_jnt"><animation><source id="rig_char_workbench_body_jnt-Matrix-animation-input"><float_array id="rig_char_workbench_body_jnt-Matrix-animation-input-array" count="110">

0.041667 0.083333 0.125000 0.166667 0.208333 0.250000 0.291667 0.333333 0.375000 0.416667 0.458333 0.500000 0.541667 0.583333 0.625000 0.666667
0.708333 0.750000 0.791667 0.833333 0.875000 0.916667 0.958333 1.000000 1.041667 1.083333 1.125000 1.166667 1.208333 1.250000 1.291667 1.333333
1.375000 1.416667 1.458333 1.500000 1.541667 1.583333 1.625000 1.666667 1.708333 1.750000 1.791667 1.833333 1.875000 1.916667 1.958333 2.000000
2.041667 2.083333 2.125000 2.166667 2.208333 2.250000 2.291667 2.333333 2.375000 2.416667 2.458333 2.500000 2.541667 2.583333 2.625000 2.666667
2.708333 2.750000 2.791667 2.833333 2.875000 2.916667 2.958333 3.000000 3.041667 3.083333 3.125000 3.166667 3.208333 3.250000 3.291667 3.333333
3.375000 3.416667 3.458333 3.500000 3.541667 3.583333 3.625000 3.666667 3.708333 3.750000 3.791667 3.833333 3.875000 3.916667 3.958333 4.000000
4.041667 4.083333 4.125000 4.166667 4.208333 4.250000 4.291667 4.333333 4.375000 4.416667 4.458333 4.500000 4.541667 4.583333</float_array><technique_common><accessor source="#rig_char_workbench_body_jnt-Matrix-animation-input-array" count="110"><param name="TIME" type="float"/></accessor></technique_common></source><source id="rig_char_workbench_body_jnt-Matrix-animation-output-transform"><float_array id="rig_char_workbench_body_jnt-Matrix-animation-output-transform-array" count="1760">

1.000000 0.000000 0.000000 0.000000 0.000000 1.000000 0.000000 -2.239808 0.000000 0.000000 1.000000 0.872064 0.000000 0.000000 0.000000 1.000000
1.000000 0.000000 0.000000 0.000000 0.000000 0.998993 -0.044875 -2.239808 0.000000 0.044875 0.998993 0.872064 0.000000 0.000000 0.000000 1.000000
1.000000 0.000000 0.000000 0.000000 0.000000 0.986386 -0.164445 -2.239808 0.000000 0.164445 0.986386 0.872064 0.000000 0.000000 0.000000 1.000000
1.000000 0.000000 0.000000 0.000000 0.000000 0.942965 -0.332893 -2.239808 0.000000 0.332893 0.942965 0.872064 0.000000 0.000000 0.000000 1.000000
1.000000 0.000000 0.000000 0.000000 0.000000 0.854679 -0.519157 -2.239808 0.000000 0.519157 0.854679 0.872064 0.000000 0.000000 0.000000 1.000000
1.000000 0.000000 0.000000 0.000000 0.000000 0.722674 -0.691189 -2.239808 0.000000 0.691189 0.722674 0.872064 0.000000 0.000000 0.000000 1.000000
1.000000 0.000000 0.000000 0.000000 0.000000 0.565607 -0.824675 -2.239808 0.000000 0.824675 0.565607 0.872064 0.000000 0.000000 0.000000 1.000000
1.000000 0.000000 0.000000 0.000000 0.000000 0.414138 -0.910214 -2.239808 0.000000 0.910214 0.414138 0.872064 0.000000 0.000000 0.000000 1.000000
1.000000 0.000000 0.000000 0.000000 0.000000 0.301904 -0.953338 -2.239808 0.000000 0.953338 0.301904 0.872064 0.000000 0.000000 0.000000 1.000000
1.000000 0.000000 0.000000 0.000000 0.000000 0.258819 -0.965926 -2.239808 0.000000 0.965926 0.258819 0.872064 0.000000 0.000000 0.000000 1.000000
1.000000 0.000000 0.000000 0.000000 0.000000 0.258819 -0.965926 -2.239808 0.000000 0.965926 0.258819 0.872064 0.000000 0.000000 0.000000 1.000000
1.000000 0.000000 0.000000 0.000000 0.000000 0.258819 -0.965926 -2.239808 0.000000 0.965926 0.258819 0.872064 0.000000 0.000000 0.000000 1.000000
1.000000 0.000000 0.000000 0.000000 0.000000 0.258819 -0.965926 -2.239808 0.000000 0.965926 0.258819 0.872064 0.000000 0.000000 0.000000 1.000000
1.000000 0.000000 0.000000 0.000000 0.000000 0.258819 -0.965926 -2.239808 0.000000 0.965926 0.258819 0.872064 0.000000 0.000000 0.000000 1.000000
1.000000 0.000000 0.000000 0.000000 0.000000 0.258819 -0.965926 -2.239808 0.000000 0.965926 0.258819 0.872064 0.000000 0.000000 0.000000 1.000000
1.000000 0.000000 0.000000 0.000000 0.000000 0.258819 -0.965926 -2.239808 0.000000 0.965926 0.258819 0.872064 0.000000 0.000000 0.000000 1.000000
1.000000 0.000000 0.000000 0.000000 0.000000 0.258819 -0.965926 -2.239808 0.000000 0.965926 0.258819 0.872064 0.000000 0.000000 0.000000 1.000000
1.000000 0.000000 0.000000 0.000000 0.000000 0.258819 -0.965926 -2.239808 0.000000 0.965926 0.258819 0.872064 0.000000 0.000000 0.000000 1.000000
1.000000 0.000000 0.000000 0.000000 0.000000 0.258819 -0.965926 -2.239808 0.000000 0.965926 0.258819 0.872064 0.000000 0.000000 0.000000 1.000000
1.000000 0.000000 0.000000 0.000000 0.000000 0.258819 -0.965926 -2.239808 0.000000 0.965926 0.258819 0.872064 0.000000 0.000000 0.000000 1.000000
1.000000 0.000000 0.000000 0.000000 0.000000 0.258819 -0.965926 -2.239808 0.000000 0.965926 0.258819 0.872064 0.000000 0.000000 0.000000 1.000000
1.000000 0.000000 0.000000 0.000000 0.000000 0.258819 -0.965926 -2.239808 0.000000 0.965926 0.258819 0.872064 0.000000 0.000000 0.000000 1.000000
1.000000 0.000000 0.000000 0.000000 0.000000 0.258819 -0.965926 -2.239808 0.000000 0.965926 0.258819 0.872064 0.000000 0.000000 0.000000 1.000000
1.000000 0.000000 0.000000 0.000000 0.000000 0.258819 -0.965926 -2.239808 0.000000 0.965926 0.258819 0.872064 0.000000 0.000000 0.000000 1.000000
1.000000 0.000000 0.000000 0.000000 0.000000 0.258819 -0.965926 -2.239808 0.000000 0.965926 0.258819 0.872064 0.000000 0.000000 0.000000 1.000000
1.000000 0.000000 0.000000 0.000000 0.000000 0.258819 -0.965926 -2.239808 0.000000 0.965926 0.258819 0.872064 0.000000 0.000000 0.000000 1.000000
1.000000 0.000000 0.000000 0.000000 0.000000 0.258819 -0.965926 -2.239808 0.000000 0.965926 0.258819 0.872064 0.000000 0.000000 0.000000 1.000000
1.000000 0.000000 0.000000 0.000000 0.000000 0.258819 -0.965926 -2.239808 0.000000 0.965926 0.258819 0.872064 0.000000 0.000000 0.000000 1.000000
1.000000 0.000000 0.000000 0.000000 0.000000 0.258819 -0.965926 -2.239808 0.000000 0.965926 0.258819 0.872064 0.000000 0.000000 0.000000 1.000000
1.000000 0.000000 0.000000 0.000000 0.000000 0.258819 -0.965926 -2.239808 0.000000 0.965926 0.258819 0.872064 0.000000 0.000000 0.000000 1.000000
1.000000 0.000000 0.000000 0.000000 0.000000 0.258819 -0.965926 -2.239808 0.000000 0.965926 0.258819 0.872064 0.000000 0.000000 0.000000 1.000000
1.000000 0.000000 0.000000 0.000000 0.000000 0.258819 -0.965926 -2.239808 0.000000 0.965926 0.258819 0.872064 0.000000 0.000000 0.000000 1.000000
1.000000 0.000000 0.000000 0.000000 0.000000 0.258819 -0.965926 -2.239808 0.000000 0.965926 0.258819 0.872064 0.000000 0.000000 0.000000 1.000000
1.000000 0.000000 0.000000 0.000000 0.000000 0.258819 -0.965926 -2.239808 0.000000 0.965926 0.258819 0.872064 0.000000 0.000000 0.000000 1.000000
1.000000 0.000000 0.000000 0.000000 0.000000 0.258819 -0.965926 -2.239808 0.000000 0.965926 0.258819 0.872064 0.000000 0.000000 0.000000 1.000000
1.000000 0.000000 0.000000 0.000000 0.000000 0.258819 -0.965926 -2.239808 0.000000 0.965926 0.258819 0.872064 0.000000 0.000000 0.000000 1.000000
1.000000 0.000000 0.000000 0.000000 0.000000 0.258819 -0.965926 -2.239808 0.000000 0.965926 0.258819 0.872064 0.000000 0.000000 0.000000 1.000000
1.000000 0.000000 0.000000 0.000000 0.000000 0.258819 -0.965926 -2.239808 0.000000 0.965926 0.258819 0.872064 0.000000 0.000000 0.000000 1.000000
1.000000 0.000000 0.000000 0.000000 0.000000 0.258819 -0.965926 -2.239808 0.000000 0.965926 0.258819 0.872064 0.000000 0.000000 0.000000 1.000000
1.000000 0.000000 0.000000 0.000000 0.000000 0.258819 -0.965926 -2.239808 0.000000 0.965926 0.258819 0.872064 0.000000 0.000000 0.000000 1.000000
1.000000 0.000000 0.000000 0.000000 0.000000 0.258819 -0.965926 -2.239808 0.000000 0.965926 0.258819 0.872064 0.000000 0.000000 0.000000 1.000000
1.000000 0.000000 0.000000 0.000000 0.000000 0.258819 -0.965926 -2.239808 0.000000 0.965926 0.258819 0.872064 0.000000 0.000000 0.000000 1.000000
1.000000 0.000000 0.000000 0.000000 0.000000 0.258819 -0.965926 -2.239808 0.000000 0.965926 0.258819 0.872064 0.000000 0.000000 0.000000 1.000000
1.000000 0.000000 0.000000 0.000000 0.000000 0.258819 -0.965926 -2.239808 0.000000 0.965926 0.258819 0.872064 0.000000 0.000000 0.000000 1.000000
1.000000 0.000000 0.000000 0.000000 0.000000 0.258819 -0.965926 -2.239808 0.000000 0.965926 0.258819 0.872064 0.000000 0.000000 0.000000 1.000000
1.000000 0.000000 0.000000 0.000000 0.000000 0.258819 -0.965926 -2.239808 0.000000 0.965926 0.258819 0.872064 0.000000 0.000000 0.000000 1.000000
1.000000 0.000000 0.000000 0.000000 0.000000 0.258819 -0.965926 -2.239808 0.000000 0.965926 0.258819 0.872064 0.000000 0.000000 0.000000 1.000000
1.000000 0.000000 0.000000 0.000000 0.000000 0.258819 -0.965926 -2.239808 0.000000 0.965926 0.258819 0.872064 0.000000 0.000000 0.000000 1.000000
1.000000 0.000000 0.000000 0.000000 0.000000 0.258819 -0.965926 -2.239808 0.000000 0.965926 0.258819 0.872064 0.000000 0.000000 0.000000 1.000000
1.000000 0.000000 0.000000 0.000000 0.000000 0.258819 -0.965926 -2.239808 0.000000 0.965926 0.258819 0.872064 0.000000 0.000000 0.000000 1.000000
1.000000 0.000000 0.000000 0.000000 0.000000 0.258819 -0.965926 -2.239808 0.000000 0.965926 0.258819 0.872064 0.000000 0.000000 0.000000 1.000000
1.000000 0.000000 0.000000 0.000000 0.000000 0.258819 -0.965926 -2.239808 0.000000 0.965926 0.258819 0.872064 0.000000 0.000000 0.000000 1.000000
1.000000 0.000000 0.000000 0.000000 0.000000 0.258819 -0.965926 -2.239808 0.000000 0.965926 0.258819 0.872064 0.000000 0.000000 0.000000 1.000000
1.000000 0.000000 0.000000 0.000000 0.000000 0.258819 -0.965926 -2.239808 0.000000 0.965926 0.258819 0.872064 0.000000 0.000000 0.000000 1.000000
1.000000 0.000000 0.000000 0.000000 0.000000 0.258819 -0.965926 -2.239808 0.000000 0.965926 0.258819 0.872064 0.000000 0.000000 0.000000 1.000000
1.000000 0.000000 0.000000 0.000000 0.000000 0.258819 -0.965926 -2.239808 0.000000 0.965926 0.258819 0.872064 0.000000 0.000000 0.000000 1.000000
1.000000 0.000000 0.000000 0.000000 0.000000 0.258819 -0.965926 -2.239808 0.000000 0.965926 0.258819 0.872064 0.000000 0.000000 0.000000 1.000000
1.000000 0.000000 0.000000 0.000000 0.000000 0.258819 -0.965926 -2.239808 0.000000 0.965926 0.258819 0.872064 0.000000 0.000000 0.000000 1.000000
1.000000 0.000000 0.000000 0.000000 0.000000 0.258819 -0.965926 -2.239808 0.000000 0.965926 0.258819 0.872064 0.000000 0.000000 0.000000 1.000000
1.000000 0.000000 0.000000 0.000000 0.000000 0.258819 -0.965926 -2.239808 0.000000 0.965926 0.258819 0.872064 0.000000 0.000000 0.000000 1.000000
1.000000 0.000000 0.000000 0.000000 0.000000 0.258819 -0.965926 -2.239808 0.000000 0.965926 0.258819 0.872064 0.000000 0.000000 0.000000 1.000000
1.000000 0.000000 0.000000 0.000000 0.000000 0.258819 -0.965926 -2.239808 0.000000 0.965926 0.258819 0.872064 0.000000 0.000000 0.000000 1.000000
1.000000 0.000000 0.000000 0.000000 0.000000 0.258819 -0.965926 -2.239808 0.000000 0.965926 0.258819 0.872064 0.000000 0.000000 0.000000 1.000000
1.000000 0.000000 0.000000 0.000000 0.000000 0.258819 -0.965926 -2.239808 0.000000 0.965926 0.258819 0.872064 0.000000 0.000000 0.000000 1.000000
1.000000 0.000000 0.000000 0.000000 0.000000 0.258819 -0.965926 -2.239808 0.000000 0.965926 0.258819 0.872064 0.000000 0.000000 0.000000 1.000000
1.000000 0.000000 0.000000 0.000000 0.000000 0.258819 -0.965926 -2.239808 0.000000 0.965926 0.258819 0.872064 0.000000 0.000000 0.000000 1.000000
1.000000 0.000000 0.000000 0.000000 0.000000 0.258819 -0.965926 -2.239808 0.000000 0.965926 0.258819 0.872064 0.000000 0.000000 0.000000 1.000000
1.000000 0.000000 0.000000 0.000000 0.000000 0.258819 -0.965926 -2.239808 0.000000 0.965926 0.258819 0.872064 0.000000 0.000000 0.000000 1.000000
1.000000 0.000000 0.000000 0.000000 0.000000 0.258819 -0.965926 -2.239808 0.000000 0.965926 0.258819 0.872064 0.000000 0.000000 0.000000 1.000000
1.000000 0.000000 0.000000 0.000000 0.000000 0.258819 -0.965926 -2.239808 0.000000 0.965926 0.258819 0.872064 0.000000 0.000000 0.000000 1.000000
1.000000 0.000000 0.000000 0.000000 0.000000 0.258819 -0.965926 -2.239808 0.000000 0.965926 0.258819 0.872064 0.000000 0.000000 0.000000 1.000000
1.000000 0.000000 0.000000 0.000000 0.000000 0.258819 -0.965926 -2.239808 0.000000 0.965926 0.258819 0.872064 0.000000 0.000000 0.000000 1.000000
1.000000 0.000000 0.000000 0.000000 0.000000 0.258819 -0.965926 -2.239808 0.000000 0.965926 0.258819 0.872064 0.000000 0.000000 0.000000 1.000000
1.000000 0.000000 0.000000 0.000000 0.000000 0.258819 -0.965926 -2.239808 0.000000 0.965926 0.258819 0.872064 0.000000 0.000000 0.000000 1.000000
1.000000 0.000000 0.000000 0.000000 0.000000 0.258819 -0.965926 -2.239808 0.000000 0.965926 0.258819 0.872064 0.000000 0.000000 0.000000 1.000000
1.000000 0.000000 0.000000 0.000000 0.000000 0.258819 -0.965926 -2.239808 0.000000 0.965926 0.258819 0.872064 0.000000 0.000000 0.000000 1.000000
1.000000 0.000000 0.000000 0.000000 0.000000 0.258819 -0.965926 -2.239808 0.000000 0.965926 0.258819 0.872064 0.000000 0.000000 0.000000 1.000000
1.000000 0.000000 0.000000 0.000000 0.000000 0.258819 -0.965926 -2.239808 0.000000 0.965926 0.258819 0.872064 0.000000 0.000000 0.000000 1.000000
1.000000 0.000000 0.000000 0.000000 0.000000 0.258819 -0.965926 -2.239808 0.000000 0.965926 0.258819 0.872064 0.000000 0.000000 0.000000 1.000000
1.000000 0.000000 0.000000 0.000000 0.000000 0.258819 -0.965926 -2.239808 0.000000 0.965926 0.258819 0.872064 0.000000 0.000000 0.000000 1.000000
1.000000 0.000000 0.000000 0.000000 0.000000 0.294040 -0.955793 -2.239808 0.000000 0.955793 0.294040 0.872064 0.000000 0.000000 0.000000 1.000000
1.000000 0.000000 0.000000 0.000000 0.000000 0.387516 -0.921863 -2.239808 0.000000 0.921863 0.387516 0.872064 0.000000 0.000000 0.000000 1.000000
1.000000 0.000000 0.000000 0.000000 0.000000 0.518027 -0.855364 -2.239808 0.000000 0.855364 0.518027 0.872064 0.000000 0.000000 0.000000 1.000000
1.000000 0.000000 0.000000 0.000000 0.000000 0.661312 -0.750111 -2.239808 0.000000 0.750111 0.661312 0.872064 0.000000 0.000000 0.000000 1.000000
1.000000 0.000000 0.000000 0.000000 0.000000 0.793353 -0.608761 -2.239808 0.000000 0.608761 0.793353 0.872064 0.000000 0.000000 0.000000 1.000000
1.000000 0.000000 0.000000 0.000000 0.000000 0.895712 -0.444635 -2.239808 0.000000 0.444635 0.895712 0.872064 0.000000 0.000000 0.000000 1.000000
1.000000 0.000000 0.000000 0.000000 0.000000 0.960294 -0.278991 -2.239808 0.000000 0.278991 0.960294 0.872064 0.000000 0.000000 0.000000 1.000000
1.000000 0.000000 0.000000 0.000000 0.000000 0.990748 -0.135716 -2.239808 0.000000 0.135716 0.990748 0.872064 0.000000 0.000000 0.000000 1.000000
1.000000 0.000000 0.000000 0.000000 0.000000 0.999328 -0.036644 -2.239808 0.000000 0.036644 0.999328 0.872064 0.000000 0.000000 0.000000 1.000000
1.000000 0.000000 0.000000 0.000000 0.000000 1.000000 0.000000 -2.239808 0.000000 0.000000 1.000000 0.872064 0.000000 0.000000 0.000000 1.000000
1.000000 0.000000 0.000000 0.000000 0.000000 1.000000 -0.000000 -2.239808 0.000000 0.000000 1.000000 0.872064 0.000000 0.000000 0.000000 1.000000
1.000000 0.000000 0.000000 0.000000 0.000000 1.000000 0.000000 -2.239808 0.000000 0.000000 1.000000 0.872064 0.000000 0.000000 0.000000 1.000000
1.000000 0.000000 0.000000 0.000000 0.000000 1.000000 0.000000 -2.239808 0.000000 0.000000 1.000000 0.872064 0.000000 0.000000 0.000000 1.000000
1.000000 0.000000 0.000000 0.000000 0.000000 1.000000 0.000000 -2.239808 0.000000 0.000000 1.000000 0.872064 0.000000 0.000000 0.000000 1.000000
1.000000 0.000000 0.000000 0.000000 0.000000 1.000000 0.000000 -2.239808 0.000000 0.000000 1.000000 0.872064 0.000000 0.000000 0.000000 1.000000
1.000000 0.000000 0.000000 0.000000 0.000000 1.000000 0.000000 -2.239808 0.000000 0.000000 1.000000 0.872064 0.000000 0.000000 0.000000 1.000000
1.000000 0.000000 0.000000 0.000000 0.000000 1.000000 0.000000 -2.239808 0.000000 -0.000000 1.000000 0.872064 0.000000 0.000000 0.000000 1.000000
1.000000 0.000000 0.000000 0.000000 0.000000 1.000000 0.000000 -2.239808 0.000000 -0.000000 1.000000 0.872064 0.000000 0.000000 0.000000 1.000000
1.000000 0.000000 0.000000 0.000000 0.000000 1.000000 0.000000 -2.239808 0.000000 0.000000 1.000000 0.872064 0.000000 0.000000 0.000000 1.000000
1.000000 0.000000 0.000000 0.000000 0.000000 1.000000 0.000000 -2.239808 0.000000 0.000000 1.000000 0.872064 0.000000 0.000000 0.000000 1.000000
1.000000 0.000000 0.000000 0.000000 0.000000 1.000000 0.000000 -2.239808 0.000000 0.000000 1.000000 0.872064 0.000000 0.000000 0.000000 1.000000
1.000000 0.000000 0.000000 0.000000 0.000000 1.000000 0.000000 -2.239808 0.000000 -0.000000 1.000000 0.872064 0.000000 0.000000 0.000000 1.000000
1.000000 0.000000 0.000000 0.000000 0.000000 1.000000 0.000000 -2.239808 0.000000 0.000000 1.000000 0.872064 0.000000 0.000000 0.000000 1.000000
1.000000 0.000000 0.000000 0.000000 0.000000 1.000000 0.000000 -2.239808 0.000000 0.000000 1.000000 0.872064 0.000000 0.000000 0.000000 1.000000
1.000000 0.000000 0.000000 0.000000 0.000000 1.000000 0.000000 -2.239808 0.000000 0.000000 1.000000 0.872064 0.000000 0.000000 0.000000 1.000000
1.000000 0.000000 0.000000 0.000000 0.000000 1.000000 0.000000 -2.239808 0.000000 0.000000 1.000000 0.872064 0.000000 0.000000 0.000000 1.000000
1.000000 0.000000 0.000000 0.000000 0.000000 1.000000 0.000000 -2.239808 0.000000 0.000000 1.000000 0.872064 0.000000 0.000000 0.000000 1.000000
1.000000 0.000000 0.000000 0.000000 0.000000 1.000000 0.000000 -2.239808 0.000000 0.000000 1.000000 0.872064 0.000000 0.000000 0.000000 1.000000
1.000000 0.000000 0.000000 0.000000 0.000000 1.000000 0.000000 -2.239808 0.000000 0.000000 1.000000 0.872064 0.000000 0.000000 0.000000 1.000000
1.000000 0.000000 0.000000 0.000000 0.000000 1.000000 0.000000 -2.239808 0.000000 0.000000 1.000000 0.872064 0.000000 0.000000 0.000000 1.000000</float_array><technique_common><accessor source="#rig_char_workbench_body_jnt-Matrix-animation-output-transform-array" count="110" stride="16"><param type="float4x4"/></accessor></technique_common></source><source id="rig_char_workbench_body_jnt-Interpolations"><Name_array id="rig_char_workbench_body_jnt-Interpolations-array" count="110">
 LINEAR LINEAR LINEAR LINEAR LINEAR LINEAR LINEAR LINEAR LINEAR LINEAR LINEAR
LINEAR LINEAR LINEAR LINEAR LINEAR LINEAR LINEAR LINEAR LINEAR LINEAR LINEAR LINEAR
LINEAR LINEAR LINEAR LINEAR LINEAR LINEAR LINEAR LINEAR LINEAR LINEAR LINEAR LINEAR
LINEAR LINEAR LINEAR LINEAR LINEAR LINEAR LINEAR LINEAR LINEAR LINEAR LINEAR LINEAR
LINEAR LINEAR LINEAR LINEAR LINEAR LINEAR LINEAR LINEAR LINEAR LINEAR LINEAR LINEAR
LINEAR LINEAR LINEAR LINEAR LINEAR LINEAR LINEAR LINEAR LINEAR LINEAR LINEAR LINEAR
LINEAR LINEAR LINEAR LINEAR LINEAR LINEAR LINEAR LINEAR LINEAR LINEAR LINEAR LINEAR
LINEAR LINEAR LINEAR LINEAR LINEAR LINEAR LINEAR LINEAR LINEAR LINEAR LINEAR LINEAR
LINEAR LINEAR LINEAR LINEAR LINEAR LINEAR LINEAR LINEAR LINEAR LINEAR LINEAR LINEAR
LINEAR LINEAR LINEAR</Name_array><technique_common><accessor source="#rig_char_workbench_body_jnt-Interpolations-array" count="110"><param type="name"/></accessor></technique_common></source><sampler id="rig_char_workbench_body_jnt-Matrix-animation-transform"><input semantic="INPUT" source="#rig_char_workbench_body_jnt-Matrix-animation-input"/><input semantic="OUTPUT" source="#rig_char_workbench_body_jnt-Matrix-animation-output-transform"/><input semantic="INTERPOLATION" source="#rig_char_workbench_body_jnt-Interpolations"/></sampler><channel source="#rig_char_workbench_body_jnt-Matrix-animation-transform" target="rig_char_workbench_body_jnt/matrix"/></animation></animation>
    <animation id="rig_char_workbench_neck02_jnt-anim" name="rig_char_workbench_neck02_jnt"><animation><source id="rig_char_workbench_neck02_jnt-Matrix-animation-input"><float_array id="rig_char_workbench_neck02_jnt-Matrix-animation-input-array" count="110">

0.041667 0.083333 0.125000 0.166667 0.208333 0.250000 0.291667 0.333333 0.375000 0.416667 0.458333 0.500000 0.541667 0.583333 0.625000 0.666667
0.708333 0.750000 0.791667 0.833333 0.875000 0.916667 0.958333 1.000000 1.041667 1.083333 1.125000 1.166667 1.208333 1.250000 1.291667 1.333333
