<?xml version="1.0" encoding="utf-8"?>
<COLLADA xmlns="http://www.collada.org/2005/11/COLLADASchema" version="1.4.1">
  <asset><contributor><author></author><authoring_tool>FBX COLLADA exporter</authoring_tool><comments></comments></contributor><created>2020-02-19T12:46:09Z</created><keywords></keywords><modified>2020-02-19T12:46:09Z</modified><revision></revision><subject></subject><title></title><unit meter="0.010000" name="centimeter"></unit><up_axis>Y_UP</up_axis></asset>
  <library_animations>
    <animation id="root_jnt-anim" name="root_jnt"><animation><source id="root_jnt-Matrix-animation-input"><float_array id="root_jnt-Matrix-animation-input-array" count="31">

0.000000 0.033333 0.066667 0.100000 0.133333 0.166667 0.200000 0.233333 0.266667 0.300000 0.333333 0.366667 0.400000 0.433333 0.466667 0.500000
0.533333 0.566667 0.600000 0.633333 0.666667 0.700000 0.733333 0.766667 0.800000 0.833333 0.866667 0.900000 0.933333 0.966667 1.000000</float_array><technique_common><accessor source="#root_jnt-Matrix-animation-input-array" count="31"><param name="TIME" type="float"/></accessor></technique_common></source><source id="root_jnt-Matrix-animation-output-transform"><float_array id="root_jnt-Matrix-animation-output-transform-array" count="496">

1.000000 0.000000 0.000000 0.000000 0.000000 1.000000 0.000000 0.000000 0.000000 0.000000 1.000000 0.000000 0.000000 0.000000 0.000000 1.000000
1.000000 0.000000 0.000000 0.000000 0.000000 1.000000 0.000000 0.000000 0.000000 0.000000 1.000000 0.000000 0.000000 0.000000 0.000000 1.000000
1.000000 0.000000 0.000000 0.000000 0.000000 1.000000 0.000000 0.000000 0.000000 0.000000 1.000000 0.000000 0.000000 0.000000 0.000000 1.000000
1.000000 0.000000 0.000000 0.000000 0.000000 1.000000 0.000000 0.000000 0.000000 0.000000 1.000000 0.000000 0.000000 0.000000 0.000000 1.000000
1.000000 0.000000 0.000000 0.000000 0.000000 1.000000 0.000000 0.000000 0.000000 0.000000 1.000000 0.000000 0.000000 0.000000 0.000000 1.000000
1.000000 0.000000 0.000000 0.000000 0.000000 1.000000 0.000000 0.000000 0.000000 0.000000 1.000000 0.000000 0.000000 0.000000 0.000000 1.000000
1.000000 0.000000 0.000000 0.000000 0.000000 1.000000 0.000000 0.000000 0.000000 0.000000 1.000000 0.000000 0.000000 0.000000 0.000000 1.000000
1.000000 0.000000 0.000000 0.000000 0.000000 1.000000 0.000000 0.000000 0.000000 0.000000 1.000000 0.000000 0.000000 0.000000 0.000000 1.000000
1.000000 0.000000 0.000000 0.000000 0.000000 1.000000 0.000000 0.000000 0.000000 0.000000 1.000000 0.000000 0.000000 0.000000 0.000000 1.000000
1.000000 0.000000 0.000000 0.000000 0.000000 1.000000 0.000000 0.000000 0.000000 0.000000 1.000000 0.000000 0.000000 0.000000 0.000000 1.000000
1.000000 0.000000 0.000000 0.000000 0.000000 1.000000 0.000000 0.000000 0.000000 0.000000 1.000000 0.000000 0.000000 0.000000 0.000000 1.000000
1.000000 0.000000 0.000000 0.000000 0.000000 1.000000 0.000000 0.000000 0.000000 0.000000 1.000000 0.000000 0.000000 0.000000 0.000000 1.000000
1.000000 0.000000 0.000000 0.000000 0.000000 1.000000 0.000000 0.000000 0.000000 0.000000 1.000000 0.000000 0.000000 0.000000 0.000000 1.000000
1.000000 0.000000 0.000000 0.000000 0.000000 1.000000 0.000000 0.000000 0.000000 0.000000 1.000000 0.000000 0.000000 0.000000 0.000000 1.000000
1.000000 0.000000 0.000000 0.000000 0.000000 1.000000 0.000000 0.000000 0.000000 0.000000 1.000000 0.000000 0.000000 0.000000 0.000000 1.000000
1.000000 0.000000 0.000000 0.000000 0.000000 1.000000 0.000000 0.000000 0.000000 0.000000 1.000000 0.000000 0.000000 0.000000 0.000000 1.000000
1.000000 0.000000 0.000000 0.000000 0.000000 1.000000 0.000000 0.000000 0.000000 0.000000 1.000000 0.000000 0.000000 0.000000 0.000000 1.000000
1.000000 0.000000 0.000000 0.000000 0.000000 1.000000 0.000000 0.000000 0.000000 0.000000 1.000000 0.000000 0.000000 0.000000 0.000000 1.000000
1.000000 0.000000 0.000000 0.000000 0.000000 1.000000 0.000000 0.000000 0.000000 0.000000 1.000000 0.000000 0.000000 0.000000 0.000000 1.000000
1.000000 0.000000 0.000000 0.000000 0.000000 1.000000 0.000000 0.000000 0.000000 0.000000 1.000000 0.000000 0.000000 0.000000 0.000000 1.000000
1.000000 0.000000 0.000000 0.000000 0.000000 1.000000 0.000000 0.000000 0.000000 0.000000 1.000000 0.000000 0.000000 0.000000 0.000000 1.000000
1.000000 0.000000 0.000000 0.000000 0.000000 1.000000 0.000000 0.000000 0.000000 0.000000 1.000000 0.000000 0.000000 0.000000 0.000000 1.000000
1.000000 0.000000 0.000000 0.000000 0.000000 1.000000 0.000000 0.000000 0.000000 0.000000 1.000000 0.000000 0.000000 0.000000 0.000000 1.000000
1.000000 0.000000 0.000000 0.000000 0.000000 1.000000 0.000000 0.000000 0.000000 0.000000 1.000000 0.000000 0.000000 0.000000 0.000000 1.000000
1.000000 0.000000 0.000000 0.000000 0.000000 1.000000 0.000000 0.000000 0.000000 0.000000 1.000000 0.000000 0.000000 0.000000 0.000000 1.000000
1.000000 0.000000 0.000000 0.000000 0.000000 1.000000 0.000000 0.000000 0.000000 0.000000 1.000000 0.000000 0.000000 0.000000 0.000000 1.000000
1.000000 0.000000 0.000000 0.000000 0.000000 1.000000 0.000000 0.000000 0.000000 0.000000 1.000000 0.000000 0.000000 0.000000 0.000000 1.000000
1.000000 0.000000 0.000000 0.000000 0.000000 1.000000 0.000000 0.000000 0.000000 0.000000 1.000000 0.000000 0.000000 0.000000 0.000000 1.000000
1.000000 0.000000 0.000000 0.000000 0.000000 1.000000 0.000000 0.000000 0.000000 0.000000 1.000000 0.000000 0.000000 0.000000 0.000000 1.000000
1.000000 0.000000 0.000000 0.000000 0.000000 1.000000 0.000000 0.000000 0.000000 0.000000 1.000000 0.000000 0.000000 0.000000 0.000000 1.000000
1.000000 0.000000 0.000000 0.000000 0.000000 1.000000 0.000000 0.000000 0.000000 0.000000 1.000000 0.000000 0.000000 0.000000 0.000000 1.000000</float_array><technique_common><accessor source="#root_jnt-Matrix-animation-output-transform-array" count="31" stride="16"><param type="float4x4"/></accessor></technique_common></source><source id="root_jnt-Interpolations"><Name_array id="root_jnt-Interpolations-array" count="31">
 LINEAR LINEAR LINEAR LINEAR LINEAR LINEAR LINEAR LINEAR LINEAR LINEAR LINEAR
LINEAR LINEAR LINEAR LINEAR LINEAR LINEAR LINEAR LINEAR LINEAR LINEAR LINEAR LINEAR
LINEAR LINEAR LINEAR LINEAR LINEAR LINEAR LINEAR LINEAR</Name_array><technique_common><accessor source="#root_jnt-Interpolations-array" count="31"><param type="name"/></accessor></technique_common></source><sampler id="root_jnt-Matrix-animation-transform"><input semantic="INPUT" source="#root_jnt-Matrix-animation-input"/><input semantic="OUTPUT" source="#root_jnt-Matrix-animation-output-transform"/><input semantic="INTERPOLATION" source="#root_jnt-Interpolations"/></sampler><channel source="#root_jnt-Matrix-animation-transform" target="root_jnt/matrix"/></animation></animation>
    <animation id="arm_jnt-anim" name="arm_jnt"><animation><source id="arm_jnt-Matrix-animation-input"><float_array id="arm_jnt-Matrix-animation-input-array" count="31">

0.000000 0.033333 0.066667 0.100000 0.133333 0.166667 0.200000 0.233333 0.266667 0.300000 0.333333 0.366667 0.400000 0.433333 0.466667 0.500000
0.533333 0.566667 0.600000 0.633333 0.666667 0.700000 0.733333 0.766667 0.800000 0.833333 0.866667 0.900000 0.933333 0.966667 1.000000</float_array><technique_common><accessor source="#arm_jnt-Matrix-animation-input-array" count="31"><param name="TIME" type="float"/></accessor></technique_common></source><source id="arm_jnt-Matrix-animation-output-transform"><float_array id="arm_jnt-Matrix-animation-output-transform-array" count="496">

1.000000 0.000000 0.000000 0.000000 0.000000 0.990563 0.137060 3.520595 0.000000 -0.137060 0.990563 -0.879316 0.000000 0.000000 0.000000 1.000000
1.000000 0.000000 0.000000 0.000000 0.000000 0.990680 0.136212 3.520595 0.000000 -0.136212 0.990680 -0.879316 0.000000 0.000000 0.000000 1.000000
1.000000 0.000000 0.000000 0.000000 0.000000 0.991016 0.133743 3.520595 0.000000 -0.133743 0.991016 -0.879316 0.000000 0.000000 0.000000 1.000000
1.000000 0.000000 0.000000 0.000000 0.000000 0.991544 0.129768 3.520595 0.000000 -0.129768 0.991544 -0.879316 0.000000 0.000000 0.000000 1.000000
1.000000 0.000000 0.000000 0.000000 0.000000 0.992232 0.124401 3.520595 0.000000 -0.124401 0.992232 -0.879316 0.000000 0.000000 0.000000 1.000000
1.000000 0.000000 0.000000 0.000000 0.000000 0.993043 0.117754 3.520595 0.000000 -0.117754 0.993043 -0.879316 0.000000 0.000000 0.000000 1.000000
1.000000 0.000000 0.000000 0.000000 0.000000 0.993938 0.109942 3.520595 0.000000 -0.109942 0.993938 -0.879316 0.000000 0.000000 0.000000 1.000000
1.000000 0.000000 0.000000 0.000000 0.000000 0.994879 0.101076 3.520595 0.000000 -0.101076 0.994879 -0.879316 0.000000 0.000000 0.000000 1.000000
1.000000 0.000000 0.000000 0.000000 0.000000 0.995826 0.091273 3.520595 0.000000 -0.091273 0.995826 -0.879316 0.000000 0.000000 0.000000 1.000000
1.000000 0.000000 0.000000 0.000000 0.000000 0.996743 0.080646 3.520595 0.000000 -0.080646 0.996743 -0.879316 0.000000 0.000000 0.000000 1.000000
1.000000 0.000000 0.000000 0.000000 0.000000 0.997595 0.069310 3.520595 0.000000 -0.069310 0.997595 -0.879316 0.000000 0.000000 0.000000 1.000000
1.000000 0.000000 0.000000 0.000000 0.000000 0.998352 0.057383 3.520595 0.000000 -0.057383 0.998352 -0.879316 0.000000 0.000000 0.000000 1.000000
1.000000 0.000000 0.000000 0.000000 0.000000 0.998988 0.044981 3.520595 0.000000 -0.044981 0.998988 -0.879316 0.000000 0.000000 0.000000 1.000000
1.000000 0.000000 0.000000 0.000000 0.000000 0.999481 0.032221 3.520595 0.000000 -0.032221 0.999481 -0.879316 0.000000 0.000000 0.000000 1.000000
1.000000 0.000000 0.000000 0.000000 0.000000 0.999815 0.019223 3.520595 0.000000 -0.019223 0.999815 -0.879316 0.000000 0.000000 0.000000 1.000000
1.000000 0.000000 0.000000 0.000000 0.000000 0.999981 0.006105 3.520595 0.000000 -0.006105 0.999981 -0.879316 0.000000 0.000000 0.000000 1.000000
1.000000 0.000000 0.000000 0.000000 0.000000 0.999975 -0.007014 3.520595 0.000000 0.007014 0.999975 -0.879316 0.000000 0.000000 0.000000 1.000000
1.000000 0.000000 0.000000 0.000000 0.000000 0.999800 -0.020016 3.520595 0.000000 0.020016 0.999800 -0.879316 0.000000 0.000000 0.000000 1.000000
1.000000 0.000000 0.000000 0.000000 0.000000 0.999463 -0.032780 3.520595 0.000000 0.032780 0.999463 -0.879316 0.000000 0.000000 0.000000 1.000000
1.000000 0.000000 0.000000 0.000000 0.000000 0.998978 -0.045189 3.520595 0.000000 0.045189 0.998978 -0.879316 0.000000 0.000000 0.000000 1.000000
1.000000 0.000000 0.000000 0.000000 0.000000 0.998367 -0.057125 3.520595 0.000000 0.057125 0.998367 -0.879316 0.000000 0.000000 0.000000 1.000000
1.000000 0.000000 0.000000 0.000000 0.000000 0.997653 -0.068470 3.520595 0.000000 0.068470 0.997653 -0.879316 0.000000 0.000000 0.000000 1.000000
1.000000 0.000000 0.000000 0.000000 0.000000 0.996866 -0.079107 3.520595 0.000000 0.079107 0.996866 -0.879316 0.000000 0.000000 0.000000 1.000000
1.000000 0.000000 0.000000 0.000000 0.000000 0.996039 -0.088922 3.520595 0.000000 0.088922 0.996039 -0.879316 0.000000 0.000000 0.000000 1.000000
1.000000 0.000000 0.000000 0.000000 0.000000 0.995206 -0.097798 3.520595 0.000000 0.097798 0.995206 -0.879316 0.000000 0.000000 0.000000 1.000000
1.000000 0.000000 0.000000 0.000000 0.000000 0.994406 -0.105621 3.520595 0.000000 0.105621 0.994406 -0.879316 0.000000 0.000000 0.000000 1.000000
1.000000 0.000000 0.000000 0.000000 0.000000 0.993677 -0.112277 3.520595 0.000000 0.112277 0.993677 -0.879316 0.000000 0.000000 0.000000 1.000000
1.000000 0.000000 0.000000 0.000000 0.000000 0.993055 -0.117652 3.520595 0.000000 0.117652 0.993055 -0.879316 0.000000 0.000000 0.000000 1.000000
1.000000 0.000000 0.000000 0.000000 0.000000 0.992575 -0.121633 3.520595 0.000000 0.121633 0.992575 -0.879316 0.000000 0.000000 0.000000 1.000000
1.000000 0.000000 0.000000 0.000000 0.000000 0.992269 -0.124106 3.520595 0.000000 0.124106 0.992269 -0.879316 0.000000 0.000000 0.000000 1.000000
1.000000 0.000000 0.000000 0.000000 0.000000 0.992162 -0.124955 3.520595 0.000000 0.124955 0.992162 -0.879316 0.000000 0.000000 0.000000 1.000000</float_array><technique_common><accessor source="#arm_jnt-Matrix-animation-output-transform-array" count="31" stride="16"><param type="float4x4"/></accessor></technique_common></source><source id="arm_jnt-Interpolations"><Name_array id="arm_jnt-Interpolations-array" count="31">
 LINEAR LINEAR LINEAR LINEAR LINEAR LINEAR LINEAR LINEAR LINEAR LINEAR LINEAR
LINEAR LINEAR LINEAR LINEAR LINEAR LINEAR LINEAR LINEAR LINEAR LINEAR LINEAR LINEAR
LINEAR LINEAR LINEAR LINEAR LINEAR LINEAR LINEAR LINEAR</Name_array><technique_common><accessor source="#arm_jnt-Interpolations-array" count="31"><param type="name"/></accessor></technique_common></source><sampler id="arm_jnt-Matrix-animation-transform"><input semantic="INPUT" source="#arm_jnt-Matrix-animation-input"/><input semantic="OUTPUT" source="#arm_jnt-Matrix-animation-output-transform"/><input semantic="INTERPOLATION" source="#arm_jnt-Interpolations"/></sampler><channel source="#arm_jnt-Matrix-animation-transform" target="arm_jnt/matrix"/></animation></animation>
    <animation id="body_jnt-anim" name="body_jnt"><animation><source id="body_jnt-Matrix-animation-input"><float_array id="body_jnt-Matrix-animation-input-array" count="31">

0.000000 0.033333 0.066667 0.100000 0.133333 0.166667 0.200000 0.233333 0.266667 0.300000 0.333333 0.366667 0.400000 0.433333 0.466667 0.500000
0.533333 0.566667 0.600000 0.633333 0.666667 0.700000 0.733333 0.766667 0.800000 0.833333 0.866667 0.900000 0.933333 0.966667 1.000000</float_array><technique_common><accessor source="#body_jnt-Matrix-animation-input-array" count="31"><param name="TIME" type="float"/></accessor></technique_common></source><source id="body_jnt-Matrix-animation-output-transform"><float_array id="body_jnt-Matrix-animation-output-transform-array" count="496">

1.000000 0.000000 0.000000 0.000000 0.000000 0.983223 -0.182409 -2.239808 0.000000 0.182409 0.983223 0.872064 0.000000 0.000000 0.000000 1.000000
1.000000 0.000000 0.000000 0.000000 0.000000 0.983401 -0.181448 -2.237771 0.000000 0.181448 0.983401 0.871826 0.000000 0.000000 0.000000 1.000000
1.000000 0.000000 0.000000 0.000000 0.000000 0.983912 -0.178652 -2.231844 0.000000 0.178652 0.983912 0.871133 0.000000 0.000000 0.000000 1.000000
1.000000 0.000000 0.000000 0.000000 0.000000 0.984719 -0.174150 -2.222306 0.000000 0.174150 0.984719 0.870018 0.000000 0.000000 0.000000 1.000000
1.000000 0.000000 0.000000 0.000000 0.000000 0.985775 -0.168068 -2.209434 0.000000 0.168068 0.985775 0.868514 0.000000 0.000000 0.000000 1.000000
1.000000 0.000000 0.000000 0.000000 0.000000 0.987031 -0.160533 -2.193506 0.000000 0.160533 0.987031 0.866653 0.000000 0.000000 0.000000 1.000000
1.000000 0.000000 0.000000 0.000000 0.000000 0.988431 -0.151672 -2.174799 0.000000 0.151672 0.988431 0.864467 0.000000 0.000000 0.000000 1.000000
1.000000 0.000000 0.000000 0.000000 0.000000 0.989922 -0.141612 -2.153593 0.000000 0.141612 0.989922 0.861988 0.000000 0.000000 0.000000 1.000000
1.000000 0.000000 0.000000 0.000000 0.000000 0.991451 -0.130480 -2.130163 0.000000 0.130480 0.991451 0.859250 0.000000 0.000000 0.000000 1.000000
1.000000 0.000000 0.000000 0.000000 0.000000 0.992965 -0.118406 -2.104790 0.000000 0.118406 0.992965 0.856285 0.000000 0.000000 0.000000 1.000000
1.000000 0.000000 0.000000 0.000000 0.000000 0.994417 -0.105520 -2.077749 0.000000 0.105520 0.994417 0.853125 0.000000 0.000000 0.000000 1.000000
1.000000 0.000000 0.000000 0.000000 0.000000 0.995763 -0.091953 -2.049319 0.000000 0.091953 0.995763 0.849802 0.000000 0.000000 0.000000 1.000000
1.000000 0.000000 0.000000 0.000000 0.000000 0.996966 -0.077837 -2.019778 0.000000 0.077837 0.996966 0.846350 0.000000 0.000000 0.000000 1.000000
1.000000 0.000000 0.000000 0.000000 0.000000 0.997994 -0.063306 -1.989403 0.000000 0.063306 0.997994 0.842800 0.000000 0.000000 0.000000 1.000000
1.000000 0.000000 0.000000 0.000000 0.000000 0.998823 -0.048497 -1.958473 0.000000 0.048497 0.998823 0.839186 0.000000 0.000000 0.000000 1.000000
1.000000 0.000000 0.000000 0.000000 0.000000 0.999437 -0.033543 -1.927265 0.000000 0.033543 0.999437 0.835539 0.000000 0.000000 0.000000 1.000000
1.000000 0.000000 0.000000 0.000000 0.000000 0.999827 -0.018582 -1.896057 0.000000 0.018582 0.999827 0.831891 0.000000 0.000000 0.000000 1.000000
1.000000 0.000000 0.000000 0.000000 0.000000 0.999993 -0.003749 -1.865127 0.000000 0.003749 0.999993 0.828277 0.000000 0.000000 0.000000 1.000000
1.000000 0.000000 0.000000 0.000000 0.000000 0.999941 0.010817 -1.834753 0.000000 -0.010817 0.999941 0.824727 0.000000 0.000000 0.000000 1.000000
1.000000 0.000000 0.000000 0.000000 0.000000 0.999688 0.024982 -1.805212 0.000000 -0.024982 0.999688 0.821275 0.000000 0.000000 0.000000 1.000000
1.000000 0.000000 0.000000 0.000000 0.000000 0.999254 0.038609 -1.776782 0.000000 -0.038609 0.999254 0.817952 0.000000 0.000000 0.000000 1.000000
1.000000 0.000000 0.000000 0.000000 0.000000 0.998670 0.051564 -1.749741 0.000000 -0.051564 0.998670 0.814792 0.000000 0.000000 0.000000 1.000000
1.000000 0.000000 0.000000 0.000000 0.000000 0.997968 0.063712 -1.724367 0.000000 -0.063712 0.997968 0.811827 0.000000 0.000000 0.000000 1.000000
1.000000 0.000000 0.000000 0.000000 0.000000 0.997190 0.074921 -1.700938 0.000000 -0.074921 0.997190 0.809089 0.000000 0.000000 0.000000 1.000000
1.000000 0.000000 0.000000 0.000000 0.000000 0.996376 0.085058 -1.679732 0.000000 -0.085058 0.996376 0.806610 0.000000 0.000000 0.000000 1.000000
1.000000 0.000000 0.000000 0.000000 0.000000 0.995573 0.093993 -1.661025 0.000000 -0.093993 0.995573 0.804424 0.000000 0.000000 0.000000 1.000000
1.000000 0.000000 0.000000 0.000000 0.000000 0.994826 0.101595 -1.645097 0.000000 -0.101595 0.994826 0.802563 0.000000 0.000000 0.000000 1.000000
1.000000 0.000000 0.000000 0.000000 0.000000 0.994180 0.107734 -1.632225 0.000000 -0.107734 0.994180 0.801059 0.000000 0.000000 0.000000 1.000000
1.000000 0.000000 0.000000 0.000000 0.000000 0.993677 0.112281 -1.622687 0.000000 -0.112281 0.993677 0.799944 0.000000 0.000000 0.000000 1.000000
1.000000 0.000000 0.000000 0.000000 0.000000 0.993353 0.115105 -1.616760 0.000000 -0.115105 0.993353 0.799251 0.000000 0.000000 0.000000 1.000000
1.000000 0.000000 0.000000 0.000000 0.000000 0.993240 0.116075 -1.614723 0.000000 -0.116075 0.993240 0.799013 0.000000 0.000000 0.000000 1.000000</float_array><technique_common><accessor source="#body_jnt-Matrix-animation-output-transform-array" count="31" stride="16"><param type="float4x4"/></accessor></technique_common></source><source id="body_jnt-Interpolations"><Name_array id="body_jnt-Interpolations-array" count="31">
 LINEAR LINEAR LINEAR LINEAR LINEAR LINEAR LINEAR LINEAR LINEAR LINEAR LINEAR
LINEAR LINEAR LINEAR LINEAR LINEAR LINEAR LINEAR LINEAR LINEAR LINEAR LINEAR LINEAR
LINEAR LINEAR LINEAR LINEAR LINEAR LINEAR LINEAR LINEAR</Name_array><technique_common><accessor source="#body_jnt-Interpolations-array" count="31"><param type="name"/></accessor></technique_common></source><sampler id="body_jnt-Matrix-animation-transform"><input semantic="INPUT" source="#body_jnt-Matrix-animation-input"/><input semantic="OUTPUT" source="#body_jnt-Matrix-animation-output-transform"/><input semantic="INTERPOLATION" source="#body_jnt-Interpolations"/></sampler><channel source="#body_jnt-Matrix-animation-transform" target="body_jnt/matrix"/></animation></animation>
    <animation id="neck01_jnt-anim" name="neck01_jnt"><animation><source id="neck01_jnt-Matrix-animation-input"><float_array id="neck01_jnt-Matrix-animation-input-array" count="31">

0.000000 0.033333 0.066667 0.100000 0.133333 0.166667 0.200000 0.233333 0.266667 0.300000 0.333333 0.366667 0.400000 0.433333 0.466667 0.500000
0.533333 0.566667 0.600000 0.633333 0.666667 0.700000 0.733333 0.766667 0.800000 0.833333 0.866667 0.900000 0.933333 0.966667 1.000000</float_array><technique_common><accessor source="#neck01_jnt-Matrix-animation-input-array" count="31"><param name="TIME" type="float"/></accessor></technique_common></source><source id="neck01_jnt-Matrix-animation-output-transform"><float_array id="neck01_jnt-Matrix-animation-output-transform-array" count="496">

1.000000 0.000000 0.000000 0.000000 0.000000 0.992876 -0.119154 0.656403 0.000000 0.119154 0.992876 1.249762 0.000000 0.000000 0.000000 1.000000
1.000000 0.000000 0.000000 0.000000 0.000000 0.992854 -0.119337 0.656403 0.000000 0.119337 0.992854 1.249762 0.000000 0.000000 0.000000 1.000000
1.000000 0.000000 0.000000 0.000000 0.000000 0.992790 -0.119870 0.656403 0.000000 0.119870 0.992790 1.249762 0.000000 0.000000 0.000000 1.000000
1.000000 0.000000 0.000000 0.000000 0.000000 0.992686 -0.120726 0.656403 0.000000 0.120726 0.992686 1.249762 0.000000 0.000000 0.000000 1.000000
1.000000 0.000000 0.000000 0.000000 0.000000 0.992545 -0.121882 0.656403 0.000000 0.121882 0.992545 1.249762 0.000000 0.000000 0.000000 1.000000
1.000000 0.000000 0.000000 0.000000 0.000000 0.992368 -0.123312 0.656403 0.000000 0.123312 0.992368 1.249762 0.000000 0.000000 0.000000 1.000000
1.000000 0.000000 0.000000 0.000000 0.000000 0.992158 -0.124991 0.656403 0.000000 0.124991 0.992158 1.249762 0.000000 0.000000 0.000000 1.000000
1.000000 0.000000 0.000000 0.000000 0.000000 0.991916 -0.126894 0.656403 0.000000 0.126894 0.991916 1.249762 0.000000 0.000000 0.000000 1.000000
1.000000 0.000000 0.000000 0.000000 0.000000 0.991645 -0.128996 0.656403 0.000000 0.128996 0.991645 1.249762 0.000000 0.000000 0.000000 1.000000
1.000000 0.000000 0.000000 0.000000 0.000000 0.991346 -0.131272 0.656403 0.000000 0.131272 0.991346 1.249762 0.000000 0.000000 0.000000 1.000000
1.000000 0.000000 0.000000 0.000000 0.000000 0.991022 -0.133696 0.656403 0.000000 0.133696 0.991022 1.249762 0.000000 0.000000 0.000000 1.000000
1.000000 0.000000 0.000000 0.000000 0.000000 0.990675 -0.136244 0.656403 0.000000 0.136244 0.990675 1.249762 0.000000 0.000000 0.000000 1.000000
1.000000 0.000000 0.000000 0.000000 0.000000 0.990308 -0.138891 0.656403 0.000000 0.138891 0.990308 1.249762 0.000000 0.000000 0.000000 1.000000
1.000000 0.000000 0.000000 0.000000 0.000000 0.989922 -0.141611 0.656403 0.000000 0.141611 0.989922 1.249762 0.000000 0.000000 0.000000 1.000000
1.000000 0.000000 0.000000 0.000000 0.000000 0.989522 -0.144381 0.656403 0.000000 0.144381 0.989522 1.249762 0.000000 0.000000 0.000000 1.000000
1.000000 0.000000 0.000000 0.000000 0.000000 0.989111 -0.147173 0.656403 0.000000 0.147173 0.989111 1.249762 0.000000 0.000000 0.000000 1.000000
1.000000 0.000000 0.000000 0.000000 0.000000 0.988691 -0.149965 0.656403 0.000000 0.149965 0.988691 1.249762 0.000000 0.000000 0.000000 1.000000
1.000000 0.000000 0.000000 0.000000 0.000000 0.988268 -0.152731 0.656403 0.000000 0.152731 0.988268 1.249762 0.000000 0.000000 0.000000 1.000000
1.000000 0.000000 0.000000 0.000000 0.000000 0.987844 -0.155445 0.656403 0.000000 0.155445 0.987844 1.249762 0.000000 0.000000 0.000000 1.000000
1.000000 0.000000 0.000000 0.000000 0.000000 0.987426 -0.158085 0.656403 0.000000 0.158085 0.987426 1.249762 0.000000 0.000000 0.000000 1.000000
1.000000 0.000000 0.000000 0.000000 0.000000 0.987016 -0.160623 0.656403 0.000000 0.160623 0.987016 1.249762 0.000000 0.000000 0.000000 1.000000
1.000000 0.000000 0.000000 0.000000 0.000000 0.986620 -0.163037 0.656403 0.000000 0.163037 0.986620 1.249762 0.000000 0.000000 0.000000 1.000000
1.000000 0.000000 0.000000 0.000000 0.000000 0.986243 -0.165301 0.656403 0.000000 0.165301 0.986243 1.249762 0.000000 0.000000 0.000000 1.000000
1.000000 0.000000 0.000000 0.000000 0.000000 0.985891 -0.167391 0.656403 0.000000 0.167391 0.985891 1.249762 0.000000 0.000000 0.000000 1.000000
1.000000 0.000000 0.000000 0.000000 0.000000 0.985568 -0.169282 0.656403 0.000000 0.169282 0.985568 1.249762 0.000000 0.000000 0.000000 1.000000
1.000000 0.000000 0.000000 0.000000 0.000000 0.985280 -0.170950 0.656403 0.000000 0.170950 0.985280 1.249762 0.000000 0.000000 0.000000 1.000000
1.000000 0.000000 0.000000 0.000000 0.000000 0.985032 -0.172369 0.656403 0.000000 0.172369 0.985032 1.249762 0.000000 0.000000 0.000000 1.000000
1.000000 0.000000 0.000000 0.000000 0.000000 0.984831 -0.173516 0.656403 0.000000 0.173516 0.984831 1.249762 0.000000 0.000000 0.000000 1.000000
1.000000 0.000000 0.000000 0.000000 0.000000 0.984681 -0.174365 0.656403 0.000000 0.174365 0.984681 1.249762 0.000000 0.000000 0.000000 1.000000
1.000000 0.000000 0.000000 0.000000 0.000000 0.984587 -0.174893 0.656403 0.000000 0.174893 0.984587 1.249762 0.000000 0.000000 0.000000 1.000000
1.000000 0.000000 0.000000 0.000000 0.000000 0.984555 -0.175075 0.656403 0.000000 0.175075 0.984555 1.249762 0.000000 0.000000 0.000000 1.000000</float_array><technique_common><accessor source="#neck01_jnt-Matrix-animation-output-transform-array" count="31" stride="16"><param type="float4x4"/></accessor></technique_common></source><source id="neck01_jnt-Interpolations"><Name_array id="neck01_jnt-Interpolations-array" count="31">
 LINEAR LINEAR LINEAR LINEAR LINEAR LINEAR LINEAR LINEAR LINEAR LINEAR LINEAR
LINEAR LINEAR LINEAR LINEAR LINEAR LINEAR LINEAR LINEAR LINEAR LINEAR LINEAR LINEAR
LINEAR LINEAR LINEAR LINEAR LINEAR LINEAR LINEAR LINEAR</Name_array><technique_common><accessor source="#neck01_jnt-Interpolations-array" count="31"><param type="name"/></accessor></technique_common></source><sampler id="neck01_jnt-Matrix-animation-transform"><input semantic="INPUT" source="#neck01_jnt-Matrix-animation-input"/><input semantic="OUTPUT" source="#neck01_jnt-Matrix-animation-output-transform"/><input semantic="INTERPOLATION" source="#neck01_jnt-Interpolations"/></sampler><channel source="#neck01_jnt-Matrix-animation-transform" target="neck01_jnt/matrix"/></animation></animation>
    <animation id="neck02_jnt-anim" name="neck02_jnt"><animation><source id="neck02_jnt-Matrix-animation-input"><float_array id="neck02_jnt-Matrix-animation-input-array" count="31">

0.000000 0.033333 0.066667 0.100000 0.133333 0.166667 0.200000 0.233333 0.266667 0.300000 0.333333 0.366667 0.400000 0.433333 0.466667 0.500000
0.533333 0.566667 0.600000 0.633333 0.666667 0.700000 0.733333 0.766667 0.800000 0.833333 0.866667 0.900000 0.933333 0.966667 1.000000</float_array><technique_common><accessor source="#neck02_jnt-Matrix-animation-input-array" count="31"><param name="TIME" type="float"/></accessor></technique_common></source><source id="neck02_jnt-Matrix-animation-output-transform"><float_array id="neck02_jnt-Matrix-animation-output-transform-array" count="496">

1.000000 0.000000 0.000000 0.000000 0.000000 0.994816 0.101688 0.495258 0.000000 -0.101688 0.994816 -0.284627 0.000000 0.000000 0.000000 1.000000
1.000000 0.000153 -0.000123 0.000000 -0.000140 0.995348 0.096342 0.495258 0.000137 -0.096342 0.995348 -0.284627 0.000000 0.000000 0.000000 1.000000
1.000000 0.000581 -0.000481 0.000000 -0.000540 0.996709 0.081066 0.495258 0.000527 -0.081066 0.996709 -0.284627 0.000000 0.000000 0.000000 1.000000
0.999999 0.001232 -0.001072 0.000000 -0.001169 0.998374 0.056997 0.495258 0.001141 -0.056996 0.998374 -0.284627 0.000000 0.000000 0.000000 1.000000
0.999996 0.002046 -0.001897 0.000000 -0.001997 0.999678 0.025280 0.495258 0.001948 -0.025276 0.999679 -0.284627 0.000000 0.000000 0.000000 1.000000
0.999991 0.002955 -0.002958 0.000000 -0.002993 0.999912 -0.012907 0.495258 0.002920 0.012916 0.999912 -0.284627 0.000000 0.000000 0.000000 1.000000
0.999983 0.003894 -0.004251 0.000000 -0.004127 0.998403 -0.056339 0.495258 0.004025 0.056356 0.998403 -0.284627 0.000000 0.000000 0.000000 1.000000
0.999972 0.004795 -0.005764 0.000000 -0.005368 0.994590 -0.103742 0.495258 0.005235 0.103770 0.994588 -0.284627 0.000000 0.000000 0.000000 1.000000
0.999956 0.005602 -0.007471 0.000000 -0.006684 0.988079 -0.153802 0.495258 0.006520 0.153846 0.988073 -0.284627 0.000000 0.000000 0.000000 1.000000
0.999937 0.006265 -0.009334 0.000000 -0.008047 0.978690 -0.205186 0.495258 0.007849 0.205249 0.978678 -0.284627 0.000000 0.000000 0.000000 1.000000
0.999913 0.006750 -0.011304 0.000000 -0.009425 0.966479 -0.256572 0.495258 0.009193 0.256656 0.966459 -0.284627 0.000000 0.000000 0.000000 1.000000
0.999886 0.007040 -0.013325 0.000000 -0.010788 0.951752 -0.306679 0.495258 0.010523 0.306787 0.951720 -0.284627 0.000000 0.000000 0.000000 1.000000
0.999857 0.007135 -0.015331 0.000000 -0.012105 0.935053 -0.354301 0.495258 0.011807 0.354436 0.935006 -0.284627 0.000000 0.000000 0.000000 1.000000
0.999826 0.007053 -0.017257 0.000000 -0.013345 0.917144 -0.398332 0.495258 0.013017 0.398493 0.917079 -0.284627 0.000000 0.000000 0.000000 1.000000
0.999795 0.006831 -0.019037 0.000000 -0.014478 0.898967 -0.437777 0.495258 0.014123 0.437963 0.898882 -0.284627 0.000000 0.000000 0.000000 1.000000
0.999766 0.006519 -0.020610 0.000000 -0.015474 0.881595 -0.471753 0.495258 0.015094 0.471961 0.881490 -0.284627 0.000000 0.000000 0.000000 1.000000
0.999741 0.006175 -0.021919 0.000000 -0.016301 0.866178 -0.499470 0.495258 0.015902 0.499698 0.866054 -0.284627 0.000000 0.000000 0.000000 1.000000
0.999720 0.005863 -0.022913 0.000000 -0.016930 0.853877 -0.520199 0.495258 0.016515 0.520442 0.853737 -0.284627 0.000000 0.000000 0.000000 1.000000
0.999707 0.005641 -0.023544 0.000000 -0.017330 0.845800 -0.533218 0.495258 0.016905 0.533470 0.845650 -0.284627 0.000000 0.000000 0.000000 1.000000
0.999702 0.005559 -0.023764 0.000000 -0.017470 0.842924 -0.537749 0.495258 0.017042 0.538004 0.842770 -0.284627 0.000000 0.000000 0.000000 1.000000
0.999702 0.005559 -0.023764 0.000000 -0.017470 0.842924 -0.537749 0.495258 0.017042 0.538004 0.842770 -0.284627 0.000000 0.000000 0.000000 1.000000
0.999702 0.005559 -0.023764 0.000000 -0.017470 0.842924 -0.537749 0.495258 0.017042 0.538004 0.842770 -0.284627 0.000000 0.000000 0.000000 1.000000
0.999702 0.005559 -0.023764 0.000000 -0.017470 0.842924 -0.537749 0.495258 0.017042 0.538004 0.842770 -0.284627 0.000000 0.000000 0.000000 1.000000
0.999702 0.005559 -0.023764 0.000000 -0.017470 0.842924 -0.537749 0.495258 0.017042 0.538004 0.842770 -0.284627 0.000000 0.000000 0.000000 1.000000
0.999702 0.005559 -0.023764 0.000000 -0.017470 0.842924 -0.537749 0.495258 0.017042 0.538004 0.842770 -0.284627 0.000000 0.000000 0.000000 1.000000
0.999702 0.005559 -0.023764 0.000000 -0.017470 0.842924 -0.537749 0.495258 0.017042 0.538004 0.842770 -0.284627 0.000000 0.000000 0.000000 1.000000
0.999702 0.005559 -0.023764 0.000000 -0.017470 0.842924 -0.537749 0.495258 0.017042 0.538004 0.842770 -0.284627 0.000000 0.000000 0.000000 1.000000
0.999702 0.005559 -0.023764 0.000000 -0.017470 0.842924 -0.537749 0.495258 0.017042 0.538004 0.842770 -0.284627 0.000000 0.000000 0.000000 1.000000
0.999702 0.005559 -0.023764 0.000000 -0.017470 0.842924 -0.537749 0.495258 0.017042 0.538004 0.842770 -0.284627 0.000000 0.000000 0.000000 1.000000
0.999702 0.005559 -0.023764 0.000000 -0.017470 0.842924 -0.537749 0.495258 0.017042 0.538004 0.842770 -0.284627 0.000000 0.000000 0.000000 1.000000
0.999702 0.005559 -0.023764 0.000000 -0.017470 0.842924 -0.537749 0.495258 0.017042 0.538004 0.842770 -0.284627 0.000000 0.000000 0.000000 1.000000</float_array><technique_common><accessor source="#neck02_jnt-Matrix-animation-output-transform-array" count="31" stride="16"><param type="float4x4"/></accessor></technique_common></source><source id="neck02_jnt-Interpolations"><Name_array id="neck02_jnt-Interpolations-array" count="31">
 LINEAR LINEAR LINEAR LINEAR LINEAR LINEAR LINEAR LINEAR LINEAR LINEAR LINEAR
LINEAR LINEAR LINEAR LINEAR LINEAR LINEAR LINEAR LINEAR LINEAR LINEAR LINEAR LINEAR
LINEAR LINEAR LINEAR LINEAR LINEAR LINEAR LINEAR LINEAR</Name_array><technique_common><accessor source="#neck02_jnt-Interpolations-array" count="31"><param type="name"/></accessor></technique_common></source><sampler id="neck02_jnt-Matrix-animation-transform"><input semantic="INPUT" source="#neck02_jnt-Matrix-animation-input"/><input semantic="OUTPUT" source="#neck02_jnt-Matrix-animation-output-transform"/><input semantic="INTERPOLATION" source="#neck02_jnt-Interpolations"/></sampler><channel source="#neck02_jnt-Matrix-animation-transform" target="neck02_jnt/matrix"/></animation></animation>
    <animation id="head_jnt-anim" name="head_jnt"><animation><source id="head_jnt-Matrix-animation-input"><float_array id="head_jnt-Matrix-animation-input-array" count="31">

0.000000 0.033333 0.066667 0.100000 0.133333 0.166667 0.200000 0.233333 0.266667 0.300000 0.333333 0.366667 0.400000 0.433333 0.466667 0.500000
0.533333 0.566667 0.600000 0.633333 0.666667 0.700000 0.733333 0.766667 0.800000 0.833333 0.866667 0.900000 0.933333 0.966667 1.000000</float_array><technique_common><accessor source="#head_jnt-Matrix-animation-input-array" count="31"><param name="TIME" type="float"/></accessor></technique_common></source><source id="head_jnt-Matrix-animation-output-transform"><float_array id="head_jnt-Matrix-animation-output-transform-array" count="496">

1.000000 0.000000 0.000000 -0.000000 0.000000 1.000000 0.000000 0.516041 0.000000 0.000000 1.000000 0.168524 0.000000 0.000000 0.000000 1.000000
1.000000 0.000000 0.000000 0.000000 0.000000 1.000000 0.000000 0.516041 -0.000000 -0.000000 1.000000 0.168524 0.000000 0.000000 0.000000 1.000000
1.000000 0.000000 0.000000 0.000000 0.000000 1.000000 -0.000000 0.516041 0.000000 0.000000 1.000000 0.168524 0.000000 0.000000 0.000000 1.000000
1.000000 0.000000 0.000000 0.000000 0.000000 1.000000 0.000000 0.516041 -0.000000 0.000000 1.000000 0.168524 0.000000 0.000000 0.000000 1.000000
1.000000 0.000000 0.000000 -0.000000 -0.000000 1.000000 0.000000 0.516041 0.000000 0.000000 1.000000 0.168524 0.000000 0.000000 0.000000 1.000000
1.000000 -0.000000 0.000000 0.000000 -0.000000 1.000000 -0.000000 0.516041 0.000000 0.000000 1.000000 0.168524 0.000000 0.000000 0.000000 1.000000
1.000000 -0.000000 0.000000 0.000000 -0.000000 1.000000 0.000000 0.516041 0.000000 -0.000000 1.000000 0.168524 0.000000 0.000000 0.000000 1.000000
1.000000 -0.000000 0.000000 0.000000 0.000000 1.000000 0.000000 0.516041 0.000000 0.000000 1.000000 0.168524 0.000000 0.000000 0.000000 1.000000
1.000000 -0.000000 0.000000 0.000000 0.000000 1.000000 0.000000 0.516041 0.000000 0.000000 1.000000 0.168524 0.000000 0.000000 0.000000 1.000000
1.000000 -0.000000 -0.000000 0.000000 0.000000 1.000000 -0.000000 0.516041 -0.000000 0.000000 1.000000 0.168524 0.000000 0.000000 0.000000 1.000000
1.000000 0.000000 0.000000 -0.000000 -0.000000 1.000000 -0.000000 0.516041 0.000000 0.000000 1.000000 0.168524 0.000000 0.000000 0.000000 1.000000
1.000000 0.000000 0.000000 0.000000 -0.000000 1.000000 0.000000 0.516041 0.000000 -0.000000 1.000000 0.168524 0.000000 0.000000 0.000000 1.000000
1.000000 0.000000 -0.000000 -0.000000 0.000000 1.000000 0.000000 0.516041 -0.000000 -0.000000 1.000000 0.168524 0.000000 0.000000 0.000000 1.000000
1.000000 0.000000 -0.000000 -0.000000 0.000000 1.000000 0.000000 0.516041 0.000000 0.000000 1.000000 0.168524 0.000000 0.000000 0.000000 1.000000
1.000000 -0.000000 0.000000 0.000000 0.000000 1.000000 0.000000 0.516041 -0.000000 -0.000000 1.000000 0.168524 0.000000 0.000000 0.000000 1.000000
1.000000 0.000000 -0.000000 -0.000000 -0.000000 1.000000 -0.000000 0.516041 -0.000000 0.000000 1.000000 0.168524 0.000000 0.000000 0.000000 1.000000
1.000000 0.000000 0.000000 -0.000000 -0.000000 1.000000 -0.000000 0.516041 0.000000 0.000000 1.000000 0.168524 0.000000 0.000000 0.000000 1.000000
1.000000 -0.000000 -0.000000 -0.000000 0.000000 1.000000 0.000000 0.516041 0.000000 0.000000 1.000000 0.168524 0.000000 0.000000 0.000000 1.000000
1.000000 0.000000 -0.000000 0.000000 0.000000 1.000000 0.000000 0.516041 -0.000000 -0.000000 1.000000 0.168524 0.000000 0.000000 0.000000 1.000000
1.000000 0.000000 -0.000000 -0.000000 0.000000 1.000000 0.000000 0.516041 -0.000000 -0.000000 1.000000 0.168524 0.000000 0.000000 0.000000 1.000000
1.000000 -0.000000 -0.000000 0.000000 0.000000 1.000000 -0.000000 0.516041 0.000000 0.000000 1.000000 0.168524 0.000000 0.000000 0.000000 1.000000
1.000000 0.000000 0.000000 0.000000 0.000000 1.000000 0.000000 0.516041 -0.000000 -0.000000 1.000000 0.168524 0.000000 0.000000 0.000000 1.000000
1.000000 0.000000 -0.000000 0.000000 0.000000 1.000000 0.000000 0.516041 0.000000 -0.000000 1.000000 0.168524 0.000000 0.000000 0.000000 1.000000
1.000000 0.000000 -0.000000 -0.000000 0.000000 1.000000 0.000000 0.516041 -0.000000 0.000000 1.000000 0.168524 0.000000 0.000000 0.000000 1.000000
1.000000 0.000000 -0.000000 0.000000 0.000000 1.000000 0.000000 0.516041 0.000000 -0.000000 1.000000 0.168524 0.000000 0.000000 0.000000 1.000000
1.000000 0.000000 0.000000 0.000000 0.000000 1.000000 -0.000000 0.516041 -0.000000 0.000000 1.000000 0.168524 0.000000 0.000000 0.000000 1.000000
1.000000 -0.000000 -0.000000 -0.000000 0.000000 1.000000 0.000000 0.516041 -0.000000 -0.000000 1.000000 0.168524 0.000000 0.000000 0.000000 1.000000
1.000000 0.000000 -0.000000 -0.000000 0.000000 1.000000 0.000000 0.516041 -0.000000 0.000000 1.000000 0.168524 0.000000 0.000000 0.000000 1.000000
1.000000 0.000000 0.000000 0.000000 -0.000000 1.000000 -0.000000 0.516041 -0.000000 0.000000 1.000000 0.168524 0.000000 0.000000 0.000000 1.000000
1.000000 -0.000000 0.000000 0.000000 0.000000 1.000000 0.000000 0.516041 0.000000 -0.000000 1.000000 0.168524 0.000000 0.000000 0.000000 1.000000
1.000000 -0.000000 0.000000 -0.000000 0.000000 1.000000 -0.000000 0.516041 -0.000000 0.000000 1.000000 0.168524 0.000000 0.000000 0.000000 1.000000</float_array><technique_common><accessor source="#head_jnt-Matrix-animation-output-transform-array" count="31" stride="16"><param type="float4x4"/></accessor></technique_common></source><source id="head_jnt-Interpolations"><Name_array id="head_jnt-Interpolations-array" count="31">
 LINEAR LINEAR LINEAR LINEAR LINEAR LINEAR LINEAR LINEAR LINEAR LINEAR LINEAR
LINEAR LINEAR LINEAR LINEAR LINEAR LINEAR LINEAR LINEAR LINEAR LINEAR LINEAR LINEAR
LINEAR LINEAR LINEAR LINEAR LINEAR LINEAR LINEAR LINEAR</Name_array><technique_common><accessor source="#head_jnt-Interpolations-array" count="31"><param type="name"/></accessor></technique_common></source><sampler id="head_jnt-Matrix-animation-transform"><input semantic="INPUT" source="#head_jnt-Matrix-animation-input"/><input semantic="OUTPUT" source="#head_jnt-Matrix-animation-output-transform"/><input semantic="INTERPOLATION" source="#head_jnt-Interpolations"/></sampler><channel source="#head_jnt-Matrix-animation-transform" target="head_jnt/matrix"/></animation></animation>
    <animation id="lowereye_jnt-anim" name="lowereye_jnt"><animation><source id="lowereye_jnt-Matrix-animation-input"><float_array id="lowereye_jnt-Matrix-animation-input-array" count="31">

0.000000 0.033333 0.066667 0.100000 0.133333 0.166667 0.200000 0.233333 0.266667 0.300000 0.333333 0.366667 0.400000 0.433333 0.466667 0.500000
0.533333 0.566667 0.600000 0.633333 0.666667 0.700000 0.733333 0.766667 0.800000 0.833333 0.866667 0.900000 0.933333 0.966667 1.000000</float_array><technique_common><accessor source="#lowereye_jnt-Matrix-animation-input-array" count="31"><param name="TIME" type="float"/></accessor></technique_common></source><source id="lowereye_jnt-Matrix-animation-output-transform"><float_array id="lowereye_jnt-Matrix-animation-output-transform-array" count="496">

1.000000 0.000000 0.000000 0.000000 0.000000 0.181121 0.000000 0.147942 0.000000 0.000000 1.000000 1.169594 0.000000 0.000000 0.000000 1.000000
1.000000 0.000000 0.000000 0.000000 -0.000000 0.181121 0.000000 0.147942 -0.000000 -0.000000 1.000000 1.169594 0.000000 0.000000 0.000000 1.000000
1.000000 -0.000000 0.000000 0.000000 0.000000 0.181129 0.000000 0.147942 0.000000 0.000000 1.000000 1.169594 0.000000 0.000000 0.000000 1.000000
1.000000 -0.000000 0.000000 0.000000 0.000000 0.181217 0.000000 0.147942 -0.000000 0.000000 1.000000 1.169594 0.000000 0.000000 0.000000 1.000000
1.000000 -0.000000 0.000000 0.000000 -0.000000 0.181656 0.000000 0.147942 0.000000 0.000000 1.000000 1.169594 0.000000 0.000000 0.000000 1.000000
