<?xml version="1.0" encoding="utf-8"?>
<COLLADA xmlns="http://www.collada.org/2005/11/COLLADASchema" version="1.4.1">
  <asset><contributor><author></author><authoring_tool>FBX COLLADA exporter</authoring_tool><comments></comments></contributor><created>2020-04-13T21:10:25Z</created><keywords></keywords><modified>2020-04-13T21:10:25Z</modified><revision></revision><subject></subject><title></title><unit meter="0.010000" name="centimeter"></unit><up_axis>Y_UP</up_axis></asset>
  <library_animations>
    <animation id="root_jnt-anim" name="root_jnt"><animation><source id="root_jnt-Matrix-animation-input"><float_array id="root_jnt-Matrix-animation-input-array" count="76">

0.000000 0.033333 0.066667 0.100000 0.133333 0.166667 0.200000 0.233333 0.266667 0.300000 0.333333 0.366667 0.400000 0.433333 0.466667 0.500000
0.533333 0.566667 0.600000 0.633333 0.666667 0.700000 0.733333 0.766667 0.800000 0.833333 0.866667 0.900000 0.933333 0.966667 1.000000 1.033333
1.066667 1.100000 1.133333 1.166667 1.200000 1.233333 1.266667 1.300000 1.333333 1.366667 1.400000 1.433333 1.466667 1.500000 1.533333 1.566667
1.600000 1.633333 1.666667 1.700000 1.733333 1.766667 1.800000 1.833333 1.866667 1.900000 1.933333 1.966667 2.000000 2.033333 2.066667 2.100000
2.133333 2.166667 2.200000 2.233333 2.266667 2.300000 2.333333 2.366667 2.400000 2.433333 2.466667 2.500000</float_array><technique_common><accessor source="#root_jnt-Matrix-animation-input-array" count="76"><param name="TIME" type="float"/></accessor></technique_common></source><source id="root_jnt-Matrix-animation-output-transform"><float_array id="root_jnt-Matrix-animation-output-transform-array" count="1216">

1.000000 0.000000 0.000000 0.000000 0.000000 1.000000 0.000000 0.000000 0.000000 0.000000 1.000000 0.000000 0.000000 0.000000 0.000000 1.000000
1.000000 0.000000 0.000000 0.000000 0.000000 1.000000 0.000000 0.000000 0.000000 0.000000 1.000000 0.000000 0.000000 0.000000 0.000000 1.000000
1.000000 0.000000 0.000000 0.000000 0.000000 1.000000 0.000000 0.000000 0.000000 0.000000 1.000000 0.000000 0.000000 0.000000 0.000000 1.000000
1.000000 0.000000 0.000000 0.000000 0.000000 1.000000 0.000000 0.000000 0.000000 0.000000 1.000000 0.000000 0.000000 0.000000 0.000000 1.000000
1.000000 0.000000 0.000000 0.000000 0.000000 1.000000 0.000000 0.000000 0.000000 0.000000 1.000000 0.000000 0.000000 0.000000 0.000000 1.000000
1.000000 0.000000 0.000000 0.000000 0.000000 1.000000 0.000000 0.000000 0.000000 0.000000 1.000000 0.000000 0.000000 0.000000 0.000000 1.000000
1.000000 0.000000 0.000000 0.000000 0.000000 1.000000 0.000000 0.000000 0.000000 0.000000 1.000000 0.000000 0.000000 0.000000 0.000000 1.000000
1.000000 0.000000 0.000000 0.000000 0.000000 1.000000 0.000000 0.000000 0.000000 0.000000 1.000000 0.000000 0.000000 0.000000 0.000000 1.000000
1.000000 0.000000 0.000000 0.000000 0.000000 1.000000 0.000000 0.000000 0.000000 0.000000 1.000000 0.000000 0.000000 0.000000 0.000000 1.000000
1.000000 0.000000 0.000000 0.000000 0.000000 1.000000 0.000000 0.000000 0.000000 0.000000 1.000000 0.000000 0.000000 0.000000 0.000000 1.000000
1.000000 0.000000 0.000000 0.000000 0.000000 1.000000 0.000000 0.000000 0.000000 0.000000 1.000000 0.000000 0.000000 0.000000 0.000000 1.000000
1.000000 0.000000 0.000000 0.000000 0.000000 1.000000 0.000000 0.000000 0.000000 0.000000 1.000000 0.000000 0.000000 0.000000 0.000000 1.000000
1.000000 0.000000 0.000000 0.000000 0.000000 1.000000 0.000000 0.000000 0.000000 0.000000 1.000000 0.000000 0.000000 0.000000 0.000000 1.000000
1.000000 0.000000 0.000000 0.000000 0.000000 1.000000 0.000000 0.000000 0.000000 0.000000 1.000000 0.000000 0.000000 0.000000 0.000000 1.000000
1.000000 0.000000 0.000000 0.000000 0.000000 1.000000 0.000000 0.000000 0.000000 0.000000 1.000000 0.000000 0.000000 0.000000 0.000000 1.000000
1.000000 0.000000 0.000000 0.000000 0.000000 1.000000 0.000000 0.000000 0.000000 0.000000 1.000000 0.000000 0.000000 0.000000 0.000000 1.000000
1.000000 0.000000 0.000000 0.000000 0.000000 1.000000 0.000000 0.000000 0.000000 0.000000 1.000000 0.000000 0.000000 0.000000 0.000000 1.000000
1.000000 0.000000 0.000000 0.000000 0.000000 1.000000 0.000000 0.000000 0.000000 0.000000 1.000000 0.000000 0.000000 0.000000 0.000000 1.000000
1.000000 0.000000 0.000000 0.000000 0.000000 1.000000 0.000000 0.000000 0.000000 0.000000 1.000000 0.000000 0.000000 0.000000 0.000000 1.000000
1.000000 0.000000 0.000000 0.000000 0.000000 1.000000 0.000000 0.000000 0.000000 0.000000 1.000000 0.000000 0.000000 0.000000 0.000000 1.000000
1.000000 0.000000 0.000000 0.000000 0.000000 1.000000 0.000000 0.000000 0.000000 0.000000 1.000000 0.000000 0.000000 0.000000 0.000000 1.000000
1.000000 0.000000 0.000000 0.000000 0.000000 1.000000 0.000000 0.000000 0.000000 0.000000 1.000000 0.000000 0.000000 0.000000 0.000000 1.000000
1.000000 0.000000 0.000000 0.000000 0.000000 1.000000 0.000000 0.000000 0.000000 0.000000 1.000000 0.000000 0.000000 0.000000 0.000000 1.000000
1.000000 0.000000 0.000000 0.000000 0.000000 1.000000 0.000000 0.000000 0.000000 0.000000 1.000000 0.000000 0.000000 0.000000 0.000000 1.000000
1.000000 0.000000 0.000000 0.000000 0.000000 1.000000 0.000000 0.000000 0.000000 0.000000 1.000000 0.000000 0.000000 0.000000 0.000000 1.000000
1.000000 0.000000 0.000000 0.000000 0.000000 1.000000 0.000000 0.000000 0.000000 0.000000 1.000000 0.000000 0.000000 0.000000 0.000000 1.000000
1.000000 0.000000 0.000000 0.000000 0.000000 1.000000 0.000000 0.000000 0.000000 0.000000 1.000000 0.000000 0.000000 0.000000 0.000000 1.000000
1.000000 0.000000 0.000000 0.000000 0.000000 1.000000 0.000000 0.000000 0.000000 0.000000 1.000000 0.000000 0.000000 0.000000 0.000000 1.000000
1.000000 0.000000 0.000000 0.000000 0.000000 1.000000 0.000000 0.000000 0.000000 0.000000 1.000000 0.000000 0.000000 0.000000 0.000000 1.000000
1.000000 0.000000 0.000000 0.000000 0.000000 1.000000 0.000000 0.000000 0.000000 0.000000 1.000000 0.000000 0.000000 0.000000 0.000000 1.000000
1.000000 0.000000 0.000000 0.000000 0.000000 1.000000 0.000000 0.000000 0.000000 0.000000 1.000000 0.000000 0.000000 0.000000 0.000000 1.000000
1.000000 0.000000 0.000000 0.000000 0.000000 1.000000 0.000000 0.000000 0.000000 0.000000 1.000000 0.000000 0.000000 0.000000 0.000000 1.000000
1.000000 0.000000 0.000000 0.000000 0.000000 1.000000 0.000000 0.000000 0.000000 0.000000 1.000000 0.000000 0.000000 0.000000 0.000000 1.000000
1.000000 0.000000 0.000000 0.000000 0.000000 1.000000 0.000000 0.000000 0.000000 0.000000 1.000000 0.000000 0.000000 0.000000 0.000000 1.000000
1.000000 0.000000 0.000000 0.000000 0.000000 1.000000 0.000000 0.000000 0.000000 0.000000 1.000000 0.000000 0.000000 0.000000 0.000000 1.000000
1.000000 0.000000 0.000000 0.000000 0.000000 1.000000 0.000000 0.000000 0.000000 0.000000 1.000000 0.000000 0.000000 0.000000 0.000000 1.000000
1.000000 0.000000 0.000000 0.000000 0.000000 1.000000 0.000000 0.000000 0.000000 0.000000 1.000000 0.000000 0.000000 0.000000 0.000000 1.000000
1.000000 0.000000 0.000000 0.000000 0.000000 1.000000 0.000000 0.000000 0.000000 0.000000 1.000000 0.000000 0.000000 0.000000 0.000000 1.000000
1.000000 0.000000 0.000000 0.000000 0.000000 1.000000 0.000000 0.000000 0.000000 0.000000 1.000000 0.000000 0.000000 0.000000 0.000000 1.000000
1.000000 0.000000 0.000000 0.000000 0.000000 1.000000 0.000000 0.000000 0.000000 0.000000 1.000000 0.000000 0.000000 0.000000 0.000000 1.000000
1.000000 0.000000 0.000000 0.000000 0.000000 1.000000 0.000000 0.000000 0.000000 0.000000 1.000000 0.000000 0.000000 0.000000 0.000000 1.000000
1.000000 0.000000 0.000000 0.000000 0.000000 1.000000 0.000000 0.000000 0.000000 0.000000 1.000000 0.000000 0.000000 0.000000 0.000000 1.000000
1.000000 0.000000 0.000000 0.000000 0.000000 1.000000 0.000000 0.000000 0.000000 0.000000 1.000000 0.000000 0.000000 0.000000 0.000000 1.000000
1.000000 0.000000 0.000000 0.000000 0.000000 1.000000 0.000000 0.000000 0.000000 0.000000 1.000000 0.000000 0.000000 0.000000 0.000000 1.000000
1.000000 0.000000 0.000000 0.000000 0.000000 1.000000 0.000000 0.000000 0.000000 0.000000 1.000000 0.000000 0.000000 0.000000 0.000000 1.000000
1.000000 0.000000 0.000000 0.000000 0.000000 1.000000 0.000000 0.000000 0.000000 0.000000 1.000000 0.000000 0.000000 0.000000 0.000000 1.000000
1.000000 0.000000 0.000000 0.000000 0.000000 1.000000 0.000000 0.000000 0.000000 0.000000 1.000000 0.000000 0.000000 0.000000 0.000000 1.000000
1.000000 0.000000 0.000000 0.000000 0.000000 1.000000 0.000000 0.000000 0.000000 0.000000 1.000000 0.000000 0.000000 0.000000 0.000000 1.000000
1.000000 0.000000 0.000000 0.000000 0.000000 1.000000 0.000000 0.000000 0.000000 0.000000 1.000000 0.000000 0.000000 0.000000 0.000000 1.000000
1.000000 0.000000 0.000000 0.000000 0.000000 1.000000 0.000000 0.000000 0.000000 0.000000 1.000000 0.000000 0.000000 0.000000 0.000000 1.000000
1.000000 0.000000 0.000000 0.000000 0.000000 1.000000 0.000000 0.000000 0.000000 0.000000 1.000000 0.000000 0.000000 0.000000 0.000000 1.000000
1.000000 0.000000 0.000000 0.000000 0.000000 1.000000 0.000000 0.000000 0.000000 0.000000 1.000000 0.000000 0.000000 0.000000 0.000000 1.000000
1.000000 0.000000 0.000000 0.000000 0.000000 1.000000 0.000000 0.000000 0.000000 0.000000 1.000000 0.000000 0.000000 0.000000 0.000000 1.000000
1.000000 0.000000 0.000000 0.000000 0.000000 1.000000 0.000000 0.000000 0.000000 0.000000 1.000000 0.000000 0.000000 0.000000 0.000000 1.000000
1.000000 0.000000 0.000000 0.000000 0.000000 1.000000 0.000000 0.000000 0.000000 0.000000 1.000000 0.000000 0.000000 0.000000 0.000000 1.000000
1.000000 0.000000 0.000000 0.000000 0.000000 1.000000 0.000000 0.000000 0.000000 0.000000 1.000000 0.000000 0.000000 0.000000 0.000000 1.000000
1.000000 0.000000 0.000000 0.000000 0.000000 1.000000 0.000000 0.000000 0.000000 0.000000 1.000000 0.000000 0.000000 0.000000 0.000000 1.000000
1.000000 0.000000 0.000000 0.000000 0.000000 1.000000 0.000000 0.000000 0.000000 0.000000 1.000000 0.000000 0.000000 0.000000 0.000000 1.000000
1.000000 0.000000 0.000000 0.000000 0.000000 1.000000 0.000000 0.000000 0.000000 0.000000 1.000000 0.000000 0.000000 0.000000 0.000000 1.000000
1.000000 0.000000 0.000000 0.000000 0.000000 1.000000 0.000000 0.000000 0.000000 0.000000 1.000000 0.000000 0.000000 0.000000 0.000000 1.000000
1.000000 0.000000 0.000000 0.000000 0.000000 1.000000 0.000000 0.000000 0.000000 0.000000 1.000000 0.000000 0.000000 0.000000 0.000000 1.000000
1.000000 0.000000 0.000000 0.000000 0.000000 1.000000 0.000000 0.000000 0.000000 0.000000 1.000000 0.000000 0.000000 0.000000 0.000000 1.000000
1.000000 0.000000 0.000000 0.000000 0.000000 1.000000 0.000000 0.000000 0.000000 0.000000 1.000000 0.000000 0.000000 0.000000 0.000000 1.000000
1.000000 0.000000 0.000000 0.000000 0.000000 1.000000 0.000000 0.000000 0.000000 0.000000 1.000000 0.000000 0.000000 0.000000 0.000000 1.000000
1.000000 0.000000 0.000000 0.000000 0.000000 1.000000 0.000000 0.000000 0.000000 0.000000 1.000000 0.000000 0.000000 0.000000 0.000000 1.000000
1.000000 0.000000 0.000000 0.000000 0.000000 1.000000 0.000000 0.000000 0.000000 0.000000 1.000000 0.000000 0.000000 0.000000 0.000000 1.000000
1.000000 0.000000 0.000000 0.000000 0.000000 1.000000 0.000000 0.000000 0.000000 0.000000 1.000000 0.000000 0.000000 0.000000 0.000000 1.000000
1.000000 0.000000 0.000000 0.000000 0.000000 1.000000 0.000000 0.000000 0.000000 0.000000 1.000000 0.000000 0.000000 0.000000 0.000000 1.000000
1.000000 0.000000 0.000000 0.000000 0.000000 1.000000 0.000000 0.000000 0.000000 0.000000 1.000000 0.000000 0.000000 0.000000 0.000000 1.000000
1.000000 0.000000 0.000000 0.000000 0.000000 1.000000 0.000000 0.000000 0.000000 0.000000 1.000000 0.000000 0.000000 0.000000 0.000000 1.000000
1.000000 0.000000 0.000000 0.000000 0.000000 1.000000 0.000000 0.000000 0.000000 0.000000 1.000000 0.000000 0.000000 0.000000 0.000000 1.000000
1.000000 0.000000 0.000000 0.000000 0.000000 1.000000 0.000000 0.000000 0.000000 0.000000 1.000000 0.000000 0.000000 0.000000 0.000000 1.000000
1.000000 0.000000 0.000000 0.000000 0.000000 1.000000 0.000000 0.000000 0.000000 0.000000 1.000000 0.000000 0.000000 0.000000 0.000000 1.000000
1.000000 0.000000 0.000000 0.000000 0.000000 1.000000 0.000000 0.000000 0.000000 0.000000 1.000000 0.000000 0.000000 0.000000 0.000000 1.000000
1.000000 0.000000 0.000000 0.000000 0.000000 1.000000 0.000000 0.000000 0.000000 0.000000 1.000000 0.000000 0.000000 0.000000 0.000000 1.000000
1.000000 0.000000 0.000000 0.000000 0.000000 1.000000 0.000000 0.000000 0.000000 0.000000 1.000000 0.000000 0.000000 0.000000 0.000000 1.000000</float_array><technique_common><accessor source="#root_jnt-Matrix-animation-output-transform-array" count="76" stride="16"><param type="float4x4"/></accessor></technique_common></source><source id="root_jnt-Interpolations"><Name_array id="root_jnt-Interpolations-array" count="76">
 LINEAR LINEAR LINEAR LINEAR LINEAR LINEAR LINEAR LINEAR LINEAR LINEAR LINEAR
LINEAR LINEAR LINEAR LINEAR LINEAR LINEAR LINEAR LINEAR LINEAR LINEAR LINEAR LINEAR
LINEAR LINEAR LINEAR LINEAR LINEAR LINEAR LINEAR LINEAR LINEAR LINEAR LINEAR LINEAR
LINEAR LINEAR LINEAR LINEAR LINEAR LINEAR LINEAR LINEAR LINEAR LINEAR LINEAR LINEAR
LINEAR LINEAR LINEAR LINEAR LINEAR LINEAR LINEAR LINEAR LINEAR LINEAR LINEAR LINEAR
LINEAR LINEAR LINEAR LINEAR LINEAR LINEAR LINEAR LINEAR LINEAR LINEAR LINEAR LINEAR
LINEAR LINEAR LINEAR LINEAR LINEAR</Name_array><technique_common><accessor source="#root_jnt-Interpolations-array" count="76"><param type="name"/></accessor></technique_common></source><sampler id="root_jnt-Matrix-animation-transform"><input semantic="INPUT" source="#root_jnt-Matrix-animation-input"/><input semantic="OUTPUT" source="#root_jnt-Matrix-animation-output-transform"/><input semantic="INTERPOLATION" source="#root_jnt-Interpolations"/></sampler><channel source="#root_jnt-Matrix-animation-transform" target="root_jnt/matrix"/></animation></animation>
    <animation id="jnt_hips-anim" name="jnt_hips"><animation><source id="jnt_hips-Matrix-animation-input"><float_array id="jnt_hips-Matrix-animation-input-array" count="76">

0.000000 0.033333 0.066667 0.100000 0.133333 0.166667 0.200000 0.233333 0.266667 0.300000 0.333333 0.366667 0.400000 0.433333 0.466667 0.500000
0.533333 0.566667 0.600000 0.633333 0.666667 0.700000 0.733333 0.766667 0.800000 0.833333 0.866667 0.900000 0.933333 0.966667 1.000000 1.033333
1.066667 1.100000 1.133333 1.166667 1.200000 1.233333 1.266667 1.300000 1.333333 1.366667 1.400000 1.433333 1.466667 1.500000 1.533333 1.566667
1.600000 1.633333 1.666667 1.700000 1.733333 1.766667 1.800000 1.833333 1.866667 1.900000 1.933333 1.966667 2.000000 2.033333 2.066667 2.100000
2.133333 2.166667 2.200000 2.233333 2.266667 2.300000 2.333333 2.366667 2.400000 2.433333 2.466667 2.500000</float_array><technique_common><accessor source="#jnt_hips-Matrix-animation-input-array" count="76"><param name="TIME" type="float"/></accessor></technique_common></source><source id="jnt_hips-Matrix-animation-output-transform"><float_array id="jnt_hips-Matrix-animation-output-transform-array" count="1216">

0.961461 -0.010974 -0.274722 0.005651 -0.002572 0.998800 -0.048898 1.940699 0.274929 0.047720 0.960280 -0.246250 0.000000 0.000000 0.000000 1.000000
0.961461 -0.010974 -0.274721 0.005651 -0.002572 0.998800 -0.048898 1.940699 0.274928 0.047720 0.960280 -0.246250 0.000000 0.000000 0.000000 1.000000
0.961461 -0.010974 -0.274722 0.005651 -0.002572 0.998800 -0.048898 1.940699 0.274929 0.047720 0.960280 -0.246250 0.000000 0.000000 0.000000 1.000000
0.961461 -0.010974 -0.274721 0.005651 -0.002572 0.998800 -0.048898 1.940699 0.274928 0.047720 0.960280 -0.246250 0.000000 0.000000 0.000000 1.000000
0.961461 -0.010974 -0.274722 0.005651 -0.002572 0.998800 -0.048898 1.940699 0.274929 0.047720 0.960280 -0.246250 0.000000 0.000000 0.000000 1.000000
0.961461 -0.010974 -0.274722 0.005651 -0.002572 0.998800 -0.048898 1.940699 0.274929 0.047720 0.960280 -0.246250 0.000000 0.000000 0.000000 1.000000
0.961461 -0.010974 -0.274721 0.005651 -0.002572 0.998800 -0.048898 1.940699 0.274928 0.047720 0.960280 -0.246250 0.000000 0.000000 0.000000 1.000000
0.961461 -0.010974 -0.274722 0.005651 -0.002572 0.998800 -0.048898 1.940699 0.274929 0.047720 0.960280 -0.246250 0.000000 0.000000 0.000000 1.000000
0.961461 -0.010974 -0.274722 0.005651 -0.002572 0.998800 -0.048898 1.940699 0.274929 0.047720 0.960280 -0.246250 0.000000 0.000000 0.000000 1.000000
0.961461 -0.010974 -0.274721 0.005651 -0.002572 0.998800 -0.048898 1.940699 0.274928 0.047720 0.960280 -0.246250 0.000000 0.000000 0.000000 1.000000
0.961461 -0.010974 -0.274721 0.005651 -0.002572 0.998800 -0.048898 1.940698 0.274928 0.047720 0.960280 -0.246250 0.000000 0.000000 0.000000 1.000000
0.961461 -0.010974 -0.274722 0.005651 -0.002572 0.998800 -0.048899 1.940698 0.274929 0.047721 0.960280 -0.246250 0.000000 0.000000 0.000000 1.000000
0.961461 -0.010974 -0.274722 0.005651 -0.002572 0.998800 -0.048899 1.940698 0.274929 0.047721 0.960280 -0.246250 0.000000 0.000000 0.000000 1.000000
0.961461 -0.010974 -0.274722 0.005651 -0.002572 0.998800 -0.048899 1.940698 0.274929 0.047721 0.960280 -0.246250 0.000000 0.000000 0.000000 1.000000
0.961461 -0.010974 -0.274721 0.005651 -0.002572 0.998800 -0.048899 1.940698 0.274929 0.047721 0.960280 -0.246249 0.000000 0.000000 0.000000 1.000000
0.961461 -0.010974 -0.274722 0.005651 -0.002572 0.998800 -0.048899 1.940698 0.274929 0.047721 0.960280 -0.246249 0.000000 0.000000 0.000000 1.000000
0.961461 -0.010974 -0.274721 0.005651 -0.002572 0.998800 -0.048899 1.940698 0.274928 0.047721 0.960280 -0.246249 0.000000 0.000000 0.000000 1.000000
0.961461 -0.010974 -0.274722 0.005651 -0.002572 0.998800 -0.048899 1.940698 0.274929 0.047721 0.960280 -0.246249 0.000000 0.000000 0.000000 1.000000
0.961461 -0.010974 -0.274721 0.005651 -0.002572 0.998800 -0.048898 1.940698 0.274928 0.047720 0.960280 -0.246250 0.000000 0.000000 0.000000 1.000000
0.961461 -0.010974 -0.274721 0.005651 -0.002572 0.998800 -0.048898 1.940698 0.274928 0.047720 0.960280 -0.246250 0.000000 0.000000 0.000000 1.000000
0.961461 -0.010974 -0.274721 0.005651 -0.002572 0.998800 -0.048898 1.940698 0.274928 0.047720 0.960280 -0.246250 0.000000 0.000000 0.000000 1.000000
0.961461 -0.010974 -0.274721 0.005651 -0.002572 0.998800 -0.048898 1.940698 0.274928 0.047720 0.960280 -0.246250 0.000000 0.000000 0.000000 1.000000
0.961461 -0.010974 -0.274721 0.005651 -0.002572 0.998800 -0.048898 1.940698 0.274928 0.047720 0.960280 -0.246250 0.000000 0.000000 0.000000 1.000000
0.961461 -0.010974 -0.274721 0.005651 -0.002572 0.998800 -0.048899 1.940698 0.274928 0.047721 0.960280 -0.246250 0.000000 0.000000 0.000000 1.000000
0.961461 -0.010974 -0.274721 0.005651 -0.002572 0.998800 -0.048899 1.940698 0.274929 0.047721 0.960280 -0.246250 0.000000 0.000000 0.000000 1.000000
0.961461 -0.010974 -0.274721 0.005650 -0.002572 0.998800 -0.048899 1.940698 0.274928 0.047721 0.960280 -0.246250 0.000000 0.000000 0.000000 1.000000
0.961461 -0.010974 -0.274721 0.005650 -0.002572 0.998800 -0.048899 1.940698 0.274928 0.047721 0.960280 -0.246250 0.000000 0.000000 0.000000 1.000000
0.961461 -0.010974 -0.274721 0.005651 -0.002572 0.998800 -0.048899 1.940698 0.274928 0.047721 0.960280 -0.246250 0.000000 0.000000 0.000000 1.000000
0.961461 -0.010974 -0.274721 0.005651 -0.002572 0.998800 -0.048898 1.940698 0.274929 0.047720 0.960280 -0.246250 0.000000 0.000000 0.000000 1.000000
0.961461 -0.010974 -0.274722 0.005651 -0.002572 0.998800 -0.048898 1.940698 0.274929 0.047720 0.960280 -0.246250 0.000000 0.000000 0.000000 1.000000
0.961461 -0.010974 -0.274721 0.005651 -0.002572 0.998800 -0.048898 1.940698 0.274928 0.047720 0.960280 -0.246250 0.000000 0.000000 0.000000 1.000000
0.961461 -0.010974 -0.274721 0.005651 -0.002572 0.998800 -0.048898 1.940698 0.274928 0.047720 0.960280 -0.246250 0.000000 0.000000 0.000000 1.000000
0.961461 -0.010974 -0.274721 0.005651 -0.002572 0.998800 -0.048898 1.940697 0.274928 0.047720 0.960280 -0.246250 0.000000 0.000000 0.000000 1.000000
0.961461 -0.010974 -0.274721 0.005651 -0.002572 0.998800 -0.048898 1.940697 0.274928 0.047720 0.960280 -0.246249 0.000000 0.000000 0.000000 1.000000
0.961461 -0.010974 -0.274721 0.005651 -0.002572 0.998800 -0.048898 1.940698 0.274928 0.047720 0.960280 -0.246250 0.000000 0.000000 0.000000 1.000000
0.961461 -0.010974 -0.274721 0.005651 -0.002572 0.998800 -0.048898 1.940698 0.274928 0.047720 0.960280 -0.246250 0.000000 0.000000 0.000000 1.000000
0.961461 -0.010974 -0.274721 0.005651 -0.002572 0.998800 -0.048898 1.940698 0.274928 0.047720 0.960280 -0.246250 0.000000 0.000000 0.000000 1.000000
0.961461 -0.010974 -0.274721 0.005651 -0.002572 0.998800 -0.048898 1.940698 0.274928 0.047720 0.960280 -0.246250 0.000000 0.000000 0.000000 1.000000
0.961461 -0.010974 -0.274721 0.005651 -0.002572 0.998800 -0.048898 1.940698 0.274928 0.047720 0.960280 -0.246250 0.000000 0.000000 0.000000 1.000000
0.961461 -0.010974 -0.274721 0.005652 -0.002572 0.998800 -0.048898 1.940698 0.274928 0.047720 0.960280 -0.246250 0.000000 0.000000 0.000000 1.000000
0.961461 -0.010974 -0.274721 0.005652 -0.002572 0.998800 -0.048898 1.940698 0.274928 0.047720 0.960280 -0.246250 0.000000 0.000000 0.000000 1.000000
0.961461 -0.010974 -0.274721 0.005652 -0.002572 0.998800 -0.048898 1.940698 0.274928 0.047720 0.960280 -0.246250 0.000000 0.000000 0.000000 1.000000
0.961461 -0.010974 -0.274721 0.005652 -0.002572 0.998800 -0.048898 1.940698 0.274928 0.047720 0.960280 -0.246250 0.000000 0.000000 0.000000 1.000000
0.961461 -0.010974 -0.274721 0.005652 -0.002572 0.998800 -0.048898 1.940698 0.274928 0.047720 0.960280 -0.246250 0.000000 0.000000 0.000000 1.000000
0.961461 -0.010974 -0.274721 0.005651 -0.002572 0.998800 -0.048898 1.940698 0.274928 0.047720 0.960280 -0.246250 0.000000 0.000000 0.000000 1.000000
0.961462 -0.010974 -0.274720 0.005651 -0.002572 0.998800 -0.048898 1.940698 0.274928 0.047720 0.960280 -0.246250 0.000000 0.000000 0.000000 1.000000
0.961461 -0.010974 -0.274721 0.005651 -0.002572 0.998800 -0.048898 1.940698 0.274928 0.047720 0.960280 -0.246250 0.000000 0.000000 0.000000 1.000000
0.961461 -0.010974 -0.274721 0.005651 -0.002572 0.998800 -0.048898 1.940699 0.274928 0.047720 0.960280 -0.246250 0.000000 0.000000 0.000000 1.000000
0.961461 -0.010974 -0.274721 0.005651 -0.002572 0.998800 -0.048898 1.940699 0.274928 0.047720 0.960280 -0.246250 0.000000 0.000000 0.000000 1.000000
0.961461 -0.010974 -0.274721 0.005651 -0.002572 0.998800 -0.048898 1.940699 0.274928 0.047720 0.960280 -0.246250 0.000000 0.000000 0.000000 1.000000
0.961461 -0.010974 -0.274721 0.005651 -0.002572 0.998800 -0.048898 1.940699 0.274928 0.047720 0.960280 -0.246250 0.000000 0.000000 0.000000 1.000000
0.961461 -0.010974 -0.274721 0.005651 -0.002572 0.998800 -0.048898 1.940699 0.274928 0.047720 0.960280 -0.246250 0.000000 0.000000 0.000000 1.000000
0.961462 -0.010974 -0.274720 0.005651 -0.002572 0.998800 -0.048898 1.940699 0.274927 0.047720 0.960280 -0.246250 0.000000 0.000000 0.000000 1.000000
0.961462 -0.010974 -0.274720 0.005651 -0.002572 0.998800 -0.048898 1.940699 0.274928 0.047720 0.960280 -0.246250 0.000000 0.000000 0.000000 1.000000
0.961461 -0.010974 -0.274721 0.005651 -0.002572 0.998800 -0.048898 1.940699 0.274928 0.047720 0.960280 -0.246250 0.000000 0.000000 0.000000 1.000000
0.961461 -0.010974 -0.274721 0.005651 -0.002572 0.998800 -0.048898 1.940699 0.274928 0.047720 0.960280 -0.246249 0.000000 0.000000 0.000000 1.000000
0.961461 -0.010974 -0.274721 0.005651 -0.002572 0.998800 -0.048898 1.940698 0.274928 0.047720 0.960280 -0.246249 0.000000 0.000000 0.000000 1.000000
0.961461 -0.010974 -0.274721 0.005651 -0.002572 0.998800 -0.048898 1.940698 0.274928 0.047720 0.960280 -0.246249 0.000000 0.000000 0.000000 1.000000
0.961462 -0.010974 -0.274720 0.005651 -0.002572 0.998800 -0.048898 1.940698 0.274928 0.047720 0.960280 -0.246249 0.000000 0.000000 0.000000 1.000000
0.961461 -0.010974 -0.274721 0.005651 -0.002572 0.998800 -0.048899 1.940698 0.274928 0.047721 0.960280 -0.246249 0.000000 0.000000 0.000000 1.000000
0.961461 -0.010974 -0.274721 0.005651 -0.002572 0.998800 -0.048898 1.940698 0.274928 0.047720 0.960280 -0.246249 0.000000 0.000000 0.000000 1.000000
0.961461 -0.010974 -0.274721 0.005651 -0.002572 0.998800 -0.048898 1.940697 0.274928 0.047720 0.960280 -0.246249 0.000000 0.000000 0.000000 1.000000
0.961461 -0.010974 -0.274721 0.005651 -0.002572 0.998800 -0.048898 1.940698 0.274928 0.047720 0.960280 -0.246250 0.000000 0.000000 0.000000 1.000000
0.961461 -0.010974 -0.274722 0.005650 -0.002572 0.998800 -0.048898 1.940698 0.274929 0.047720 0.960280 -0.246250 0.000000 0.000000 0.000000 1.000000
0.961461 -0.010974 -0.274722 0.005650 -0.002572 0.998800 -0.048898 1.940698 0.274929 0.047720 0.960280 -0.246250 0.000000 0.000000 0.000000 1.000000
0.961461 -0.010974 -0.274721 0.005650 -0.002572 0.998800 -0.048898 1.940697 0.274928 0.047720 0.960280 -0.246249 0.000000 0.000000 0.000000 1.000000
0.961461 -0.010974 -0.274721 0.005650 -0.002572 0.998800 -0.048898 1.940698 0.274928 0.047720 0.960280 -0.246250 0.000000 0.000000 0.000000 1.000000
0.961461 -0.010974 -0.274721 0.005650 -0.002572 0.998800 -0.048898 1.940698 0.274928 0.047720 0.960280 -0.246250 0.000000 0.000000 0.000000 1.000000
0.961461 -0.010974 -0.274722 0.005650 -0.002572 0.998800 -0.048898 1.940698 0.274929 0.047720 0.960280 -0.246250 0.000000 0.000000 0.000000 1.000000
0.961461 -0.010974 -0.274721 0.005650 -0.002572 0.998800 -0.048898 1.940698 0.274928 0.047720 0.960280 -0.246250 0.000000 0.000000 0.000000 1.000000
0.961461 -0.010974 -0.274721 0.005650 -0.002572 0.998800 -0.048898 1.940697 0.274928 0.047720 0.960280 -0.246249 0.000000 0.000000 0.000000 1.000000
0.961461 -0.010974 -0.274721 0.005650 -0.002572 0.998800 -0.048898 1.940699 0.274928 0.047720 0.960280 -0.246249 0.000000 0.000000 0.000000 1.000000
0.961461 -0.010974 -0.274721 0.005650 -0.002572 0.998800 -0.048898 1.940698 0.274928 0.047720 0.960280 -0.246250 0.000000 0.000000 0.000000 1.000000
0.961461 -0.010974 -0.274721 0.005650 -0.002572 0.998800 -0.048898 1.940699 0.274929 0.047720 0.960280 -0.246250 0.000000 0.000000 0.000000 1.000000
0.961461 -0.010974 -0.274721 0.005650 -0.002572 0.998800 -0.048898 1.940699 0.274929 0.047720 0.960280 -0.246250 0.000000 0.000000 0.000000 1.000000
0.961461 -0.010974 -0.274722 0.005650 -0.002572 0.998800 -0.048898 1.940699 0.274929 0.047720 0.960280 -0.246250 0.000000 0.000000 0.000000 1.000000</float_array><technique_common><accessor source="#jnt_hips-Matrix-animation-output-transform-array" count="76" stride="16"><param type="float4x4"/></accessor></technique_common></source><source id="jnt_hips-Interpolations"><Name_array id="jnt_hips-Interpolations-array" count="76">
 LINEAR LINEAR LINEAR LINEAR LINEAR LINEAR LINEAR LINEAR LINEAR LINEAR LINEAR
LINEAR LINEAR LINEAR LINEAR LINEAR LINEAR LINEAR LINEAR LINEAR LINEAR LINEAR LINEAR
LINEAR LINEAR LINEAR LINEAR LINEAR LINEAR LINEAR LINEAR LINEAR LINEAR LINEAR LINEAR
LINEAR LINEAR LINEAR LINEAR LINEAR LINEAR LINEAR LINEAR LINEAR LINEAR LINEAR LINEAR
LINEAR LINEAR LINEAR LINEAR LINEAR LINEAR LINEAR LINEAR LINEAR LINEAR LINEAR LINEAR
LINEAR LINEAR LINEAR LINEAR LINEAR LINEAR LINEAR LINEAR LINEAR LINEAR LINEAR LINEAR
LINEAR LINEAR LINEAR LINEAR LINEAR</Name_array><technique_common><accessor source="#jnt_hips-Interpolations-array" count="76"><param type="name"/></accessor></technique_common></source><sampler id="jnt_hips-Matrix-animation-transform"><input semantic="INPUT" source="#jnt_hips-Matrix-animation-input"/><input semantic="OUTPUT" source="#jnt_hips-Matrix-animation-output-transform"/><input semantic="INTERPOLATION" source="#jnt_hips-Interpolations"/></sampler><channel source="#jnt_hips-Matrix-animation-transform" target="jnt_hips/matrix"/></animation></animation>
    <animation id="jnt_spine1-anim" name="jnt_spine1"><animation><source id="jnt_spine1-Matrix-animation-input"><float_array id="jnt_spine1-Matrix-animation-input-array" count="76">

0.000000 0.033333 0.066667 0.100000 0.133333 0.166667 0.200000 0.233333 0.266667 0.300000 0.333333 0.366667 0.400000 0.433333 0.466667 0.500000
0.533333 0.566667 0.600000 0.633333 0.666667 0.700000 0.733333 0.766667 0.800000 0.833333 0.866667 0.900000 0.933333 0.966667 1.000000 1.033333
1.066667 1.100000 1.133333 1.166667 1.200000 1.233333 1.266667 1.300000 1.333333 1.366667 1.400000 1.433333 1.466667 1.500000 1.533333 1.566667
1.600000 1.633333 1.666667 1.700000 1.733333 1.766667 1.800000 1.833333 1.866667 1.900000 1.933333 1.966667 2.000000 2.033333 2.066667 2.100000
2.133333 2.166667 2.200000 2.233333 2.266667 2.300000 2.333333 2.366667 2.400000 2.433333 2.466667 2.500000</float_array><technique_common><accessor source="#jnt_spine1-Matrix-animation-input-array" count="76"><param name="TIME" type="float"/></accessor></technique_common></source><source id="jnt_spine1-Matrix-animation-output-transform"><float_array id="jnt_spine1-Matrix-animation-output-transform-array" count="1216">

0.001248 0.051185 0.998688 -0.000000 0.999143 -0.041392 0.000873 0.212132 0.041383 0.997831 -0.051193 0.023482 0.000000 0.000000 0.000000 1.000000
0.000275 0.051188 0.998689 -0.000000 0.999278 -0.037945 0.001670 0.212132 0.037980 0.997968 -0.051162 0.023482 0.000000 0.000000 0.000000 1.000000
-0.002046 0.051211 0.998686 -0.000000 0.999552 -0.029722 0.003572 0.212132 0.029866 0.998245 -0.051128 0.023482 0.000000 0.000000 0.000000 1.000000
-0.004815 0.051273 0.998673 -0.000000 0.999785 -0.019905 0.005843 0.212132 0.020178 0.998486 -0.051166 0.023482 0.000000 0.000000 0.000000 1.000000
-0.007136 0.051394 0.998653 -0.000000 0.999902 -0.011678 0.007746 0.212132 0.012060 0.998610 -0.051306 0.023482 0.000000 0.000000 0.000000 1.000000
-0.008109 0.051595 0.998635 -0.000000 0.999930 -0.008226 0.008544 0.212132 0.008656 0.998634 -0.051524 0.023482 0.000000 0.000000 0.000000 1.000000
-0.007341 0.052470 0.998596 -0.000000 0.999900 -0.011661 0.007964 0.212132 0.012062 0.998554 -0.052379 0.023482 0.000000 0.000000 0.000000 1.000000
-0.005432 0.054200 0.998515 -0.000000 0.999779 -0.019988 0.006524 0.212132 0.020312 0.998330 -0.054079 0.023482 0.000000 0.000000 0.000000 1.000000
-0.002972 0.056181 0.998416 -0.000000 0.999532 -0.030235 0.004677 0.212132 0.030449 0.997963 -0.056065 0.023482 0.000000 0.000000 0.000000 1.000000
-0.000552 0.057812 0.998327 0.000000 0.999219 -0.039421 0.002835 0.212132 0.039519 0.997549 -0.057745 0.023482 0.000000 0.000000 0.000000 1.000000
0.001238 0.058489 0.998287 -0.000000 0.999005 -0.044567 0.001372 0.212132 0.044571 0.997293 -0.058486 0.023482 0.000000 0.000000 0.000000 1.000000
0.002412 0.057041 0.998369 -0.000000 0.998927 -0.046308 0.000233 0.212132 0.046246 0.997297 -0.057092 0.023482 0.000000 0.000000 0.000000 1.000000
0.003364 0.053589 0.998557 -0.000000 0.998877 -0.047374 -0.000823 0.212132 0.047262 0.997439 -0.053688 0.023482 0.000000 0.000000 0.000000 1.000000
0.004072 0.049468 0.998767 -0.000000 0.998849 -0.047926 -0.001699 0.212132 0.047783 0.997625 -0.049606 0.023482 0.000000 0.000000 0.000000 1.000000
0.004514 0.046015 0.998931 -0.000000 0.998838 -0.048132 -0.002296 0.212132 0.047975 0.997780 -0.046179 0.023482 0.000000 0.000000 0.000000 1.000000
0.004666 0.044566 0.998996 -0.000000 0.998836 -0.048163 -0.002517 0.212132 0.048003 0.997845 -0.044739 0.023482 0.000000 0.000000 0.000000 1.000000
0.004404 0.045341 0.998962 0.000000 0.998838 -0.048136 -0.002219 0.212132 0.047986 0.997811 -0.045500 0.023482 0.000000 0.000000 0.000000 1.000000
0.003715 0.047276 0.998875 -0.000000 0.998847 -0.047992 -0.001444 0.212132 0.047869 0.997728 -0.047400 0.023482 0.000000 0.000000 0.000000 1.000000
0.002744 0.049792 0.998756 -0.000000 0.998865 -0.047631 -0.000370 0.212132 0.047553 0.997623 -0.049866 0.023482 0.000000 0.000000 0.000000 1.000000
0.001636 0.052308 0.998630 0.000000 0.998897 -0.046958 0.000823 0.212132 0.046937 0.997526 -0.052327 0.023482 0.000000 0.000000 0.000000 1.000000
0.000537 0.054243 0.998528 0.000000 0.998945 -0.045882 0.001955 0.212132 0.045920 0.997473 -0.054210 0.023482 0.000000 0.000000 0.000000 1.000000
-0.000409 0.055016 0.998485 -0.000000 0.999014 -0.044314 0.002851 0.212132 0.044404 0.997502 -0.054944 0.023482 0.000000 0.000000 0.000000 1.000000
-0.001361 0.054024 0.998539 -0.000000 0.999204 -0.039729 0.003511 0.212132 0.039860 0.997749 -0.053927 0.023482 0.000000 0.000000 0.000000 1.000000
-0.002387 0.051841 0.998652 0.000000 0.999479 -0.032035 0.004052 0.212132 0.032202 0.998141 -0.051738 0.023482 0.000000 0.000000 0.000000 1.000000
-0.003207 0.049658 0.998761 0.000000 0.999682 -0.024803 0.004443 0.212132 0.024993 0.998458 -0.049563 0.023482 0.000000 0.000000 0.000000 1.000000
-0.003543 0.048666 0.998809 -0.000000 0.999756 -0.021599 0.004599 0.212132 0.021797 0.998582 -0.048578 0.023482 0.000000 0.000000 0.000000 1.000000
-0.002512 0.049603 0.998766 -0.000000 0.999664 -0.025641 0.003788 0.212132 0.025798 0.998440 -0.049522 0.023482 0.000000 0.000000 0.000000 1.000000
-0.000243 0.051666 0.998664 -0.000000 0.999401 -0.034537 0.002030 0.212132 0.034596 0.998067 -0.051626 0.023482 0.000000 0.000000 0.000000 1.000000
0.002026 0.053727 0.998554 -0.000000 0.999056 -0.043438 0.000310 0.212132 0.043392 0.997610 -0.053764 0.023482 0.000000 0.000000 0.000000 1.000000
0.003057 0.054664 0.998500 0.000000 0.998872 -0.047485 -0.000459 0.212132 0.047389 0.997375 -0.054747 0.023482 0.000000 0.000000 0.000000 1.000000
0.003049 0.054621 0.998503 -0.000000 0.998880 -0.047309 -0.000462 0.212132 0.047213 0.997386 -0.054704 0.023482 0.000000 0.000000 0.000000 1.000000
0.003020 0.054492 0.998510 0.000000 0.998904 -0.046811 -0.000466 0.212132 0.046715 0.997416 -0.054573 0.023482 0.000000 0.000000 0.000000 1.000000
0.002963 0.054276 0.998522 -0.000000 0.998940 -0.046034 -0.000462 0.212132 0.045941 0.997464 -0.054355 0.023482 0.000000 0.000000 0.000000 1.000000
0.002873 0.053973 0.998538 -0.000000 0.998986 -0.045025 -0.000440 0.212132 0.044935 0.997527 -0.054048 0.023482 0.000000 0.000000 0.000000 1.000000
0.002742 0.053583 0.998560 0.000000 0.999039 -0.043826 -0.000391 0.212132 0.043742 0.997601 -0.053652 0.023482 0.000000 0.000000 0.000000 1.000000
0.002564 0.053105 0.998586 -0.000000 0.999097 -0.042484 -0.000306 0.212132 0.042408 0.997685 -0.053166 0.023482 0.000000 0.000000 0.000000 1.000000
0.002333 0.052539 0.998616 -0.000000 0.999157 -0.041043 -0.000175 0.212132 0.040977 0.997775 -0.052591 0.023482 0.000000 0.000000 0.000000 1.000000
0.002042 0.051885 0.998651 0.000000 0.999218 -0.039546 0.000012 0.212132 0.039494 0.997870 -0.051925 0.023482 0.000000 0.000000 0.000000 1.000000
0.001685 0.051142 0.998690 -0.000000 0.999276 -0.038041 0.000262 0.212132 0.038004 0.997967 -0.051169 0.023482 0.000000 0.000000 0.000000 1.000000
0.000225 0.048375 0.998829 -0.000000 0.999407 -0.034395 0.001441 0.212132 0.034425 0.998237 -0.048354 0.023482 0.000000 0.000000 0.000000 1.000000
-0.001262 0.046001 0.998941 -0.000000 0.999514 -0.031042 0.002693 0.212132 0.031133 0.998459 -0.045939 0.023482 0.000000 0.000000 0.000000 1.000000
-0.001618 0.046332 0.998925 -0.000000 0.999536 -0.030295 0.003024 0.212132 0.030403 0.998467 -0.046262 0.023482 0.000000 0.000000 0.000000 1.000000
-0.001825 0.047221 0.998883 0.000000 0.999549 -0.029840 0.003236 0.212132 0.029960 0.998439 -0.047146 0.023482 0.000000 0.000000 0.000000 1.000000
-0.001931 0.048508 0.998821 0.000000 0.999556 -0.029594 0.003370 0.212132 0.029723 0.998384 -0.048430 0.023482 0.000000 0.000000 0.000000 1.000000
-0.001987 0.050034 0.998746 0.000000 0.999560 -0.029475 0.003465 0.212132 0.029611 0.998312 -0.049953 0.023482 0.000000 0.000000 0.000000 1.000000
-0.002041 0.051639 0.998664 0.000000 0.999561 -0.029399 0.003563 0.212132 0.029544 0.998233 -0.051557 0.023482 0.000000 0.000000 0.000000 1.000000
-0.002143 0.053165 0.998583 -0.000000 0.999564 -0.029284 0.003705 0.212132 0.029439 0.998156 -0.053079 0.023482 0.000000 0.000000 0.000000 1.000000
-0.002343 0.054451 0.998514 0.000000 0.999570 -0.029046 0.003929 0.212132 0.029217 0.998094 -0.054360 0.023482 0.000000 0.000000 0.000000 1.000000
-0.002689 0.055340 0.998464 0.000000 0.999582 -0.028603 0.004277 0.212132 0.028796 0.998058 -0.055240 0.023482 0.000000 0.000000 0.000000 1.000000
-0.003230 0.055671 0.998444 0.000000 0.999600 -0.027872 0.004788 0.212132 0.028095 0.998060 -0.055559 0.023482 0.000000 0.000000 0.000000 1.000000
-0.005296 0.054343 0.998508 0.000000 0.999646 -0.025757 0.006704 0.212132 0.026083 0.998190 -0.054187 0.023482 0.000000 0.000000 0.000000 1.000000
-0.008916 0.051486 0.998634 0.000000 0.999695 -0.022522 0.010087 0.212132 0.023010 0.998420 -0.051270 0.023482 0.000000 0.000000 0.000000 1.000000
-0.012198 0.048796 0.998734 0.000000 0.999711 -0.020096 0.013191 0.212132 0.020714 0.998607 -0.048537 0.023482 0.000000 0.000000 0.000000 1.000000
-0.014896 0.046545 0.998805 0.000000 0.999700 -0.018741 0.015782 0.212132 0.019453 0.998740 -0.046252 0.023482 0.000000 0.000000 0.000000 1.000000
-0.017865 0.044026 0.998871 0.000000 0.999673 -0.017485 0.018650 0.212132 0.018286 0.998877 -0.043700 0.023482 0.000000 0.000000 0.000000 1.000000
-0.020855 0.041463 0.998922 0.000000 0.999634 -0.016374 0.021549 0.212132 0.017250 0.999006 -0.041107 0.023482 0.000000 0.000000 0.000000 1.000000
-0.023615 0.039080 0.998957 -0.000000 0.999587 -0.015450 0.024235 0.212132 0.016381 0.999117 -0.038699 0.023482 0.000000 0.000000 0.000000 1.000000
-0.025897 0.037100 0.998976 0.000000 0.999541 -0.014748 0.026459 0.212132 0.015715 0.999203 -0.036701 0.023482 0.000000 0.000000 0.000000 1.000000
-0.027449 0.035748 0.998984 -0.000000 0.999506 -0.014303 0.027975 0.212132 0.015289 0.999258 -0.035338 0.023482 0.000000 0.000000 0.000000 1.000000
-0.028022 0.035248 0.998986 -0.000000 0.999493 -0.014147 0.028535 0.212132 0.015139 0.999278 -0.034833 0.023482 0.000000 0.000000 0.000000 1.000000
-0.023350 0.037816 0.999012 -0.000000 0.999524 -0.019289 0.024092 0.212132 0.020181 0.999099 -0.037348 0.023482 0.000000 0.000000 0.000000 1.000000
-0.013072 0.043464 0.998969 -0.000000 0.999425 -0.030680 0.014412 0.212132 0.031275 0.998584 -0.043038 0.023482 0.000000 0.000000 0.000000 1.000000
-0.002792 0.049108 0.998790 0.000000 0.999098 -0.042176 0.004866 0.212132 0.042364 0.997903 -0.048946 0.023482 0.000000 0.000000 0.000000 1.000000
0.001881 0.051671 0.998662 0.000000 0.998874 -0.047436 0.000573 0.212132 0.047402 0.997537 -0.051702 0.023482 0.000000 0.000000 0.000000 1.000000
0.001694 0.046919 0.998897 0.000000 0.999003 -0.044644 0.000403 0.212132 0.044614 0.997901 -0.046947 0.023482 0.000000 0.000000 0.000000 1.000000
0.001283 0.036460 0.999334 -0.000000 0.999259 -0.038499 0.000122 0.212132 0.038478 0.998593 -0.036482 0.023482 0.000000 0.000000 0.000000 1.000000
0.000871 0.025997 0.999662 -0.000000 0.999477 -0.032353 -0.000030 0.212132 0.032341 0.999138 -0.026011 0.023482 0.000000 0.000000 0.000000 1.000000
0.000684 0.021240 0.999774 -0.000000 0.999563 -0.029559 -0.000056 0.212132 0.029551 0.999337 -0.021251 0.023482 0.000000 0.000000 0.000000 1.000000
0.000708 0.022527 0.999746 -0.000000 0.999548 -0.030068 -0.000030 0.212132 0.030060 0.999294 -0.022538 0.023482 0.000000 0.000000 0.000000 1.000000
0.000772 0.025921 0.999664 -0.000000 0.999507 -0.031410 0.000042 0.212132 0.031400 0.999170 -0.025932 0.023482 0.000000 0.000000 0.000000 1.000000
0.000863 0.030718 0.999528 -0.000000 0.999445 -0.033306 0.000161 0.212132 0.033295 0.998973 -0.030730 0.023482 0.000000 0.000000 0.000000 1.000000
0.000966 0.036216 0.999344 -0.000000 0.999370 -0.035479 0.000320 0.212132 0.035467 0.998714 -0.036228 0.023482 0.000000 0.000000 0.000000 1.000000
0.001070 0.041714 0.999129 -0.000000 0.999291 -0.037651 0.000502 0.212132 0.037639 0.998420 -0.041724 0.023482 0.000000 0.000000 0.000000 1.000000
0.001160 0.046508 0.998917 0.000000 0.999218 -0.039544 0.000681 0.212132 0.039533 0.998135 -0.046518 0.023482 0.000000 0.000000 0.000000 1.000000
