<?xml version="1.0" encoding="utf-8"?>
<COLLADA xmlns="http://www.collada.org/2005/11/COLLADASchema" version="1.4.1">
  <asset><contributor><author></author><authoring_tool>FBX COLLADA exporter</authoring_tool><comments></comments></contributor><created>2020-04-13T21:16:04Z</created><keywords></keywords><modified>2020-04-13T21:16:04Z</modified><revision></revision><subject></subject><title></title><unit meter="0.010000" name="centimeter"></unit><up_axis>Y_UP</up_axis></asset>
  <library_animations>
    <animation id="root_jnt-anim" name="root_jnt"><animation><source id="root_jnt-Matrix-animation-input"><float_array id="root_jnt-Matrix-animation-input-array" count="13">

0.000000 0.033333 0.066667 0.100000 0.133333 0.166667 0.200000 0.233333 0.266667 0.300000 0.333333 0.366667 0.400000</float_array><technique_common><accessor source="#root_jnt-Matrix-animation-input-array" count="13"><param name="TIME" type="float"/></accessor></technique_common></source><source id="root_jnt-Matrix-animation-output-transform"><float_array id="root_jnt-Matrix-animation-output-transform-array" count="208">

1.000000 0.000000 0.000000 0.000000 0.000000 1.000000 0.000000 0.000000 0.000000 0.000000 1.000000 0.000000 0.000000 0.000000 0.000000 1.000000
1.000000 0.000000 0.000000 0.000000 0.000000 1.000000 0.000000 0.000000 0.000000 0.000000 1.000000 0.000000 0.000000 0.000000 0.000000 1.000000
1.000000 0.000000 0.000000 0.000000 0.000000 1.000000 0.000000 0.000000 0.000000 0.000000 1.000000 0.000000 0.000000 0.000000 0.000000 1.000000
1.000000 0.000000 0.000000 0.000000 0.000000 1.000000 0.000000 0.000000 0.000000 0.000000 1.000000 0.000000 0.000000 0.000000 0.000000 1.000000
1.000000 0.000000 0.000000 0.000000 0.000000 1.000000 0.000000 0.000000 0.000000 0.000000 1.000000 0.000000 0.000000 0.000000 0.000000 1.000000
1.000000 0.000000 0.000000 0.000000 0.000000 1.000000 0.000000 0.000000 0.000000 0.000000 1.000000 0.000000 0.000000 0.000000 0.000000 1.000000
1.000000 0.000000 0.000000 0.000000 0.000000 1.000000 0.000000 0.000000 0.000000 0.000000 1.000000 0.000000 0.000000 0.000000 0.000000 1.000000
1.000000 0.000000 0.000000 0.000000 0.000000 1.000000 0.000000 0.000000 0.000000 0.000000 1.000000 0.000000 0.000000 0.000000 0.000000 1.000000
1.000000 0.000000 0.000000 0.000000 0.000000 1.000000 0.000000 0.000000 0.000000 0.000000 1.000000 0.000000 0.000000 0.000000 0.000000 1.000000
1.000000 0.000000 0.000000 0.000000 0.000000 1.000000 0.000000 0.000000 0.000000 0.000000 1.000000 0.000000 0.000000 0.000000 0.000000 1.000000
1.000000 0.000000 0.000000 0.000000 0.000000 1.000000 0.000000 0.000000 0.000000 0.000000 1.000000 0.000000 0.000000 0.000000 0.000000 1.000000
1.000000 0.000000 0.000000 0.000000 0.000000 1.000000 0.000000 0.000000 0.000000 0.000000 1.000000 0.000000 0.000000 0.000000 0.000000 1.000000
1.000000 0.000000 0.000000 0.000000 0.000000 1.000000 0.000000 0.000000 0.000000 0.000000 1.000000 0.000000 0.000000 0.000000 0.000000 1.000000</float_array><technique_common><accessor source="#root_jnt-Matrix-animation-output-transform-array" count="13" stride="16"><param type="float4x4"/></accessor></technique_common></source><source id="root_jnt-Interpolations"><Name_array id="root_jnt-Interpolations-array" count="13">
 LINEAR LINEAR LINEAR LINEAR LINEAR LINEAR LINEAR LINEAR LINEAR LINEAR LINEAR
LINEAR LINEAR</Name_array><technique_common><accessor source="#root_jnt-Interpolations-array" count="13"><param type="name"/></accessor></technique_common></source><sampler id="root_jnt-Matrix-animation-transform"><input semantic="INPUT" source="#root_jnt-Matrix-animation-input"/><input semantic="OUTPUT" source="#root_jnt-Matrix-animation-output-transform"/><input semantic="INTERPOLATION" source="#root_jnt-Interpolations"/></sampler><channel source="#root_jnt-Matrix-animation-transform" target="root_jnt/matrix"/></animation></animation>
    <animation id="jnt_hips-anim" name="jnt_hips"><animation><source id="jnt_hips-Matrix-animation-input"><float_array id="jnt_hips-Matrix-animation-input-array" count="13">

0.000000 0.033333 0.066667 0.100000 0.133333 0.166667 0.200000 0.233333 0.266667 0.300000 0.333333 0.366667 0.400000</float_array><technique_common><accessor source="#jnt_hips-Matrix-animation-input-array" count="13"><param name="TIME" type="float"/></accessor></technique_common></source><source id="jnt_hips-Matrix-animation-output-transform"><float_array id="jnt_hips-Matrix-animation-output-transform-array" count="208">

0.843587 0.154483 -0.514292 0.052634 -0.167018 0.985706 0.022129 1.209160 0.510359 0.067229 0.857329 -0.239401 0.000000 0.000000 0.000000 1.000000
0.843587 0.154483 -0.514292 0.092360 -0.167437 0.985650 0.021425 1.238695 0.510221 0.068038 0.857348 -0.238617 0.000000 0.000000 0.000000 1.000000
0.843587 0.154483 -0.514292 0.122997 -0.167880 0.985590 0.020679 1.270352 0.510076 0.068895 0.857366 -0.237101 0.000000 0.000000 0.000000 1.000000
0.843586 0.154483 -0.514293 0.141673 -0.168272 0.985537 0.020020 1.275934 0.509948 0.069652 0.857381 -0.235479 0.000000 0.000000 0.000000 1.000000
0.843587 0.154482 -0.514292 0.140655 -0.168506 0.985505 0.019627 1.249065 0.509870 0.070105 0.857390 -0.234855 0.000000 0.000000 0.000000 1.000000
0.843587 0.154483 -0.514292 0.107351 -0.168471 0.985510 0.019685 1.215028 0.509881 0.070037 0.857389 -0.236473 0.000000 0.000000 0.000000 1.000000
0.843587 0.154483 -0.514293 0.061207 -0.168175 0.985551 0.020184 1.209844 0.509979 0.069464 0.857377 -0.239127 0.000000 0.000000 0.000000 1.000000
0.843587 0.154483 -0.514292 0.028291 -0.167672 0.985619 0.021029 1.236344 0.510144 0.068492 0.857357 -0.241476 0.000000 0.000000 0.000000 1.000000
0.843586 0.154482 -0.514293 0.009448 -0.167054 0.985701 0.022067 1.265720 0.510348 0.067300 0.857331 -0.243809 0.000000 0.000000 0.000000 1.000000
0.843587 0.154482 -0.514292 -0.000838 -0.166524 0.985770 0.022958 1.271060 0.510520 0.066275 0.857308 -0.245932 0.000000 0.000000 0.000000 1.000000
0.843587 0.154483 -0.514292 0.002661 -0.166316 0.985797 0.023307 1.244773 0.510588 0.065874 0.857298 -0.246463 0.000000 0.000000 0.000000 1.000000
0.843586 0.154483 -0.514293 0.023025 -0.166578 0.985763 0.022868 1.215484 0.510504 0.066379 0.857310 -0.243139 0.000000 0.000000 0.000000 1.000000
0.843587 0.154483 -0.514292 0.052634 -0.167018 0.985706 0.022129 1.209165 0.510359 0.067229 0.857329 -0.239406 0.000000 0.000000 0.000000 1.000000</float_array><technique_common><accessor source="#jnt_hips-Matrix-animation-output-transform-array" count="13" stride="16"><param type="float4x4"/></accessor></technique_common></source><source id="jnt_hips-Interpolations"><Name_array id="jnt_hips-Interpolations-array" count="13">
 LINEAR LINEAR LINEAR LINEAR LINEAR LINEAR LINEAR LINEAR LINEAR LINEAR LINEAR
LINEAR LINEAR</Name_array><technique_common><accessor source="#jnt_hips-Interpolations-array" count="13"><param type="name"/></accessor></technique_common></source><sampler id="jnt_hips-Matrix-animation-transform"><input semantic="INPUT" source="#jnt_hips-Matrix-animation-input"/><input semantic="OUTPUT" source="#jnt_hips-Matrix-animation-output-transform"/><input semantic="INTERPOLATION" source="#jnt_hips-Interpolations"/></sampler><channel source="#jnt_hips-Matrix-animation-transform" target="jnt_hips/matrix"/></animation></animation>
    <animation id="jnt_spine1-anim" name="jnt_spine1"><animation><source id="jnt_spine1-Matrix-animation-input"><float_array id="jnt_spine1-Matrix-animation-input-array" count="13">

0.000000 0.033333 0.066667 0.100000 0.133333 0.166667 0.200000 0.233333 0.266667 0.300000 0.333333 0.366667 0.400000</float_array><technique_common><accessor source="#jnt_spine1-Matrix-animation-input-array" count="13"><param name="TIME" type="float"/></accessor></technique_common></source><source id="jnt_spine1-Matrix-animation-output-transform"><float_array id="jnt_spine1-Matrix-animation-output-transform-array" count="208">

0.065504 -0.035849 0.997208 0.000000 0.997639 -0.018329 -0.066191 0.212132 0.020650 0.999189 0.034564 0.023482 0.000000 0.000000 0.000000 1.000000
0.009838 -0.055524 0.998409 -0.000000 0.998753 -0.048331 -0.012529 0.212132 0.048950 0.997287 0.054979 0.023482 0.000000 0.000000 0.000000 1.000000
0.006347 -0.053911 0.998526 -0.000000 0.997247 -0.073428 -0.010303 0.212132 0.073875 0.995842 0.053297 0.023482 0.000000 0.000000 0.000000 1.000000
0.024099 -0.045350 0.998680 0.000000 0.994922 -0.096562 -0.028393 0.212132 0.097722 0.994293 0.042792 0.023482 0.000000 0.000000 0.000000 1.000000
0.036190 -0.039981 0.998545 0.000000 0.993253 -0.108720 -0.040351 0.212132 0.110175 0.993268 0.035777 0.023482 0.000000 0.000000 0.000000 1.000000
0.055050 -0.028016 0.998090 -0.000000 0.995001 -0.081878 -0.057178 0.212132 0.083324 0.996248 0.023368 0.023482 0.000000 0.000000 0.000000 1.000000
0.089403 -0.010091 0.995944 -0.000000 0.995055 -0.042531 -0.089754 0.212132 0.043265 0.999044 0.006239 0.023482 0.000000 0.000000 0.000000 1.000000
0.111977 -0.001788 0.993709 -0.000000 0.992761 -0.043515 -0.111949 0.212132 0.043441 0.999051 -0.003097 0.023482 0.000000 0.000000 0.000000 1.000000
0.111610 -0.003554 0.993746 0.000000 0.991045 -0.073361 -0.111569 0.212132 0.073299 0.997299 -0.004666 0.023482 0.000000 0.000000 0.000000 1.000000
0.098136 -0.010105 0.995122 0.000000 0.990155 -0.099302 -0.098655 0.212132 0.099814 0.995006 0.000260 0.023482 0.000000 0.000000 0.000000 1.000000
0.089173 -0.016874 0.995873 -0.000000 0.990508 -0.103506 -0.090446 0.212132 0.104605 0.994486 0.007484 0.023482 0.000000 0.000000 0.000000 1.000000
0.089927 -0.021666 0.995713 0.000000 0.993954 -0.061285 -0.091102 0.212132 0.062996 0.997885 0.016024 0.023482 0.000000 0.000000 0.000000 1.000000
0.065503 -0.035851 0.997208 -0.000000 0.997639 -0.018292 -0.066189 0.212132 0.020614 0.999190 0.034568 0.023482 0.000000 0.000000 0.000000 1.000000</float_array><technique_common><accessor source="#jnt_spine1-Matrix-animation-output-transform-array" count="13" stride="16"><param type="float4x4"/></accessor></technique_common></source><source id="jnt_spine1-Interpolations"><Name_array id="jnt_spine1-Interpolations-array" count="13">
 LINEAR LINEAR LINEAR LINEAR LINEAR LINEAR LINEAR LINEAR LINEAR LINEAR LINEAR
LINEAR LINEAR</Name_array><technique_common><accessor source="#jnt_spine1-Interpolations-array" count="13"><param type="name"/></accessor></technique_common></source><sampler id="jnt_spine1-Matrix-animation-transform"><input semantic="INPUT" source="#jnt_spine1-Matrix-animation-input"/><input semantic="OUTPUT" source="#jnt_spine1-Matrix-animation-output-transform"/><input semantic="INTERPOLATION" source="#jnt_spine1-Interpolations"/></sampler><channel source="#jnt_spine1-Matrix-animation-transform" target="jnt_spine1/matrix"/></animation></animation>
    <animation id="jnt_spine2-anim" name="jnt_spine2"><animation><source id="jnt_spine2-Matrix-animation-input"><float_array id="jnt_spine2-Matrix-animation-input-array" count="13">

0.000000 0.033333 0.066667 0.100000 0.133333 0.166667 0.200000 0.233333 0.266667 0.300000 0.333333 0.366667 0.400000</float_array><technique_common><accessor source="#jnt_spine2-Matrix-animation-input-array" count="13"><param name="TIME" type="float"/></accessor></technique_common></source><source id="jnt_spine2-Matrix-animation-output-transform"><float_array id="jnt_spine2-Matrix-animation-output-transform-array" count="208">

0.883562 -0.468199 -0.010438 0.426849 0.467780 0.881268 0.067437 0.000000 -0.022375 -0.064468 0.997669 -0.000000 0.000000 0.000000 0.000000 1.000000
0.890385 -0.454012 -0.032979 0.426849 0.455086 0.889485 0.041386 0.000000 0.010544 -0.051858 0.998599 0.000000 0.000000 0.000000 0.000000 1.000000
0.895078 -0.445003 -0.028413 0.426849 0.445637 0.894941 0.022113 -0.000000 0.015587 -0.032455 0.999352 -0.000000 0.000000 0.000000 0.000000 1.000000
0.899522 -0.436629 -0.014683 0.426849 0.436744 0.899568 0.005694 -0.000000 0.010722 -0.011534 0.999876 0.000000 0.000000 0.000000 0.000000 1.000000
0.903370 -0.428671 -0.012788 0.426849 0.428604 0.903459 -0.007749 0.000000 0.014876 0.001519 0.999888 -0.000000 0.000000 0.000000 0.000000 1.000000
0.904357 -0.426632 -0.011143 0.426849 0.426577 0.904424 -0.007011 -0.000000 0.013069 0.001588 0.999913 -0.000000 0.000000 0.000000 0.000000 1.000000
0.901186 -0.433405 -0.004944 0.426849 0.433432 0.901156 0.007452 0.000000 0.001226 -0.008859 0.999960 -0.000000 0.000000 0.000000 0.000000 1.000000
0.898896 -0.438085 -0.008217 0.426848 0.438143 0.898524 0.026176 -0.000000 -0.004084 -0.027130 0.999624 0.000000 0.000000 0.000000 0.000000 1.000000
0.901431 -0.432387 -0.021523 0.426849 0.432922 0.900286 0.045426 0.000000 -0.000264 -0.050266 0.998736 -0.000000 0.000000 0.000000 0.000000 1.000000
0.902991 -0.428047 -0.037201 0.426848 0.429609 0.900833 0.062733 0.000000 0.006659 -0.072629 0.997337 -0.000000 0.000000 0.000000 0.000000 1.000000
0.901196 -0.431643 -0.039125 0.426848 0.433402 0.898120 0.074457 -0.000000 0.003000 -0.084058 0.996456 -0.000000 0.000000 0.000000 0.000000 1.000000
0.891803 -0.451892 -0.021924 0.426848 0.452167 0.888616 0.076861 0.000000 -0.015251 -0.078458 0.996801 -0.000000 0.000000 0.000000 0.000000 1.000000
0.883551 -0.468218 -0.010441 0.426849 0.467800 0.881258 0.067435 -0.000000 -0.022373 -0.064467 0.997669 -0.000000 0.000000 0.000000 0.000000 1.000000</float_array><technique_common><accessor source="#jnt_spine2-Matrix-animation-output-transform-array" count="13" stride="16"><param type="float4x4"/></accessor></technique_common></source><source id="jnt_spine2-Interpolations"><Name_array id="jnt_spine2-Interpolations-array" count="13">
 LINEAR LINEAR LINEAR LINEAR LINEAR LINEAR LINEAR LINEAR LINEAR LINEAR LINEAR
LINEAR LINEAR</Name_array><technique_common><accessor source="#jnt_spine2-Interpolations-array" count="13"><param type="name"/></accessor></technique_common></source><sampler id="jnt_spine2-Matrix-animation-transform"><input semantic="INPUT" source="#jnt_spine2-Matrix-animation-input"/><input semantic="OUTPUT" source="#jnt_spine2-Matrix-animation-output-transform"/><input semantic="INTERPOLATION" source="#jnt_spine2-Interpolations"/></sampler><channel source="#jnt_spine2-Matrix-animation-transform" target="jnt_spine2/matrix"/></animation></animation>
    <animation id="jnt_spine3-anim" name="jnt_spine3"><animation><source id="jnt_spine3-Matrix-animation-input"><float_array id="jnt_spine3-Matrix-animation-input-array" count="13">

0.000000 0.033333 0.066667 0.100000 0.133333 0.166667 0.200000 0.233333 0.266667 0.300000 0.333333 0.366667 0.400000</float_array><technique_common><accessor source="#jnt_spine3-Matrix-animation-input-array" count="13"><param name="TIME" type="float"/></accessor></technique_common></source><source id="jnt_spine3-Matrix-animation-output-transform"><float_array id="jnt_spine3-Matrix-animation-output-transform-array" count="208">

0.893586 -0.445772 -0.052836 0.555067 0.448581 0.891141 0.068131 -0.000000 0.016714 -0.084582 0.996276 -0.000000 0.000000 0.000000 0.000000 1.000000
0.898188 -0.433024 -0.075814 0.555067 0.436964 0.898299 0.046049 -0.000000 0.048163 -0.074488 0.996058 -0.000000 0.000000 0.000000 0.000000 1.000000
0.902180 -0.425956 -0.068068 0.555067 0.428131 0.903479 0.020695 0.000000 0.052683 -0.047812 0.997466 -0.000000 0.000000 0.000000 0.000000 1.000000
0.906497 -0.418702 -0.054336 0.555067 0.419223 0.907881 -0.001967 0.000000 0.050154 -0.020995 0.998521 -0.000000 0.000000 0.000000 0.000000 1.000000
0.909886 -0.411328 -0.054013 0.555067 0.411114 0.911452 -0.015524 0.000000 0.055616 -0.008081 0.998420 -0.000000 0.000000 0.000000 0.000000 1.000000
0.911388 -0.408686 -0.048459 0.555067 0.408387 0.912662 -0.016373 0.000000 0.050918 -0.004868 0.998691 -0.000000 0.000000 0.000000 0.000000 1.000000
0.909617 -0.413982 -0.034860 0.555067 0.414009 0.910248 -0.006777 0.000000 0.034537 -0.008268 0.999369 -0.000000 0.000000 0.000000 0.000000 1.000000
0.907652 -0.418421 -0.033035 0.555067 0.418946 0.907948 0.010683 -0.000000 0.025524 -0.023537 0.999397 -0.000000 0.000000 0.000000 0.000000 1.000000
0.909663 -0.412960 -0.044479 0.555067 0.414478 0.909464 0.032899 -0.000000 0.026866 -0.048362 0.998468 -0.000000 0.000000 0.000000 0.000000 1.000000
0.911075 -0.408005 -0.058944 0.555067 0.411121 0.909796 0.057014 0.000000 0.030365 -0.076177 0.996632 0.000000 0.000000 0.000000 0.000000 1.000000
0.909635 -0.410671 -0.062561 0.555067 0.414599 0.906908 0.075003 0.000000 0.025935 -0.094163 0.995219 0.000000 0.000000 0.000000 0.000000 1.000000
0.901237 -0.429976 -0.053778 0.555067 0.433057 0.898089 0.076801 -0.000000 0.015275 -0.092505 0.995595 -0.000000 0.000000 0.000000 0.000000 1.000000
0.893575 -0.445793 -0.052842 0.555067 0.448603 0.891131 0.068129 0.000000 0.016717 -0.084583 0.996276 -0.000000 0.000000 0.000000 0.000000 1.000000</float_array><technique_common><accessor source="#jnt_spine3-Matrix-animation-output-transform-array" count="13" stride="16"><param type="float4x4"/></accessor></technique_common></source><source id="jnt_spine3-Interpolations"><Name_array id="jnt_spine3-Interpolations-array" count="13">
 LINEAR LINEAR LINEAR LINEAR LINEAR LINEAR LINEAR LINEAR LINEAR LINEAR LINEAR
LINEAR LINEAR</Name_array><technique_common><accessor source="#jnt_spine3-Interpolations-array" count="13"><param type="name"/></accessor></technique_common></source><sampler id="jnt_spine3-Matrix-animation-transform"><input semantic="INPUT" source="#jnt_spine3-Matrix-animation-input"/><input semantic="OUTPUT" source="#jnt_spine3-Matrix-animation-output-transform"/><input semantic="INTERPOLATION" source="#jnt_spine3-Interpolations"/></sampler><channel source="#jnt_spine3-Matrix-animation-transform" target="jnt_spine3/matrix"/></animation></animation>
    <animation id="jnt_neck-anim" name="jnt_neck"><animation><source id="jnt_neck-Matrix-animation-input"><float_array id="jnt_neck-Matrix-animation-input-array" count="13">

0.000000 0.033333 0.066667 0.100000 0.133333 0.166667 0.200000 0.233333 0.266667 0.300000 0.333333 0.366667 0.400000</float_array><technique_common><accessor source="#jnt_neck-Matrix-animation-input-array" count="13"><param name="TIME" type="float"/></accessor></technique_common></source><source id="jnt_neck-Matrix-animation-output-transform"><float_array id="jnt_neck-Matrix-animation-output-transform-array" count="208">

0.995731 0.067737 -0.062697 0.867454 -0.086710 0.919286 -0.383919 0.171573 0.031631 0.387716 0.921236 -0.000001 0.000000 0.000000 0.000000 1.000000
0.995874 0.069364 -0.058504 0.867455 -0.086574 0.919447 -0.383565 0.171576 0.027186 0.387047 0.921659 -0.000002 0.000000 0.000000 0.000000 1.000000
0.996150 0.073375 -0.047979 0.867455 -0.086187 0.919853 -0.382678 0.171572 0.016055 0.385340 0.922635 -0.000000 0.000000 0.000000 0.000000 1.000000
0.996323 0.078525 -0.034260 0.867450 -0.085659 0.920386 -0.381514 0.171570 0.001574 0.383046 0.923728 -0.000000 0.000000 0.000000 0.000000 1.000000
0.996286 0.083624 -0.020538 0.867459 -0.085139 0.920923 -0.380332 0.171571 -0.012891 0.380668 0.924622 -0.000002 0.000000 0.000000 0.000000 1.000000
0.996117 0.087472 -0.009938 0.867450 -0.084691 0.921342 -0.379417 0.171570 -0.024032 0.378786 0.925172 -0.000000 0.000000 0.000000 0.000000 1.000000
0.996014 0.089017 -0.005706 0.867450 -0.084529 0.921509 -0.379047 0.171570 -0.028483 0.378019 0.925360 -0.000000 0.000000 0.000000 0.000000 1.000000
0.995634 0.092866 -0.009375 0.867450 -0.089409 0.920066 -0.381424 0.171570 -0.026795 0.380597 0.924353 -0.000000 0.000000 0.000000 0.000000 1.000000
0.994899 0.099256 -0.018024 0.867450 -0.098510 0.917397 -0.385587 0.171574 -0.021737 0.385396 0.922495 -0.000001 0.000000 0.000000 0.000000 1.000000
0.994549 0.100472 -0.027871 0.867454 -0.103405 0.916164 -0.387236 0.171573 -0.013372 0.388007 0.921559 0.000001 0.000000 0.000000 0.000000 1.000000
0.995076 0.090255 -0.040965 0.867450 -0.099079 0.917226 -0.385849 0.171567 0.002749 0.388007 0.921652 0.000001 0.000000 0.000000 0.000000 1.000000
0.995602 0.075344 -0.055685 0.867448 -0.091023 0.918638 -0.384472 0.171569 0.022187 0.387850 0.921455 0.000001 0.000000 0.000000 0.000000 1.000000
0.995732 0.067737 -0.062692 0.867453 -0.086708 0.919287 -0.383919 0.171571 0.031627 0.387716 0.921236 -0.000000 0.000000 0.000000 0.000000 1.000000</float_array><technique_common><accessor source="#jnt_neck-Matrix-animation-output-transform-array" count="13" stride="16"><param type="float4x4"/></accessor></technique_common></source><source id="jnt_neck-Interpolations"><Name_array id="jnt_neck-Interpolations-array" count="13">
 LINEAR LINEAR LINEAR LINEAR LINEAR LINEAR LINEAR LINEAR LINEAR LINEAR LINEAR
LINEAR LINEAR</Name_array><technique_common><accessor source="#jnt_neck-Interpolations-array" count="13"><param type="name"/></accessor></technique_common></source><sampler id="jnt_neck-Matrix-animation-transform"><input semantic="INPUT" source="#jnt_neck-Matrix-animation-input"/><input semantic="OUTPUT" source="#jnt_neck-Matrix-animation-output-transform"/><input semantic="INTERPOLATION" source="#jnt_neck-Interpolations"/></sampler><channel source="#jnt_neck-Matrix-animation-transform" target="jnt_neck/matrix"/></animation></animation>
    <animation id="jnt_head-anim" name="jnt_head"><animation><source id="jnt_head-Matrix-animation-input"><float_array id="jnt_head-Matrix-animation-input-array" count="13">

0.000000 0.033333 0.066667 0.100000 0.133333 0.166667 0.200000 0.233333 0.266667 0.300000 0.333333 0.366667 0.400000</float_array><technique_common><accessor source="#jnt_head-Matrix-animation-input-array" count="13"><param name="TIME" type="float"/></accessor></technique_common></source><source id="jnt_head-Matrix-animation-output-transform"><float_array id="jnt_head-Matrix-animation-output-transform-array" count="208">

0.828158 0.482297 -0.285558 0.273591 -0.545793 0.809847 -0.215074 0.000001 0.127529 0.333971 0.933916 -0.000000 0.000000 0.000000 0.000000 1.000000
0.828061 0.484606 -0.281907 0.273592 -0.546635 0.809565 -0.213996 0.000001 0.124518 0.331302 0.935272 0.000000 0.000000 0.000000 0.000000 1.000000
0.827705 0.490412 -0.272765 0.273591 -0.548833 0.808787 -0.211296 0.000001 0.116987 0.324593 0.938591 -0.000000 0.000000 0.000000 0.000000 1.000000
0.826991 0.498038 -0.260854 0.273591 -0.551904 0.807607 -0.207780 0.000000 0.107186 0.315798 0.942753 -0.000000 0.000000 0.000000 0.000000 1.000000
0.825870 0.505924 -0.248957 0.273591 -0.555389 0.806126 -0.204215 0.000000 0.097374 0.306923 0.946740 -0.000000 0.000000 0.000000 0.000000 1.000000
0.824372 0.512678 -0.239943 0.273591 -0.558877 0.804447 -0.201299 -0.000000 0.089819 0.300044 0.949687 -0.000000 0.000000 0.000000 0.000000 1.000000
0.822578 0.517030 -0.236738 0.273592 -0.561989 0.802686 -0.199660 0.000000 0.086796 0.297280 0.950837 -0.000000 0.000000 0.000000 0.000000 1.000000
0.819578 0.519835 -0.240966 0.273591 -0.566125 0.799500 -0.200755 0.000001 0.088293 0.300951 0.949543 0.000000 0.000000 0.000000 0.000000 1.000000
0.815886 0.521468 -0.249802 0.273592 -0.570787 0.795383 -0.203884 0.000001 0.092369 0.308930 0.946589 -0.000000 0.000000 0.000000 0.000000 1.000000
0.813778 0.520052 -0.259445 0.273592 -0.572786 0.793258 -0.206537 0.000000 0.098396 0.316682 0.943414 -0.000000 0.000000 0.000000 0.000000 1.000000
0.817390 0.508810 -0.270159 0.273592 -0.565684 0.797612 -0.209324 0.000000 0.108976 0.323924 0.939786 -0.000000 0.000000 0.000000 0.000000 1.000000
0.824431 0.491404 -0.280777 0.273591 -0.552769 0.805631 -0.213086 0.000001 0.121492 0.330879 0.935820 -0.000000 0.000000 0.000000 0.000000 1.000000
0.828158 0.482297 -0.285558 0.273591 -0.545794 0.809847 -0.215074 0.000000 0.127529 0.333971 0.933916 -0.000000 0.000000 0.000000 0.000000 1.000000</float_array><technique_common><accessor source="#jnt_head-Matrix-animation-output-transform-array" count="13" stride="16"><param type="float4x4"/></accessor></technique_common></source><source id="jnt_head-Interpolations"><Name_array id="jnt_head-Interpolations-array" count="13">
 LINEAR LINEAR LINEAR LINEAR LINEAR LINEAR LINEAR LINEAR LINEAR LINEAR LINEAR
LINEAR LINEAR</Name_array><technique_common><accessor source="#jnt_head-Interpolations-array" count="13"><param type="name"/></accessor></technique_common></source><sampler id="jnt_head-Matrix-animation-transform"><input semantic="INPUT" source="#jnt_head-Matrix-animation-input"/><input semantic="OUTPUT" source="#jnt_head-Matrix-animation-output-transform"/><input semantic="INTERPOLATION" source="#jnt_head-Interpolations"/></sampler><channel source="#jnt_head-Matrix-animation-transform" target="jnt_head/matrix"/></animation></animation>
    <animation id="jnt_left_shoulder-anim" name="jnt_left_shoulder"><animation><source id="jnt_left_shoulder-Matrix-animation-input"><float_array id="jnt_left_shoulder-Matrix-animation-input-array" count="13">

0.000000 0.033333 0.066667 0.100000 0.133333 0.166667 0.200000 0.233333 0.266667 0.300000 0.333333 0.366667 0.400000</float_array><technique_common><accessor source="#jnt_left_shoulder-Matrix-animation-input-array" count="13"><param name="TIME" type="float"/></accessor></technique_common></source><source id="jnt_left_shoulder-Matrix-animation-output-transform"><float_array id="jnt_left_shoulder-Matrix-animation-output-transform-array" count="208">

0.151195 0.026021 -0.988161 0.635987 0.167168 -0.985928 -0.000385 0.114392 -0.974266 -0.165131 -0.153418 0.266187 0.000000 0.000000 0.000000 1.000000
0.152007 0.025192 -0.988058 0.635987 0.170422 -0.985371 0.001095 0.114392 -0.973576 -0.168553 -0.154077 0.266187 0.000000 0.000000 0.000000 1.000000
0.154328 0.025783 -0.987683 0.635987 0.167861 -0.985811 0.000495 0.114391 -0.973656 -0.165870 -0.156466 0.266187 0.000000 0.000000 0.000000 1.000000
0.158817 0.025672 -0.986974 0.635987 0.168650 -0.985675 0.001500 0.114391 -0.972797 -0.166691 -0.160871 0.266187 0.000000 0.000000 0.000000 1.000000
0.166544 0.024848 -0.985721 0.635987 0.174481 -0.984650 0.004659 0.114392 -0.970474 -0.172765 -0.168323 0.266187 0.000000 0.000000 0.000000 1.000000
0.160523 0.026266 -0.986683 0.635987 0.168421 -0.985715 0.001159 0.114391 -0.972557 -0.166364 -0.162653 0.266187 0.000000 0.000000 0.000000 1.000000
0.141319 0.024925 -0.989650 0.635987 0.171436 -0.985195 -0.000332 0.114392 -0.975007 -0.169615 -0.143500 0.266187 0.000000 0.000000 0.000000 1.000000
0.131494 0.016122 -0.991186 0.635987 0.200029 -0.979733 0.010601 0.114392 -0.970926 -0.199660 -0.132054 0.266187 0.000000 0.000000 0.000000 1.000000
0.128824 0.010274 -0.991614 0.635987 0.216077 -0.976211 0.017956 0.114392 -0.967840 -0.216578 -0.127980 0.266187 0.000000 0.000000 0.000000 1.000000
0.131850 0.008526 -0.991233 0.635987 0.220275 -0.975214 0.020911 0.114392 -0.966486 -0.221101 -0.130460 0.266187 0.000000 0.000000 0.000000 1.000000
0.138235 0.008829 -0.990360 0.635987 0.221754 -0.974848 0.022262 0.114391 -0.965254 -0.222694 -0.136716 0.266187 0.000000 0.000000 0.000000 1.000000
0.135761 0.015465 -0.990621 0.635987 0.195706 -0.980595 0.011512 0.114392 -0.971220 -0.195433 -0.136153 0.266187 0.000000 0.000000 0.000000 1.000000
0.151166 0.026048 -0.988165 0.635987 0.167161 -0.985930 -0.000417 0.114391 -0.974272 -0.165119 -0.153393 0.266187 0.000000 0.000000 0.000000 1.000000</float_array><technique_common><accessor source="#jnt_left_shoulder-Matrix-animation-output-transform-array" count="13" stride="16"><param type="float4x4"/></accessor></technique_common></source><source id="jnt_left_shoulder-Interpolations"><Name_array id="jnt_left_shoulder-Interpolations-array" count="13">
 LINEAR LINEAR LINEAR LINEAR LINEAR LINEAR LINEAR LINEAR LINEAR LINEAR LINEAR
LINEAR LINEAR</Name_array><technique_common><accessor source="#jnt_left_shoulder-Interpolations-array" count="13"><param type="name"/></accessor></technique_common></source><sampler id="jnt_left_shoulder-Matrix-animation-transform"><input semantic="INPUT" source="#jnt_left_shoulder-Matrix-animation-input"/><input semantic="OUTPUT" source="#jnt_left_shoulder-Matrix-animation-output-transform"/><input semantic="INTERPOLATION" source="#jnt_left_shoulder-Interpolations"/></sampler><channel source="#jnt_left_shoulder-Matrix-animation-transform" target="jnt_left_shoulder/matrix"/></animation></animation>
    <animation id="jnt_left_arm-anim" name="jnt_left_arm"><animation><source id="jnt_left_arm-Matrix-animation-input"><float_array id="jnt_left_arm-Matrix-animation-input-array" count="13">

0.000000 0.033333 0.066667 0.100000 0.133333 0.166667 0.200000 0.233333 0.266667 0.300000 0.333333 0.366667 0.400000</float_array><technique_common><accessor source="#jnt_left_arm-Matrix-animation-input-array" count="13"><param name="TIME" type="float"/></accessor></technique_common></source><source id="jnt_left_arm-Matrix-animation-output-transform"><float_array id="jnt_left_arm-Matrix-animation-output-transform-array" count="208">

0.815289 -0.167224 0.554382 -0.525418 0.233764 0.970960 -0.050899 -0.032447 -0.529771 0.171092 0.830705 0.009492 0.000000 0.000000 0.000000 1.000000
0.811794 -0.179780 0.555580 -0.525417 0.232042 0.972400 -0.024392 -0.032447 -0.535861 0.148720 0.831105 0.009491 0.000000 0.000000 0.000000 1.000000
0.806486 -0.193738 0.558611 -0.525418 0.217428 0.975769 0.024510 -0.032448 -0.549824 0.101691 0.829067 0.009492 0.000000 0.000000 0.000000 1.000000
0.797064 -0.198475 0.570348 -0.525417 0.191806 0.978748 0.072545 -0.032448 -0.572625 0.051573 0.818194 0.009492 0.000000 0.000000 0.000000 1.000000
0.787759 -0.185025 0.587539 -0.525417 0.162630 0.982450 0.091338 -0.032447 -0.594128 0.023599 0.804024 0.009491 0.000000 0.000000 0.000000 1.000000
0.783023 -0.146121 0.604586 -0.525417 0.110581 0.989233 0.095868 -0.032447 -0.612085 -0.008212 0.790750 0.009492 0.000000 0.000000 0.000000 1.000000
0.782861 -0.113863 0.611690 -0.525416 0.066190 0.992775 0.100087 -0.032447 -0.618666 -0.037866 0.784741 0.009491 0.000000 0.000000 0.000000 1.000000
0.795385 -0.100414 0.597729 -0.525417 0.069433 0.994784 0.074723 -0.032447 -0.602114 -0.017932 0.798208 0.009492 0.000000 0.000000 0.000000 1.000000
0.817078 -0.097053 0.568299 -0.525417 0.092880 0.995012 0.036387 -0.032447 -0.568996 0.023053 0.822017 0.009491 0.000000 0.000000 0.000000 1.000000
0.839984 -0.119391 0.529314 -0.525417 0.139890 0.990166 0.001346 -0.032447 -0.524269 0.072915 0.848425 0.009491 0.000000 0.000000 0.000000 1.000000
0.837696 -0.173086 0.517982 -0.525417 0.216162 0.976077 -0.023423 -0.032447 -0.501536 0.131589 0.855070 0.009491 0.000000 0.000000 0.000000 1.000000
0.820242 -0.186092 0.540901 -0.525417 0.236488 0.971327 -0.024444 -0.032448 -0.520843 0.147966 0.840731 0.009492 0.000000 0.000000 0.000000 1.000000
0.815251 -0.167595 0.554327 -0.525417 0.234178 0.970861 -0.050877 -0.032447 -0.529648 0.171289 0.830743 0.009491 0.000000 0.000000 0.000000 1.000000</float_array><technique_common><accessor source="#jnt_left_arm-Matrix-animation-output-transform-array" count="13" stride="16"><param type="float4x4"/></accessor></technique_common></source><source id="jnt_left_arm-Interpolations"><Name_array id="jnt_left_arm-Interpolations-array" count="13">
 LINEAR LINEAR LINEAR LINEAR LINEAR LINEAR LINEAR LINEAR LINEAR LINEAR LINEAR
LINEAR LINEAR</Name_array><technique_common><accessor source="#jnt_left_arm-Interpolations-array" count="13"><param type="name"/></accessor></technique_common></source><sampler id="jnt_left_arm-Matrix-animation-transform"><input semantic="INPUT" source="#jnt_left_arm-Matrix-animation-input"/><input semantic="OUTPUT" source="#jnt_left_arm-Matrix-animation-output-transform"/><input semantic="INTERPOLATION" source="#jnt_left_arm-Interpolations"/></sampler><channel source="#jnt_left_arm-Matrix-animation-transform" target="jnt_left_arm/matrix"/></animation></animation>
    <animation id="jnt_left_armroll-anim" name="jnt_left_armroll"><animation><source id="jnt_left_armroll-Matrix-animation-input"><float_array id="jnt_left_armroll-Matrix-animation-input-array" count="13">

0.000000 0.033333 0.066667 0.100000 0.133333 0.166667 0.200000 0.233333 0.266667 0.300000 0.333333 0.366667 0.400000</float_array><technique_common><accessor source="#jnt_left_armroll-Matrix-animation-input-array" count="13"><param name="TIME" type="float"/></accessor></technique_common></source><source id="jnt_left_armroll-Matrix-animation-output-transform"><float_array id="jnt_left_armroll-Matrix-animation-output-transform-array" count="208">

1.000000 -0.000009 0.000000 -0.421995 0.000008 0.934921 0.354856 0.000001 -0.000003 -0.354856 0.934921 -0.000004 0.000000 0.000000 0.000000 1.000000
1.000000 -0.000009 -0.000000 -0.421995 0.000008 0.934921 0.354856 0.000001 -0.000003 -0.354856 0.934921 -0.000004 0.000000 0.000000 0.000000 1.000000
1.000000 -0.000009 0.000000 -0.421995 0.000008 0.934921 0.354857 0.000001 -0.000003 -0.354857 0.934921 -0.000004 0.000000 0.000000 0.000000 1.000000
1.000000 -0.000009 0.000000 -0.421995 0.000008 0.934921 0.354857 0.000001 -0.000003 -0.354857 0.934921 -0.000004 0.000000 0.000000 0.000000 1.000000
1.000000 -0.000009 0.000000 -0.421995 0.000008 0.934921 0.354856 0.000001 -0.000003 -0.354856 0.934921 -0.000004 0.000000 0.000000 0.000000 1.000000
1.000000 -0.000009 0.000000 -0.421995 0.000008 0.934921 0.354856 0.000001 -0.000004 -0.354856 0.934921 -0.000004 0.000000 0.000000 0.000000 1.000000
1.000000 -0.000009 0.000000 -0.421995 0.000008 0.934921 0.354857 0.000001 -0.000004 -0.354857 0.934921 -0.000004 0.000000 0.000000 0.000000 1.000000
1.000000 -0.000009 0.000000 -0.421995 0.000009 0.934921 0.354857 0.000001 -0.000004 -0.354857 0.934921 -0.000004 0.000000 0.000000 0.000000 1.000000
1.000000 -0.000009 0.000001 -0.421995 0.000008 0.934921 0.354857 0.000001 -0.000004 -0.354857 0.934921 -0.000004 0.000000 0.000000 0.000000 1.000000
1.000000 -0.000009 0.000001 -0.421995 0.000008 0.934921 0.354857 0.000002 -0.000004 -0.354857 0.934921 -0.000004 0.000000 0.000000 0.000000 1.000000
1.000000 -0.000009 0.000000 -0.421995 0.000008 0.934921 0.354857 0.000001 -0.000004 -0.354857 0.934921 -0.000004 0.000000 0.000000 0.000000 1.000000
1.000000 -0.000009 0.000000 -0.421995 0.000008 0.934921 0.354856 0.000001 -0.000004 -0.354856 0.934921 -0.000004 0.000000 0.000000 0.000000 1.000000
1.000000 -0.000009 0.000000 -0.421995 0.000008 0.934921 0.354856 0.000001 -0.000003 -0.354856 0.934921 -0.000004 0.000000 0.000000 0.000000 1.000000</float_array><technique_common><accessor source="#jnt_left_armroll-Matrix-animation-output-transform-array" count="13" stride="16"><param type="float4x4"/></accessor></technique_common></source><source id="jnt_left_armroll-Interpolations"><Name_array id="jnt_left_armroll-Interpolations-array" count="13">
 LINEAR LINEAR LINEAR LINEAR LINEAR LINEAR LINEAR LINEAR LINEAR LINEAR LINEAR
LINEAR LINEAR</Name_array><technique_common><accessor source="#jnt_left_armroll-Interpolations-array" count="13"><param type="name"/></accessor></technique_common></source><sampler id="jnt_left_armroll-Matrix-animation-transform"><input semantic="INPUT" source="#jnt_left_armroll-Matrix-animation-input"/><input semantic="OUTPUT" source="#jnt_left_armroll-Matrix-animation-output-transform"/><input semantic="INTERPOLATION" source="#jnt_left_armroll-Interpolations"/></sampler><channel source="#jnt_left_armroll-Matrix-animation-transform" target="jnt_left_armroll/matrix"/></animation></animation>
    <animation id="jnt_left_forearm-anim" name="jnt_left_forearm"><animation><source id="jnt_left_forearm-Matrix-animation-input"><float_array id="jnt_left_forearm-Matrix-animation-input-array" count="13">

0.000000 0.033333 0.066667 0.100000 0.133333 0.166667 0.200000 0.233333 0.266667 0.300000 0.333333 0.366667 0.400000</float_array><technique_common><accessor source="#jnt_left_forearm-Matrix-animation-input-array" count="13"><param name="TIME" type="float"/></accessor></technique_common></source><source id="jnt_left_forearm-Matrix-animation-output-transform"><float_array id="jnt_left_forearm-Matrix-animation-output-transform-array" count="208">

-0.101990 -0.908647 -0.404919 -0.843981 0.976568 -0.013912 -0.214757 0.000005 0.189505 -0.417334 0.888774 0.000003 0.000000 0.000000 0.000000 1.000000
-0.090771 -0.899550 -0.427283 -0.843982 0.978742 -0.001344 -0.205092 0.000003 0.183916 -0.436816 0.880549 0.000003 0.000000 0.000000 0.000000 1.000000
-0.074281 -0.897900 -0.433886 -0.843982 0.980608 0.013359 -0.195526 -0.000002 0.181359 -0.439996 0.879496 0.000004 0.000000 0.000000 0.000000 1.000000
-0.030827 -0.902590 -0.429396 -0.843982 0.983091 0.050202 -0.176101 0.000015 0.180503 -0.427564 0.885781 0.000004 0.000000 0.000000 0.000000 1.000000
0.034602 -0.909886 -0.413413 -0.843981 0.982698 0.106289 -0.151684 -0.000011 0.181956 -0.401012 0.897820 0.000003 0.000000 0.000000 0.000000 1.000000
0.074362 -0.914933 -0.396696 -0.843981 0.979557 0.141578 -0.142913 0.000007 0.186919 -0.377959 0.906757 0.000004 0.000000 0.000000 0.000000 1.000000
0.078209 -0.910354 -0.406373 -0.843982 0.979640 0.145779 -0.138036 0.000020 0.184903 -0.387303 0.903220 0.000005 0.000000 0.000000 0.000000 1.000000
0.071152 -0.903449 -0.422749 -0.843982 0.980998 0.140077 -0.134247 -0.000003 0.180502 -0.405164 0.896248 0.000003 0.000000 0.000000 0.000000 1.000000
0.054007 -0.903240 -0.425723 -0.843982 0.981907 0.125534 -0.141775 -0.000004 0.181499 -0.410364 0.893678 0.000003 0.000000 0.000000 0.000000 1.000000
0.014342 -0.905134 -0.424885 -0.843982 0.982834 0.090928 -0.160528 -0.000003 0.183933 -0.415289 0.890900 0.000004 0.000000 0.000000 0.000000 1.000000
-0.022378 -0.914274 -0.404479 -0.843982 0.981629 0.056585 -0.182215 0.000001 0.189482 -0.401126 0.896211 0.000003 0.000000 0.000000 0.000000 1.000000
-0.069852 -0.916776 -0.393245 -0.843981 0.978796 0.013106 -0.204418 -0.000004 0.192559 -0.399186 0.896422 0.000004 0.000000 0.000000 0.000000 1.000000
-0.101482 -0.908716 -0.404890 -0.843981 0.976616 -0.013460 -0.214571 0.000008 0.189535 -0.417197 0.888833 0.000002 0.000000 0.000000 0.000000 1.000000</float_array><technique_common><accessor source="#jnt_left_forearm-Matrix-animation-output-transform-array" count="13" stride="16"><param type="float4x4"/></accessor></technique_common></source><source id="jnt_left_forearm-Interpolations"><Name_array id="jnt_left_forearm-Interpolations-array" count="13">
 LINEAR LINEAR LINEAR LINEAR LINEAR LINEAR LINEAR LINEAR LINEAR LINEAR LINEAR
LINEAR LINEAR</Name_array><technique_common><accessor source="#jnt_left_forearm-Interpolations-array" count="13"><param type="name"/></accessor></technique_common></source><sampler id="jnt_left_forearm-Matrix-animation-transform"><input semantic="INPUT" source="#jnt_left_forearm-Matrix-animation-input"/><input semantic="OUTPUT" source="#jnt_left_forearm-Matrix-animation-output-transform"/><input semantic="INTERPOLATION" source="#jnt_left_forearm-Interpolations"/></sampler><channel source="#jnt_left_forearm-Matrix-animation-transform" target="jnt_left_forearm/matrix"/></animation></animation>
    <animation id="jnt_left_forearmroll-anim" name="jnt_left_forearmroll"><animation><source id="jnt_left_forearmroll-Matrix-animation-input"><float_array id="jnt_left_forearmroll-Matrix-animation-input-array" count="13">

0.000000 0.033333 0.066667 0.100000 0.133333 0.166667 0.200000 0.233333 0.266667 0.300000 0.333333 0.366667 0.400000</float_array><technique_common><accessor source="#jnt_left_forearmroll-Matrix-animation-input-array" count="13"><param name="TIME" type="float"/></accessor></technique_common></source><source id="jnt_left_forearmroll-Matrix-animation-output-transform"><float_array id="jnt_left_forearmroll-Matrix-animation-output-transform-array" count="208">

1.000000 0.000005 -0.000002 -0.487002 -0.000005 0.783643 -0.621211 0.000000 -0.000002 0.621211 0.783643 -0.000004 0.000000 0.000000 0.000000 1.000000
1.000000 0.000005 -0.000002 -0.487001 -0.000005 0.783643 -0.621212 0.000000 -0.000002 0.621212 0.783643 -0.000004 0.000000 0.000000 0.000000 1.000000
1.000000 0.000005 -0.000002 -0.487002 -0.000005 0.783643 -0.621211 0.000000 -0.000002 0.621211 0.783643 -0.000004 0.000000 0.000000 0.000000 1.000000
