<?xml version="1.0" encoding="utf-8"?>
<COLLADA xmlns="http://www.collada.org/2005/11/COLLADASchema" version="1.4.1">
  <asset><contributor><author></author><authoring_tool>FBX COLLADA exporter</authoring_tool><comments></comments></contributor><created>2020-04-13T21:15:39Z</created><keywords></keywords><modified>2020-04-13T21:15:39Z</modified><revision></revision><subject></subject><title></title><unit meter="0.010000" name="centimeter"></unit><up_axis>Y_UP</up_axis></asset>
  <library_animations>
    <animation id="root_jnt-anim" name="root_jnt"><animation><source id="root_jnt-Matrix-animation-input"><float_array id="root_jnt-Matrix-animation-input-array" count="21">

0.000000 0.033333 0.066667 0.100000 0.133333 0.166667 0.200000 0.233333 0.266667 0.300000 0.333333 0.366667 0.400000 0.433333 0.466667 0.500000
0.533333 0.566667 0.600000 0.633333 0.666667</float_array><technique_common><accessor source="#root_jnt-Matrix-animation-input-array" count="21"><param name="TIME" type="float"/></accessor></technique_common></source><source id="root_jnt-Matrix-animation-output-transform"><float_array id="root_jnt-Matrix-animation-output-transform-array" count="336">

1.000000 0.000000 0.000000 0.000000 0.000000 1.000000 0.000000 0.000000 0.000000 0.000000 1.000000 0.000000 0.000000 0.000000 0.000000 1.000000
1.000000 0.000000 0.000000 0.000000 0.000000 1.000000 0.000000 0.000000 0.000000 0.000000 1.000000 0.000000 0.000000 0.000000 0.000000 1.000000
1.000000 0.000000 0.000000 0.000000 0.000000 1.000000 0.000000 0.000000 0.000000 0.000000 1.000000 0.000000 0.000000 0.000000 0.000000 1.000000
1.000000 0.000000 0.000000 0.000000 0.000000 1.000000 0.000000 0.000000 0.000000 0.000000 1.000000 0.000000 0.000000 0.000000 0.000000 1.000000
1.000000 0.000000 0.000000 0.000000 0.000000 1.000000 0.000000 0.000000 0.000000 0.000000 1.000000 0.000000 0.000000 0.000000 0.000000 1.000000
1.000000 0.000000 0.000000 0.000000 0.000000 1.000000 0.000000 0.000000 0.000000 0.000000 1.000000 0.000000 0.000000 0.000000 0.000000 1.000000
1.000000 0.000000 0.000000 0.000000 0.000000 1.000000 0.000000 0.000000 0.000000 0.000000 1.000000 0.000000 0.000000 0.000000 0.000000 1.000000
1.000000 0.000000 0.000000 0.000000 0.000000 1.000000 0.000000 0.000000 0.000000 0.000000 1.000000 0.000000 0.000000 0.000000 0.000000 1.000000
1.000000 0.000000 0.000000 0.000000 0.000000 1.000000 0.000000 0.000000 0.000000 0.000000 1.000000 0.000000 0.000000 0.000000 0.000000 1.000000
1.000000 0.000000 0.000000 0.000000 0.000000 1.000000 0.000000 0.000000 0.000000 0.000000 1.000000 0.000000 0.000000 0.000000 0.000000 1.000000
1.000000 0.000000 0.000000 0.000000 0.000000 1.000000 0.000000 0.000000 0.000000 0.000000 1.000000 0.000000 0.000000 0.000000 0.000000 1.000000
1.000000 0.000000 0.000000 0.000000 0.000000 1.000000 0.000000 0.000000 0.000000 0.000000 1.000000 0.000000 0.000000 0.000000 0.000000 1.000000
1.000000 0.000000 0.000000 0.000000 0.000000 1.000000 0.000000 0.000000 0.000000 0.000000 1.000000 0.000000 0.000000 0.000000 0.000000 1.000000
1.000000 0.000000 0.000000 0.000000 0.000000 1.000000 0.000000 0.000000 0.000000 0.000000 1.000000 0.000000 0.000000 0.000000 0.000000 1.000000
1.000000 0.000000 0.000000 0.000000 0.000000 1.000000 0.000000 0.000000 0.000000 0.000000 1.000000 0.000000 0.000000 0.000000 0.000000 1.000000
1.000000 0.000000 0.000000 0.000000 0.000000 1.000000 0.000000 0.000000 0.000000 0.000000 1.000000 0.000000 0.000000 0.000000 0.000000 1.000000
1.000000 0.000000 0.000000 0.000000 0.000000 1.000000 0.000000 0.000000 0.000000 0.000000 1.000000 0.000000 0.000000 0.000000 0.000000 1.000000
1.000000 0.000000 0.000000 0.000000 0.000000 1.000000 0.000000 0.000000 0.000000 0.000000 1.000000 0.000000 0.000000 0.000000 0.000000 1.000000
1.000000 0.000000 0.000000 0.000000 0.000000 1.000000 0.000000 0.000000 0.000000 0.000000 1.000000 0.000000 0.000000 0.000000 0.000000 1.000000
1.000000 0.000000 0.000000 0.000000 0.000000 1.000000 0.000000 0.000000 0.000000 0.000000 1.000000 0.000000 0.000000 0.000000 0.000000 1.000000
1.000000 0.000000 0.000000 0.000000 0.000000 1.000000 0.000000 0.000000 0.000000 0.000000 1.000000 0.000000 0.000000 0.000000 0.000000 1.000000</float_array><technique_common><accessor source="#root_jnt-Matrix-animation-output-transform-array" count="21" stride="16"><param type="float4x4"/></accessor></technique_common></source><source id="root_jnt-Interpolations"><Name_array id="root_jnt-Interpolations-array" count="21">
 LINEAR LINEAR LINEAR LINEAR LINEAR LINEAR LINEAR LINEAR LINEAR LINEAR LINEAR
LINEAR LINEAR LINEAR LINEAR LINEAR LINEAR LINEAR LINEAR LINEAR LINEAR</Name_array><technique_common><accessor source="#root_jnt-Interpolations-array" count="21"><param type="name"/></accessor></technique_common></source><sampler id="root_jnt-Matrix-animation-transform"><input semantic="INPUT" source="#root_jnt-Matrix-animation-input"/><input semantic="OUTPUT" source="#root_jnt-Matrix-animation-output-transform"/><input semantic="INTERPOLATION" source="#root_jnt-Interpolations"/></sampler><channel source="#root_jnt-Matrix-animation-transform" target="root_jnt/matrix"/></animation></animation>
    <animation id="jnt_hips-anim" name="jnt_hips"><animation><source id="jnt_hips-Matrix-animation-input"><float_array id="jnt_hips-Matrix-animation-input-array" count="21">

0.000000 0.033333 0.066667 0.100000 0.133333 0.166667 0.200000 0.233333 0.266667 0.300000 0.333333 0.366667 0.400000 0.433333 0.466667 0.500000
0.533333 0.566667 0.600000 0.633333 0.666667</float_array><technique_common><accessor source="#jnt_hips-Matrix-animation-input-array" count="21"><param name="TIME" type="float"/></accessor></technique_common></source><source id="jnt_hips-Matrix-animation-output-transform"><float_array id="jnt_hips-Matrix-animation-output-transform-array" count="336">

0.961463 0.055178 -0.269342 -0.011450 -0.002571 0.981416 0.191874 2.028562 0.274924 -0.183788 0.943737 -0.270758 0.000000 0.000000 0.000000 1.000000
0.958204 0.034741 -0.283969 -0.004611 -0.003188 0.993834 0.110829 1.789180 0.286069 -0.105292 0.952407 -0.296686 0.000000 0.000000 0.000000 1.000000
0.953553 0.004820 -0.301188 0.008556 -0.005619 0.999983 -0.001787 1.341102 0.301174 0.003396 0.953563 -0.353802 0.000000 0.000000 0.000000 1.000000
0.950078 -0.018033 -0.311491 0.014941 -0.008766 0.996392 -0.084421 1.100008 0.311889 0.082937 0.946492 -0.398124 0.000000 0.000000 0.000000 1.000000
0.950039 -0.023586 -0.311237 0.012025 -0.010020 0.994322 -0.105938 1.115017 0.311969 0.103764 0.944409 -0.417550 0.000000 0.000000 0.000000 1.000000
0.951438 -0.022983 -0.306980 0.006307 -0.010509 0.994203 -0.107004 1.151840 0.307660 0.105033 0.945681 -0.428782 0.000000 0.000000 0.000000 1.000000
0.952147 -0.019843 -0.304994 -0.000465 -0.010814 0.995078 -0.098502 1.201619 0.305448 0.097087 0.947246 -0.435617 0.000000 0.000000 0.000000 1.000000
0.950075 -0.017677 -0.311521 -0.006528 -0.011411 0.995757 -0.091307 1.255465 0.311814 0.090303 0.945842 -0.441839 0.000000 0.000000 0.000000 1.000000
0.944056 -0.017091 -0.329343 -0.012490 -0.012436 0.996101 -0.087337 1.314300 0.329551 0.086547 0.940163 -0.448476 0.000000 0.000000 0.000000 1.000000
0.934141 -0.016140 -0.356539 -0.019130 -0.013681 0.996623 -0.080960 1.381270 0.356642 0.080506 0.930766 -0.453975 0.000000 0.000000 0.000000 1.000000
0.922903 -0.014852 -0.384747 -0.025299 -0.014596 0.997188 -0.073505 1.450912 0.384757 0.073454 0.920091 -0.458180 0.000000 0.000000 0.000000 1.000000
0.913802 -0.013426 -0.405937 -0.029852 -0.014816 0.997686 -0.066349 1.517767 0.405889 0.066644 0.911489 -0.460981 0.000000 0.000000 0.000000 1.000000
0.910932 -0.012233 -0.412376 -0.031652 -0.014156 0.998045 -0.060877 1.576381 0.412314 0.061292 0.908978 -0.462299 0.000000 0.000000 0.000000 1.000000
0.913863 -0.011716 -0.405853 -0.031065 -0.013172 0.998202 -0.058474 1.632412 0.405809 0.058783 0.912066 -0.453245 0.000000 0.000000 0.000000 1.000000
0.919875 -0.011334 -0.392048 -0.029479 -0.011754 0.998337 -0.056439 1.692643 0.392036 0.056525 0.918212 -0.428806 0.000000 0.000000 0.000000 1.000000
0.927762 -0.011084 -0.373009 -0.027249 -0.010065 0.998452 -0.054703 1.753475 0.373037 0.054506 0.926214 -0.394093 0.000000 0.000000 0.000000 1.000000
0.936380 -0.010952 -0.350817 -0.024725 -0.008255 0.998549 -0.053208 1.811308 0.350891 0.052719 0.934931 -0.354223 0.000000 0.000000 0.000000 1.000000
0.944744 -0.010912 -0.327628 -0.022255 -0.006466 0.998631 -0.051904 1.862545 0.327746 0.051155 0.943380 -0.314315 0.000000 0.000000 0.000000 1.000000
0.952073 -0.010929 -0.305677 -0.020179 -0.004834 0.998699 -0.050763 1.903588 0.305834 0.049808 0.950781 -0.279502 0.000000 0.000000 0.000000 1.000000
0.957789 -0.010964 -0.287263 -0.018838 -0.003493 0.998755 -0.049764 1.930839 0.287451 0.048666 0.956558 -0.254923 0.000000 0.000000 0.000000 1.000000
0.961461 -0.010974 -0.274722 0.005651 -0.002572 0.998800 -0.048898 1.940699 0.274929 0.047720 0.960280 -0.246250 0.000000 0.000000 0.000000 1.000000</float_array><technique_common><accessor source="#jnt_hips-Matrix-animation-output-transform-array" count="21" stride="16"><param type="float4x4"/></accessor></technique_common></source><source id="jnt_hips-Interpolations"><Name_array id="jnt_hips-Interpolations-array" count="21">
 LINEAR LINEAR LINEAR LINEAR LINEAR LINEAR LINEAR LINEAR LINEAR LINEAR LINEAR
LINEAR LINEAR LINEAR LINEAR LINEAR LINEAR LINEAR LINEAR LINEAR LINEAR</Name_array><technique_common><accessor source="#jnt_hips-Interpolations-array" count="21"><param type="name"/></accessor></technique_common></source><sampler id="jnt_hips-Matrix-animation-transform"><input semantic="INPUT" source="#jnt_hips-Matrix-animation-input"/><input semantic="OUTPUT" source="#jnt_hips-Matrix-animation-output-transform"/><input semantic="INTERPOLATION" source="#jnt_hips-Interpolations"/></sampler><channel source="#jnt_hips-Matrix-animation-transform" target="jnt_hips/matrix"/></animation></animation>
    <animation id="jnt_spine1-anim" name="jnt_spine1"><animation><source id="jnt_spine1-Matrix-animation-input"><float_array id="jnt_spine1-Matrix-animation-input-array" count="21">

0.000000 0.033333 0.066667 0.100000 0.133333 0.166667 0.200000 0.233333 0.266667 0.300000 0.333333 0.366667 0.400000 0.433333 0.466667 0.500000
0.533333 0.566667 0.600000 0.633333 0.666667</float_array><technique_common><accessor source="#jnt_spine1-Matrix-animation-input-array" count="21"><param name="TIME" type="float"/></accessor></technique_common></source><source id="jnt_spine1-Matrix-animation-output-transform"><float_array id="jnt_spine1-Matrix-animation-output-transform-array" count="336">

0.052271 0.039046 0.997869 -0.000000 0.958240 -0.283279 -0.039110 0.212132 0.281149 0.958242 -0.052223 0.023482 0.000000 0.000000 0.000000 1.000000
0.048085 0.053198 0.997426 0.000000 0.955475 -0.293502 -0.030409 0.212132 0.291128 0.954477 -0.064942 0.023482 0.000000 0.000000 0.000000 1.000000
0.037617 0.088542 0.995362 -0.000000 0.948036 -0.318075 -0.007535 0.212132 0.315932 0.943922 -0.095906 0.023482 0.000000 0.000000 0.000000 1.000000
0.024003 0.134342 0.990644 0.000000 0.937249 -0.347802 0.024456 0.212132 0.347833 0.927893 -0.134261 0.023482 0.000000 0.000000 0.000000 1.000000
0.010385 0.179862 0.983637 -0.000000 0.925217 -0.374858 0.058776 0.212132 0.379296 0.909468 -0.170304 0.023482 0.000000 0.000000 0.000000 1.000000
-0.000092 0.214610 0.976700 -0.000000 0.915127 -0.393754 0.086606 0.212132 0.403166 0.893812 -0.196360 0.023482 0.000000 0.000000 0.000000 1.000000
-0.004282 0.228431 0.973551 -0.000000 0.910890 -0.400829 0.098056 0.212132 0.412626 0.887218 -0.206359 0.023482 0.000000 0.000000 0.000000 1.000000
-0.003636 0.222474 0.974932 0.000000 0.913513 -0.395862 0.093741 0.212132 0.406794 0.890954 -0.201794 0.023482 0.000000 0.000000 0.000000 1.000000
-0.001902 0.206466 0.978452 -0.000000 0.920546 -0.381853 0.082366 0.212132 0.390631 0.900866 -0.189335 0.023482 0.000000 0.000000 0.000000 1.000000
0.000607 0.183184 0.983078 -0.000000 0.930582 -0.359992 0.066505 0.212132 0.366084 0.914794 -0.170687 0.023482 0.000000 0.000000 0.000000 1.000000
0.003582 0.155436 0.987840 -0.000000 0.942173 -0.331561 0.048754 0.212132 0.335107 0.930541 -0.147635 0.023482 0.000000 0.000000 0.000000 1.000000
0.006713 0.126087 0.991996 -0.000000 0.953996 -0.298165 0.031442 0.212132 0.299743 0.946150 -0.122288 0.023482 0.000000 0.000000 0.000000 1.000000
0.009688 0.098062 0.995133 -0.000000 0.964979 -0.261814 0.016405 0.212132 0.262148 0.960124 -0.097164 0.023482 0.000000 0.000000 0.000000 1.000000
0.012198 0.074318 0.997160 0.000000 0.974374 -0.224880 0.004841 0.212132 0.224601 0.971548 -0.075157 0.023482 0.000000 0.000000 0.000000 1.000000
0.013931 0.057824 0.998230 0.000000 0.981788 -0.189962 -0.002698 0.212132 0.189470 0.980087 -0.059417 0.023482 0.000000 0.000000 0.000000 1.000000
0.014578 0.051531 0.998565 0.000000 0.987143 -0.159718 -0.006169 0.212132 0.159171 0.985817 -0.053197 0.023482 0.000000 0.000000 0.000000 1.000000
0.013191 0.051361 0.998593 -0.000000 0.991476 -0.130130 -0.006404 0.212132 0.129618 0.990166 -0.052639 0.023482 0.000000 0.000000 0.000000 1.000000
0.009886 0.051259 0.998636 0.000000 0.995112 -0.098636 -0.004788 0.212132 0.098256 0.993803 -0.051983 0.023482 0.000000 0.000000 0.000000 1.000000
0.005940 0.051207 0.998670 -0.000000 0.997538 -0.070088 -0.002339 0.212132 0.069875 0.996226 -0.051497 0.023482 0.000000 0.000000 0.000000 1.000000
0.002634 0.051188 0.998686 -0.000000 0.998780 -0.049378 -0.000104 0.212132 0.049307 0.997468 -0.051255 0.023482 0.000000 0.000000 0.000000 1.000000
0.001248 0.051185 0.998688 -0.000000 0.999143 -0.041392 0.000873 0.212132 0.041382 0.997831 -0.051193 0.023482 0.000000 0.000000 0.000000 1.000000</float_array><technique_common><accessor source="#jnt_spine1-Matrix-animation-output-transform-array" count="21" stride="16"><param type="float4x4"/></accessor></technique_common></source><source id="jnt_spine1-Interpolations"><Name_array id="jnt_spine1-Interpolations-array" count="21">
 LINEAR LINEAR LINEAR LINEAR LINEAR LINEAR LINEAR LINEAR LINEAR LINEAR LINEAR
LINEAR LINEAR LINEAR LINEAR LINEAR LINEAR LINEAR LINEAR LINEAR LINEAR</Name_array><technique_common><accessor source="#jnt_spine1-Interpolations-array" count="21"><param type="name"/></accessor></technique_common></source><sampler id="jnt_spine1-Matrix-animation-transform"><input semantic="INPUT" source="#jnt_spine1-Matrix-animation-input"/><input semantic="OUTPUT" source="#jnt_spine1-Matrix-animation-output-transform"/><input semantic="INTERPOLATION" source="#jnt_spine1-Interpolations"/></sampler><channel source="#jnt_spine1-Matrix-animation-transform" target="jnt_spine1/matrix"/></animation></animation>
    <animation id="jnt_spine2-anim" name="jnt_spine2"><animation><source id="jnt_spine2-Matrix-animation-input"><float_array id="jnt_spine2-Matrix-animation-input-array" count="21">

0.000000 0.033333 0.066667 0.100000 0.133333 0.166667 0.200000 0.233333 0.266667 0.300000 0.333333 0.366667 0.400000 0.433333 0.466667 0.500000
0.533333 0.566667 0.600000 0.633333 0.666667</float_array><technique_common><accessor source="#jnt_spine2-Matrix-animation-input-array" count="21"><param name="TIME" type="float"/></accessor></technique_common></source><source id="jnt_spine2-Matrix-animation-output-transform"><float_array id="jnt_spine2-Matrix-animation-output-transform-array" count="336">

0.967730 -0.250691 -0.025557 0.426849 0.249054 0.966960 -0.054415 0.000000 0.038354 0.046294 0.998191 -0.000000 0.000000 0.000000 0.000000 1.000000
0.966969 -0.253421 -0.027370 0.426848 0.251279 0.965762 -0.064512 -0.000000 0.042781 0.055503 0.997542 0.000000 0.000000 0.000000 0.000000 1.000000
0.964961 -0.260478 -0.031659 0.426849 0.256811 0.962285 -0.089759 0.000000 0.053846 0.078484 0.995460 -0.000000 0.000000 0.000000 0.000000 1.000000
0.962126 -0.270123 -0.036700 0.426848 0.263930 0.956723 -0.122565 0.000000 0.068219 0.108237 0.991782 0.000000 0.000000 0.000000 0.000000 1.000000
0.959040 -0.280271 -0.041105 0.426848 0.270965 0.949977 -0.155312 0.000000 0.082578 0.137812 0.987010 0.000000 0.000000 0.000000 0.000000 1.000000
0.956497 -0.288399 -0.044043 0.426849 0.276317 0.943978 -0.180431 -0.000000 0.093612 0.160412 0.982601 -0.000000 0.000000 0.000000 0.000000 1.000000
0.955438 -0.291725 -0.045106 0.426849 0.278441 0.941380 -0.190457 -0.000000 0.098023 0.169410 0.980659 -0.000000 0.000000 0.000000 0.000000 1.000000
0.956687 -0.287337 -0.046760 0.426849 0.274123 0.943220 -0.187597 -0.000000 0.098008 0.166654 0.981132 -0.000000 0.000000 0.000000 0.000000 1.000000
0.960054 -0.275115 -0.051081 0.426849 0.262129 0.948128 -0.179835 0.000000 0.097906 0.159262 0.982370 -0.000000 0.000000 0.000000 0.000000 1.000000
0.964879 -0.256430 -0.057018 0.426849 0.243877 0.955080 -0.168364 0.000000 0.097631 0.148545 0.984074 -0.000000 0.000000 0.000000 0.000000 1.000000
0.970478 -0.232677 -0.063517 0.426848 0.220784 0.963024 -0.154401 0.000000 0.097094 0.135819 0.985964 -0.000000 0.000000 0.000000 0.000000 1.000000
0.976214 -0.205323 -0.069636 0.426849 0.194295 0.971009 -0.139249 -0.000000 0.096208 0.122407 0.987806 0.000000 0.000000 0.000000 0.000000 1.000000
0.981568 -0.175934 -0.074636 0.426849 0.165891 0.978277 -0.124315 0.000000 0.094886 0.109642 0.989432 -0.000000 0.000000 0.000000 0.000000 1.000000
0.986179 -0.146159 -0.078028 0.426848 0.137091 0.984309 -0.111097 0.000000 0.093042 0.098865 0.990742 -0.000000 0.000000 0.000000 0.000000 1.000000
0.989856 -0.117700 -0.079570 0.426848 0.109446 0.988832 -0.101156 0.000000 0.090587 0.091421 0.991684 0.000000 0.000000 0.000000 0.000000 1.000000
0.992578 -0.092267 -0.079221 0.426848 0.084525 0.991779 -0.096068 0.000000 0.087434 0.088659 0.992217 -0.000000 0.000000 0.000000 0.000000 1.000000
0.995459 -0.064146 -0.070327 0.426849 0.056715 0.993064 -0.102988 0.000000 0.076446 0.098532 0.992193 0.000000 0.000000 0.000000 0.000000 1.000000
0.998189 -0.030227 -0.052009 0.426848 0.023609 0.992068 -0.123465 0.000000 0.055328 0.122013 0.990985 0.000000 0.000000 0.000000 0.000000 1.000000
0.999477 0.003476 -0.032165 0.426849 -0.008258 0.988689 -0.149754 -0.000000 0.031281 0.149942 0.988200 0.000000 0.000000 0.000000 0.000000 1.000000
0.999414 0.029744 -0.016942 0.426849 -0.032227 0.984434 -0.172773 -0.000000 0.011540 0.173217 0.984816 0.000000 0.000000 0.000000 0.000000 1.000000
0.999126 0.040360 -0.010915 0.426848 -0.041675 0.982296 -0.182640 0.000000 0.003351 0.182935 0.983119 0.000000 0.000000 0.000000 0.000000 1.000000</float_array><technique_common><accessor source="#jnt_spine2-Matrix-animation-output-transform-array" count="21" stride="16"><param type="float4x4"/></accessor></technique_common></source><source id="jnt_spine2-Interpolations"><Name_array id="jnt_spine2-Interpolations-array" count="21">
 LINEAR LINEAR LINEAR LINEAR LINEAR LINEAR LINEAR LINEAR LINEAR LINEAR LINEAR
LINEAR LINEAR LINEAR LINEAR LINEAR LINEAR LINEAR LINEAR LINEAR LINEAR</Name_array><technique_common><accessor source="#jnt_spine2-Interpolations-array" count="21"><param type="name"/></accessor></technique_common></source><sampler id="jnt_spine2-Matrix-animation-transform"><input semantic="INPUT" source="#jnt_spine2-Matrix-animation-input"/><input semantic="OUTPUT" source="#jnt_spine2-Matrix-animation-output-transform"/><input semantic="INTERPOLATION" source="#jnt_spine2-Interpolations"/></sampler><channel source="#jnt_spine2-Matrix-animation-transform" target="jnt_spine2/matrix"/></animation></animation>
    <animation id="jnt_spine3-anim" name="jnt_spine3"><animation><source id="jnt_spine3-Matrix-animation-input"><float_array id="jnt_spine3-Matrix-animation-input-array" count="21">

0.000000 0.033333 0.066667 0.100000 0.133333 0.166667 0.200000 0.233333 0.266667 0.300000 0.333333 0.366667 0.400000 0.433333 0.466667 0.500000
0.533333 0.566667 0.600000 0.633333 0.666667</float_array><technique_common><accessor source="#jnt_spine3-Matrix-animation-input-array" count="21"><param name="TIME" type="float"/></accessor></technique_common></source><source id="jnt_spine3-Matrix-animation-output-transform"><float_array id="jnt_spine3-Matrix-animation-output-transform-array" count="336">

0.970719 -0.240056 -0.008781 0.555067 0.239255 0.969454 -0.054005 0.000000 0.021477 0.050323 0.998502 -0.000000 0.000000 0.000000 0.000000 1.000000
0.973246 -0.228871 -0.020264 0.555067 0.227194 0.971761 -0.063740 0.000000 0.034280 0.057431 0.997761 0.000000 0.000000 0.000000 0.000000 1.000000
0.978228 -0.201434 -0.049935 0.555067 0.196670 0.976618 -0.086827 -0.000000 0.066257 0.075116 0.994971 -0.000000 0.000000 0.000000 0.000000 1.000000
0.981809 -0.166977 -0.090387 0.555067 0.156354 0.981092 -0.114066 -0.000000 0.107724 0.097859 0.989353 -0.000000 0.000000 0.000000 0.000000 1.000000
0.982060 -0.133997 -0.132676 0.555067 0.115568 0.983662 -0.138032 0.000000 0.149005 0.120222 0.981501 -0.000000 0.000000 0.000000 0.000000 1.000000
0.979962 -0.109695 -0.166259 0.555067 0.084044 0.984465 -0.154162 0.000000 0.180586 0.137100 0.973957 -0.000000 0.000000 0.000000 0.000000 1.000000
0.978562 -0.100243 -0.179910 0.555067 0.071430 0.984522 -0.160042 0.000000 0.193169 0.143760 0.970577 -0.000000 0.000000 0.000000 0.000000 1.000000
0.979019 -0.099981 -0.177553 0.555067 0.071949 0.984840 -0.157841 0.000000 0.190642 0.141755 0.971371 -0.000000 0.000000 0.000000 0.000000 1.000000
0.980254 -0.099292 -0.171009 0.555067 0.073347 0.985676 -0.151868 -0.000000 0.183638 0.136327 0.973495 -0.000000 0.000000 0.000000 0.000000 1.000000
0.982029 -0.098362 -0.161069 0.555067 0.075380 0.986840 -0.143054 -0.000000 0.173021 0.128342 0.976520 -0.000000 0.000000 0.000000 0.000000 1.000000
0.984103 -0.097373 -0.148526 0.555067 0.077801 0.988147 -0.132331 -0.000000 0.159651 0.118672 0.980015 -0.000000 0.000000 0.000000 0.000000 1.000000
0.986251 -0.096464 -0.134175 0.555067 0.080362 0.989437 -0.120649 -0.000000 0.144396 0.108207 0.983586 -0.000000 0.000000 0.000000 0.000000 1.000000
0.988293 -0.095696 -0.118821 0.555067 0.082816 0.990588 -0.108981 -0.000000 0.128132 0.097865 0.986917 -0.000000 0.000000 0.000000 0.000000 1.000000
0.990102 -0.095047 -0.103272 0.555067 0.084927 0.991524 -0.098327 -0.000000 0.111742 0.088583 0.989781 -0.000000 0.000000 0.000000 0.000000 1.000000
0.991607 -0.094404 -0.088337 0.555067 0.086469 0.992207 -0.089712 -0.000000 0.096117 0.081321 0.992043 -0.000000 0.000000 0.000000 0.000000 1.000000
0.992795 -0.093589 -0.074829 0.555067 0.087229 0.992625 -0.084178 -0.000000 0.082156 0.077044 0.993637 -0.000000 0.000000 0.000000 0.000000 1.000000
0.995198 -0.078381 -0.058635 0.555067 0.072846 0.993162 -0.091230 -0.000000 0.065385 0.086520 0.994102 -0.000000 0.000000 0.000000 0.000000 1.000000
0.998309 -0.042794 -0.039336 0.555067 0.038048 0.992711 -0.114359 0.000000 0.043943 0.112669 0.992660 -0.000000 0.000000 0.000000 0.000000 1.000000
0.999737 0.000239 -0.022941 0.555067 -0.003554 0.989487 -0.144581 -0.000000 0.022665 0.144624 0.989227 -0.000000 0.000000 0.000000 0.000000 1.000000
0.999245 0.036657 -0.012859 0.555067 -0.038319 0.984489 -0.171213 0.000000 0.006384 0.171576 0.985150 0.000000 0.000000 0.000000 0.000000 1.000000
0.998602 0.051979 -0.009563 0.555067 -0.052851 0.981756 -0.182652 -0.000000 -0.000105 0.182902 0.983131 -0.000000 0.000000 0.000000 0.000000 1.000000</float_array><technique_common><accessor source="#jnt_spine3-Matrix-animation-output-transform-array" count="21" stride="16"><param type="float4x4"/></accessor></technique_common></source><source id="jnt_spine3-Interpolations"><Name_array id="jnt_spine3-Interpolations-array" count="21">
 LINEAR LINEAR LINEAR LINEAR LINEAR LINEAR LINEAR LINEAR LINEAR LINEAR LINEAR
LINEAR LINEAR LINEAR LINEAR LINEAR LINEAR LINEAR LINEAR LINEAR LINEAR</Name_array><technique_common><accessor source="#jnt_spine3-Interpolations-array" count="21"><param type="name"/></accessor></technique_common></source><sampler id="jnt_spine3-Matrix-animation-transform"><input semantic="INPUT" source="#jnt_spine3-Matrix-animation-input"/><input semantic="OUTPUT" source="#jnt_spine3-Matrix-animation-output-transform"/><input semantic="INTERPOLATION" source="#jnt_spine3-Interpolations"/></sampler><channel source="#jnt_spine3-Matrix-animation-transform" target="jnt_spine3/matrix"/></animation></animation>
    <animation id="jnt_neck-anim" name="jnt_neck"><animation><source id="jnt_neck-Matrix-animation-input"><float_array id="jnt_neck-Matrix-animation-input-array" count="21">

0.000000 0.033333 0.066667 0.100000 0.133333 0.166667 0.200000 0.233333 0.266667 0.300000 0.333333 0.366667 0.400000 0.433333 0.466667 0.500000
0.533333 0.566667 0.600000 0.633333 0.666667</float_array><technique_common><accessor source="#jnt_neck-Matrix-animation-input-array" count="21"><param name="TIME" type="float"/></accessor></technique_common></source><source id="jnt_neck-Matrix-animation-output-transform"><float_array id="jnt_neck-Matrix-animation-output-transform-array" count="336">

0.965248 -0.261262 -0.006132 0.867459 0.260200 0.962977 -0.070515 0.171571 0.024328 0.066469 0.997492 -0.000000 0.000000 0.000000 0.000000 1.000000
0.966900 -0.254855 0.012393 0.867450 0.255145 0.965254 -0.056450 0.171570 0.002424 0.057743 0.998329 -0.000000 0.000000 0.000000 0.000000 1.000000
0.968853 -0.240936 0.057223 0.867456 0.242581 0.969842 -0.023684 0.171573 -0.049791 0.036827 0.998080 0.000000 0.000000 0.000000 0.000000 1.000000
0.967497 -0.226884 0.111685 0.867450 0.226768 0.973849 0.013911 0.171570 -0.111921 0.011868 0.993646 -0.000000 0.000000 0.000000 0.000000 1.000000
0.963260 -0.217286 0.157854 0.867450 0.212954 0.976068 0.044064 0.171571 -0.163651 -0.008830 0.986479 -0.000000 0.000000 0.000000 0.000000 1.000000
0.960640 -0.213851 0.177309 0.867457 0.207031 0.976711 0.056331 0.171572 -0.185226 -0.017405 0.982542 0.000000 0.000000 0.000000 0.000000 1.000000
0.961640 -0.213787 0.171882 0.867459 0.207785 0.976770 0.052399 0.171573 -0.179091 -0.014674 0.983723 0.000001 0.000000 0.000000 0.000000 1.000000
0.964112 -0.213879 0.157299 0.867450 0.209876 0.976833 0.041835 0.171570 -0.162603 -0.007321 0.986664 -0.000000 0.000000 0.000000 0.000000 1.000000
0.967162 -0.214613 0.136158 0.867455 0.213002 0.976693 0.026472 0.171571 -0.138666 0.003399 0.990333 0.000000 0.000000 0.000000 0.000000 1.000000
0.969958 -0.216438 0.111065 0.867453 0.216891 0.976162 0.008136 0.171573 -0.110178 0.016198 0.993780 0.000000 0.000000 0.000000 0.000000 1.000000
0.971903 -0.219616 0.084697 0.867455 0.221331 0.975133 -0.011308 0.171568 -0.080107 0.029736 0.996343 -0.000000 0.000000 0.000000 0.000000 1.000000
0.972743 -0.224056 0.059742 0.867450 0.226102 0.973643 -0.029941 0.171570 -0.051459 0.042632 0.997765 -0.000000 0.000000 0.000000 0.000000 1.000000
0.972540 -0.229470 0.038862 0.867450 0.231136 0.971844 -0.045783 0.171570 -0.027262 0.053509 0.998195 -0.000000 0.000000 0.000000 0.000000 1.000000
0.971605 -0.235323 0.024643 0.867458 0.236375 0.970001 -0.056796 0.171572 -0.010538 0.061009 0.998082 -0.000000 0.000000 0.000000 0.000000 1.000000
0.970319 -0.241035 0.019589 0.867452 0.241792 0.968417 -0.060873 0.171571 -0.004297 0.063803 0.997953 -0.000000 0.000000 0.000000 0.000000 1.000000
0.968387 -0.248778 0.018352 0.867453 0.249407 0.967005 -0.051931 0.171572 -0.004828 0.054866 0.998482 0.000000 0.000000 0.000000 0.000000 1.000000
0.965600 -0.259632 0.014389 0.867453 0.259958 0.965160 -0.029791 0.171574 -0.006153 0.032507 0.999453 0.000000 0.000000 0.000000 0.000000 1.000000
0.962405 -0.271487 0.008505 0.867451 0.271506 0.962436 -0.001151 0.171571 -0.007873 0.003417 0.999963 -0.000000 0.000000 0.000000 0.000000 1.000000
0.959334 -0.282266 0.001958 0.867460 0.282109 0.958993 0.027338 0.171572 -0.009594 -0.025674 0.999624 0.000000 0.000000 0.000000 0.000000 1.000000
0.957009 -0.290036 -0.003488 0.867458 0.289852 0.955809 0.049140 0.171571 -0.010918 -0.048038 0.998786 0.000000 0.000000 0.000000 0.000000 1.000000
0.956091 -0.293014 -0.005760 0.867450 0.292846 0.954409 0.057830 0.171570 -0.011448 -0.056978 0.998310 -0.000000 0.000000 0.000000 0.000000 1.000000</float_array><technique_common><accessor source="#jnt_neck-Matrix-animation-output-transform-array" count="21" stride="16"><param type="float4x4"/></accessor></technique_common></source><source id="jnt_neck-Interpolations"><Name_array id="jnt_neck-Interpolations-array" count="21">
 LINEAR LINEAR LINEAR LINEAR LINEAR LINEAR LINEAR LINEAR LINEAR LINEAR LINEAR
LINEAR LINEAR LINEAR LINEAR LINEAR LINEAR LINEAR LINEAR LINEAR LINEAR</Name_array><technique_common><accessor source="#jnt_neck-Interpolations-array" count="21"><param type="name"/></accessor></technique_common></source><sampler id="jnt_neck-Matrix-animation-transform"><input semantic="INPUT" source="#jnt_neck-Matrix-animation-input"/><input semantic="OUTPUT" source="#jnt_neck-Matrix-animation-output-transform"/><input semantic="INTERPOLATION" source="#jnt_neck-Interpolations"/></sampler><channel source="#jnt_neck-Matrix-animation-transform" target="jnt_neck/matrix"/></animation></animation>
    <animation id="jnt_head-anim" name="jnt_head"><animation><source id="jnt_head-Matrix-animation-input"><float_array id="jnt_head-Matrix-animation-input-array" count="21">

0.000000 0.033333 0.066667 0.100000 0.133333 0.166667 0.200000 0.233333 0.266667 0.300000 0.333333 0.366667 0.400000 0.433333 0.466667 0.500000
0.533333 0.566667 0.600000 0.633333 0.666667</float_array><technique_common><accessor source="#jnt_head-Matrix-animation-input-array" count="21"><param name="TIME" type="float"/></accessor></technique_common></source><source id="jnt_head-Matrix-animation-output-transform"><float_array id="jnt_head-Matrix-animation-output-transform-array" count="336">

0.976804 0.210962 -0.036729 0.273592 -0.212907 0.975152 -0.061225 0.000001 0.022900 0.067625 0.997448 -0.000000 0.000000 0.000000 0.000000 1.000000
0.968667 0.245267 -0.039105 0.273591 -0.246711 0.968354 -0.037736 -0.000000 0.028612 0.046202 0.998522 -0.000000 0.000000 0.000000 0.000000 1.000000
0.944440 0.326443 -0.038309 0.273591 -0.325959 0.945204 0.018437 0.000000 0.042228 -0.004925 0.999096 -0.000000 0.000000 0.000000 0.000000 1.000000
0.906856 0.420673 -0.025425 0.273593 -0.417365 0.904820 0.084303 0.000001 0.058469 -0.065839 0.996116 -0.000000 0.000000 0.000000 0.000000 1.000000
0.868386 0.495866 -0.004811 0.273591 -0.490625 0.860536 0.136983 0.000000 0.072065 -0.116594 0.990562 -0.000000 0.000000 0.000000 0.000000 1.000000
0.850433 0.526044 0.006417 0.273592 -0.520304 0.839226 0.158063 0.000000 0.077763 -0.137761 0.987408 -0.000000 0.000000 0.000000 0.000000 1.000000
0.850748 0.525538 0.006047 0.273591 -0.520309 0.840547 0.150864 0.000000 0.074202 -0.131493 0.988536 0.000000 0.000000 0.000000 0.000000 1.000000
0.851767 0.523897 0.005037 0.273591 -0.519917 0.844031 0.131524 0.000000 0.064654 -0.114647 0.991300 -0.000000 0.000000 0.000000 0.000000 1.000000
0.853568 0.520969 0.003604 0.273592 -0.518497 0.848802 0.103420 0.000001 0.050820 -0.090145 0.994631 0.000000 0.000000 0.000000 0.000000 1.000000
0.856244 0.516568 0.002034 0.273591 -0.515425 0.854073 0.069969 0.000001 0.034407 -0.060959 0.997547 -0.000000 0.000000 0.000000 0.000000 1.000000
0.859938 0.510398 0.000656 0.273591 -0.510111 0.859410 0.034662 0.000001 0.017127 -0.030142 0.999399 -0.000000 0.000000 0.000000 0.000000 1.000000
0.864862 0.502010 -0.000204 0.273592 -0.502009 0.864862 0.001043 0.000001 0.000700 -0.000799 0.999999 -0.000000 0.000000 0.000000 0.000000 1.000000
0.871278 0.490789 -0.000293 0.273591 -0.490613 0.870949 -0.027327 -0.000000 -0.013157 0.023953 0.999626 0.000000 0.000000 0.000000 0.000000 1.000000
0.879464 0.475966 0.000456 0.273593 -0.475423 0.878506 -0.046907 -0.000000 -0.022727 0.041036 0.998899 -0.000000 0.000000 0.000000 0.000000 1.000000
0.889638 0.456664 0.001749 0.273591 -0.455909 0.888375 -0.054182 0.000001 -0.026297 0.047405 0.998530 0.000000 0.000000 0.000000 0.000000 1.000000
0.906689 0.421762 0.005654 0.273591 -0.421078 0.905839 -0.046358 0.000001 -0.024673 0.039652 0.998909 0.000000 0.000000 0.000000 0.000000 1.000000
0.930059 0.367222 0.011739 0.273591 -0.366831 0.929913 -0.026410 0.000000 -0.020614 0.020257 0.999582 0.000000 0.000000 0.000000 0.000000 1.000000
0.952680 0.303548 0.016123 0.273591 -0.303589 0.952803 0.000081 0.000001 -0.015337 -0.004972 0.999870 0.000000 0.000000 0.000000 0.000000 1.000000
0.969990 0.242541 0.017091 0.273592 -0.242935 0.969671 0.026855 0.000000 -0.010060 -0.030202 0.999493 0.000000 0.000000 0.000000 0.000000 1.000000
0.980325 0.196766 0.015660 0.273591 -0.197298 0.979195 0.047442 0.000001 -0.006000 -0.049598 0.998751 -0.000000 0.000000 0.000000 0.000000 1.000000
0.983782 0.178777 0.014582 0.273591 -0.179317 0.982217 0.055639 0.000001 -0.004376 -0.057352 0.998344 0.000000 0.000000 0.000000 0.000000 1.000000</float_array><technique_common><accessor source="#jnt_head-Matrix-animation-output-transform-array" count="21" stride="16"><param type="float4x4"/></accessor></technique_common></source><source id="jnt_head-Interpolations"><Name_array id="jnt_head-Interpolations-array" count="21">
 LINEAR LINEAR LINEAR LINEAR LINEAR LINEAR LINEAR LINEAR LINEAR LINEAR LINEAR
LINEAR LINEAR LINEAR LINEAR LINEAR LINEAR LINEAR LINEAR LINEAR LINEAR</Name_array><technique_common><accessor source="#jnt_head-Interpolations-array" count="21"><param type="name"/></accessor></technique_common></source><sampler id="jnt_head-Matrix-animation-transform"><input semantic="INPUT" source="#jnt_head-Matrix-animation-input"/><input semantic="OUTPUT" source="#jnt_head-Matrix-animation-output-transform"/><input semantic="INTERPOLATION" source="#jnt_head-Interpolations"/></sampler><channel source="#jnt_head-Matrix-animation-transform" target="jnt_head/matrix"/></animation></animation>
    <animation id="jnt_left_shoulder-anim" name="jnt_left_shoulder"><animation><source id="jnt_left_shoulder-Matrix-animation-input"><float_array id="jnt_left_shoulder-Matrix-animation-input-array" count="21">

0.000000 0.033333 0.066667 0.100000 0.133333 0.166667 0.200000 0.233333 0.266667 0.300000 0.333333 0.366667 0.400000 0.433333 0.466667 0.500000
0.533333 0.566667 0.600000 0.633333 0.666667</float_array><technique_common><accessor source="#jnt_left_shoulder-Matrix-animation-input-array" count="21"><param name="TIME" type="float"/></accessor></technique_common></source><source id="jnt_left_shoulder-Matrix-animation-output-transform"><float_array id="jnt_left_shoulder-Matrix-animation-output-transform-array" count="336">

-0.369434 0.115937 -0.921996 0.635987 0.260333 -0.939543 -0.222456 0.114391 -0.892046 -0.322208 0.316916 0.266187 0.000000 0.000000 0.000000 1.000000
-0.366876 0.116317 -0.922969 0.635987 0.260238 -0.939707 -0.221870 0.114391 -0.893128 -0.321591 0.314486 0.266187 0.000000 0.000000 0.000000 1.000000
-0.359583 0.117378 -0.925701 0.635987 0.259959 -0.940179 -0.220194 0.114391 -0.896170 -0.319823 0.307559 0.266187 0.000000 0.000000 0.000000 1.000000
-0.348109 0.118986 -0.929872 0.635987 0.259493 -0.940924 -0.217544 0.114392 -0.900824 -0.317024 0.296668 0.266187 0.000000 0.000000 0.000000 1.000000
-0.332997 0.120988 -0.935133 0.635987 0.258825 -0.941913 -0.214032 0.114391 -0.906710 -0.313308 0.282340 0.266187 0.000000 0.000000 0.000000 1.000000
-0.314795 0.123227 -0.941127 0.635987 0.257941 -0.943115 -0.209765 0.114392 -0.913439 -0.308788 0.265102 0.266187 0.000000 0.000000 0.000000 1.000000
-0.293724 0.125588 -0.947604 0.635987 0.256809 -0.944518 -0.204780 0.114392 -0.920747 -0.303502 0.245175 0.266187 0.000000 0.000000 0.000000 1.000000
-0.270064 0.127946 -0.954303 0.635987 0.255398 -0.946108 -0.199124 0.114391 -0.928352 -0.297504 0.222833 0.266187 0.000000 0.000000 0.000000 1.000000
-0.244471 0.130154 -0.960882 0.635987 0.253706 -0.947844 -0.192937 0.114391 -0.935878 -0.290949 0.198699 0.266187 0.000000 0.000000 0.000000 1.000000
-0.217624 0.132093 -0.967053 0.635987 0.251744 -0.949679 -0.186372 0.114392 -0.943008 -0.284009 0.173420 0.266187 0.000000 0.000000 0.000000 1.000000
-0.190227 0.133677 -0.972597 0.635988 0.249543 -0.951564 -0.179594 0.114392 -0.949496 -0.276869 0.147655 0.266187 0.000000 0.000000 0.000000 1.000000
-0.163001 0.134861 -0.977366 0.635987 0.247156 -0.953447 -0.172780 0.114391 -0.955167 -0.269725 0.122081 0.266187 0.000000 0.000000 0.000000 1.000000
-0.136681 0.135638 -0.981285 0.635987 0.244655 -0.955274 -0.166120 0.114392 -0.959928 -0.262782 0.097383 0.266187 0.000000 0.000000 0.000000 1.000000
-0.112009 0.136041 -0.984351 0.635987 0.242137 -0.956990 -0.159812 0.114392 -0.963755 -0.256248 0.074250 0.266187 0.000000 0.000000 0.000000 1.000000
-0.089727 0.136135 -0.986619 0.635987 0.239716 -0.958541 -0.154062 0.114392 -0.966688 -0.250332 0.053373 0.266187 0.000000 0.000000 0.000000 1.000000
-0.069065 0.135994 -0.988299 0.635987 0.237345 -0.959979 -0.148684 0.114391 -0.968967 -0.244837 0.034024 0.266187 0.000000 0.000000 0.000000 1.000000
-0.049543 0.135659 -0.989516 0.635987 0.234992 -0.961337 -0.143562 0.114392 -0.970734 -0.239641 0.015748 0.266187 0.000000 0.000000 0.000000 1.000000
-0.032331 0.135202 -0.990290 0.635987 0.232825 -0.962532 -0.139013 0.114391 -0.971981 -0.235059 -0.000359 0.266187 0.000000 0.000000 0.000000 1.000000
-0.018597 0.134727 -0.990708 0.635987 0.231033 -0.963484 -0.135362 0.114392 -0.972768 -0.231404 -0.013208 0.266187 0.000000 0.000000 0.000000 1.000000
-0.009507 0.134359 -0.990887 0.635987 0.229816 -0.964113 -0.132934 0.114391 -0.973188 -0.228985 -0.021712 0.266187 0.000000 0.000000 0.000000 1.000000
-0.006219 0.134216 -0.990933 0.635987 0.229369 -0.964340 -0.132054 0.114392 -0.973320 -0.228111 -0.024788 0.266187 0.000000 0.000000 0.000000 1.000000</float_array><technique_common><accessor source="#jnt_left_shoulder-Matrix-animation-output-transform-array" count="21" stride="16"><param type="float4x4"/></accessor></technique_common></source><source id="jnt_left_shoulder-Interpolations"><Name_array id="jnt_left_shoulder-Interpolations-array" count="21">
 LINEAR LINEAR LINEAR LINEAR LINEAR LINEAR LINEAR LINEAR LINEAR LINEAR LINEAR
LINEAR LINEAR LINEAR LINEAR LINEAR LINEAR LINEAR LINEAR LINEAR LINEAR</Name_array><technique_common><accessor source="#jnt_left_shoulder-Interpolations-array" count="21"><param type="name"/></accessor></technique_common></source><sampler id="jnt_left_shoulder-Matrix-animation-transform"><input semantic="INPUT" source="#jnt_left_shoulder-Matrix-animation-input"/><input semantic="OUTPUT" source="#jnt_left_shoulder-Matrix-animation-output-transform"/><input semantic="INTERPOLATION" source="#jnt_left_shoulder-Interpolations"/></sampler><channel source="#jnt_left_shoulder-Matrix-animation-transform" target="jnt_left_shoulder/matrix"/></animation></animation>
    <animation id="jnt_left_arm-anim" name="jnt_left_arm"><animation><source id="jnt_left_arm-Matrix-animation-input"><float_array id="jnt_left_arm-Matrix-animation-input-array" count="21">

0.000000 0.033333 0.066667 0.100000 0.133333 0.166667 0.200000 0.233333 0.266667 0.300000 0.333333 0.366667 0.400000 0.433333 0.466667 0.500000
0.533333 0.566667 0.600000 0.633333 0.666667</float_array><technique_common><accessor source="#jnt_left_arm-Matrix-animation-input-array" count="21"><param name="TIME" type="float"/></accessor></technique_common></source><source id="jnt_left_arm-Matrix-animation-output-transform"><float_array id="jnt_left_arm-Matrix-animation-output-transform-array" count="336">

0.333473 -0.742555 0.580868 -0.525417 0.942662 0.253792 -0.216742 -0.032448 0.013524 0.619841 0.784611 0.009492 0.000000 0.000000 0.000000 1.000000
0.310198 -0.754789 0.577989 -0.525417 0.950667 0.244343 -0.191124 -0.032448 0.003031 0.608761 0.793348 0.009492 0.000000 0.000000 0.000000 1.000000
0.253643 -0.786253 0.563446 -0.525417 0.967003 0.220482 -0.127640 -0.032447 -0.023872 0.577229 0.816233 0.009491 0.000000 0.000000 0.000000 1.000000
0.183972 -0.828556 0.528818 -0.525417 0.981108 0.187550 -0.047467 -0.032448 -0.059851 0.527560 0.847407 0.009492 0.000000 0.000000 0.000000 1.000000
