<?xml version="1.0" encoding="utf-8"?>
<COLLADA xmlns="http://www.collada.org/2005/11/COLLADASchema" version="1.4.1">
  <asset><contributor><author></author><authoring_tool>FBX COLLADA exporter</authoring_tool><comments></comments></contributor><created>2020-04-13T22:46:48Z</created><keywords></keywords><modified>2020-04-13T22:46:48Z</modified><revision></revision><subject></subject><title></title><unit meter="0.010000" name="centimeter"></unit><up_axis>Y_UP</up_axis></asset>
  <library_animations>
    <animation id="root_jnt-anim" name="root_jnt"><animation><source id="root_jnt-Matrix-animation-input"><float_array id="root_jnt-Matrix-animation-input-array" count="76">

0.000000 0.033333 0.066667 0.100000 0.133333 0.166667 0.200000 0.233333 0.266667 0.300000 0.333333 0.366667 0.400000 0.433333 0.466667 0.500000
0.533333 0.566667 0.600000 0.633333 0.666667 0.700000 0.733333 0.766667 0.800000 0.833333 0.866667 0.900000 0.933333 0.966667 1.000000 1.033333
1.066667 1.100000 1.133333 1.166667 1.200000 1.233333 1.266667 1.300000 1.333333 1.366667 1.400000 1.433333 1.466667 1.500000 1.533333 1.566667
1.600000 1.633333 1.666667 1.700000 1.733333 1.766667 1.800000 1.833333 1.866667 1.900000 1.933333 1.966667 2.000000 2.033333 2.066667 2.100000
2.133333 2.166667 2.200000 2.233333 2.266667 2.300000 2.333333 2.366667 2.400000 2.433333 2.466667 2.500000</float_array><technique_common><accessor source="#root_jnt-Matrix-animation-input-array" count="76"><param name="TIME" type="float"/></accessor></technique_common></source><source id="root_jnt-Matrix-animation-output-transform"><float_array id="root_jnt-Matrix-animation-output-transform-array" count="1216">

1.000000 0.000000 0.000000 0.000000 0.000000 1.000000 0.000000 0.000000 0.000000 0.000000 1.000000 0.000000 0.000000 0.000000 0.000000 1.000000
1.000000 0.000000 0.000000 0.000000 0.000000 1.000000 0.000000 0.000000 0.000000 0.000000 1.000000 0.000000 0.000000 0.000000 0.000000 1.000000
1.000000 0.000000 0.000000 0.000000 0.000000 1.000000 0.000000 0.000000 0.000000 0.000000 1.000000 0.000000 0.000000 0.000000 0.000000 1.000000
1.000000 0.000000 0.000000 0.000000 0.000000 1.000000 0.000000 0.000000 0.000000 0.000000 1.000000 0.000000 0.000000 0.000000 0.000000 1.000000
1.000000 0.000000 0.000000 0.000000 0.000000 1.000000 0.000000 0.000000 0.000000 0.000000 1.000000 0.000000 0.000000 0.000000 0.000000 1.000000
1.000000 0.000000 0.000000 0.000000 0.000000 1.000000 0.000000 0.000000 0.000000 0.000000 1.000000 0.000000 0.000000 0.000000 0.000000 1.000000
1.000000 0.000000 0.000000 0.000000 0.000000 1.000000 0.000000 0.000000 0.000000 0.000000 1.000000 0.000000 0.000000 0.000000 0.000000 1.000000
1.000000 0.000000 0.000000 0.000000 0.000000 1.000000 0.000000 0.000000 0.000000 0.000000 1.000000 0.000000 0.000000 0.000000 0.000000 1.000000
1.000000 0.000000 0.000000 0.000000 0.000000 1.000000 0.000000 0.000000 0.000000 0.000000 1.000000 0.000000 0.000000 0.000000 0.000000 1.000000
1.000000 0.000000 0.000000 0.000000 0.000000 1.000000 0.000000 0.000000 0.000000 0.000000 1.000000 0.000000 0.000000 0.000000 0.000000 1.000000
1.000000 0.000000 0.000000 0.000000 0.000000 1.000000 0.000000 0.000000 0.000000 0.000000 1.000000 0.000000 0.000000 0.000000 0.000000 1.000000
1.000000 0.000000 0.000000 0.000000 0.000000 1.000000 0.000000 0.000000 0.000000 0.000000 1.000000 0.000000 0.000000 0.000000 0.000000 1.000000
1.000000 0.000000 0.000000 0.000000 0.000000 1.000000 0.000000 0.000000 0.000000 0.000000 1.000000 0.000000 0.000000 0.000000 0.000000 1.000000
1.000000 0.000000 0.000000 0.000000 0.000000 1.000000 0.000000 0.000000 0.000000 0.000000 1.000000 0.000000 0.000000 0.000000 0.000000 1.000000
1.000000 0.000000 0.000000 0.000000 0.000000 1.000000 0.000000 0.000000 0.000000 0.000000 1.000000 0.000000 0.000000 0.000000 0.000000 1.000000
1.000000 0.000000 0.000000 0.000000 0.000000 1.000000 0.000000 0.000000 0.000000 0.000000 1.000000 0.000000 0.000000 0.000000 0.000000 1.000000
1.000000 0.000000 0.000000 0.000000 0.000000 1.000000 0.000000 0.000000 0.000000 0.000000 1.000000 0.000000 0.000000 0.000000 0.000000 1.000000
1.000000 0.000000 0.000000 0.000000 0.000000 1.000000 0.000000 0.000000 0.000000 0.000000 1.000000 0.000000 0.000000 0.000000 0.000000 1.000000
1.000000 0.000000 0.000000 0.000000 0.000000 1.000000 0.000000 0.000000 0.000000 0.000000 1.000000 0.000000 0.000000 0.000000 0.000000 1.000000
1.000000 0.000000 0.000000 0.000000 0.000000 1.000000 0.000000 0.000000 0.000000 0.000000 1.000000 0.000000 0.000000 0.000000 0.000000 1.000000
1.000000 0.000000 0.000000 0.000000 0.000000 1.000000 0.000000 0.000000 0.000000 0.000000 1.000000 0.000000 0.000000 0.000000 0.000000 1.000000
1.000000 0.000000 0.000000 0.000000 0.000000 1.000000 0.000000 0.000000 0.000000 0.000000 1.000000 0.000000 0.000000 0.000000 0.000000 1.000000
1.000000 0.000000 0.000000 0.000000 0.000000 1.000000 0.000000 0.000000 0.000000 0.000000 1.000000 0.000000 0.000000 0.000000 0.000000 1.000000
1.000000 0.000000 0.000000 0.000000 0.000000 1.000000 0.000000 0.000000 0.000000 0.000000 1.000000 0.000000 0.000000 0.000000 0.000000 1.000000
1.000000 0.000000 0.000000 0.000000 0.000000 1.000000 0.000000 0.000000 0.000000 0.000000 1.000000 0.000000 0.000000 0.000000 0.000000 1.000000
1.000000 0.000000 0.000000 0.000000 0.000000 1.000000 0.000000 0.000000 0.000000 0.000000 1.000000 0.000000 0.000000 0.000000 0.000000 1.000000
1.000000 0.000000 0.000000 0.000000 0.000000 1.000000 0.000000 0.000000 0.000000 0.000000 1.000000 0.000000 0.000000 0.000000 0.000000 1.000000
1.000000 0.000000 0.000000 0.000000 0.000000 1.000000 0.000000 0.000000 0.000000 0.000000 1.000000 0.000000 0.000000 0.000000 0.000000 1.000000
1.000000 0.000000 0.000000 0.000000 0.000000 1.000000 0.000000 0.000000 0.000000 0.000000 1.000000 0.000000 0.000000 0.000000 0.000000 1.000000
1.000000 0.000000 0.000000 0.000000 0.000000 1.000000 0.000000 0.000000 0.000000 0.000000 1.000000 0.000000 0.000000 0.000000 0.000000 1.000000
1.000000 0.000000 0.000000 0.000000 0.000000 1.000000 0.000000 0.000000 0.000000 0.000000 1.000000 0.000000 0.000000 0.000000 0.000000 1.000000
1.000000 0.000000 0.000000 0.000000 0.000000 1.000000 0.000000 0.000000 0.000000 0.000000 1.000000 0.000000 0.000000 0.000000 0.000000 1.000000
1.000000 0.000000 0.000000 0.000000 0.000000 1.000000 0.000000 0.000000 0.000000 0.000000 1.000000 0.000000 0.000000 0.000000 0.000000 1.000000
1.000000 0.000000 0.000000 0.000000 0.000000 1.000000 0.000000 0.000000 0.000000 0.000000 1.000000 0.000000 0.000000 0.000000 0.000000 1.000000
1.000000 0.000000 0.000000 0.000000 0.000000 1.000000 0.000000 0.000000 0.000000 0.000000 1.000000 0.000000 0.000000 0.000000 0.000000 1.000000
1.000000 0.000000 0.000000 0.000000 0.000000 1.000000 0.000000 0.000000 0.000000 0.000000 1.000000 0.000000 0.000000 0.000000 0.000000 1.000000
1.000000 0.000000 0.000000 0.000000 0.000000 1.000000 0.000000 0.000000 0.000000 0.000000 1.000000 0.000000 0.000000 0.000000 0.000000 1.000000
1.000000 0.000000 0.000000 0.000000 0.000000 1.000000 0.000000 0.000000 0.000000 0.000000 1.000000 0.000000 0.000000 0.000000 0.000000 1.000000
1.000000 0.000000 0.000000 0.000000 0.000000 1.000000 0.000000 0.000000 0.000000 0.000000 1.000000 0.000000 0.000000 0.000000 0.000000 1.000000
1.000000 0.000000 0.000000 0.000000 0.000000 1.000000 0.000000 0.000000 0.000000 0.000000 1.000000 0.000000 0.000000 0.000000 0.000000 1.000000
1.000000 0.000000 0.000000 0.000000 0.000000 1.000000 0.000000 0.000000 0.000000 0.000000 1.000000 0.000000 0.000000 0.000000 0.000000 1.000000
1.000000 0.000000 0.000000 0.000000 0.000000 1.000000 0.000000 0.000000 0.000000 0.000000 1.000000 0.000000 0.000000 0.000000 0.000000 1.000000
1.000000 0.000000 0.000000 0.000000 0.000000 1.000000 0.000000 0.000000 0.000000 0.000000 1.000000 0.000000 0.000000 0.000000 0.000000 1.000000
1.000000 0.000000 0.000000 0.000000 0.000000 1.000000 0.000000 0.000000 0.000000 0.000000 1.000000 0.000000 0.000000 0.000000 0.000000 1.000000
1.000000 0.000000 0.000000 0.000000 0.000000 1.000000 0.000000 0.000000 0.000000 0.000000 1.000000 0.000000 0.000000 0.000000 0.000000 1.000000
1.000000 0.000000 0.000000 0.000000 0.000000 1.000000 0.000000 0.000000 0.000000 0.000000 1.000000 0.000000 0.000000 0.000000 0.000000 1.000000
1.000000 0.000000 0.000000 0.000000 0.000000 1.000000 0.000000 0.000000 0.000000 0.000000 1.000000 0.000000 0.000000 0.000000 0.000000 1.000000
1.000000 0.000000 0.000000 0.000000 0.000000 1.000000 0.000000 0.000000 0.000000 0.000000 1.000000 0.000000 0.000000 0.000000 0.000000 1.000000
1.000000 0.000000 0.000000 0.000000 0.000000 1.000000 0.000000 0.000000 0.000000 0.000000 1.000000 0.000000 0.000000 0.000000 0.000000 1.000000
1.000000 0.000000 0.000000 0.000000 0.000000 1.000000 0.000000 0.000000 0.000000 0.000000 1.000000 0.000000 0.000000 0.000000 0.000000 1.000000
1.000000 0.000000 0.000000 0.000000 0.000000 1.000000 0.000000 0.000000 0.000000 0.000000 1.000000 0.000000 0.000000 0.000000 0.000000 1.000000
1.000000 0.000000 0.000000 0.000000 0.000000 1.000000 0.000000 0.000000 0.000000 0.000000 1.000000 0.000000 0.000000 0.000000 0.000000 1.000000
1.000000 0.000000 0.000000 0.000000 0.000000 1.000000 0.000000 0.000000 0.000000 0.000000 1.000000 0.000000 0.000000 0.000000 0.000000 1.000000
1.000000 0.000000 0.000000 0.000000 0.000000 1.000000 0.000000 0.000000 0.000000 0.000000 1.000000 0.000000 0.000000 0.000000 0.000000 1.000000
1.000000 0.000000 0.000000 0.000000 0.000000 1.000000 0.000000 0.000000 0.000000 0.000000 1.000000 0.000000 0.000000 0.000000 0.000000 1.000000
1.000000 0.000000 0.000000 0.000000 0.000000 1.000000 0.000000 0.000000 0.000000 0.000000 1.000000 0.000000 0.000000 0.000000 0.000000 1.000000
1.000000 0.000000 0.000000 0.000000 0.000000 1.000000 0.000000 0.000000 0.000000 0.000000 1.000000 0.000000 0.000000 0.000000 0.000000 1.000000
1.000000 0.000000 0.000000 0.000000 0.000000 1.000000 0.000000 0.000000 0.000000 0.000000 1.000000 0.000000 0.000000 0.000000 0.000000 1.000000
1.000000 0.000000 0.000000 0.000000 0.000000 1.000000 0.000000 0.000000 0.000000 0.000000 1.000000 0.000000 0.000000 0.000000 0.000000 1.000000
1.000000 0.000000 0.000000 0.000000 0.000000 1.000000 0.000000 0.000000 0.000000 0.000000 1.000000 0.000000 0.000000 0.000000 0.000000 1.000000
1.000000 0.000000 0.000000 0.000000 0.000000 1.000000 0.000000 0.000000 0.000000 0.000000 1.000000 0.000000 0.000000 0.000000 0.000000 1.000000
1.000000 0.000000 0.000000 0.000000 0.000000 1.000000 0.000000 0.000000 0.000000 0.000000 1.000000 0.000000 0.000000 0.000000 0.000000 1.000000
1.000000 0.000000 0.000000 0.000000 0.000000 1.000000 0.000000 0.000000 0.000000 0.000000 1.000000 0.000000 0.000000 0.000000 0.000000 1.000000
1.000000 0.000000 0.000000 0.000000 0.000000 1.000000 0.000000 0.000000 0.000000 0.000000 1.000000 0.000000 0.000000 0.000000 0.000000 1.000000
1.000000 0.000000 0.000000 0.000000 0.000000 1.000000 0.000000 0.000000 0.000000 0.000000 1.000000 0.000000 0.000000 0.000000 0.000000 1.000000
1.000000 0.000000 0.000000 0.000000 0.000000 1.000000 0.000000 0.000000 0.000000 0.000000 1.000000 0.000000 0.000000 0.000000 0.000000 1.000000
1.000000 0.000000 0.000000 0.000000 0.000000 1.000000 0.000000 0.000000 0.000000 0.000000 1.000000 0.000000 0.000000 0.000000 0.000000 1.000000
1.000000 0.000000 0.000000 0.000000 0.000000 1.000000 0.000000 0.000000 0.000000 0.000000 1.000000 0.000000 0.000000 0.000000 0.000000 1.000000
1.000000 0.000000 0.000000 0.000000 0.000000 1.000000 0.000000 0.000000 0.000000 0.000000 1.000000 0.000000 0.000000 0.000000 0.000000 1.000000
1.000000 0.000000 0.000000 0.000000 0.000000 1.000000 0.000000 0.000000 0.000000 0.000000 1.000000 0.000000 0.000000 0.000000 0.000000 1.000000
1.000000 0.000000 0.000000 0.000000 0.000000 1.000000 0.000000 0.000000 0.000000 0.000000 1.000000 0.000000 0.000000 0.000000 0.000000 1.000000
1.000000 0.000000 0.000000 0.000000 0.000000 1.000000 0.000000 0.000000 0.000000 0.000000 1.000000 0.000000 0.000000 0.000000 0.000000 1.000000
1.000000 0.000000 0.000000 0.000000 0.000000 1.000000 0.000000 0.000000 0.000000 0.000000 1.000000 0.000000 0.000000 0.000000 0.000000 1.000000
1.000000 0.000000 0.000000 0.000000 0.000000 1.000000 0.000000 0.000000 0.000000 0.000000 1.000000 0.000000 0.000000 0.000000 0.000000 1.000000
1.000000 0.000000 0.000000 0.000000 0.000000 1.000000 0.000000 0.000000 0.000000 0.000000 1.000000 0.000000 0.000000 0.000000 0.000000 1.000000
1.000000 0.000000 0.000000 0.000000 0.000000 1.000000 0.000000 0.000000 0.000000 0.000000 1.000000 0.000000 0.000000 0.000000 0.000000 1.000000</float_array><technique_common><accessor source="#root_jnt-Matrix-animation-output-transform-array" count="76" stride="16"><param type="float4x4"/></accessor></technique_common></source><source id="root_jnt-Interpolations"><Name_array id="root_jnt-Interpolations-array" count="76">
 LINEAR LINEAR LINEAR LINEAR LINEAR LINEAR LINEAR LINEAR LINEAR LINEAR LINEAR
LINEAR LINEAR LINEAR LINEAR LINEAR LINEAR LINEAR LINEAR LINEAR LINEAR LINEAR LINEAR
LINEAR LINEAR LINEAR LINEAR LINEAR LINEAR LINEAR LINEAR LINEAR LINEAR LINEAR LINEAR
LINEAR LINEAR LINEAR LINEAR LINEAR LINEAR LINEAR LINEAR LINEAR LINEAR LINEAR LINEAR
LINEAR LINEAR LINEAR LINEAR LINEAR LINEAR LINEAR LINEAR LINEAR LINEAR LINEAR LINEAR
LINEAR LINEAR LINEAR LINEAR LINEAR LINEAR LINEAR LINEAR LINEAR LINEAR LINEAR LINEAR
LINEAR LINEAR LINEAR LINEAR LINEAR</Name_array><technique_common><accessor source="#root_jnt-Interpolations-array" count="76"><param type="name"/></accessor></technique_common></source><sampler id="root_jnt-Matrix-animation-transform"><input semantic="INPUT" source="#root_jnt-Matrix-animation-input"/><input semantic="OUTPUT" source="#root_jnt-Matrix-animation-output-transform"/><input semantic="INTERPOLATION" source="#root_jnt-Interpolations"/></sampler><channel source="#root_jnt-Matrix-animation-transform" target="root_jnt/matrix"/></animation></animation>
    <animation id="jnt_hips-anim" name="jnt_hips"><animation><source id="jnt_hips-Matrix-animation-input"><float_array id="jnt_hips-Matrix-animation-input-array" count="76">

0.000000 0.033333 0.066667 0.100000 0.133333 0.166667 0.200000 0.233333 0.266667 0.300000 0.333333 0.366667 0.400000 0.433333 0.466667 0.500000
0.533333 0.566667 0.600000 0.633333 0.666667 0.700000 0.733333 0.766667 0.800000 0.833333 0.866667 0.900000 0.933333 0.966667 1.000000 1.033333
1.066667 1.100000 1.133333 1.166667 1.200000 1.233333 1.266667 1.300000 1.333333 1.366667 1.400000 1.433333 1.466667 1.500000 1.533333 1.566667
1.600000 1.633333 1.666667 1.700000 1.733333 1.766667 1.800000 1.833333 1.866667 1.900000 1.933333 1.966667 2.000000 2.033333 2.066667 2.100000
2.133333 2.166667 2.200000 2.233333 2.266667 2.300000 2.333333 2.366667 2.400000 2.433333 2.466667 2.500000</float_array><technique_common><accessor source="#jnt_hips-Matrix-animation-input-array" count="76"><param name="TIME" type="float"/></accessor></technique_common></source><source id="jnt_hips-Matrix-animation-output-transform"><float_array id="jnt_hips-Matrix-animation-output-transform-array" count="1216">

0.961461 -0.010974 -0.274722 0.005651 -0.002572 0.998800 -0.048898 1.940699 0.274929 0.047720 0.960280 -0.246250 0.000000 0.000000 0.000000 1.000000
0.961461 -0.010974 -0.274721 0.005651 -0.002572 0.998800 -0.048898 1.940699 0.274928 0.047720 0.960280 -0.246250 0.000000 0.000000 0.000000 1.000000
0.961461 -0.010974 -0.274721 0.005651 -0.002572 0.998800 -0.048898 1.940698 0.274928 0.047720 0.960280 -0.246250 0.000000 0.000000 0.000000 1.000000
0.961461 -0.010974 -0.274721 0.005651 -0.002572 0.998800 -0.048898 1.940699 0.274928 0.047720 0.960280 -0.246250 0.000000 0.000000 0.000000 1.000000
0.961462 -0.010974 -0.274720 0.005651 -0.002572 0.998800 -0.048898 1.940699 0.274928 0.047720 0.960280 -0.246250 0.000000 0.000000 0.000000 1.000000
0.961462 -0.010974 -0.274720 0.005651 -0.002572 0.998800 -0.048898 1.940700 0.274927 0.047720 0.960280 -0.246250 0.000000 0.000000 0.000000 1.000000
0.961462 -0.010974 -0.274720 0.005652 -0.002572 0.998800 -0.048898 1.940700 0.274927 0.047720 0.960280 -0.246250 0.000000 0.000000 0.000000 1.000000
0.961462 -0.010974 -0.274719 0.005652 -0.002572 0.998800 -0.048898 1.940700 0.274927 0.047720 0.960280 -0.246251 0.000000 0.000000 0.000000 1.000000
0.961462 -0.010974 -0.274719 0.005652 -0.002571 0.998800 -0.048897 1.940700 0.274926 0.047719 0.960281 -0.246251 0.000000 0.000000 0.000000 1.000000
0.961462 -0.010974 -0.274718 0.005653 -0.002571 0.998800 -0.048898 1.940700 0.274925 0.047720 0.960281 -0.246251 0.000000 0.000000 0.000000 1.000000
0.961462 -0.010974 -0.274719 0.005653 -0.002571 0.998800 -0.048897 1.940700 0.274926 0.047719 0.960281 -0.246251 0.000000 0.000000 0.000000 1.000000
0.961462 -0.010974 -0.274718 0.005653 -0.002571 0.998800 -0.048898 1.940700 0.274926 0.047720 0.960281 -0.246251 0.000000 0.000000 0.000000 1.000000
0.961462 -0.010974 -0.274718 0.005653 -0.002571 0.998800 -0.048898 1.940699 0.274925 0.047720 0.960281 -0.246251 0.000000 0.000000 0.000000 1.000000
0.961462 -0.010974 -0.274719 0.005652 -0.002571 0.998800 -0.048898 1.940699 0.274926 0.047720 0.960281 -0.246251 0.000000 0.000000 0.000000 1.000000
0.961462 -0.010974 -0.274719 0.005652 -0.002572 0.998800 -0.048898 1.940697 0.274926 0.047720 0.960280 -0.246251 0.000000 0.000000 0.000000 1.000000
0.961462 -0.010974 -0.274719 0.005652 -0.002572 0.998800 -0.048898 1.940697 0.274926 0.047720 0.960280 -0.246251 0.000000 0.000000 0.000000 1.000000
0.961462 -0.010974 -0.274719 0.005652 -0.002572 0.998800 -0.048898 1.940697 0.274926 0.047720 0.960280 -0.246251 0.000000 0.000000 0.000000 1.000000
0.961462 -0.010974 -0.274719 0.005652 -0.002572 0.998800 -0.048898 1.940697 0.274926 0.047720 0.960280 -0.246251 0.000000 0.000000 0.000000 1.000000
0.961462 -0.010974 -0.274719 0.005652 -0.002572 0.998800 -0.048898 1.940698 0.274926 0.047720 0.960280 -0.246251 0.000000 0.000000 0.000000 1.000000
0.961462 -0.010974 -0.274719 0.005652 -0.002572 0.998800 -0.048898 1.940698 0.274926 0.047720 0.960280 -0.246251 0.000000 0.000000 0.000000 1.000000
0.961462 -0.010974 -0.274719 0.005652 -0.002572 0.998800 -0.048898 1.940698 0.274926 0.047720 0.960281 -0.246251 0.000000 0.000000 0.000000 1.000000
0.961462 -0.010974 -0.274719 0.005652 -0.002572 0.998800 -0.048898 1.940697 0.274926 0.047720 0.960280 -0.246251 0.000000 0.000000 0.000000 1.000000
0.961462 -0.010974 -0.274719 0.005652 -0.002572 0.998800 -0.048898 1.940697 0.274926 0.047720 0.960280 -0.246251 0.000000 0.000000 0.000000 1.000000
0.961462 -0.010974 -0.274719 0.005652 -0.002572 0.998800 -0.048898 1.940697 0.274926 0.047720 0.960280 -0.246251 0.000000 0.000000 0.000000 1.000000
0.961462 -0.010974 -0.274718 0.005652 -0.002571 0.998800 -0.048898 1.940697 0.274925 0.047720 0.960281 -0.246251 0.000000 0.000000 0.000000 1.000000
0.961462 -0.010974 -0.274719 0.005652 -0.002571 0.998800 -0.048898 1.940697 0.274926 0.047720 0.960281 -0.246251 0.000000 0.000000 0.000000 1.000000
0.961462 -0.010974 -0.274719 0.005652 -0.002572 0.998800 -0.048898 1.940697 0.274926 0.047720 0.960280 -0.246251 0.000000 0.000000 0.000000 1.000000
0.961462 -0.010974 -0.274719 0.005651 -0.002572 0.998800 -0.048898 1.940699 0.274926 0.047720 0.960280 -0.246251 0.000000 0.000000 0.000000 1.000000
0.961462 -0.010974 -0.274719 0.005651 -0.002572 0.998800 -0.048898 1.940697 0.274926 0.047720 0.960280 -0.246251 0.000000 0.000000 0.000000 1.000000
0.961462 -0.010974 -0.274720 0.005651 -0.002572 0.998800 -0.048898 1.940697 0.274927 0.047720 0.960280 -0.246251 0.000000 0.000000 0.000000 1.000000
0.961462 -0.010974 -0.274719 0.005651 -0.002572 0.998800 -0.048898 1.940697 0.274926 0.047720 0.960280 -0.246250 0.000000 0.000000 0.000000 1.000000
0.961462 -0.010974 -0.274719 0.005651 -0.002572 0.998800 -0.048898 1.940697 0.274926 0.047720 0.960280 -0.246251 0.000000 0.000000 0.000000 1.000000
0.961462 -0.010974 -0.274719 0.005651 -0.002572 0.998800 -0.048898 1.940697 0.274926 0.047720 0.960280 -0.246251 0.000000 0.000000 0.000000 1.000000
0.961462 -0.010974 -0.274719 0.005652 -0.002571 0.998800 -0.048898 1.940698 0.274926 0.047720 0.960281 -0.246251 0.000000 0.000000 0.000000 1.000000
0.961462 -0.010974 -0.274719 0.005652 -0.002571 0.998800 -0.048898 1.940698 0.274926 0.047720 0.960281 -0.246251 0.000000 0.000000 0.000000 1.000000
0.961462 -0.010974 -0.274719 0.005653 -0.002572 0.998800 -0.048898 1.940699 0.274926 0.047720 0.960280 -0.246250 0.000000 0.000000 0.000000 1.000000
0.961462 -0.010974 -0.274719 0.005653 -0.002571 0.998800 -0.048898 1.940699 0.274926 0.047720 0.960281 -0.246251 0.000000 0.000000 0.000000 1.000000
0.961462 -0.010974 -0.274718 0.005653 -0.002571 0.998800 -0.048897 1.940700 0.274926 0.047719 0.960281 -0.246251 0.000000 0.000000 0.000000 1.000000
0.961462 -0.010974 -0.274718 0.005653 -0.002571 0.998800 -0.048898 1.940699 0.274925 0.047720 0.960281 -0.246251 0.000000 0.000000 0.000000 1.000000
0.961462 -0.010974 -0.274718 0.005653 -0.002571 0.998800 -0.048898 1.940698 0.274925 0.047720 0.960281 -0.246251 0.000000 0.000000 0.000000 1.000000
0.961462 -0.010974 -0.274719 0.005653 -0.002571 0.998800 -0.048898 1.940698 0.274926 0.047720 0.960281 -0.246251 0.000000 0.000000 0.000000 1.000000
0.961462 -0.010974 -0.274718 0.005653 -0.002571 0.998800 -0.048898 1.940698 0.274925 0.047720 0.960281 -0.246251 0.000000 0.000000 0.000000 1.000000
0.961462 -0.010974 -0.274718 0.005653 -0.002571 0.998800 -0.048898 1.940697 0.274925 0.047720 0.960281 -0.246250 0.000000 0.000000 0.000000 1.000000
0.961462 -0.010974 -0.274718 0.005653 -0.002571 0.998800 -0.048898 1.940697 0.274925 0.047720 0.960281 -0.246250 0.000000 0.000000 0.000000 1.000000
0.961462 -0.010974 -0.274718 0.005653 -0.002571 0.998800 -0.048898 1.940697 0.274925 0.047720 0.960281 -0.246250 0.000000 0.000000 0.000000 1.000000
0.961462 -0.010974 -0.274718 0.005653 -0.002571 0.998800 -0.048898 1.940697 0.274925 0.047720 0.960281 -0.246250 0.000000 0.000000 0.000000 1.000000
0.961462 -0.010974 -0.274718 0.005653 -0.002571 0.998800 -0.048898 1.940697 0.274925 0.047720 0.960281 -0.246251 0.000000 0.000000 0.000000 1.000000
0.961462 -0.010974 -0.274718 0.005653 -0.002571 0.998800 -0.048898 1.940697 0.274926 0.047720 0.960281 -0.246251 0.000000 0.000000 0.000000 1.000000
0.961462 -0.010974 -0.274718 0.005653 -0.002572 0.998800 -0.048898 1.940698 0.274926 0.047720 0.960281 -0.246251 0.000000 0.000000 0.000000 1.000000
0.961462 -0.010974 -0.274719 0.005653 -0.002572 0.998800 -0.048898 1.940698 0.274926 0.047720 0.960281 -0.246251 0.000000 0.000000 0.000000 1.000000
0.961462 -0.010974 -0.274719 0.005653 -0.002572 0.998800 -0.048898 1.940698 0.274926 0.047720 0.960281 -0.246251 0.000000 0.000000 0.000000 1.000000
0.961462 -0.010974 -0.274718 0.005653 -0.002572 0.998800 -0.048898 1.940698 0.274926 0.047720 0.960281 -0.246251 0.000000 0.000000 0.000000 1.000000
0.961462 -0.010974 -0.274718 0.005653 -0.002572 0.998800 -0.048898 1.940698 0.274925 0.047720 0.960281 -0.246251 0.000000 0.000000 0.000000 1.000000
0.961462 -0.010974 -0.274718 0.005653 -0.002572 0.998800 -0.048898 1.940697 0.274925 0.047720 0.960281 -0.246251 0.000000 0.000000 0.000000 1.000000
0.961462 -0.010974 -0.274719 0.005653 -0.002572 0.998800 -0.048898 1.940697 0.274926 0.047720 0.960280 -0.246251 0.000000 0.000000 0.000000 1.000000
0.961462 -0.010974 -0.274718 0.005654 -0.002572 0.998800 -0.048898 1.940697 0.274925 0.047720 0.960281 -0.246250 0.000000 0.000000 0.000000 1.000000
0.961462 -0.010974 -0.274718 0.005653 -0.002571 0.998800 -0.048898 1.940697 0.274925 0.047720 0.960281 -0.246250 0.000000 0.000000 0.000000 1.000000
0.961462 -0.010974 -0.274718 0.005654 -0.002571 0.998800 -0.048899 1.940697 0.274925 0.047721 0.960281 -0.246250 0.000000 0.000000 0.000000 1.000000
0.961462 -0.010974 -0.274718 0.005654 -0.002571 0.998800 -0.048899 1.940697 0.274925 0.047721 0.960281 -0.246250 0.000000 0.000000 0.000000 1.000000
0.961462 -0.010974 -0.274719 0.005654 -0.002571 0.998800 -0.048899 1.940697 0.274926 0.047721 0.960280 -0.246250 0.000000 0.000000 0.000000 1.000000
0.961462 -0.010974 -0.274718 0.005654 -0.002571 0.998800 -0.048899 1.940697 0.274925 0.047721 0.960281 -0.246250 0.000000 0.000000 0.000000 1.000000
0.961462 -0.010974 -0.274719 0.005654 -0.002571 0.998800 -0.048899 1.940697 0.274926 0.047721 0.960280 -0.246250 0.000000 0.000000 0.000000 1.000000
0.961462 -0.010974 -0.274719 0.005654 -0.002572 0.998800 -0.048899 1.940697 0.274926 0.047721 0.960280 -0.246250 0.000000 0.000000 0.000000 1.000000
0.961462 -0.010974 -0.274719 0.005654 -0.002572 0.998800 -0.048899 1.940697 0.274926 0.047721 0.960280 -0.246250 0.000000 0.000000 0.000000 1.000000
0.961462 -0.010974 -0.274719 0.005653 -0.002572 0.998800 -0.048899 1.940697 0.274926 0.047721 0.960280 -0.246250 0.000000 0.000000 0.000000 1.000000
0.961462 -0.010974 -0.274719 0.005653 -0.002572 0.998800 -0.048899 1.940697 0.274926 0.047721 0.960280 -0.246250 0.000000 0.000000 0.000000 1.000000
0.961462 -0.010974 -0.274719 0.005653 -0.002572 0.998800 -0.048899 1.940697 0.274926 0.047721 0.960280 -0.246250 0.000000 0.000000 0.000000 1.000000
0.961462 -0.010974 -0.274720 0.005652 -0.002572 0.998800 -0.048899 1.940697 0.274927 0.047721 0.960280 -0.246250 0.000000 0.000000 0.000000 1.000000
0.961462 -0.010974 -0.274720 0.005652 -0.002572 0.998800 -0.048899 1.940697 0.274927 0.047721 0.960280 -0.246250 0.000000 0.000000 0.000000 1.000000
0.961462 -0.010974 -0.274720 0.005651 -0.002572 0.998800 -0.048899 1.940698 0.274927 0.047721 0.960280 -0.246250 0.000000 0.000000 0.000000 1.000000
0.961461 -0.010974 -0.274721 0.005651 -0.002572 0.998800 -0.048898 1.940698 0.274928 0.047720 0.960280 -0.246250 0.000000 0.000000 0.000000 1.000000
0.961461 -0.010974 -0.274721 0.005651 -0.002572 0.998800 -0.048898 1.940698 0.274928 0.047720 0.960280 -0.246250 0.000000 0.000000 0.000000 1.000000
0.961461 -0.010974 -0.274721 0.005650 -0.002572 0.998800 -0.048898 1.940697 0.274928 0.047720 0.960280 -0.246250 0.000000 0.000000 0.000000 1.000000
0.961461 -0.010974 -0.274722 0.005650 -0.002572 0.998800 -0.048898 1.940698 0.274929 0.047720 0.960280 -0.246250 0.000000 0.000000 0.000000 1.000000
0.961461 -0.010974 -0.274721 0.005650 -0.002572 0.998800 -0.048898 1.940699 0.274928 0.047720 0.960280 -0.246250 0.000000 0.000000 0.000000 1.000000
0.961461 -0.010974 -0.274722 0.005649 -0.002572 0.998800 -0.048898 1.940699 0.274929 0.047720 0.960280 -0.246250 0.000000 0.000000 0.000000 1.000000</float_array><technique_common><accessor source="#jnt_hips-Matrix-animation-output-transform-array" count="76" stride="16"><param type="float4x4"/></accessor></technique_common></source><source id="jnt_hips-Interpolations"><Name_array id="jnt_hips-Interpolations-array" count="76">
 LINEAR LINEAR LINEAR LINEAR LINEAR LINEAR LINEAR LINEAR LINEAR LINEAR LINEAR
LINEAR LINEAR LINEAR LINEAR LINEAR LINEAR LINEAR LINEAR LINEAR LINEAR LINEAR LINEAR
LINEAR LINEAR LINEAR LINEAR LINEAR LINEAR LINEAR LINEAR LINEAR LINEAR LINEAR LINEAR
LINEAR LINEAR LINEAR LINEAR LINEAR LINEAR LINEAR LINEAR LINEAR LINEAR LINEAR LINEAR
LINEAR LINEAR LINEAR LINEAR LINEAR LINEAR LINEAR LINEAR LINEAR LINEAR LINEAR LINEAR
LINEAR LINEAR LINEAR LINEAR LINEAR LINEAR LINEAR LINEAR LINEAR LINEAR LINEAR LINEAR
LINEAR LINEAR LINEAR LINEAR LINEAR</Name_array><technique_common><accessor source="#jnt_hips-Interpolations-array" count="76"><param type="name"/></accessor></technique_common></source><sampler id="jnt_hips-Matrix-animation-transform"><input semantic="INPUT" source="#jnt_hips-Matrix-animation-input"/><input semantic="OUTPUT" source="#jnt_hips-Matrix-animation-output-transform"/><input semantic="INTERPOLATION" source="#jnt_hips-Interpolations"/></sampler><channel source="#jnt_hips-Matrix-animation-transform" target="jnt_hips/matrix"/></animation></animation>
    <animation id="jnt_spine1-anim" name="jnt_spine1"><animation><source id="jnt_spine1-Matrix-animation-input"><float_array id="jnt_spine1-Matrix-animation-input-array" count="76">

0.000000 0.033333 0.066667 0.100000 0.133333 0.166667 0.200000 0.233333 0.266667 0.300000 0.333333 0.366667 0.400000 0.433333 0.466667 0.500000
0.533333 0.566667 0.600000 0.633333 0.666667 0.700000 0.733333 0.766667 0.800000 0.833333 0.866667 0.900000 0.933333 0.966667 1.000000 1.033333
1.066667 1.100000 1.133333 1.166667 1.200000 1.233333 1.266667 1.300000 1.333333 1.366667 1.400000 1.433333 1.466667 1.500000 1.533333 1.566667
1.600000 1.633333 1.666667 1.700000 1.733333 1.766667 1.800000 1.833333 1.866667 1.900000 1.933333 1.966667 2.000000 2.033333 2.066667 2.100000
2.133333 2.166667 2.200000 2.233333 2.266667 2.300000 2.333333 2.366667 2.400000 2.433333 2.466667 2.500000</float_array><technique_common><accessor source="#jnt_spine1-Matrix-animation-input-array" count="76"><param name="TIME" type="float"/></accessor></technique_common></source><source id="jnt_spine1-Matrix-animation-output-transform"><float_array id="jnt_spine1-Matrix-animation-output-transform-array" count="1216">

0.001248 0.051185 0.998688 -0.000000 0.999143 -0.041392 0.000873 0.212132 0.041383 0.997831 -0.051193 0.023482 0.000000 0.000000 0.000000 1.000000
0.001247 0.051390 0.998678 -0.000000 0.999139 -0.041481 0.000887 0.212132 0.041472 0.997817 -0.051397 0.023482 0.000000 0.000000 0.000000 1.000000
0.001247 0.051945 0.998649 -0.000000 0.999129 -0.041722 0.000923 0.212132 0.041714 0.997778 -0.051952 0.023482 0.000000 0.000000 0.000000 1.000000
0.001246 0.052764 0.998606 -0.000000 0.999114 -0.042078 0.000977 0.212132 0.042071 0.997720 -0.052770 0.023482 0.000000 0.000000 0.000000 1.000000
0.001244 0.053758 0.998553 -0.000000 0.999096 -0.042510 0.001044 0.212132 0.042505 0.997649 -0.053762 0.023482 0.000000 0.000000 0.000000 1.000000
0.001242 0.054840 0.998494 -0.000000 0.999075 -0.042980 0.001118 0.212132 0.042976 0.997570 -0.054843 0.023482 0.000000 0.000000 0.000000 1.000000
0.001241 0.055922 0.998434 -0.000000 0.999055 -0.043449 0.001192 0.212132 0.043448 0.997489 -0.055923 0.023482 0.000000 0.000000 0.000000 1.000000
0.001239 0.056916 0.998378 -0.000000 0.999036 -0.043881 0.001261 0.212132 0.043882 0.997414 -0.056915 0.023482 0.000000 0.000000 0.000000 1.000000
0.001238 0.057734 0.998331 -0.000000 0.999020 -0.044236 0.001319 0.212132 0.044239 0.997351 -0.057732 0.023482 0.000000 0.000000 0.000000 1.000000
0.001237 0.058290 0.998299 -0.000000 0.999009 -0.044477 0.001359 0.212132 0.044481 0.997308 -0.058287 0.023482 0.000000 0.000000 0.000000 1.000000
0.001237 0.058494 0.998287 0.000000 0.999005 -0.044566 0.001374 0.212132 0.044570 0.997292 -0.058491 0.023482 0.000000 0.000000 0.000000 1.000000
0.003186 0.058239 0.998298 -0.000000 0.999147 -0.041292 -0.000780 0.212132 0.041177 0.997448 -0.058320 0.023482 0.000000 0.000000 0.000000 1.000000
0.007474 0.057676 0.998307 -0.000000 0.999404 -0.034085 -0.005513 0.212132 0.033709 0.997753 -0.057896 0.023482 0.000000 0.000000 0.000000 1.000000
0.011762 0.057111 0.998299 -0.000000 0.999586 -0.026871 -0.010240 0.212132 0.026240 0.998006 -0.057404 0.023482 0.000000 0.000000 0.000000 1.000000
0.013711 0.056854 0.998288 -0.000000 0.999645 -0.023589 -0.012386 0.212132 0.022844 0.998104 -0.057158 0.023482 0.000000 0.000000 0.000000 1.000000
0.012787 0.056896 0.998298 -0.000000 0.999619 -0.025144 -0.011371 0.212132 0.024454 0.998063 -0.057196 0.023482 0.000000 0.000000 0.000000 1.000000
0.010477 0.057025 0.998318 0.000000 0.999539 -0.029031 -0.008832 0.212132 0.028478 0.997951 -0.057303 0.023482 0.000000 0.000000 0.000000 1.000000
0.007475 0.057244 0.998332 -0.000000 0.999404 -0.034082 -0.005528 0.212132 0.033709 0.997778 -0.057464 0.023482 0.000000 0.000000 0.000000 1.000000
0.004472 0.057558 0.998332 -0.000000 0.999232 -0.039132 -0.002220 0.212132 0.038939 0.997575 -0.057689 0.023482 0.000000 0.000000 0.000000 1.000000
0.002162 0.057973 0.998316 0.000000 0.999074 -0.043014 0.000334 0.212132 0.042961 0.997391 -0.058013 0.023482 0.000000 0.000000 0.000000 1.000000
0.001238 0.058494 0.998287 -0.000000 0.999006 -0.044566 0.001372 0.212132 0.044570 0.997293 -0.058491 0.023482 0.000000 0.000000 0.000000 1.000000
0.001405 0.058962 0.998259 -0.000000 0.999049 -0.043591 0.001168 0.212132 0.043584 0.997308 -0.058967 0.023482 0.000000 0.000000 0.000000 1.000000
0.001861 0.059239 0.998242 0.000000 0.999161 -0.040947 0.000568 0.212132 0.040908 0.997404 -0.059266 0.023482 0.000000 0.000000 0.000000 1.000000
0.002531 0.059358 0.998234 0.000000 0.999313 -0.037050 -0.000331 0.212132 0.036964 0.997549 -0.059411 0.023482 0.000000 0.000000 0.000000 1.000000
0.003345 0.059353 0.998231 0.000000 0.999477 -0.032316 -0.001428 0.212132 0.032174 0.997714 -0.059430 0.023482 0.000000 0.000000 0.000000 1.000000
0.004232 0.059257 0.998234 -0.000000 0.999628 -0.027165 -0.002625 0.212132 0.026961 0.997873 -0.059350 0.023482 0.000000 0.000000 0.000000 1.000000
0.005118 0.059103 0.998239 -0.000000 0.999750 -0.022012 -0.003822 0.212132 0.021747 0.998009 -0.059201 0.023482 0.000000 0.000000 0.000000 1.000000
0.005932 0.058925 0.998245 -0.000000 0.999839 -0.017276 -0.004922 0.212132 0.016955 0.998113 -0.059018 0.023482 0.000000 0.000000 0.000000 1.000000
0.006603 0.058756 0.998251 0.000000 0.999894 -0.013374 -0.005826 0.212132 0.013009 0.998183 -0.058838 0.023482 0.000000 0.000000 0.000000 1.000000
0.007058 0.058630 0.998255 0.000000 0.999922 -0.010727 -0.006440 0.212132 0.010330 0.998222 -0.058701 0.023482 0.000000 0.000000 0.000000 1.000000
0.007225 0.058581 0.998257 0.000000 0.999930 -0.009751 -0.006665 0.212132 0.009344 0.998235 -0.058647 0.023482 0.000000 0.000000 0.000000 1.000000
0.006894 0.058506 0.998263 0.000000 0.999912 -0.011680 -0.006220 0.212132 0.011296 0.998219 -0.058581 0.023482 0.000000 0.000000 0.000000 1.000000
0.006038 0.058329 0.998279 0.000000 0.999848 -0.016654 -0.005075 0.212132 0.016330 0.998158 -0.058421 0.023482 0.000000 0.000000 0.000000 1.000000
0.004869 0.058124 0.998297 -0.000000 0.999719 -0.023456 -0.003510 0.212132 0.023212 0.998034 -0.058222 0.023482 0.000000 0.000000 0.000000 1.000000
0.003594 0.057965 0.998312 -0.000000 0.999522 -0.030866 -0.001807 0.212132 0.030709 0.997841 -0.058048 0.023482 0.000000 0.000000 0.000000 1.000000
0.002425 0.057925 0.998318 -0.000000 0.999290 -0.037666 -0.000242 0.212132 0.037589 0.997610 -0.057975 0.023482 0.000000 0.000000 0.000000 1.000000
0.001570 0.058076 0.998311 -0.000000 0.999090 -0.042638 0.000910 0.212132 0.042619 0.997401 -0.058091 0.023482 0.000000 0.000000 0.000000 1.000000
0.001238 0.058494 0.998287 -0.000000 0.999006 -0.044566 0.001373 0.212132 0.044569 0.997293 -0.058491 0.023482 0.000000 0.000000 0.000000 1.000000
0.001199 0.059015 0.998256 -0.000000 0.999123 -0.041851 0.001274 0.212132 0.041853 0.997379 -0.059014 0.023482 0.000000 0.000000 0.000000 1.000000
0.001100 0.059433 0.998232 -0.000000 0.999392 -0.034849 0.000974 0.212132 0.034845 0.997624 -0.059435 0.023482 0.000000 0.000000 0.000000 1.000000
0.000964 0.059755 0.998213 0.000000 0.999680 -0.025273 0.000547 0.212132 0.025261 0.997893 -0.059760 0.023482 0.000000 0.000000 0.000000 1.000000
0.000816 0.059991 0.998199 0.000000 0.999890 -0.014838 0.000074 0.212132 0.014816 0.998089 -0.059997 0.023482 0.000000 0.000000 0.000000 1.000000
0.000681 0.060150 0.998189 -0.000000 0.999986 -0.005259 -0.000365 0.212132 0.005227 0.998176 -0.060152 0.023482 0.000000 0.000000 0.000000 1.000000
0.000582 0.060238 0.998184 0.000000 0.999998 0.001747 -0.000688 0.212132 -0.001785 0.998182 -0.060237 0.023482 0.000000 0.000000 0.000000 1.000000
0.000543 0.060266 0.998182 0.000000 0.999990 0.004464 -0.000814 0.212132 -0.004505 0.998172 -0.060263 0.023482 0.000000 0.000000 0.000000 1.000000
-0.000160 0.060126 0.998191 -0.000000 0.999995 0.003303 -0.000039 0.212132 -0.003299 0.998185 -0.060127 0.023482 0.000000 0.000000 0.000000 1.000000
-0.001972 0.059784 0.998209 0.000000 0.999998 0.000310 0.001957 0.212132 -0.000192 0.998211 -0.059785 0.023482 0.000000 0.000000 0.000000 1.000000
-0.004451 0.059353 0.998227 0.000000 0.999982 -0.003786 0.004684 0.212132 0.004057 0.998230 -0.059335 0.023482 0.000000 0.000000 0.000000 1.000000
-0.007151 0.058946 0.998236 -0.000000 0.999937 -0.008250 0.007651 0.212132 0.008687 0.998227 -0.058883 0.023482 0.000000 0.000000 0.000000 1.000000
-0.009630 0.058678 0.998230 0.000000 0.999870 -0.012348 0.010372 0.212132 0.012935 0.998201 -0.058552 0.023482 0.000000 0.000000 0.000000 1.000000
-0.011443 0.058664 0.998212 -0.000000 0.999806 -0.015344 0.012363 0.212132 0.016042 0.998160 -0.058477 0.023482 0.000000 0.000000 0.000000 1.000000
-0.012145 0.059017 0.998183 0.000000 0.999778 -0.016501 0.013140 0.212132 0.017246 0.998121 -0.058803 0.023482 0.000000 0.000000 0.000000 1.000000
-0.011478 0.059481 0.998163 -0.000000 0.999797 -0.015854 0.012442 0.212132 0.016565 0.998104 -0.059287 0.023482 0.000000 0.000000 0.000000 1.000000
-0.009718 0.059750 0.998166 0.000000 0.999844 -0.014163 0.010583 0.212132 0.014769 0.998113 -0.059603 0.023482 0.000000 0.000000 0.000000 1.000000
-0.007231 0.059865 0.998180 -0.000000 0.999899 -0.011776 0.007949 0.212132 0.012230 0.998137 -0.059774 0.023482 0.000000 0.000000 0.000000 1.000000
-0.004379 0.059866 0.998197 -0.000000 0.999947 -0.009040 0.004929 0.212132 0.009319 0.998165 -0.059823 0.023482 0.000000 0.000000 0.000000 1.000000
-0.001527 0.059795 0.998210 0.000000 0.999978 -0.006305 0.001907 0.212132 0.006407 0.998191 -0.059784 0.023482 0.000000 0.000000 0.000000 1.000000
0.000961 0.059693 0.998216 -0.000000 0.999992 -0.003918 -0.000728 0.212132 0.003868 0.998209 -0.059696 0.023482 0.000000 0.000000 0.000000 1.000000
0.002721 0.059601 0.998219 0.000000 0.999994 -0.002229 -0.002592 0.212132 0.002071 0.998220 -0.059607 0.023482 0.000000 0.000000 0.000000 1.000000
0.003388 0.059561 0.998219 -0.000000 0.999993 -0.001589 -0.003299 0.212132 0.001389 0.998223 -0.059566 0.023482 0.000000 0.000000 0.000000 1.000000
0.001690 0.059974 0.998198 0.000000 0.999996 0.002016 -0.001814 0.212132 -0.002121 0.998198 -0.059971 0.023482 0.000000 0.000000 0.000000 1.000000
-0.001463 0.060741 0.998152 -0.000000 0.999962 0.008715 0.000936 0.212132 -0.008642 0.998116 -0.060751 0.023482 0.000000 0.000000 0.000000 1.000000
-0.003161 0.061153 0.998123 -0.000000 0.999921 0.012323 0.002412 0.212132 -0.012152 0.998052 -0.061188 0.023482 0.000000 0.000000 0.000000 1.000000
-0.001556 0.060704 0.998155 -0.000000 0.999973 0.007332 0.001113 0.212132 -0.007251 0.998129 -0.060714 0.023482 0.000000 0.000000 0.000000 1.000000
0.002459 0.059548 0.998222 0.000000 0.999984 -0.005141 -0.002156 0.212132 0.005003 0.998212 -0.059560 0.023482 0.000000 0.000000 0.000000 1.000000
0.007677 0.057973 0.998289 -0.000000 0.999751 -0.021341 -0.006449 0.212132 0.020931 0.998090 -0.058123 0.023482 0.000000 0.000000 0.000000 1.000000
0.012896 0.056269 0.998332 -0.000000 0.999238 -0.037522 -0.010793 0.212132 0.036852 0.997710 -0.056710 0.023482 0.000000 0.000000 0.000000 1.000000
0.016910 0.054727 0.998358 -0.000000 0.998651 -0.049948 -0.014177 0.212132 0.049091 0.997251 -0.055497 0.023482 0.000000 0.000000 0.000000 1.000000
0.018515 0.053636 0.998389 -0.000000 0.998370 -0.054907 -0.015565 0.212132 0.053983 0.997050 -0.054566 0.023482 0.000000 0.000000 0.000000 1.000000
0.017559 0.052938 0.998443 -0.000000 0.998425 -0.054148 -0.014688 0.212132 0.053286 0.997129 -0.053805 0.023482 0.000000 0.000000 0.000000 1.000000
0.015092 0.052369 0.998514 0.000000 0.998560 -0.052212 -0.012355 0.212132 0.051487 0.997262 -0.053082 0.023482 0.000000 0.000000 0.000000 1.000000
0.011720 0.051922 0.998582 -0.000000 0.998729 -0.049572 -0.009144 0.212132 0.049027 0.997420 -0.052437 0.023482 0.000000 0.000000 0.000000 1.000000
0.008045 0.051588 0.998636 -0.000000 0.998893 -0.046699 -0.005634 0.212132 0.046344 0.997576 -0.051907 0.023482 0.000000 0.000000 0.000000 1.000000
0.004671 0.051359 0.998669 0.000000 0.999026 -0.044064 -0.002407 0.212132 0.043882 0.997708 -0.051515 0.023482 0.000000 0.000000 0.000000 1.000000
