<?xml version="1.0" encoding="utf-8"?>
<COLLADA xmlns="http://www.collada.org/2005/11/COLLADASchema" version="1.4.1">
  <asset><contributor><author></author><authoring_tool>FBX COLLADA exporter</authoring_tool><comments></comments></contributor><created>2020-04-13T21:16:21Z</created><keywords></keywords><modified>2020-04-13T21:16:21Z</modified><revision></revision><subject></subject><title></title><unit meter="0.010000" name="centimeter"></unit><up_axis>Y_UP</up_axis></asset>
  <library_animations>
    <animation id="root_jnt-anim" name="root_jnt"><animation><source id="root_jnt-Matrix-animation-input"><float_array id="root_jnt-Matrix-animation-input-array" count="13">

0.000000 0.033333 0.066667 0.100000 0.133333 0.166667 0.200000 0.233333 0.266667 0.300000 0.333333 0.366667 0.400000</float_array><technique_common><accessor source="#root_jnt-Matrix-animation-input-array" count="13"><param name="TIME" type="float"/></accessor></technique_common></source><source id="root_jnt-Matrix-animation-output-transform"><float_array id="root_jnt-Matrix-animation-output-transform-array" count="208">

1.000000 0.000000 0.000000 0.000000 0.000000 1.000000 0.000000 0.000000 0.000000 0.000000 1.000000 0.000000 0.000000 0.000000 0.000000 1.000000
1.000000 0.000000 0.000000 0.000000 0.000000 1.000000 0.000000 0.000000 0.000000 0.000000 1.000000 0.000000 0.000000 0.000000 0.000000 1.000000
1.000000 0.000000 0.000000 0.000000 0.000000 1.000000 0.000000 0.000000 0.000000 0.000000 1.000000 0.000000 0.000000 0.000000 0.000000 1.000000
1.000000 0.000000 0.000000 0.000000 0.000000 1.000000 0.000000 0.000000 0.000000 0.000000 1.000000 0.000000 0.000000 0.000000 0.000000 1.000000
1.000000 0.000000 0.000000 0.000000 0.000000 1.000000 0.000000 0.000000 0.000000 0.000000 1.000000 0.000000 0.000000 0.000000 0.000000 1.000000
1.000000 0.000000 0.000000 0.000000 0.000000 1.000000 0.000000 0.000000 0.000000 0.000000 1.000000 0.000000 0.000000 0.000000 0.000000 1.000000
1.000000 0.000000 0.000000 0.000000 0.000000 1.000000 0.000000 0.000000 0.000000 0.000000 1.000000 0.000000 0.000000 0.000000 0.000000 1.000000
1.000000 0.000000 0.000000 0.000000 0.000000 1.000000 0.000000 0.000000 0.000000 0.000000 1.000000 0.000000 0.000000 0.000000 0.000000 1.000000
1.000000 0.000000 0.000000 0.000000 0.000000 1.000000 0.000000 0.000000 0.000000 0.000000 1.000000 0.000000 0.000000 0.000000 0.000000 1.000000
1.000000 0.000000 0.000000 0.000000 0.000000 1.000000 0.000000 0.000000 0.000000 0.000000 1.000000 0.000000 0.000000 0.000000 0.000000 1.000000
1.000000 0.000000 0.000000 0.000000 0.000000 1.000000 0.000000 0.000000 0.000000 0.000000 1.000000 0.000000 0.000000 0.000000 0.000000 1.000000
1.000000 0.000000 0.000000 0.000000 0.000000 1.000000 0.000000 0.000000 0.000000 0.000000 1.000000 0.000000 0.000000 0.000000 0.000000 1.000000
1.000000 0.000000 0.000000 0.000000 0.000000 1.000000 0.000000 0.000000 0.000000 0.000000 1.000000 0.000000 0.000000 0.000000 0.000000 1.000000</float_array><technique_common><accessor source="#root_jnt-Matrix-animation-output-transform-array" count="13" stride="16"><param type="float4x4"/></accessor></technique_common></source><source id="root_jnt-Interpolations"><Name_array id="root_jnt-Interpolations-array" count="13">
 LINEAR LINEAR LINEAR LINEAR LINEAR LINEAR LINEAR LINEAR LINEAR LINEAR LINEAR
LINEAR LINEAR</Name_array><technique_common><accessor source="#root_jnt-Interpolations-array" count="13"><param type="name"/></accessor></technique_common></source><sampler id="root_jnt-Matrix-animation-transform"><input semantic="INPUT" source="#root_jnt-Matrix-animation-input"/><input semantic="OUTPUT" source="#root_jnt-Matrix-animation-output-transform"/><input semantic="INTERPOLATION" source="#root_jnt-Interpolations"/></sampler><channel source="#root_jnt-Matrix-animation-transform" target="root_jnt/matrix"/></animation></animation>
    <animation id="jnt_hips-anim" name="jnt_hips"><animation><source id="jnt_hips-Matrix-animation-input"><float_array id="jnt_hips-Matrix-animation-input-array" count="13">

0.000000 0.033333 0.066667 0.100000 0.133333 0.166667 0.200000 0.233333 0.266667 0.300000 0.333333 0.366667 0.400000</float_array><technique_common><accessor source="#jnt_hips-Matrix-animation-input-array" count="13"><param name="TIME" type="float"/></accessor></technique_common></source><source id="jnt_hips-Matrix-animation-output-transform"><float_array id="jnt_hips-Matrix-animation-output-transform-array" count="208">

0.919777 0.000001 -0.392442 0.029705 -0.037480 0.995429 -0.087842 1.214980 0.390648 0.095504 0.915573 -0.238767 0.000000 0.000000 0.000000 1.000000
0.919777 0.000001 -0.392442 0.004100 -0.036872 0.995577 -0.086416 1.226385 0.390706 0.093954 0.915708 -0.245513 0.000000 0.000000 0.000000 1.000000
0.919777 0.000001 -0.392442 -0.013509 -0.036510 0.995663 -0.085569 1.279268 0.390740 0.093032 0.915788 -0.251523 0.000000 0.000000 0.000000 1.000000
0.919777 0.000001 -0.392441 -0.016535 -0.036798 0.995594 -0.086242 1.326729 0.390712 0.093764 0.915725 -0.250563 0.000000 0.000000 0.000000 1.000000
0.919777 0.000001 -0.392441 -0.007632 -0.037531 0.995417 -0.087961 1.317046 0.390643 0.095633 0.915561 -0.246724 0.000000 0.000000 0.000000 1.000000
0.919777 0.000001 -0.392442 0.008656 -0.038384 0.995205 -0.089961 1.264036 0.390560 0.097807 0.915367 -0.242500 0.000000 0.000000 0.000000 1.000000
0.919777 0.000001 -0.392442 0.037118 -0.039079 0.995030 -0.091589 1.216208 0.390491 0.099578 0.915205 -0.238238 0.000000 0.000000 0.000000 1.000000
0.919777 0.000001 -0.392441 0.077022 -0.039489 0.994925 -0.092551 1.225577 0.390450 0.100623 0.915109 -0.233434 0.000000 0.000000 0.000000 1.000000
0.919777 0.000001 -0.392442 0.105823 -0.039538 0.994912 -0.092664 1.287035 0.390445 0.100746 0.915097 -0.230515 0.000000 0.000000 0.000000 1.000000
0.919777 0.000001 -0.392442 0.106703 -0.039214 0.994995 -0.091904 1.335544 0.390478 0.099921 0.915174 -0.231655 0.000000 0.000000 0.000000 1.000000
0.919777 0.000001 -0.392441 0.090552 -0.038673 0.995133 -0.090637 1.325463 0.390531 0.098542 0.915301 -0.234595 0.000000 0.000000 0.000000 1.000000
0.919777 0.000001 -0.392441 0.064059 -0.038059 0.995286 -0.089198 1.268300 0.390591 0.096979 0.915442 -0.237337 0.000000 0.000000 0.000000 1.000000
0.919777 0.000001 -0.392441 0.029734 -0.037480 0.995429 -0.087842 1.214789 0.390647 0.095504 0.915573 -0.238577 0.000000 0.000000 0.000000 1.000000</float_array><technique_common><accessor source="#jnt_hips-Matrix-animation-output-transform-array" count="13" stride="16"><param type="float4x4"/></accessor></technique_common></source><source id="jnt_hips-Interpolations"><Name_array id="jnt_hips-Interpolations-array" count="13">
 LINEAR LINEAR LINEAR LINEAR LINEAR LINEAR LINEAR LINEAR LINEAR LINEAR LINEAR
LINEAR LINEAR</Name_array><technique_common><accessor source="#jnt_hips-Interpolations-array" count="13"><param type="name"/></accessor></technique_common></source><sampler id="jnt_hips-Matrix-animation-transform"><input semantic="INPUT" source="#jnt_hips-Matrix-animation-input"/><input semantic="OUTPUT" source="#jnt_hips-Matrix-animation-output-transform"/><input semantic="INTERPOLATION" source="#jnt_hips-Interpolations"/></sampler><channel source="#jnt_hips-Matrix-animation-transform" target="jnt_hips/matrix"/></animation></animation>
    <animation id="jnt_spine1-anim" name="jnt_spine1"><animation><source id="jnt_spine1-Matrix-animation-input"><float_array id="jnt_spine1-Matrix-animation-input-array" count="13">

0.000000 0.033333 0.066667 0.100000 0.133333 0.166667 0.200000 0.233333 0.266667 0.300000 0.333333 0.366667 0.400000</float_array><technique_common><accessor source="#jnt_spine1-Matrix-animation-input-array" count="13"><param name="TIME" type="float"/></accessor></technique_common></source><source id="jnt_spine1-Matrix-animation-output-transform"><float_array id="jnt_spine1-Matrix-animation-output-transform-array" count="208">

0.046818 0.004299 0.998894 -0.000000 0.998744 -0.018078 -0.046733 0.212132 0.017857 0.999827 -0.005140 0.023482 0.000000 0.000000 0.000000 1.000000
0.082180 0.026542 0.996264 -0.000000 0.992368 -0.094399 -0.079344 0.212132 0.091940 0.995181 -0.034097 0.023482 0.000000 0.000000 0.000000 1.000000
0.074679 0.029149 0.996782 0.000000 0.983118 -0.169589 -0.068696 0.212132 0.167041 0.985084 -0.041322 0.023482 0.000000 0.000000 0.000000 1.000000
0.090340 0.033381 0.995351 -0.000000 0.982270 -0.167840 -0.083524 0.212132 0.164272 0.985249 -0.047952 0.023482 0.000000 0.000000 0.000000 1.000000
0.118878 0.038009 0.992181 0.000000 0.985484 -0.126488 -0.113230 0.212132 0.121196 0.991240 -0.052494 0.023482 0.000000 0.000000 0.000000 1.000000
0.125315 0.036366 0.991450 0.000000 0.989407 -0.078391 -0.122181 0.212132 0.073277 0.996259 -0.045804 0.023482 0.000000 0.000000 0.000000 1.000000
0.090083 0.018080 0.995770 -0.000000 0.992996 -0.078370 -0.088409 0.212132 0.076440 0.996760 -0.025013 0.023482 0.000000 0.000000 0.000000 1.000000
0.029409 -0.014450 0.999463 -0.000000 0.989583 -0.140555 -0.031151 0.212132 0.140930 0.989967 0.010165 0.023482 0.000000 0.000000 0.000000 1.000000
-0.004341 -0.031529 0.999493 -0.000000 0.984049 -0.177891 -0.001337 0.212132 0.177843 0.983545 0.031798 0.023482 0.000000 0.000000 0.000000 1.000000
-0.023728 -0.033571 0.999155 -0.000000 0.987832 -0.154447 0.018270 0.212132 0.153703 0.987431 0.036828 0.023482 0.000000 0.000000 0.000000 1.000000
-0.057024 -0.041111 0.997526 0.000000 0.992215 -0.113132 0.052058 0.212132 0.110712 0.992729 0.047242 0.023482 0.000000 0.000000 0.000000 1.000000
-0.052522 -0.037537 0.997914 -0.000000 0.996399 -0.068580 0.049862 0.212132 0.066565 0.996939 0.041004 0.023482 0.000000 0.000000 0.000000 1.000000
0.046784 0.004268 0.998896 -0.000000 0.998746 -0.018024 -0.046700 0.212132 0.017804 0.999828 -0.005106 0.023482 0.000000 0.000000 0.000000 1.000000</float_array><technique_common><accessor source="#jnt_spine1-Matrix-animation-output-transform-array" count="13" stride="16"><param type="float4x4"/></accessor></technique_common></source><source id="jnt_spine1-Interpolations"><Name_array id="jnt_spine1-Interpolations-array" count="13">
 LINEAR LINEAR LINEAR LINEAR LINEAR LINEAR LINEAR LINEAR LINEAR LINEAR LINEAR
LINEAR LINEAR</Name_array><technique_common><accessor source="#jnt_spine1-Interpolations-array" count="13"><param type="name"/></accessor></technique_common></source><sampler id="jnt_spine1-Matrix-animation-transform"><input semantic="INPUT" source="#jnt_spine1-Matrix-animation-input"/><input semantic="OUTPUT" source="#jnt_spine1-Matrix-animation-output-transform"/><input semantic="INTERPOLATION" source="#jnt_spine1-Interpolations"/></sampler><channel source="#jnt_spine1-Matrix-animation-transform" target="jnt_spine1/matrix"/></animation></animation>
    <animation id="jnt_spine2-anim" name="jnt_spine2"><animation><source id="jnt_spine2-Matrix-animation-input"><float_array id="jnt_spine2-Matrix-animation-input-array" count="13">

0.000000 0.033333 0.066667 0.100000 0.133333 0.166667 0.200000 0.233333 0.266667 0.300000 0.333333 0.366667 0.400000</float_array><technique_common><accessor source="#jnt_spine2-Matrix-animation-input-array" count="13"><param name="TIME" type="float"/></accessor></technique_common></source><source id="jnt_spine2-Matrix-animation-output-transform"><float_array id="jnt_spine2-Matrix-animation-output-transform-array" count="208">

0.882574 -0.468270 0.042270 0.426849 0.468686 0.883365 0.000090 -0.000000 -0.037382 0.019732 0.999106 0.000000 0.000000 0.000000 0.000000 1.000000
0.898379 -0.437885 0.034228 0.426849 0.437548 0.899031 0.017171 0.000000 -0.038291 -0.000449 0.999267 -0.000000 0.000000 0.000000 0.000000 1.000000
0.914196 -0.405161 0.009495 0.426848 0.404961 0.914161 0.017788 0.000000 -0.015887 -0.012416 0.999797 -0.000000 0.000000 0.000000 0.000000 1.000000
0.915425 -0.402341 0.010887 0.426848 0.402281 0.915487 0.007373 0.000000 -0.012933 -0.002370 0.999914 -0.000000 0.000000 0.000000 0.000000 1.000000
0.908820 -0.416175 0.029064 0.426848 0.416641 0.908990 -0.012158 -0.000000 -0.021359 0.023159 0.999504 -0.000000 0.000000 0.000000 0.000000 1.000000
0.900827 -0.432252 0.040848 0.426849 0.433676 0.900318 -0.036774 -0.000000 -0.020881 0.050841 0.998488 -0.000000 0.000000 0.000000 0.000000 1.000000
0.902985 -0.428331 0.033910 0.426849 0.429657 0.900790 -0.063020 0.000000 -0.003553 0.071476 0.997436 -0.000000 0.000000 0.000000 0.000000 1.000000
0.913924 -0.405594 0.015417 0.426848 0.405366 0.910171 -0.085247 0.000000 0.020544 0.084159 0.996241 -0.000000 0.000000 0.000000 0.000000 1.000000
0.917878 -0.396710 0.011055 0.426849 0.396024 0.913768 -0.090511 0.000000 0.025805 0.087456 0.995834 0.000000 0.000000 0.000000 0.000000 1.000000
0.912305 -0.409436 0.007887 0.426848 0.408791 0.909386 -0.076856 0.000000 0.024295 0.073340 0.997011 0.000000 0.000000 0.000000 0.000000 1.000000
0.903394 -0.428723 -0.008728 0.426848 0.427509 0.902047 -0.059556 0.000000 0.033406 0.050071 0.998187 -0.000000 0.000000 0.000000 0.000000 1.000000
0.894075 -0.447862 -0.007032 0.426848 0.447350 0.893623 -0.036286 0.000000 0.022535 0.029296 0.999317 -0.000000 0.000000 0.000000 0.000000 1.000000
0.882545 -0.468322 0.042298 0.426848 0.468738 0.883337 0.000106 0.000000 -0.037413 0.019733 0.999105 0.000000 0.000000 0.000000 0.000000 1.000000</float_array><technique_common><accessor source="#jnt_spine2-Matrix-animation-output-transform-array" count="13" stride="16"><param type="float4x4"/></accessor></technique_common></source><source id="jnt_spine2-Interpolations"><Name_array id="jnt_spine2-Interpolations-array" count="13">
 LINEAR LINEAR LINEAR LINEAR LINEAR LINEAR LINEAR LINEAR LINEAR LINEAR LINEAR
LINEAR LINEAR</Name_array><technique_common><accessor source="#jnt_spine2-Interpolations-array" count="13"><param type="name"/></accessor></technique_common></source><sampler id="jnt_spine2-Matrix-animation-transform"><input semantic="INPUT" source="#jnt_spine2-Matrix-animation-input"/><input semantic="OUTPUT" source="#jnt_spine2-Matrix-animation-output-transform"/><input semantic="INTERPOLATION" source="#jnt_spine2-Interpolations"/></sampler><channel source="#jnt_spine2-Matrix-animation-transform" target="jnt_spine2/matrix"/></animation></animation>
    <animation id="jnt_spine3-anim" name="jnt_spine3"><animation><source id="jnt_spine3-Matrix-animation-input"><float_array id="jnt_spine3-Matrix-animation-input-array" count="13">

0.000000 0.033333 0.066667 0.100000 0.133333 0.166667 0.200000 0.233333 0.266667 0.300000 0.333333 0.366667 0.400000</float_array><technique_common><accessor source="#jnt_spine3-Matrix-animation-input-array" count="13"><param name="TIME" type="float"/></accessor></technique_common></source><source id="jnt_spine3-Matrix-animation-output-transform"><float_array id="jnt_spine3-Matrix-animation-output-transform-array" count="208">

0.892626 -0.449482 -0.034418 0.555067 0.449218 0.893288 -0.015510 0.000000 0.037716 -0.001617 0.999287 -0.000000 0.000000 0.000000 0.000000 1.000000
0.907530 -0.419271 -0.024515 0.555067 0.419292 0.907840 -0.004544 -0.000000 0.024161 -0.006155 0.999689 -0.000000 0.000000 0.000000 0.000000 1.000000
0.921423 -0.387179 -0.032731 0.555067 0.387237 0.921968 -0.004819 0.000000 0.032043 -0.008234 0.999453 -0.000000 0.000000 0.000000 0.000000 1.000000
0.922788 -0.384541 -0.024313 0.555067 0.383917 0.922981 -0.026723 -0.000000 0.032716 0.015326 0.999347 -0.000000 0.000000 0.000000 0.000000 1.000000
0.917664 -0.397349 -0.002486 0.555067 0.396592 0.916269 -0.056256 -0.000000 0.024631 0.050638 0.998413 -0.000000 0.000000 0.000000 0.000000 1.000000
0.911437 -0.411255 0.012339 0.555067 0.410808 0.907966 -0.082669 -0.000000 0.022795 0.080416 0.996501 0.000000 0.000000 0.000000 0.000000 1.000000
0.912883 -0.408220 0.001103 0.555067 0.406165 0.908009 -0.102707 -0.000000 0.040925 0.094207 0.994711 -0.000000 0.000000 0.000000 0.000000 1.000000
0.920111 -0.390461 -0.030578 0.555067 0.384921 0.915944 -0.113496 -0.000000 0.072323 0.092659 0.993068 -0.000000 0.000000 0.000000 0.000000 1.000000
0.922202 -0.384062 -0.045161 0.555067 0.377192 0.919101 -0.113932 -0.000000 0.085265 0.088034 0.992462 -0.000000 0.000000 0.000000 0.000000 1.000000
0.916812 -0.396316 -0.048876 0.555067 0.390363 0.915289 -0.099315 -0.000000 0.084096 0.071974 0.993855 0.000000 0.000000 0.000000 0.000000 1.000000
0.907403 -0.414414 -0.069867 0.555067 0.409652 0.909305 -0.073138 0.000000 0.093840 0.037745 0.994872 -0.000000 0.000000 0.000000 0.000000 1.000000
0.899034 -0.430683 -0.079051 0.555067 0.428635 0.902494 -0.042148 -0.000000 0.089495 0.004009 0.995979 -0.000000 0.000000 0.000000 0.000000 1.000000
0.892602 -0.449533 -0.034386 0.555067 0.449268 0.893262 -0.015498 -0.000000 0.037683 -0.001615 0.999288 -0.000000 0.000000 0.000000 0.000000 1.000000</float_array><technique_common><accessor source="#jnt_spine3-Matrix-animation-output-transform-array" count="13" stride="16"><param type="float4x4"/></accessor></technique_common></source><source id="jnt_spine3-Interpolations"><Name_array id="jnt_spine3-Interpolations-array" count="13">
 LINEAR LINEAR LINEAR LINEAR LINEAR LINEAR LINEAR LINEAR LINEAR LINEAR LINEAR
LINEAR LINEAR</Name_array><technique_common><accessor source="#jnt_spine3-Interpolations-array" count="13"><param type="name"/></accessor></technique_common></source><sampler id="jnt_spine3-Matrix-animation-transform"><input semantic="INPUT" source="#jnt_spine3-Matrix-animation-input"/><input semantic="OUTPUT" source="#jnt_spine3-Matrix-animation-output-transform"/><input semantic="INTERPOLATION" source="#jnt_spine3-Interpolations"/></sampler><channel source="#jnt_spine3-Matrix-animation-transform" target="jnt_spine3/matrix"/></animation></animation>
    <animation id="jnt_neck-anim" name="jnt_neck"><animation><source id="jnt_neck-Matrix-animation-input"><float_array id="jnt_neck-Matrix-animation-input-array" count="13">

0.000000 0.033333 0.066667 0.100000 0.133333 0.166667 0.200000 0.233333 0.266667 0.300000 0.333333 0.366667 0.400000</float_array><technique_common><accessor source="#jnt_neck-Matrix-animation-input-array" count="13"><param name="TIME" type="float"/></accessor></technique_common></source><source id="jnt_neck-Matrix-animation-output-transform"><float_array id="jnt_neck-Matrix-animation-output-transform-array" count="208">

0.991229 0.130759 0.019158 0.867453 -0.121003 0.956285 -0.266229 0.171571 -0.053132 0.261576 0.963719 -0.000001 0.000000 0.000000 0.000000 1.000000
0.991259 0.130417 0.019904 0.867450 -0.120633 0.957103 -0.263441 0.171571 -0.053407 0.258737 0.964470 -0.000000 0.000000 0.000000 0.000000 1.000000
0.991333 0.129563 0.021751 0.867456 -0.119725 0.959112 -0.256455 0.171572 -0.054089 0.251629 0.966311 -0.000001 0.000000 0.000000 0.000000 1.000000
0.991426 0.128423 0.024137 0.867458 -0.118544 0.961647 -0.247351 0.171573 -0.054977 0.242369 0.968625 -0.000001 0.000000 0.000000 0.000000 1.000000
0.991519 0.127229 0.026510 0.867450 -0.117341 0.964097 -0.238219 0.171570 -0.055867 0.233088 0.970850 0.000000 0.000000 0.000000 0.000000 1.000000
0.991586 0.126319 0.028311 0.867450 -0.116449 0.965918 -0.231175 0.171576 -0.056548 0.225933 0.972500 -0.000001 0.000000 0.000000 0.000000 1.000000
0.991614 0.125927 0.029036 0.867455 -0.116069 0.966635 -0.228354 0.171571 -0.056823 0.223069 0.973145 -0.000000 0.000000 0.000000 0.000000 1.000000
0.991587 0.126309 0.028315 0.867455 -0.116438 0.965919 -0.231175 0.171572 -0.056549 0.225933 0.972500 -0.000001 0.000000 0.000000 0.000000 1.000000
0.991519 0.127230 0.026511 0.867450 -0.117342 0.964097 -0.238219 0.171571 -0.055868 0.233088 0.970850 -0.000000 0.000000 0.000000 0.000000 1.000000
0.991426 0.128421 0.024137 0.867451 -0.118542 0.961647 -0.247351 0.171575 -0.054977 0.242369 0.968625 -0.000001 0.000000 0.000000 0.000000 1.000000
0.991335 0.129547 0.021760 0.867447 -0.119707 0.959114 -0.256457 0.171569 -0.054093 0.251630 0.966311 0.000000 0.000000 0.000000 0.000000 1.000000
0.991260 0.130415 0.019905 0.867457 -0.120631 0.957103 -0.263441 0.171571 -0.053408 0.258737 0.964470 -0.000001 0.000000 0.000000 0.000000 1.000000
0.991230 0.130748 0.019167 0.867450 -0.120990 0.956286 -0.266231 0.171570 -0.053138 0.261577 0.963719 -0.000000 0.000000 0.000000 0.000000 1.000000</float_array><technique_common><accessor source="#jnt_neck-Matrix-animation-output-transform-array" count="13" stride="16"><param type="float4x4"/></accessor></technique_common></source><source id="jnt_neck-Interpolations"><Name_array id="jnt_neck-Interpolations-array" count="13">
 LINEAR LINEAR LINEAR LINEAR LINEAR LINEAR LINEAR LINEAR LINEAR LINEAR LINEAR
LINEAR LINEAR</Name_array><technique_common><accessor source="#jnt_neck-Interpolations-array" count="13"><param type="name"/></accessor></technique_common></source><sampler id="jnt_neck-Matrix-animation-transform"><input semantic="INPUT" source="#jnt_neck-Matrix-animation-input"/><input semantic="OUTPUT" source="#jnt_neck-Matrix-animation-output-transform"/><input semantic="INTERPOLATION" source="#jnt_neck-Interpolations"/></sampler><channel source="#jnt_neck-Matrix-animation-transform" target="jnt_neck/matrix"/></animation></animation>
    <animation id="jnt_head-anim" name="jnt_head"><animation><source id="jnt_head-Matrix-animation-input"><float_array id="jnt_head-Matrix-animation-input-array" count="13">

0.000000 0.033333 0.066667 0.100000 0.133333 0.166667 0.200000 0.233333 0.266667 0.300000 0.333333 0.366667 0.400000</float_array><technique_common><accessor source="#jnt_head-Matrix-animation-input-array" count="13"><param name="TIME" type="float"/></accessor></technique_common></source><source id="jnt_head-Matrix-animation-output-transform"><float_array id="jnt_head-Matrix-animation-output-transform-array" count="208">

0.803867 0.549674 -0.227280 0.273591 -0.577315 0.813010 -0.075650 0.000001 0.143199 0.192025 0.970887 -0.000000 0.000000 0.000000 0.000000 1.000000
0.804071 0.549516 -0.226939 0.273591 -0.576669 0.813726 -0.072828 0.000001 0.144646 0.189427 0.971182 -0.000000 0.000000 0.000000 0.000000 1.000000
0.804574 0.549128 -0.226098 0.273592 -0.575048 0.815472 -0.065767 0.000000 0.148262 0.182932 0.971882 -0.000000 0.000000 0.000000 0.000000 1.000000
0.805206 0.548638 -0.225033 0.273592 -0.572929 0.817650 -0.056574 0.000001 0.152960 0.174482 0.972707 -0.000000 0.000000 0.000000 0.000000 1.000000
0.805814 0.548167 -0.224002 0.273591 -0.570797 0.819724 -0.047367 0.000000 0.157655 0.166028 0.973437 -0.000000 0.000000 0.000000 0.000000 1.000000
0.806266 0.547818 -0.223229 0.273592 -0.569148 0.821248 -0.040275 0.000001 0.161263 0.159523 0.973934 -0.000000 0.000000 0.000000 0.000000 1.000000
0.806443 0.547681 -0.222926 0.273592 -0.568486 0.821840 -0.037436 0.000001 0.162706 0.156920 0.974116 -0.000000 0.000000 0.000000 0.000000 1.000000
0.806266 0.547817 -0.223229 0.273591 -0.569148 0.821248 -0.040275 0.000001 0.161263 0.159523 0.973934 -0.000000 0.000000 0.000000 0.000000 1.000000
0.805814 0.548167 -0.224002 0.273591 -0.570797 0.819724 -0.047367 0.000001 0.157655 0.166028 0.973437 -0.000000 0.000000 0.000000 0.000000 1.000000
0.805206 0.548638 -0.225034 0.273591 -0.572929 0.817650 -0.056574 0.000000 0.152960 0.174482 0.972707 -0.000000 0.000000 0.000000 0.000000 1.000000
0.804573 0.549128 -0.226098 0.273592 -0.575048 0.815472 -0.065767 0.000001 0.148262 0.182932 0.971882 -0.000000 0.000000 0.000000 0.000000 1.000000
0.804071 0.549516 -0.226939 0.273591 -0.576669 0.813725 -0.072828 0.000000 0.144646 0.189428 0.971182 -0.000000 0.000000 0.000000 0.000000 1.000000
0.803867 0.549674 -0.227281 0.273591 -0.577315 0.813009 -0.075650 0.000001 0.143199 0.192025 0.970886 -0.000000 0.000000 0.000000 0.000000 1.000000</float_array><technique_common><accessor source="#jnt_head-Matrix-animation-output-transform-array" count="13" stride="16"><param type="float4x4"/></accessor></technique_common></source><source id="jnt_head-Interpolations"><Name_array id="jnt_head-Interpolations-array" count="13">
 LINEAR LINEAR LINEAR LINEAR LINEAR LINEAR LINEAR LINEAR LINEAR LINEAR LINEAR
LINEAR LINEAR</Name_array><technique_common><accessor source="#jnt_head-Interpolations-array" count="13"><param type="name"/></accessor></technique_common></source><sampler id="jnt_head-Matrix-animation-transform"><input semantic="INPUT" source="#jnt_head-Matrix-animation-input"/><input semantic="OUTPUT" source="#jnt_head-Matrix-animation-output-transform"/><input semantic="INTERPOLATION" source="#jnt_head-Interpolations"/></sampler><channel source="#jnt_head-Matrix-animation-transform" target="jnt_head/matrix"/></animation></animation>
    <animation id="jnt_left_shoulder-anim" name="jnt_left_shoulder"><animation><source id="jnt_left_shoulder-Matrix-animation-input"><float_array id="jnt_left_shoulder-Matrix-animation-input-array" count="13">

0.000000 0.033333 0.066667 0.100000 0.133333 0.166667 0.200000 0.233333 0.266667 0.300000 0.333333 0.366667 0.400000</float_array><technique_common><accessor source="#jnt_left_shoulder-Matrix-animation-input-array" count="13"><param name="TIME" type="float"/></accessor></technique_common></source><source id="jnt_left_shoulder-Matrix-animation-output-transform"><float_array id="jnt_left_shoulder-Matrix-animation-output-transform-array" count="208">

0.143204 0.023341 -0.989418 0.635987 0.164151 -0.986435 0.000488 0.114391 -0.975985 -0.162484 -0.145092 0.266187 0.000000 0.000000 0.000000 1.000000
0.129448 0.015456 -0.991466 0.635987 0.191006 -0.981542 0.009636 0.114392 -0.973016 -0.190624 -0.130011 0.266187 0.000000 0.000000 0.000000 1.000000
0.133272 0.009456 -0.991034 0.635987 0.215144 -0.976385 0.019616 0.114392 -0.967446 -0.215829 -0.132159 0.266187 0.000000 0.000000 0.000000 1.000000
0.128319 0.009069 -0.991691 0.635987 0.213213 -0.976828 0.018655 0.114391 -0.968542 -0.213835 -0.127279 0.266187 0.000000 0.000000 0.000000 1.000000
0.124696 0.010724 -0.992137 0.635987 0.209243 -0.977737 0.015730 0.114391 -0.969880 -0.209559 -0.124164 0.266187 0.000000 0.000000 0.000000 1.000000
0.126718 0.015986 -0.991810 0.635987 0.194243 -0.980912 0.009007 0.114392 -0.972734 -0.193793 -0.127405 0.266187 0.000000 0.000000 0.000000 1.000000
0.135774 0.023828 -0.990453 0.635987 0.167841 -0.985814 -0.000708 0.114392 -0.976419 -0.166143 -0.137847 0.266187 0.000000 0.000000 0.000000 1.000000
0.154163 0.024970 -0.987730 0.635987 0.165340 -0.986236 0.000873 0.114391 -0.974113 -0.163446 -0.156170 0.266187 0.000000 0.000000 0.000000 1.000000
0.160149 0.023753 -0.986807 0.635987 0.171502 -0.985175 0.004120 0.114392 -0.972080 -0.169899 -0.161848 0.266187 0.000000 0.000000 0.000000 1.000000
0.152331 0.024529 -0.988025 0.635987 0.166134 -0.986102 0.001133 0.114392 -0.974266 -0.164318 -0.154289 0.266187 0.000000 0.000000 0.000000 1.000000
0.147206 0.024611 -0.988800 0.635987 0.165084 -0.986279 0.000028 0.114391 -0.975232 -0.163239 -0.149249 0.266187 0.000000 0.000000 0.000000 1.000000
0.144198 0.024097 -0.989255 0.635987 0.167337 -0.985900 0.000376 0.114392 -0.975298 -0.165593 -0.146197 0.266187 0.000000 0.000000 0.000000 1.000000
0.142578 0.024904 -0.989470 0.635987 0.164292 -0.986411 -0.001153 0.114392 -0.976053 -0.162398 -0.144732 0.266187 0.000000 0.000000 0.000000 1.000000</float_array><technique_common><accessor source="#jnt_left_shoulder-Matrix-animation-output-transform-array" count="13" stride="16"><param type="float4x4"/></accessor></technique_common></source><source id="jnt_left_shoulder-Interpolations"><Name_array id="jnt_left_shoulder-Interpolations-array" count="13">
 LINEAR LINEAR LINEAR LINEAR LINEAR LINEAR LINEAR LINEAR LINEAR LINEAR LINEAR
LINEAR LINEAR</Name_array><technique_common><accessor source="#jnt_left_shoulder-Interpolations-array" count="13"><param type="name"/></accessor></technique_common></source><sampler id="jnt_left_shoulder-Matrix-animation-transform"><input semantic="INPUT" source="#jnt_left_shoulder-Matrix-animation-input"/><input semantic="OUTPUT" source="#jnt_left_shoulder-Matrix-animation-output-transform"/><input semantic="INTERPOLATION" source="#jnt_left_shoulder-Interpolations"/></sampler><channel source="#jnt_left_shoulder-Matrix-animation-transform" target="jnt_left_shoulder/matrix"/></animation></animation>
    <animation id="jnt_left_arm-anim" name="jnt_left_arm"><animation><source id="jnt_left_arm-Matrix-animation-input"><float_array id="jnt_left_arm-Matrix-animation-input-array" count="13">

0.000000 0.033333 0.066667 0.100000 0.133333 0.166667 0.200000 0.233333 0.266667 0.300000 0.333333 0.366667 0.400000</float_array><technique_common><accessor source="#jnt_left_arm-Matrix-animation-input-array" count="13"><param name="TIME" type="float"/></accessor></technique_common></source><source id="jnt_left_arm-Matrix-animation-output-transform"><float_array id="jnt_left_arm-Matrix-animation-output-transform-array" count="208">

0.853155 -0.213332 0.476042 -0.525417 0.002015 0.913897 0.405940 -0.032447 -0.521653 -0.345371 0.780126 0.009492 0.000000 0.000000 0.000000 1.000000
0.859225 -0.226432 0.458760 -0.525417 0.008740 0.903087 0.429369 -0.032447 -0.511523 -0.364915 0.777934 0.009491 0.000000 0.000000 0.000000 1.000000
0.868042 -0.216522 0.446789 -0.525417 -0.011612 0.890795 0.454257 -0.032447 -0.496354 -0.399503 0.770733 0.009491 0.000000 0.000000 0.000000 1.000000
0.864560 -0.188500 0.465837 -0.525417 -0.092482 0.851469 0.516185 -0.032447 -0.493946 -0.489354 0.718714 0.009491 0.000000 0.000000 0.000000 1.000000
0.847013 -0.206944 0.489635 -0.525417 -0.150047 0.790574 0.593699 -0.032447 -0.509955 -0.576339 0.638575 0.009492 0.000000 0.000000 0.000000 1.000000
0.836495 -0.235671 0.494708 -0.525416 -0.182513 0.731422 0.657047 -0.032447 -0.516687 -0.639907 0.568818 0.009492 0.000000 0.000000 0.000000 1.000000
0.835874 -0.253548 0.486856 -0.525417 -0.190288 0.698093 0.690259 -0.032447 -0.514884 -0.669612 0.535270 0.009491 0.000000 0.000000 0.000000 1.000000
0.841428 -0.270177 0.467979 -0.525417 -0.150560 0.714521 0.683221 -0.032447 -0.518971 -0.645340 0.560540 0.009492 0.000000 0.000000 0.000000 1.000000
0.850601 -0.279853 0.445152 -0.525417 -0.093207 0.752943 0.651452 -0.032448 -0.517485 -0.595617 0.614369 0.009492 0.000000 0.000000 0.000000 1.000000
0.858602 -0.266059 0.438195 -0.525417 -0.053861 0.803228 0.593231 -0.032447 -0.509805 -0.532951 0.675323 0.009491 0.000000 0.000000 0.000000 1.000000
0.859268 -0.246481 0.448225 -0.525417 -0.021408 0.858156 0.512943 -0.032447 -0.511078 -0.450351 0.732109 0.009491 0.000000 0.000000 0.000000 1.000000
0.855216 -0.227190 0.465822 -0.525416 -0.001235 0.897903 0.440192 -0.032448 -0.518271 -0.377034 0.767620 0.009492 0.000000 0.000000 0.000000 1.000000
0.853076 -0.213548 0.476088 -0.525417 0.002888 0.914335 0.404949 -0.032447 -0.521779 -0.344077 0.780613 0.009491 0.000000 0.000000 0.000000 1.000000</float_array><technique_common><accessor source="#jnt_left_arm-Matrix-animation-output-transform-array" count="13" stride="16"><param type="float4x4"/></accessor></technique_common></source><source id="jnt_left_arm-Interpolations"><Name_array id="jnt_left_arm-Interpolations-array" count="13">
 LINEAR LINEAR LINEAR LINEAR LINEAR LINEAR LINEAR LINEAR LINEAR LINEAR LINEAR
LINEAR LINEAR</Name_array><technique_common><accessor source="#jnt_left_arm-Interpolations-array" count="13"><param type="name"/></accessor></technique_common></source><sampler id="jnt_left_arm-Matrix-animation-transform"><input semantic="INPUT" source="#jnt_left_arm-Matrix-animation-input"/><input semantic="OUTPUT" source="#jnt_left_arm-Matrix-animation-output-transform"/><input semantic="INTERPOLATION" source="#jnt_left_arm-Interpolations"/></sampler><channel source="#jnt_left_arm-Matrix-animation-transform" target="jnt_left_arm/matrix"/></animation></animation>
    <animation id="jnt_left_armroll-anim" name="jnt_left_armroll"><animation><source id="jnt_left_armroll-Matrix-animation-input"><float_array id="jnt_left_armroll-Matrix-animation-input-array" count="13">

0.000000 0.033333 0.066667 0.100000 0.133333 0.166667 0.200000 0.233333 0.266667 0.300000 0.333333 0.366667 0.400000</float_array><technique_common><accessor source="#jnt_left_armroll-Matrix-animation-input-array" count="13"><param name="TIME" type="float"/></accessor></technique_common></source><source id="jnt_left_armroll-Matrix-animation-output-transform"><float_array id="jnt_left_armroll-Matrix-animation-output-transform-array" count="208">

1.000000 -0.000009 0.000000 -0.421995 0.000008 0.934921 0.354856 0.000001 -0.000003 -0.354856 0.934921 -0.000004 0.000000 0.000000 0.000000 1.000000
1.000000 -0.000009 -0.000000 -0.421995 0.000008 0.934921 0.354856 0.000001 -0.000003 -0.354856 0.934921 -0.000004 0.000000 0.000000 0.000000 1.000000
1.000000 -0.000009 0.000000 -0.421995 0.000008 0.934921 0.354857 0.000001 -0.000003 -0.354857 0.934921 -0.000004 0.000000 0.000000 0.000000 1.000000
1.000000 -0.000009 0.000000 -0.421995 0.000008 0.934921 0.354857 0.000001 -0.000003 -0.354857 0.934921 -0.000004 0.000000 0.000000 0.000000 1.000000
1.000000 -0.000009 0.000000 -0.421995 0.000008 0.934921 0.354857 0.000001 -0.000003 -0.354857 0.934921 -0.000004 0.000000 0.000000 0.000000 1.000000
1.000000 -0.000009 0.000000 -0.421995 0.000008 0.934921 0.354857 0.000001 -0.000003 -0.354857 0.934921 -0.000004 0.000000 0.000000 0.000000 1.000000
1.000000 -0.000009 0.000000 -0.421995 0.000008 0.934921 0.354856 0.000001 -0.000004 -0.354856 0.934921 -0.000004 0.000000 0.000000 0.000000 1.000000
1.000000 -0.000009 0.000000 -0.421995 0.000008 0.934921 0.354857 0.000001 -0.000004 -0.354857 0.934921 -0.000004 0.000000 0.000000 0.000000 1.000000
1.000000 -0.000009 0.000000 -0.421995 0.000008 0.934921 0.354857 0.000001 -0.000004 -0.354857 0.934921 -0.000004 0.000000 0.000000 0.000000 1.000000
1.000000 -0.000009 0.000001 -0.421995 0.000008 0.934921 0.354857 0.000001 -0.000004 -0.354857 0.934921 -0.000004 0.000000 0.000000 0.000000 1.000000
1.000000 -0.000009 0.000001 -0.421995 0.000008 0.934921 0.354856 0.000001 -0.000004 -0.354856 0.934921 -0.000004 0.000000 0.000000 0.000000 1.000000
1.000000 -0.000009 0.000001 -0.421995 0.000008 0.934921 0.354856 0.000001 -0.000004 -0.354856 0.934921 -0.000004 0.000000 0.000000 0.000000 1.000000
1.000000 -0.000009 0.000000 -0.421995 0.000008 0.934921 0.354856 0.000001 -0.000003 -0.354856 0.934921 -0.000004 0.000000 0.000000 0.000000 1.000000</float_array><technique_common><accessor source="#jnt_left_armroll-Matrix-animation-output-transform-array" count="13" stride="16"><param type="float4x4"/></accessor></technique_common></source><source id="jnt_left_armroll-Interpolations"><Name_array id="jnt_left_armroll-Interpolations-array" count="13">
 LINEAR LINEAR LINEAR LINEAR LINEAR LINEAR LINEAR LINEAR LINEAR LINEAR LINEAR
LINEAR LINEAR</Name_array><technique_common><accessor source="#jnt_left_armroll-Interpolations-array" count="13"><param type="name"/></accessor></technique_common></source><sampler id="jnt_left_armroll-Matrix-animation-transform"><input semantic="INPUT" source="#jnt_left_armroll-Matrix-animation-input"/><input semantic="OUTPUT" source="#jnt_left_armroll-Matrix-animation-output-transform"/><input semantic="INTERPOLATION" source="#jnt_left_armroll-Interpolations"/></sampler><channel source="#jnt_left_armroll-Matrix-animation-transform" target="jnt_left_armroll/matrix"/></animation></animation>
    <animation id="jnt_left_forearm-anim" name="jnt_left_forearm"><animation><source id="jnt_left_forearm-Matrix-animation-input"><float_array id="jnt_left_forearm-Matrix-animation-input-array" count="13">

0.000000 0.033333 0.066667 0.100000 0.133333 0.166667 0.200000 0.233333 0.266667 0.300000 0.333333 0.366667 0.400000</float_array><technique_common><accessor source="#jnt_left_forearm-Matrix-animation-input-array" count="13"><param name="TIME" type="float"/></accessor></technique_common></source><source id="jnt_left_forearm-Matrix-animation-output-transform"><float_array id="jnt_left_forearm-Matrix-animation-output-transform-array" count="208">

0.173619 -0.863886 -0.472819 -0.843981 0.936928 0.292784 -0.190904 -0.000001 0.303352 -0.409852 0.860232 0.000002 0.000000 0.000000 0.000000 1.000000
0.203225 -0.860508 -0.467147 -0.843982 0.931304 0.317172 -0.179096 0.000001 0.302279 -0.398659 0.865851 0.000003 0.000000 0.000000 0.000000 1.000000
0.240247 -0.842132 -0.482798 -0.843982 0.919210 0.357218 -0.165675 -0.000002 0.311984 -0.403990 0.859917 0.000002 0.000000 0.000000 0.000000 1.000000
0.262259 -0.823321 -0.503351 -0.843981 0.909053 0.385804 -0.157410 -0.000001 0.323794 -0.416291 0.849623 0.000002 0.000000 0.000000 0.000000 1.000000
0.284078 -0.812457 -0.509130 -0.843983 0.900882 0.407939 -0.148316 0.000001 0.328195 -0.416533 0.847814 0.000003 0.000000 0.000000 0.000000 1.000000
0.294036 -0.808701 -0.509457 -0.843982 0.896760 0.417842 -0.145703 0.000001 0.330703 -0.414019 0.848071 0.000004 0.000000 0.000000 0.000000 1.000000
0.303189 -0.813492 -0.496293 -0.843982 0.895481 0.421319 -0.143543 0.000002 0.325869 -0.400900 0.856206 0.000004 0.000000 0.000000 0.000000 1.000000
0.305259 -0.817463 -0.488439 -0.843981 0.896426 0.419743 -0.142254 0.000000 0.321306 -0.394425 0.860925 0.000003 0.000000 0.000000 0.000000 1.000000
0.275304 -0.820921 -0.500296 -0.843982 0.904745 0.397190 -0.153873 0.000003 0.325030 -0.410279 0.852072 0.000005 0.000000 0.000000 0.000000 1.000000
0.224279 -0.833080 -0.505645 -0.843981 0.918775 0.353737 -0.175281 0.000002 0.324888 -0.425262 0.844749 0.000004 0.000000 0.000000 0.000000 1.000000
0.189272 -0.843581 -0.502541 -0.843981 0.928180 0.320704 -0.188764 0.000002 0.320404 -0.430721 0.843695 0.000004 0.000000 0.000000 0.000000 1.000000
0.178571 -0.850825 -0.494175 -0.843981 0.931745 0.307615 -0.192935 -0.000000 0.316169 -0.425993 0.847683 0.000003 0.000000 0.000000 0.000000 1.000000
0.173498 -0.863910 -0.472819 -0.843981 0.936946 0.292683 -0.190969 0.000001 0.303366 -0.409873 0.860217 0.000003 0.000000 0.000000 0.000000 1.000000</float_array><technique_common><accessor source="#jnt_left_forearm-Matrix-animation-output-transform-array" count="13" stride="16"><param type="float4x4"/></accessor></technique_common></source><source id="jnt_left_forearm-Interpolations"><Name_array id="jnt_left_forearm-Interpolations-array" count="13">
 LINEAR LINEAR LINEAR LINEAR LINEAR LINEAR LINEAR LINEAR LINEAR LINEAR LINEAR
LINEAR LINEAR</Name_array><technique_common><accessor source="#jnt_left_forearm-Interpolations-array" count="13"><param type="name"/></accessor></technique_common></source><sampler id="jnt_left_forearm-Matrix-animation-transform"><input semantic="INPUT" source="#jnt_left_forearm-Matrix-animation-input"/><input semantic="OUTPUT" source="#jnt_left_forearm-Matrix-animation-output-transform"/><input semantic="INTERPOLATION" source="#jnt_left_forearm-Interpolations"/></sampler><channel source="#jnt_left_forearm-Matrix-animation-transform" target="jnt_left_forearm/matrix"/></animation></animation>
    <animation id="jnt_left_forearmroll-anim" name="jnt_left_forearmroll"><animation><source id="jnt_left_forearmroll-Matrix-animation-input"><float_array id="jnt_left_forearmroll-Matrix-animation-input-array" count="13">

0.000000 0.033333 0.066667 0.100000 0.133333 0.166667 0.200000 0.233333 0.266667 0.300000 0.333333 0.366667 0.400000</float_array><technique_common><accessor source="#jnt_left_forearmroll-Matrix-animation-input-array" count="13"><param name="TIME" type="float"/></accessor></technique_common></source><source id="jnt_left_forearmroll-Matrix-animation-output-transform"><float_array id="jnt_left_forearmroll-Matrix-animation-output-transform-array" count="208">

1.000000 0.000005 -0.000002 -0.487002 -0.000005 0.783643 -0.621211 0.000000 -0.000002 0.621211 0.783643 -0.000004 0.000000 0.000000 0.000000 1.000000
1.000000 0.000005 -0.000002 -0.487002 -0.000005 0.783643 -0.621212 -0.000000 -0.000002 0.621212 0.783643 -0.000004 0.000000 0.000000 0.000000 1.000000
1.000000 0.000005 -0.000002 -0.487002 -0.000005 0.783643 -0.621212 0.000000 -0.000001 0.621212 0.783643 -0.000004 0.000000 0.000000 0.000000 1.000000
