<?xml version="1.0" encoding="utf-8"?>
<COLLADA xmlns="http://www.collada.org/2005/11/COLLADASchema" version="1.4.1">
  <asset><contributor><author></author><authoring_tool>FBX COLLADA exporter</authoring_tool><comments></comments></contributor><created>2020-04-13T21:13:22Z</created><keywords></keywords><modified>2020-04-13T21:13:22Z</modified><revision></revision><subject></subject><title></title><unit meter="0.010000" name="centimeter"></unit><up_axis>Y_UP</up_axis></asset>
  <library_animations>
    <animation id="root_jnt-anim" name="root_jnt"><animation><source id="root_jnt-Matrix-animation-input"><float_array id="root_jnt-Matrix-animation-input-array" count="15">

0.000000 0.033333 0.066667 0.100000 0.133333 0.166667 0.200000 0.233333 0.266667 0.300000 0.333333 0.366667 0.400000 0.433333 0.466667</float_array><technique_common><accessor source="#root_jnt-Matrix-animation-input-array" count="15"><param name="TIME" type="float"/></accessor></technique_common></source><source id="root_jnt-Matrix-animation-output-transform"><float_array id="root_jnt-Matrix-animation-output-transform-array" count="240">

1.000000 0.000000 0.000000 0.000000 0.000000 1.000000 0.000000 0.000000 0.000000 0.000000 1.000000 0.000000 0.000000 0.000000 0.000000 1.000000
1.000000 0.000000 0.000000 0.000000 0.000000 1.000000 0.000000 0.000000 0.000000 0.000000 1.000000 0.000000 0.000000 0.000000 0.000000 1.000000
1.000000 0.000000 0.000000 0.000000 0.000000 1.000000 0.000000 0.000000 0.000000 0.000000 1.000000 0.000000 0.000000 0.000000 0.000000 1.000000
1.000000 0.000000 0.000000 0.000000 0.000000 1.000000 0.000000 0.000000 0.000000 0.000000 1.000000 0.000000 0.000000 0.000000 0.000000 1.000000
1.000000 0.000000 0.000000 0.000000 0.000000 1.000000 0.000000 0.000000 0.000000 0.000000 1.000000 0.000000 0.000000 0.000000 0.000000 1.000000
1.000000 0.000000 0.000000 0.000000 0.000000 1.000000 0.000000 0.000000 0.000000 0.000000 1.000000 0.000000 0.000000 0.000000 0.000000 1.000000
1.000000 0.000000 0.000000 0.000000 0.000000 1.000000 0.000000 0.000000 0.000000 0.000000 1.000000 0.000000 0.000000 0.000000 0.000000 1.000000
1.000000 0.000000 0.000000 0.000000 0.000000 1.000000 0.000000 0.000000 0.000000 0.000000 1.000000 0.000000 0.000000 0.000000 0.000000 1.000000
1.000000 0.000000 0.000000 0.000000 0.000000 1.000000 0.000000 0.000000 0.000000 0.000000 1.000000 0.000000 0.000000 0.000000 0.000000 1.000000
1.000000 0.000000 0.000000 0.000000 0.000000 1.000000 0.000000 0.000000 0.000000 0.000000 1.000000 0.000000 0.000000 0.000000 0.000000 1.000000
1.000000 0.000000 0.000000 0.000000 0.000000 1.000000 0.000000 0.000000 0.000000 0.000000 1.000000 0.000000 0.000000 0.000000 0.000000 1.000000
1.000000 0.000000 0.000000 0.000000 0.000000 1.000000 0.000000 0.000000 0.000000 0.000000 1.000000 0.000000 0.000000 0.000000 0.000000 1.000000
1.000000 0.000000 0.000000 0.000000 0.000000 1.000000 0.000000 0.000000 0.000000 0.000000 1.000000 0.000000 0.000000 0.000000 0.000000 1.000000
1.000000 0.000000 0.000000 0.000000 0.000000 1.000000 0.000000 0.000000 0.000000 0.000000 1.000000 0.000000 0.000000 0.000000 0.000000 1.000000
1.000000 0.000000 0.000000 0.000000 0.000000 1.000000 0.000000 0.000000 0.000000 0.000000 1.000000 0.000000 0.000000 0.000000 0.000000 1.000000</float_array><technique_common><accessor source="#root_jnt-Matrix-animation-output-transform-array" count="15" stride="16"><param type="float4x4"/></accessor></technique_common></source><source id="root_jnt-Interpolations"><Name_array id="root_jnt-Interpolations-array" count="15">
 LINEAR LINEAR LINEAR LINEAR LINEAR LINEAR LINEAR LINEAR LINEAR LINEAR LINEAR
LINEAR LINEAR LINEAR LINEAR</Name_array><technique_common><accessor source="#root_jnt-Interpolations-array" count="15"><param type="name"/></accessor></technique_common></source><sampler id="root_jnt-Matrix-animation-transform"><input semantic="INPUT" source="#root_jnt-Matrix-animation-input"/><input semantic="OUTPUT" source="#root_jnt-Matrix-animation-output-transform"/><input semantic="INTERPOLATION" source="#root_jnt-Interpolations"/></sampler><channel source="#root_jnt-Matrix-animation-transform" target="root_jnt/matrix"/></animation></animation>
    <animation id="jnt_hips-anim" name="jnt_hips"><animation><source id="jnt_hips-Matrix-animation-input"><float_array id="jnt_hips-Matrix-animation-input-array" count="15">

0.000000 0.033333 0.066667 0.100000 0.133333 0.166667 0.200000 0.233333 0.266667 0.300000 0.333333 0.366667 0.400000 0.433333 0.466667</float_array><technique_common><accessor source="#jnt_hips-Matrix-animation-input-array" count="15"><param name="TIME" type="float"/></accessor></technique_common></source><source id="jnt_hips-Matrix-animation-output-transform"><float_array id="jnt_hips-Matrix-animation-output-transform-array" count="240">

0.962594 0.027122 -0.269587 0.056394 -0.108832 0.949888 -0.293033 1.872556 0.248130 0.311412 0.917308 -0.004832 0.000000 0.000000 0.000000 1.000000
0.923581 0.027633 -0.382407 0.069128 -0.152532 0.941553 -0.300354 1.848771 0.351756 0.335731 0.873815 -0.000256 0.000000 0.000000 0.000000 1.000000
0.893558 0.039483 -0.447207 0.058026 -0.194537 0.931800 -0.306436 1.797541 0.404609 0.360817 0.840299 0.002255 0.000000 0.000000 0.000000 1.000000
0.912170 0.012534 -0.409620 0.057778 -0.164411 0.926760 -0.337764 1.829048 0.375386 0.375444 0.847424 0.006614 0.000000 0.000000 0.000000 1.000000
0.959300 -0.031959 -0.280574 0.029626 -0.076510 0.926998 -0.367181 1.896291 0.271826 0.373703 0.886824 0.003407 0.000000 0.000000 0.000000 1.000000
0.990087 -0.049110 -0.131593 -0.018683 -0.002560 0.930419 -0.366489 1.939299 0.140434 0.363192 0.921070 0.000765 0.000000 0.000000 0.000000 1.000000
0.999464 -0.032599 -0.003029 -0.035954 0.029379 0.933866 -0.356414 1.915781 0.014447 0.356134 0.934323 -0.000592 0.000000 0.000000 0.000000 1.000000
0.992720 -0.011636 0.119883 -0.042887 0.054250 0.931843 -0.358783 1.882536 -0.107537 0.362675 0.925690 0.000507 0.000000 0.000000 0.000000 1.000000
0.975040 -0.001565 0.222023 -0.038639 0.086379 0.923869 -0.372833 1.841803 -0.204537 0.382705 0.900945 0.003797 0.000000 0.000000 0.000000 1.000000
0.971252 0.011097 0.237795 -0.028226 0.083851 0.918946 -0.385365 1.824012 -0.222797 0.394226 0.891598 0.005480 0.000000 0.000000 0.000000 1.000000
0.989460 0.032696 0.141070 -0.011517 0.023008 0.926307 -0.376066 1.855268 -0.142970 0.375348 0.915791 0.002343 0.000000 0.000000 0.000000 1.000000
0.999144 0.041358 0.001314 0.026986 -0.038504 0.940899 -0.336493 1.893470 -0.015152 0.336154 0.941685 -0.003127 0.000000 0.000000 0.000000 1.000000
0.994481 0.024583 -0.101993 0.053148 -0.054247 0.952606 -0.299330 1.880422 0.089801 0.303211 0.948683 -0.007090 0.000000 0.000000 0.000000 1.000000
0.984845 0.004794 -0.173371 0.057788 -0.054467 0.957595 -0.282921 1.841447 0.164663 0.288077 0.943344 -0.008546 0.000000 0.000000 0.000000 1.000000
0.962594 0.027122 -0.269587 0.056394 -0.108832 0.949888 -0.293033 1.872556 0.248130 0.311412 0.917308 -0.004832 0.000000 0.000000 0.000000 1.000000</float_array><technique_common><accessor source="#jnt_hips-Matrix-animation-output-transform-array" count="15" stride="16"><param type="float4x4"/></accessor></technique_common></source><source id="jnt_hips-Interpolations"><Name_array id="jnt_hips-Interpolations-array" count="15">
 LINEAR LINEAR LINEAR LINEAR LINEAR LINEAR LINEAR LINEAR LINEAR LINEAR LINEAR
LINEAR LINEAR LINEAR LINEAR</Name_array><technique_common><accessor source="#jnt_hips-Interpolations-array" count="15"><param type="name"/></accessor></technique_common></source><sampler id="jnt_hips-Matrix-animation-transform"><input semantic="INPUT" source="#jnt_hips-Matrix-animation-input"/><input semantic="OUTPUT" source="#jnt_hips-Matrix-animation-output-transform"/><input semantic="INTERPOLATION" source="#jnt_hips-Interpolations"/></sampler><channel source="#jnt_hips-Matrix-animation-transform" target="jnt_hips/matrix"/></animation></animation>
    <animation id="jnt_spine1-anim" name="jnt_spine1"><animation><source id="jnt_spine1-Matrix-animation-input"><float_array id="jnt_spine1-Matrix-animation-input-array" count="15">

0.000000 0.033333 0.066667 0.100000 0.133333 0.166667 0.200000 0.233333 0.266667 0.300000 0.333333 0.366667 0.400000 0.433333 0.466667</float_array><technique_common><accessor source="#jnt_spine1-Matrix-animation-input-array" count="15"><param name="TIME" type="float"/></accessor></technique_common></source><source id="jnt_spine1-Matrix-animation-output-transform"><float_array id="jnt_spine1-Matrix-animation-output-transform-array" count="240">

-0.104420 -0.030072 0.994079 0.000000 0.980472 -0.170597 0.097830 0.212132 0.166645 0.984882 0.047299 0.023482 0.000000 0.000000 0.000000 1.000000
-0.119899 0.057586 0.991115 -0.000000 0.978144 -0.163970 0.127857 0.212132 0.169876 0.984783 -0.036667 0.023482 0.000000 0.000000 0.000000 1.000000
-0.118978 0.163286 0.979378 -0.000000 0.980597 -0.135453 0.141709 0.212132 0.155798 0.977236 -0.144002 0.023482 0.000000 0.000000 0.000000 1.000000
-0.085213 0.220454 0.971668 0.000000 0.985832 -0.122757 0.114307 0.212132 0.144478 0.967642 -0.206870 0.023482 0.000000 0.000000 0.000000 1.000000
-0.019434 0.221160 0.975044 -0.000000 0.989608 -0.134716 0.050281 0.212132 0.142474 0.965888 -0.216243 0.023482 0.000000 0.000000 0.000000 1.000000
0.040793 0.196601 0.979635 -0.000000 0.987188 -0.159300 -0.009138 0.212132 0.154259 0.967456 -0.200580 0.023482 0.000000 0.000000 0.000000 1.000000
0.073110 0.160545 0.984317 0.000000 0.983175 -0.177260 -0.044113 0.212132 0.167398 0.970981 -0.170803 0.023482 0.000000 0.000000 0.000000 1.000000
0.081633 0.092328 0.992377 -0.000000 0.983163 -0.170784 -0.064986 0.212132 0.163482 0.980973 -0.104715 0.023482 0.000000 0.000000 0.000000 1.000000
0.074763 -0.006999 0.997177 -0.000000 0.987043 -0.141852 -0.074999 0.212132 0.141977 0.989863 -0.003697 0.023482 0.000000 0.000000 0.000000 1.000000
0.045950 -0.089021 0.994969 0.000000 0.991881 -0.114164 -0.056022 0.212132 0.118577 0.989465 0.083052 0.023482 0.000000 0.000000 0.000000 1.000000
-0.004936 -0.117700 0.993037 0.000000 0.994019 -0.108916 -0.007968 0.212132 0.109096 0.987058 0.117533 0.023482 0.000000 0.000000 0.000000 1.000000
-0.051367 -0.115104 0.992024 0.000000 0.991443 -0.125247 0.036805 0.212132 0.120012 0.985426 0.120552 0.023482 0.000000 0.000000 0.000000 1.000000
-0.071553 -0.112670 0.991053 0.000000 0.987717 -0.146378 0.054671 0.212132 0.138908 0.982791 0.121760 0.023482 0.000000 0.000000 0.000000 1.000000
-0.077503 -0.101957 0.991765 0.000000 0.985084 -0.161121 0.060418 0.212132 0.153634 0.981654 0.112923 0.023483 0.000000 0.000000 0.000000 1.000000
-0.104420 -0.030072 0.994079 0.000000 0.980472 -0.170597 0.097830 0.212132 0.166645 0.984882 0.047299 0.023482 0.000000 0.000000 0.000000 1.000000</float_array><technique_common><accessor source="#jnt_spine1-Matrix-animation-output-transform-array" count="15" stride="16"><param type="float4x4"/></accessor></technique_common></source><source id="jnt_spine1-Interpolations"><Name_array id="jnt_spine1-Interpolations-array" count="15">
 LINEAR LINEAR LINEAR LINEAR LINEAR LINEAR LINEAR LINEAR LINEAR LINEAR LINEAR
LINEAR LINEAR LINEAR LINEAR</Name_array><technique_common><accessor source="#jnt_spine1-Interpolations-array" count="15"><param type="name"/></accessor></technique_common></source><sampler id="jnt_spine1-Matrix-animation-transform"><input semantic="INPUT" source="#jnt_spine1-Matrix-animation-input"/><input semantic="OUTPUT" source="#jnt_spine1-Matrix-animation-output-transform"/><input semantic="INTERPOLATION" source="#jnt_spine1-Interpolations"/></sampler><channel source="#jnt_spine1-Matrix-animation-transform" target="jnt_spine1/matrix"/></animation></animation>
    <animation id="jnt_spine2-anim" name="jnt_spine2"><animation><source id="jnt_spine2-Matrix-animation-input"><float_array id="jnt_spine2-Matrix-animation-input-array" count="15">

0.000000 0.033333 0.066667 0.100000 0.133333 0.166667 0.200000 0.233333 0.266667 0.300000 0.333333 0.366667 0.400000 0.433333 0.466667</float_array><technique_common><accessor source="#jnt_spine2-Matrix-animation-input-array" count="15"><param name="TIME" type="float"/></accessor></technique_common></source><source id="jnt_spine2-Matrix-animation-output-transform"><float_array id="jnt_spine2-Matrix-animation-output-transform-array" count="240">

0.997851 -0.063559 0.015915 0.426848 0.063413 0.997942 0.009555 -0.000000 -0.016490 -0.008525 0.999828 -0.000000 0.000000 0.000000 0.000000 1.000000
0.998011 -0.060463 0.017845 0.426848 0.060925 0.997789 -0.026560 0.000000 -0.016200 0.027594 0.999488 -0.000000 0.000000 0.000000 0.000000 1.000000
0.997803 -0.063565 0.018667 0.426848 0.064654 0.995784 -0.065077 -0.000000 -0.014452 0.066141 0.997706 0.000000 0.000000 0.000000 0.000000 1.000000
0.998394 -0.056338 0.005916 0.426848 0.056639 0.994654 -0.086349 0.000000 -0.001020 0.086546 0.996247 -0.000000 0.000000 0.000000 0.000000 1.000000
0.998530 -0.052052 -0.015132 0.426849 0.050479 0.994631 -0.090339 0.000000 0.019753 0.089442 0.995796 -0.000000 0.000000 0.000000 0.000000 1.000000
0.997802 -0.057494 -0.032955 0.426849 0.054448 0.994731 -0.086870 0.000000 0.037776 0.084884 0.995674 -0.000000 0.000000 0.000000 0.000000 1.000000
0.996930 -0.065783 -0.042474 0.426848 0.062428 0.995152 -0.075992 0.000000 0.047267 0.073107 0.996203 -0.000000 0.000000 0.000000 0.000000 1.000000
0.996702 -0.067552 -0.044958 0.426848 0.065346 0.996667 -0.048839 -0.000000 0.048107 0.045741 0.997794 -0.000000 0.000000 0.000000 0.000000 1.000000
0.997321 -0.060495 -0.041132 0.426849 0.060180 0.998148 -0.008862 -0.000000 0.041592 0.006363 0.999114 -0.000000 0.000000 0.000000 0.000000 1.000000
0.998413 -0.047687 -0.029965 0.426848 0.048400 0.998551 0.023520 0.000000 0.028800 -0.024933 0.999274 -0.000000 0.000000 0.000000 0.000000 1.000000
0.999010 -0.042098 -0.014378 0.426848 0.042572 0.998501 0.034402 0.000000 0.012908 -0.034980 0.999305 -0.000000 0.000000 0.000000 0.000000 1.000000
0.998724 -0.050460 -0.001860 0.426848 0.050494 0.998163 0.033473 -0.000000 0.000167 -0.033524 0.999438 0.000000 0.000000 0.000000 0.000000 1.000000
0.998091 -0.061523 0.005447 0.426848 0.061310 0.997568 0.033154 0.000000 -0.007473 -0.032757 0.999435 0.000000 0.000000 0.000000 0.000000 1.000000
0.997603 -0.068221 0.011621 0.426849 0.067850 0.997251 0.029766 -0.000000 -0.013620 -0.028906 0.999489 -0.000000 0.000000 0.000000 0.000000 1.000000
0.997851 -0.063559 0.015915 0.426848 0.063413 0.997942 0.009555 -0.000000 -0.016490 -0.008525 0.999828 -0.000000 0.000000 0.000000 0.000000 1.000000</float_array><technique_common><accessor source="#jnt_spine2-Matrix-animation-output-transform-array" count="15" stride="16"><param type="float4x4"/></accessor></technique_common></source><source id="jnt_spine2-Interpolations"><Name_array id="jnt_spine2-Interpolations-array" count="15">
 LINEAR LINEAR LINEAR LINEAR LINEAR LINEAR LINEAR LINEAR LINEAR LINEAR LINEAR
LINEAR LINEAR LINEAR LINEAR</Name_array><technique_common><accessor source="#jnt_spine2-Interpolations-array" count="15"><param type="name"/></accessor></technique_common></source><sampler id="jnt_spine2-Matrix-animation-transform"><input semantic="INPUT" source="#jnt_spine2-Matrix-animation-input"/><input semantic="OUTPUT" source="#jnt_spine2-Matrix-animation-output-transform"/><input semantic="INTERPOLATION" source="#jnt_spine2-Interpolations"/></sampler><channel source="#jnt_spine2-Matrix-animation-transform" target="jnt_spine2/matrix"/></animation></animation>
    <animation id="jnt_spine3-anim" name="jnt_spine3"><animation><source id="jnt_spine3-Matrix-animation-input"><float_array id="jnt_spine3-Matrix-animation-input-array" count="15">

0.000000 0.033333 0.066667 0.100000 0.133333 0.166667 0.200000 0.233333 0.266667 0.300000 0.333333 0.366667 0.400000 0.433333 0.466667</float_array><technique_common><accessor source="#jnt_spine3-Matrix-animation-input-array" count="15"><param name="TIME" type="float"/></accessor></technique_common></source><source id="jnt_spine3-Matrix-animation-output-transform"><float_array id="jnt_spine3-Matrix-animation-output-transform-array" count="240">

0.998497 -0.052918 0.014251 0.555067 0.052765 0.998547 0.010938 -0.000000 -0.014809 -0.010170 0.999839 -0.000000 0.000000 0.000000 0.000000 1.000000
0.998564 -0.049828 0.019691 0.555067 0.050312 0.998423 -0.024911 -0.000000 -0.018419 0.025866 0.999496 -0.000000 0.000000 0.000000 0.000000 1.000000
0.998297 -0.052708 0.024982 0.555067 0.054199 0.996522 -0.063292 -0.000000 -0.021559 0.064538 0.997682 -0.000000 0.000000 0.000000 0.000000 1.000000
0.998872 -0.045250 0.014416 0.555067 0.046322 0.995248 -0.085643 0.000000 -0.010472 0.086214 0.996222 0.000000 0.000000 0.000000 0.000000 1.000000
0.999147 -0.040826 -0.006161 0.555067 0.040091 0.994988 -0.091605 0.000000 0.009870 0.091280 0.995776 -0.000000 0.000000 0.000000 0.000000 1.000000
0.998651 -0.046012 -0.024071 0.555067 0.043674 0.994984 -0.090002 -0.000000 0.028091 0.088829 0.995651 0.000000 0.000000 0.000000 0.000000 1.000000
0.997921 -0.054224 -0.034845 0.555067 0.051293 0.995465 -0.080120 -0.000000 0.039031 0.078166 0.996176 -0.000000 0.000000 0.000000 0.000000 1.000000
0.997597 -0.056283 -0.040403 0.555067 0.054108 0.997125 -0.053040 -0.000000 0.043272 0.050727 0.997775 -0.000000 0.000000 0.000000 0.000000 1.000000
0.997958 -0.049346 -0.040550 0.555067 0.048874 0.998726 -0.012546 -0.000000 0.041118 0.010539 0.999099 0.000000 0.000000 0.000000 0.000000 1.000000
0.998816 -0.036275 -0.032406 0.555067 0.036966 0.999096 0.020983 -0.000000 0.031615 -0.022156 0.999255 -0.000000 0.000000 0.000000 0.000000 1.000000
0.999372 -0.030625 -0.017824 0.555067 0.031206 0.998957 0.033328 -0.000000 0.016784 -0.033864 0.999286 0.000000 0.000000 0.000000 0.000000 1.000000
0.999219 -0.039125 -0.005484 0.555067 0.039288 0.998666 0.033500 -0.000000 0.004166 -0.033690 0.999424 -0.000000 0.000000 0.000000 0.000000 1.000000
0.998729 -0.050380 0.001588 0.555067 0.050297 0.998161 0.033821 0.000000 -0.003289 -0.033698 0.999427 -0.000000 0.000000 0.000000 0.000000 1.000000
0.998321 -0.057381 0.007897 0.555067 0.057112 0.997889 0.030929 0.000000 -0.009655 -0.030426 0.999490 -0.000000 0.000000 0.000000 0.000000 1.000000
0.998497 -0.052918 0.014251 0.555067 0.052765 0.998547 0.010938 -0.000000 -0.014809 -0.010170 0.999839 -0.000000 0.000000 0.000000 0.000000 1.000000</float_array><technique_common><accessor source="#jnt_spine3-Matrix-animation-output-transform-array" count="15" stride="16"><param type="float4x4"/></accessor></technique_common></source><source id="jnt_spine3-Interpolations"><Name_array id="jnt_spine3-Interpolations-array" count="15">
 LINEAR LINEAR LINEAR LINEAR LINEAR LINEAR LINEAR LINEAR LINEAR LINEAR LINEAR
LINEAR LINEAR LINEAR LINEAR</Name_array><technique_common><accessor source="#jnt_spine3-Interpolations-array" count="15"><param type="name"/></accessor></technique_common></source><sampler id="jnt_spine3-Matrix-animation-transform"><input semantic="INPUT" source="#jnt_spine3-Matrix-animation-input"/><input semantic="OUTPUT" source="#jnt_spine3-Matrix-animation-output-transform"/><input semantic="INTERPOLATION" source="#jnt_spine3-Interpolations"/></sampler><channel source="#jnt_spine3-Matrix-animation-transform" target="jnt_spine3/matrix"/></animation></animation>
    <animation id="jnt_neck-anim" name="jnt_neck"><animation><source id="jnt_neck-Matrix-animation-input"><float_array id="jnt_neck-Matrix-animation-input-array" count="15">

0.000000 0.033333 0.066667 0.100000 0.133333 0.166667 0.200000 0.233333 0.266667 0.300000 0.333333 0.366667 0.400000 0.433333 0.466667</float_array><technique_common><accessor source="#jnt_neck-Matrix-animation-input-array" count="15"><param name="TIME" type="float"/></accessor></technique_common></source><source id="jnt_neck-Matrix-animation-output-transform"><float_array id="jnt_neck-Matrix-animation-output-transform-array" count="240">

0.990797 -0.113470 -0.073799 0.867450 0.107045 0.990540 -0.085864 0.171571 0.082843 0.077174 0.993570 -0.000000 0.000000 0.000000 0.000000 1.000000
0.991682 -0.111502 -0.064293 0.867449 0.106838 0.991672 -0.071924 0.171570 0.071778 0.064457 0.995336 0.000000 0.000000 0.000000 0.000000 1.000000
0.993402 -0.107637 -0.039588 0.867453 0.106236 0.993691 -0.035939 0.171574 0.043206 0.031496 0.998570 -0.000001 0.000000 0.000000 0.000000 1.000000
0.994432 -0.105233 -0.005506 0.867450 0.105298 0.994352 0.013275 0.171570 0.004078 -0.013781 0.999897 0.000000 0.000000 0.000000 0.000000 1.000000
0.993822 -0.106367 0.031695 0.867450 0.104077 0.992325 0.066773 0.171570 -0.038555 -0.063061 0.997265 -0.000000 0.000000 0.000000 0.000000 1.000000
0.991670 -0.110853 0.065598 0.867455 0.102790 0.987960 0.115629 0.171571 -0.077626 -0.107923 0.991124 0.000000 0.000000 0.000000 0.000000 1.000000
0.989133 -0.116206 0.090073 0.867456 0.101753 0.983262 0.151138 0.171572 -0.106128 -0.140331 0.984400 0.000000 0.000000 0.000000 0.000000 1.000000
0.987930 -0.118750 0.099459 0.867450 0.101333 0.981100 0.164846 0.171570 -0.117155 -0.152777 0.981292 -0.000000 0.000000 0.000000 0.000000 1.000000
0.989133 -0.116202 0.090073 0.867454 0.101749 0.983262 0.151139 0.171573 -0.106128 -0.140331 0.984400 0.000000 0.000000 0.000000 0.000000 1.000000
0.991670 -0.110851 0.065598 0.867457 0.102788 0.987960 0.115629 0.171572 -0.077626 -0.107923 0.991124 0.000000 0.000000 0.000000 0.000000 1.000000
0.993822 -0.106366 0.031696 0.867450 0.104076 0.992325 0.066773 0.171570 -0.038555 -0.063062 0.997265 -0.000000 0.000000 0.000000 0.000000 1.000000
0.994433 -0.105229 -0.005507 0.867459 0.105294 0.994352 0.013275 0.171572 0.004079 -0.013781 0.999897 -0.000000 0.000000 0.000000 0.000000 1.000000
0.993401 -0.107650 -0.039584 0.867450 0.106249 0.993690 -0.035938 0.171570 0.043203 0.031496 0.998570 -0.000000 0.000000 0.000000 0.000000 1.000000
0.991682 -0.111502 -0.064296 0.867452 0.106838 0.991672 -0.071924 0.171571 0.071780 0.064457 0.995336 -0.000001 0.000000 0.000000 0.000000 1.000000
0.990797 -0.113470 -0.073799 0.867450 0.107045 0.990540 -0.085864 0.171571 0.082843 0.077174 0.993570 -0.000000 0.000000 0.000000 0.000000 1.000000</float_array><technique_common><accessor source="#jnt_neck-Matrix-animation-output-transform-array" count="15" stride="16"><param type="float4x4"/></accessor></technique_common></source><source id="jnt_neck-Interpolations"><Name_array id="jnt_neck-Interpolations-array" count="15">
 LINEAR LINEAR LINEAR LINEAR LINEAR LINEAR LINEAR LINEAR LINEAR LINEAR LINEAR
LINEAR LINEAR LINEAR LINEAR</Name_array><technique_common><accessor source="#jnt_neck-Interpolations-array" count="15"><param type="name"/></accessor></technique_common></source><sampler id="jnt_neck-Matrix-animation-transform"><input semantic="INPUT" source="#jnt_neck-Matrix-animation-input"/><input semantic="OUTPUT" source="#jnt_neck-Matrix-animation-output-transform"/><input semantic="INTERPOLATION" source="#jnt_neck-Interpolations"/></sampler><channel source="#jnt_neck-Matrix-animation-transform" target="jnt_neck/matrix"/></animation></animation>
    <animation id="jnt_head-anim" name="jnt_head"><animation><source id="jnt_head-Matrix-animation-input"><float_array id="jnt_head-Matrix-animation-input-array" count="15">

0.000000 0.033333 0.066667 0.100000 0.133333 0.166667 0.200000 0.233333 0.266667 0.300000 0.333333 0.366667 0.400000 0.433333 0.466667</float_array><technique_common><accessor source="#jnt_head-Matrix-animation-input-array" count="15"><param name="TIME" type="float"/></accessor></technique_common></source><source id="jnt_head-Matrix-animation-output-transform"><float_array id="jnt_head-Matrix-animation-output-transform-array" count="240">

0.928623 0.352260 -0.116496 0.273591 -0.364579 0.924615 -0.110311 0.000000 0.068856 0.144910 0.987046 -0.000000 0.000000 0.000000 0.000000 1.000000
0.929260 0.354064 -0.105428 0.273592 -0.364009 0.926251 -0.097759 0.000001 0.063039 0.129221 0.989610 -0.000000 0.000000 0.000000 0.000000 1.000000
0.930753 0.357501 -0.076751 0.273592 -0.362479 0.929705 -0.065245 0.000000 0.048030 0.088548 0.994913 0.000000 0.000000 0.000000 0.000000 1.000000
0.932451 0.359357 -0.037377 0.273592 -0.360248 0.932631 -0.020504 -0.000000 0.027491 0.032584 0.999091 -0.000000 0.000000 0.000000 0.000000 1.000000
0.933846 0.357633 0.005465 0.273591 -0.357639 0.933424 0.028521 -0.000000 0.005099 -0.028588 0.999578 -0.000000 0.000000 0.000000 0.000000 1.000000
0.934707 0.352627 0.044459 0.273591 -0.355082 0.931928 0.073669 0.000000 -0.015455 -0.084646 0.996291 -0.000000 0.000000 0.000000 0.000000 1.000000
0.935082 0.346909 0.072630 0.273591 -0.353117 0.929472 0.106725 0.000000 -0.030484 -0.125443 0.991632 -0.000000 0.000000 0.000000 0.000000 1.000000
0.935170 0.344228 0.083450 0.273591 -0.352333 0.928209 0.119541 0.000001 -0.036309 -0.141193 0.989316 0.000000 0.000000 0.000000 0.000000 1.000000
0.935082 0.346909 0.072629 0.273591 -0.353117 0.929472 0.106725 0.000000 -0.030483 -0.125443 0.991632 0.000000 0.000000 0.000000 0.000000 1.000000
0.934707 0.352627 0.044460 0.273592 -0.355082 0.931928 0.073669 0.000000 -0.015455 -0.084646 0.996291 -0.000000 0.000000 0.000000 0.000000 1.000000
0.933846 0.357633 0.005465 0.273591 -0.357639 0.933424 0.028521 0.000000 0.005099 -0.028588 0.999578 0.000000 0.000000 0.000000 0.000000 1.000000
0.932451 0.359357 -0.037377 0.273591 -0.360248 0.932631 -0.020504 0.000000 0.027491 0.032584 0.999091 -0.000000 0.000000 0.000000 0.000000 1.000000
0.930753 0.357501 -0.076751 0.273591 -0.362479 0.929705 -0.065245 0.000000 0.048030 0.088548 0.994913 0.000000 0.000000 0.000000 0.000000 1.000000
0.929260 0.354064 -0.105428 0.273591 -0.364009 0.926251 -0.097760 0.000000 0.063040 0.129221 0.989610 -0.000000 0.000000 0.000000 0.000000 1.000000
0.928623 0.352260 -0.116496 0.273591 -0.364579 0.924615 -0.110311 0.000000 0.068856 0.144910 0.987046 -0.000000 0.000000 0.000000 0.000000 1.000000</float_array><technique_common><accessor source="#jnt_head-Matrix-animation-output-transform-array" count="15" stride="16"><param type="float4x4"/></accessor></technique_common></source><source id="jnt_head-Interpolations"><Name_array id="jnt_head-Interpolations-array" count="15">
 LINEAR LINEAR LINEAR LINEAR LINEAR LINEAR LINEAR LINEAR LINEAR LINEAR LINEAR
LINEAR LINEAR LINEAR LINEAR</Name_array><technique_common><accessor source="#jnt_head-Interpolations-array" count="15"><param type="name"/></accessor></technique_common></source><sampler id="jnt_head-Matrix-animation-transform"><input semantic="INPUT" source="#jnt_head-Matrix-animation-input"/><input semantic="OUTPUT" source="#jnt_head-Matrix-animation-output-transform"/><input semantic="INTERPOLATION" source="#jnt_head-Interpolations"/></sampler><channel source="#jnt_head-Matrix-animation-transform" target="jnt_head/matrix"/></animation></animation>
    <animation id="jnt_left_shoulder-anim" name="jnt_left_shoulder"><animation><source id="jnt_left_shoulder-Matrix-animation-input"><float_array id="jnt_left_shoulder-Matrix-animation-input-array" count="15">

0.000000 0.033333 0.066667 0.100000 0.133333 0.166667 0.200000 0.233333 0.266667 0.300000 0.333333 0.366667 0.400000 0.433333 0.466667</float_array><technique_common><accessor source="#jnt_left_shoulder-Matrix-animation-input-array" count="15"><param name="TIME" type="float"/></accessor></technique_common></source><source id="jnt_left_shoulder-Matrix-animation-output-transform"><float_array id="jnt_left_shoulder-Matrix-animation-output-transform-array" count="240">

0.098078 0.135461 -0.985916 0.635987 0.188137 -0.975352 -0.115294 0.114392 -0.977233 -0.174179 -0.121146 0.266187 0.000000 0.000000 0.000000 1.000000
0.098078 0.135461 -0.985916 0.635987 0.188137 -0.975352 -0.115294 0.114392 -0.977233 -0.174179 -0.121146 0.266187 0.000000 0.000000 0.000000 1.000000
0.098078 0.135461 -0.985916 0.635987 0.188137 -0.975352 -0.115294 0.114391 -0.977233 -0.174179 -0.121146 0.266187 0.000000 0.000000 0.000000 1.000000
0.098078 0.135461 -0.985916 0.635987 0.188137 -0.975352 -0.115294 0.114391 -0.977233 -0.174179 -0.121146 0.266187 0.000000 0.000000 0.000000 1.000000
0.098078 0.135461 -0.985916 0.635987 0.188137 -0.975352 -0.115294 0.114392 -0.977233 -0.174179 -0.121146 0.266187 0.000000 0.000000 0.000000 1.000000
0.098078 0.135461 -0.985916 0.635987 0.188137 -0.975352 -0.115294 0.114391 -0.977233 -0.174179 -0.121146 0.266187 0.000000 0.000000 0.000000 1.000000
0.098078 0.135461 -0.985916 0.635987 0.188137 -0.975352 -0.115294 0.114392 -0.977233 -0.174179 -0.121146 0.266187 0.000000 0.000000 0.000000 1.000000
0.098078 0.135461 -0.985916 0.635987 0.188137 -0.975352 -0.115294 0.114392 -0.977233 -0.174179 -0.121146 0.266187 0.000000 0.000000 0.000000 1.000000
0.098078 0.135462 -0.985916 0.635987 0.188137 -0.975352 -0.115295 0.114391 -0.977233 -0.174179 -0.121146 0.266187 0.000000 0.000000 0.000000 1.000000
0.098078 0.135461 -0.985916 0.635987 0.188137 -0.975352 -0.115294 0.114392 -0.977233 -0.174179 -0.121146 0.266187 0.000000 0.000000 0.000000 1.000000
0.098078 0.135461 -0.985916 0.635987 0.188137 -0.975352 -0.115294 0.114391 -0.977233 -0.174179 -0.121146 0.266187 0.000000 0.000000 0.000000 1.000000
0.098078 0.135461 -0.985916 0.635988 0.188137 -0.975352 -0.115294 0.114391 -0.977233 -0.174179 -0.121146 0.266187 0.000000 0.000000 0.000000 1.000000
0.098078 0.135461 -0.985916 0.635987 0.188137 -0.975352 -0.115294 0.114391 -0.977233 -0.174179 -0.121146 0.266187 0.000000 0.000000 0.000000 1.000000
0.098078 0.135461 -0.985916 0.635987 0.188137 -0.975352 -0.115294 0.114392 -0.977234 -0.174179 -0.121146 0.266187 0.000000 0.000000 0.000000 1.000000
0.098078 0.135461 -0.985916 0.635987 0.188137 -0.975352 -0.115294 0.114392 -0.977233 -0.174179 -0.121146 0.266187 0.000000 0.000000 0.000000 1.000000</float_array><technique_common><accessor source="#jnt_left_shoulder-Matrix-animation-output-transform-array" count="15" stride="16"><param type="float4x4"/></accessor></technique_common></source><source id="jnt_left_shoulder-Interpolations"><Name_array id="jnt_left_shoulder-Interpolations-array" count="15">
 LINEAR LINEAR LINEAR LINEAR LINEAR LINEAR LINEAR LINEAR LINEAR LINEAR LINEAR
LINEAR LINEAR LINEAR LINEAR</Name_array><technique_common><accessor source="#jnt_left_shoulder-Interpolations-array" count="15"><param type="name"/></accessor></technique_common></source><sampler id="jnt_left_shoulder-Matrix-animation-transform"><input semantic="INPUT" source="#jnt_left_shoulder-Matrix-animation-input"/><input semantic="OUTPUT" source="#jnt_left_shoulder-Matrix-animation-output-transform"/><input semantic="INTERPOLATION" source="#jnt_left_shoulder-Interpolations"/></sampler><channel source="#jnt_left_shoulder-Matrix-animation-transform" target="jnt_left_shoulder/matrix"/></animation></animation>
    <animation id="jnt_left_arm-anim" name="jnt_left_arm"><animation><source id="jnt_left_arm-Matrix-animation-input"><float_array id="jnt_left_arm-Matrix-animation-input-array" count="15">

0.000000 0.033333 0.066667 0.100000 0.133333 0.166667 0.200000 0.233333 0.266667 0.300000 0.333333 0.366667 0.400000 0.433333 0.466667</float_array><technique_common><accessor source="#jnt_left_arm-Matrix-animation-input-array" count="15"><param name="TIME" type="float"/></accessor></technique_common></source><source id="jnt_left_arm-Matrix-animation-output-transform"><float_array id="jnt_left_arm-Matrix-animation-output-transform-array" count="240">

0.297137 -0.656163 0.693657 -0.525417 0.934016 0.350616 -0.068433 -0.032447 -0.198304 0.668220 0.717048 0.009491 0.000000 0.000000 0.000000 1.000000
0.309657 -0.651572 0.692507 -0.525416 0.929089 0.362253 -0.074605 -0.032447 -0.202253 0.666503 0.717543 0.009492 0.000000 0.000000 0.000000 1.000000
0.339226 -0.639973 0.689464 -0.525417 0.916437 0.390229 -0.088682 -0.032447 -0.212294 0.661934 0.718871 0.009491 0.000000 0.000000 0.000000 1.000000
0.373305 -0.625285 0.685319 -0.525417 0.899999 0.423297 -0.104029 -0.032447 -0.225046 0.655621 0.720774 0.009492 0.000000 0.000000 0.000000 1.000000
0.401138 -0.612232 0.681367 -0.525417 0.884430 0.452511 -0.114091 -0.032448 -0.238476 0.648387 0.722996 0.009491 0.000000 0.000000 0.000000 1.000000
0.411751 -0.607666 0.679119 -0.525417 0.876466 0.468130 -0.112527 -0.032448 -0.249537 0.641558 0.725352 0.009491 0.000000 0.000000 0.000000 1.000000
0.387382 -0.623865 0.678769 -0.525417 0.884665 0.458733 -0.083262 -0.032447 -0.259429 0.632737 0.729617 0.009491 0.000000 0.000000 0.000000 1.000000
0.343313 -0.651045 0.676961 -0.525417 0.900023 0.434098 -0.038957 -0.032447 -0.268505 0.622655 0.734987 0.009491 0.000000 0.000000 0.000000 1.000000
0.319221 -0.665166 0.675020 -0.525417 0.907739 0.419223 -0.016172 -0.032447 -0.272227 0.617904 0.737623 0.009491 0.000000 0.000000 0.000000 1.000000
0.321655 -0.662718 0.676272 -0.525417 0.908210 0.417912 -0.022436 -0.032447 -0.267754 0.621414 0.736311 0.009491 0.000000 0.000000 0.000000 1.000000
0.327430 -0.656773 0.679292 -0.525417 0.909450 0.414072 -0.038025 -0.032447 -0.256302 0.630232 0.732882 0.009491 0.000000 0.000000 0.000000 1.000000
0.335859 -0.648685 0.682940 -0.525417 0.910247 0.409946 -0.058262 -0.032448 -0.242175 0.641212 0.728148 0.009492 0.000000 0.000000 0.000000 1.000000
0.343683 -0.640965 0.686328 -0.525417 0.911102 0.404674 -0.078314 -0.032447 -0.227543 0.652230 0.723064 0.009492 0.000000 0.000000 0.000000 1.000000
0.349866 -0.634992 0.688752 -0.525417 0.911445 0.400626 -0.093632 -0.032447 -0.216476 0.660518 0.718926 0.009492 0.000000 0.000000 0.000000 1.000000
0.351842 -0.632901 0.689669 -0.525417 0.911851 0.398216 -0.099753 -0.032447 -0.211504 0.663973 0.717221 0.009491 0.000000 0.000000 0.000000 1.000000</float_array><technique_common><accessor source="#jnt_left_arm-Matrix-animation-output-transform-array" count="15" stride="16"><param type="float4x4"/></accessor></technique_common></source><source id="jnt_left_arm-Interpolations"><Name_array id="jnt_left_arm-Interpolations-array" count="15">
 LINEAR LINEAR LINEAR LINEAR LINEAR LINEAR LINEAR LINEAR LINEAR LINEAR LINEAR
LINEAR LINEAR LINEAR LINEAR</Name_array><technique_common><accessor source="#jnt_left_arm-Interpolations-array" count="15"><param type="name"/></accessor></technique_common></source><sampler id="jnt_left_arm-Matrix-animation-transform"><input semantic="INPUT" source="#jnt_left_arm-Matrix-animation-input"/><input semantic="OUTPUT" source="#jnt_left_arm-Matrix-animation-output-transform"/><input semantic="INTERPOLATION" source="#jnt_left_arm-Interpolations"/></sampler><channel source="#jnt_left_arm-Matrix-animation-transform" target="jnt_left_arm/matrix"/></animation></animation>
    <animation id="jnt_left_armroll-anim" name="jnt_left_armroll"><animation><source id="jnt_left_armroll-Matrix-animation-input"><float_array id="jnt_left_armroll-Matrix-animation-input-array" count="15">

0.000000 0.033333 0.066667 0.100000 0.133333 0.166667 0.200000 0.233333 0.266667 0.300000 0.333333 0.366667 0.400000 0.433333 0.466667</float_array><technique_common><accessor source="#jnt_left_armroll-Matrix-animation-input-array" count="15"><param name="TIME" type="float"/></accessor></technique_common></source><source id="jnt_left_armroll-Matrix-animation-output-transform"><float_array id="jnt_left_armroll-Matrix-animation-output-transform-array" count="240">

1.000000 -0.000009 0.000000 -0.421995 0.000008 0.934921 0.354857 0.000001 -0.000003 -0.354857 0.934921 -0.000004 0.000000 0.000000 0.000000 1.000000
1.000000 -0.000009 0.000000 -0.421995 0.000008 0.934921 0.354857 0.000001 -0.000003 -0.354857 0.934921 -0.000004 0.000000 0.000000 0.000000 1.000000
1.000000 -0.000008 -0.000000 -0.421995 0.000008 0.934921 0.354857 0.000001 -0.000003 -0.354857 0.934921 -0.000004 0.000000 0.000000 0.000000 1.000000
1.000000 -0.000009 0.000000 -0.421995 0.000008 0.934921 0.354857 0.000001 -0.000003 -0.354857 0.934921 -0.000004 0.000000 0.000000 0.000000 1.000000
1.000000 -0.000009 0.000000 -0.421995 0.000008 0.934921 0.354857 0.000001 -0.000003 -0.354857 0.934921 -0.000004 0.000000 0.000000 0.000000 1.000000
1.000000 -0.000009 0.000000 -0.421995 0.000008 0.934921 0.354857 0.000001 -0.000003 -0.354857 0.934921 -0.000004 0.000000 0.000000 0.000000 1.000000
1.000000 -0.000009 0.000001 -0.421995 0.000008 0.934921 0.354857 0.000001 -0.000004 -0.354857 0.934921 -0.000004 0.000000 0.000000 0.000000 1.000000
1.000000 -0.000009 0.000000 -0.421995 0.000008 0.934921 0.354857 0.000001 -0.000004 -0.354857 0.934921 -0.000004 0.000000 0.000000 0.000000 1.000000
1.000000 -0.000009 0.000001 -0.421995 0.000008 0.934921 0.354857 0.000001 -0.000004 -0.354857 0.934921 -0.000004 0.000000 0.000000 0.000000 1.000000
1.000000 -0.000009 0.000001 -0.421995 0.000008 0.934921 0.354857 0.000001 -0.000004 -0.354857 0.934921 -0.000003 0.000000 0.000000 0.000000 1.000000
1.000000 -0.000009 0.000001 -0.421995 0.000008 0.934921 0.354856 0.000001 -0.000004 -0.354856 0.934921 -0.000004 0.000000 0.000000 0.000000 1.000000
1.000000 -0.000009 0.000001 -0.421995 0.000008 0.934921 0.354857 0.000001 -0.000004 -0.354857 0.934921 -0.000004 0.000000 0.000000 0.000000 1.000000
1.000000 -0.000009 0.000000 -0.421995 0.000008 0.934921 0.354856 0.000001 -0.000003 -0.354856 0.934921 -0.000004 0.000000 0.000000 0.000000 1.000000
1.000000 -0.000009 0.000000 -0.421995 0.000008 0.934921 0.354856 0.000001 -0.000003 -0.354856 0.934921 -0.000004 0.000000 0.000000 0.000000 1.000000
1.000000 -0.000009 -0.000000 -0.421995 0.000008 0.934921 0.354856 0.000001 -0.000003 -0.354856 0.934921 -0.000004 0.000000 0.000000 0.000000 1.000000</float_array><technique_common><accessor source="#jnt_left_armroll-Matrix-animation-output-transform-array" count="15" stride="16"><param type="float4x4"/></accessor></technique_common></source><source id="jnt_left_armroll-Interpolations"><Name_array id="jnt_left_armroll-Interpolations-array" count="15">
 LINEAR LINEAR LINEAR LINEAR LINEAR LINEAR LINEAR LINEAR LINEAR LINEAR LINEAR
LINEAR LINEAR LINEAR LINEAR</Name_array><technique_common><accessor source="#jnt_left_armroll-Interpolations-array" count="15"><param type="name"/></accessor></technique_common></source><sampler id="jnt_left_armroll-Matrix-animation-transform"><input semantic="INPUT" source="#jnt_left_armroll-Matrix-animation-input"/><input semantic="OUTPUT" source="#jnt_left_armroll-Matrix-animation-output-transform"/><input semantic="INTERPOLATION" source="#jnt_left_armroll-Interpolations"/></sampler><channel source="#jnt_left_armroll-Matrix-animation-transform" target="jnt_left_armroll/matrix"/></animation></animation>
    <animation id="jnt_left_forearm-anim" name="jnt_left_forearm"><animation><source id="jnt_left_forearm-Matrix-animation-input"><float_array id="jnt_left_forearm-Matrix-animation-input-array" count="15">

0.000000 0.033333 0.066667 0.100000 0.133333 0.166667 0.200000 0.233333 0.266667 0.300000 0.333333 0.366667 0.400000 0.433333 0.466667</float_array><technique_common><accessor source="#jnt_left_forearm-Matrix-animation-input-array" count="15"><param name="TIME" type="float"/></accessor></technique_common></source><source id="jnt_left_forearm-Matrix-animation-output-transform"><float_array id="jnt_left_forearm-Matrix-animation-output-transform-array" count="240">

0.368078 -0.918565 -0.144073 -0.843981 0.880046 0.294171 0.372803 0.000001 -0.300061 -0.264012 0.916658 0.000003 0.000000 0.000000 0.000000 1.000000
0.353773 -0.923247 -0.149864 -0.843982 0.885309 0.278831 0.372132 0.000001 -0.301783 -0.264326 0.916001 0.000003 0.000000 0.000000 0.000000 1.000000
0.319027 -0.933474 -0.163854 -0.843982 0.897027 0.241608 0.370093 -0.000140 -0.305884 -0.265051 0.914430 0.000002 0.000000 0.000000 0.000000 1.000000
0.277187 -0.943702 -0.180535 -0.843981 0.909171 0.196842 0.366963 0.000224 -0.310767 -0.265855 0.912549 0.000016 0.000000 0.000000 0.000000 1.000000
0.240519 -0.950847 -0.195039 -0.843982 0.918161 0.157695 0.363473 0.000160 -0.314851 -0.266499 0.910959 0.000020 0.000000 0.000000 0.000000 1.000000
