<?xml version="1.0" encoding="utf-8"?>
<COLLADA xmlns="http://www.collada.org/2005/11/COLLADASchema" version="1.4.1">
  <asset><contributor><author></author><authoring_tool>FBX COLLADA exporter</authoring_tool><comments></comments></contributor><created>2020-04-13T21:11:40Z</created><keywords></keywords><modified>2020-04-13T21:11:40Z</modified><revision></revision><subject></subject><title></title><unit meter="0.010000" name="centimeter"></unit><up_axis>Y_UP</up_axis></asset>
  <library_animations>
    <animation id="root_jnt-anim" name="root_jnt"><animation><source id="root_jnt-Matrix-animation-input"><float_array id="root_jnt-Matrix-animation-input-array" count="21">

0.000000 0.033333 0.066667 0.100000 0.133333 0.166667 0.200000 0.233333 0.266667 0.300000 0.333333 0.366667 0.400000 0.433333 0.466667 0.500000
0.533333 0.566667 0.600000 0.633333 0.666667</float_array><technique_common><accessor source="#root_jnt-Matrix-animation-input-array" count="21"><param name="TIME" type="float"/></accessor></technique_common></source><source id="root_jnt-Matrix-animation-output-transform"><float_array id="root_jnt-Matrix-animation-output-transform-array" count="336">

1.000000 0.000000 0.000000 0.000000 0.000000 1.000000 0.000000 0.000000 0.000000 0.000000 1.000000 0.000000 0.000000 0.000000 0.000000 1.000000
1.000000 0.000000 0.000000 0.000000 0.000000 1.000000 0.000000 0.000000 0.000000 0.000000 1.000000 0.000000 0.000000 0.000000 0.000000 1.000000
1.000000 0.000000 0.000000 0.000000 0.000000 1.000000 0.000000 0.000000 0.000000 0.000000 1.000000 0.000000 0.000000 0.000000 0.000000 1.000000
1.000000 0.000000 0.000000 0.000000 0.000000 1.000000 0.000000 0.000000 0.000000 0.000000 1.000000 0.000000 0.000000 0.000000 0.000000 1.000000
1.000000 0.000000 0.000000 0.000000 0.000000 1.000000 0.000000 0.000000 0.000000 0.000000 1.000000 0.000000 0.000000 0.000000 0.000000 1.000000
1.000000 0.000000 0.000000 0.000000 0.000000 1.000000 0.000000 0.000000 0.000000 0.000000 1.000000 0.000000 0.000000 0.000000 0.000000 1.000000
1.000000 0.000000 0.000000 0.000000 0.000000 1.000000 0.000000 0.000000 0.000000 0.000000 1.000000 0.000000 0.000000 0.000000 0.000000 1.000000
1.000000 0.000000 0.000000 0.000000 0.000000 1.000000 0.000000 0.000000 0.000000 0.000000 1.000000 0.000000 0.000000 0.000000 0.000000 1.000000
1.000000 0.000000 0.000000 0.000000 0.000000 1.000000 0.000000 0.000000 0.000000 0.000000 1.000000 0.000000 0.000000 0.000000 0.000000 1.000000
1.000000 0.000000 0.000000 0.000000 0.000000 1.000000 0.000000 0.000000 0.000000 0.000000 1.000000 0.000000 0.000000 0.000000 0.000000 1.000000
1.000000 0.000000 0.000000 0.000000 0.000000 1.000000 0.000000 0.000000 0.000000 0.000000 1.000000 0.000000 0.000000 0.000000 0.000000 1.000000
1.000000 0.000000 0.000000 0.000000 0.000000 1.000000 0.000000 0.000000 0.000000 0.000000 1.000000 0.000000 0.000000 0.000000 0.000000 1.000000
1.000000 0.000000 0.000000 0.000000 0.000000 1.000000 0.000000 0.000000 0.000000 0.000000 1.000000 0.000000 0.000000 0.000000 0.000000 1.000000
1.000000 0.000000 0.000000 0.000000 0.000000 1.000000 0.000000 0.000000 0.000000 0.000000 1.000000 0.000000 0.000000 0.000000 0.000000 1.000000
1.000000 0.000000 0.000000 0.000000 0.000000 1.000000 0.000000 0.000000 0.000000 0.000000 1.000000 0.000000 0.000000 0.000000 0.000000 1.000000
1.000000 0.000000 0.000000 0.000000 0.000000 1.000000 0.000000 0.000000 0.000000 0.000000 1.000000 0.000000 0.000000 0.000000 0.000000 1.000000
1.000000 0.000000 0.000000 0.000000 0.000000 1.000000 0.000000 0.000000 0.000000 0.000000 1.000000 0.000000 0.000000 0.000000 0.000000 1.000000
1.000000 0.000000 0.000000 0.000000 0.000000 1.000000 0.000000 0.000000 0.000000 0.000000 1.000000 0.000000 0.000000 0.000000 0.000000 1.000000
1.000000 0.000000 0.000000 0.000000 0.000000 1.000000 0.000000 0.000000 0.000000 0.000000 1.000000 0.000000 0.000000 0.000000 0.000000 1.000000
1.000000 0.000000 0.000000 0.000000 0.000000 1.000000 0.000000 0.000000 0.000000 0.000000 1.000000 0.000000 0.000000 0.000000 0.000000 1.000000
1.000000 0.000000 0.000000 0.000000 0.000000 1.000000 0.000000 0.000000 0.000000 0.000000 1.000000 0.000000 0.000000 0.000000 0.000000 1.000000</float_array><technique_common><accessor source="#root_jnt-Matrix-animation-output-transform-array" count="21" stride="16"><param type="float4x4"/></accessor></technique_common></source><source id="root_jnt-Interpolations"><Name_array id="root_jnt-Interpolations-array" count="21">
 LINEAR LINEAR LINEAR LINEAR LINEAR LINEAR LINEAR LINEAR LINEAR LINEAR LINEAR
LINEAR LINEAR LINEAR LINEAR LINEAR LINEAR LINEAR LINEAR LINEAR LINEAR</Name_array><technique_common><accessor source="#root_jnt-Interpolations-array" count="21"><param type="name"/></accessor></technique_common></source><sampler id="root_jnt-Matrix-animation-transform"><input semantic="INPUT" source="#root_jnt-Matrix-animation-input"/><input semantic="OUTPUT" source="#root_jnt-Matrix-animation-output-transform"/><input semantic="INTERPOLATION" source="#root_jnt-Interpolations"/></sampler><channel source="#root_jnt-Matrix-animation-transform" target="root_jnt/matrix"/></animation></animation>
    <animation id="jnt_hips-anim" name="jnt_hips"><animation><source id="jnt_hips-Matrix-animation-input"><float_array id="jnt_hips-Matrix-animation-input-array" count="21">

0.000000 0.033333 0.066667 0.100000 0.133333 0.166667 0.200000 0.233333 0.266667 0.300000 0.333333 0.366667 0.400000 0.433333 0.466667 0.500000
0.533333 0.566667 0.600000 0.633333 0.666667</float_array><technique_common><accessor source="#jnt_hips-Matrix-animation-input-array" count="21"><param name="TIME" type="float"/></accessor></technique_common></source><source id="jnt_hips-Matrix-animation-output-transform"><float_array id="jnt_hips-Matrix-animation-output-transform-array" count="336">

0.961460 -0.010974 -0.274725 0.005653 -0.002571 0.998800 -0.048898 1.940700 0.274932 0.047720 0.960279 -0.246250 0.000000 0.000000 0.000000 1.000000
0.961461 -0.010974 -0.274724 0.005653 -0.002571 0.998800 -0.048898 1.940700 0.274931 0.047720 0.960279 -0.246250 0.000000 0.000000 0.000000 1.000000
0.961460 -0.010974 -0.274725 0.005653 -0.002571 0.998800 -0.048898 1.940700 0.274932 0.047720 0.960279 -0.246250 0.000000 0.000000 0.000000 1.000000
0.961460 -0.010974 -0.274724 0.005653 -0.002571 0.998800 -0.048898 1.940699 0.274931 0.047720 0.960279 -0.246250 0.000000 0.000000 0.000000 1.000000
0.961461 -0.010974 -0.274724 0.005653 -0.002571 0.998800 -0.048898 1.940699 0.274931 0.047720 0.960279 -0.246250 0.000000 0.000000 0.000000 1.000000
0.961461 -0.010974 -0.274724 0.005653 -0.002571 0.998800 -0.048898 1.940699 0.274931 0.047720 0.960279 -0.246250 0.000000 0.000000 0.000000 1.000000
0.961461 -0.010974 -0.274724 0.005653 -0.002571 0.998800 -0.048898 1.940700 0.274931 0.047720 0.960279 -0.246250 0.000000 0.000000 0.000000 1.000000
0.961461 -0.010974 -0.274723 0.005652 -0.002572 0.998800 -0.048898 1.940700 0.274930 0.047720 0.960279 -0.246250 0.000000 0.000000 0.000000 1.000000
0.961461 -0.010974 -0.274723 0.005652 -0.002572 0.998800 -0.048898 1.940699 0.274930 0.047720 0.960279 -0.246250 0.000000 0.000000 0.000000 1.000000
0.961461 -0.010974 -0.274723 0.005652 -0.002572 0.998800 -0.048898 1.940699 0.274930 0.047720 0.960279 -0.246250 0.000000 0.000000 0.000000 1.000000
0.961461 -0.010974 -0.274723 0.005652 -0.002572 0.998800 -0.048898 1.940698 0.274930 0.047720 0.960279 -0.246250 0.000000 0.000000 0.000000 1.000000
0.961461 -0.010974 -0.274723 0.005652 -0.002572 0.998800 -0.048898 1.940699 0.274930 0.047720 0.960279 -0.246250 0.000000 0.000000 0.000000 1.000000
0.961461 -0.010974 -0.274722 0.005652 -0.002572 0.998800 -0.048898 1.940699 0.274930 0.047720 0.960279 -0.246250 0.000000 0.000000 0.000000 1.000000
0.961461 -0.010974 -0.274722 0.005651 -0.002572 0.998800 -0.048898 1.940699 0.274929 0.047720 0.960279 -0.246250 0.000000 0.000000 0.000000 1.000000
0.961461 -0.010974 -0.274722 0.005651 -0.002572 0.998800 -0.048898 1.940699 0.274929 0.047720 0.960279 -0.246250 0.000000 0.000000 0.000000 1.000000
0.961461 -0.010974 -0.274722 0.005651 -0.002572 0.998800 -0.048898 1.940699 0.274929 0.047720 0.960279 -0.246250 0.000000 0.000000 0.000000 1.000000
0.961461 -0.010974 -0.274722 0.005651 -0.002572 0.998800 -0.048898 1.940699 0.274929 0.047720 0.960280 -0.246250 0.000000 0.000000 0.000000 1.000000
0.961461 -0.010974 -0.274721 0.005651 -0.002572 0.998800 -0.048898 1.940699 0.274929 0.047720 0.960280 -0.246250 0.000000 0.000000 0.000000 1.000000
0.961461 -0.010974 -0.274722 0.005651 -0.002572 0.998800 -0.048898 1.940699 0.274929 0.047720 0.960280 -0.246250 0.000000 0.000000 0.000000 1.000000
0.961461 -0.010974 -0.274721 0.005651 -0.002572 0.998800 -0.048898 1.940699 0.274929 0.047720 0.960280 -0.246250 0.000000 0.000000 0.000000 1.000000
0.961461 -0.010974 -0.274722 0.005651 -0.002572 0.998800 -0.048898 1.940699 0.274929 0.047720 0.960280 -0.246250 0.000000 0.000000 0.000000 1.000000</float_array><technique_common><accessor source="#jnt_hips-Matrix-animation-output-transform-array" count="21" stride="16"><param type="float4x4"/></accessor></technique_common></source><source id="jnt_hips-Interpolations"><Name_array id="jnt_hips-Interpolations-array" count="21">
 LINEAR LINEAR LINEAR LINEAR LINEAR LINEAR LINEAR LINEAR LINEAR LINEAR LINEAR
LINEAR LINEAR LINEAR LINEAR LINEAR LINEAR LINEAR LINEAR LINEAR LINEAR</Name_array><technique_common><accessor source="#jnt_hips-Interpolations-array" count="21"><param type="name"/></accessor></technique_common></source><sampler id="jnt_hips-Matrix-animation-transform"><input semantic="INPUT" source="#jnt_hips-Matrix-animation-input"/><input semantic="OUTPUT" source="#jnt_hips-Matrix-animation-output-transform"/><input semantic="INTERPOLATION" source="#jnt_hips-Interpolations"/></sampler><channel source="#jnt_hips-Matrix-animation-transform" target="jnt_hips/matrix"/></animation></animation>
    <animation id="jnt_spine1-anim" name="jnt_spine1"><animation><source id="jnt_spine1-Matrix-animation-input"><float_array id="jnt_spine1-Matrix-animation-input-array" count="21">

0.000000 0.033333 0.066667 0.100000 0.133333 0.166667 0.200000 0.233333 0.266667 0.300000 0.333333 0.366667 0.400000 0.433333 0.466667 0.500000
0.533333 0.566667 0.600000 0.633333 0.666667</float_array><technique_common><accessor source="#jnt_spine1-Matrix-animation-input-array" count="21"><param name="TIME" type="float"/></accessor></technique_common></source><source id="jnt_spine1-Matrix-animation-output-transform"><float_array id="jnt_spine1-Matrix-animation-output-transform-array" count="336">

0.001219 0.049282 0.998784 -0.000000 0.999129 -0.041719 0.000839 0.212132 0.041710 0.997913 -0.049290 0.023482 0.000000 0.000000 0.000000 1.000000
0.001219 0.049296 0.998783 -0.000000 0.999129 -0.041717 0.000839 0.212132 0.041708 0.997913 -0.049304 0.023482 0.000000 0.000000 0.000000 1.000000
0.001220 0.049335 0.998782 -0.000000 0.999129 -0.041710 0.000840 0.212132 0.041701 0.997911 -0.049343 0.023482 0.000000 0.000000 0.000000 1.000000
0.001221 0.049398 0.998778 -0.000000 0.999130 -0.041699 0.000841 0.212132 0.041690 0.997908 -0.049406 0.023482 0.000000 0.000000 0.000000 1.000000
0.001222 0.049480 0.998774 -0.000000 0.999130 -0.041685 0.000843 0.212132 0.041676 0.997905 -0.049488 0.023482 0.000000 0.000000 0.000000 1.000000
0.001223 0.049580 0.998769 -0.000000 0.999131 -0.041668 0.000845 0.212132 0.041659 0.997901 -0.049587 0.023482 0.000000 0.000000 0.000000 1.000000
0.001225 0.049693 0.998764 0.000000 0.999132 -0.041649 0.000847 0.212132 0.041639 0.997896 -0.049701 0.023482 0.000000 0.000000 0.000000 1.000000
0.001227 0.049819 0.998758 -0.000000 0.999133 -0.041627 0.000849 0.212132 0.041618 0.997890 -0.049826 0.023482 0.000000 0.000000 0.000000 1.000000
0.001229 0.049952 0.998751 0.000000 0.999134 -0.041604 0.000851 0.212132 0.041595 0.997885 -0.049960 0.023482 0.000000 0.000000 0.000000 1.000000
0.001231 0.050091 0.998744 -0.000000 0.999135 -0.041580 0.000854 0.212132 0.041571 0.997879 -0.050099 0.023482 0.000000 0.000000 0.000000 1.000000
0.001233 0.050234 0.998737 -0.000000 0.999136 -0.041556 0.000856 0.212132 0.041546 0.997873 -0.050242 0.023482 0.000000 0.000000 0.000000 1.000000
0.001235 0.050376 0.998730 -0.000000 0.999137 -0.041531 0.000859 0.212132 0.041522 0.997866 -0.050384 0.023482 0.000000 0.000000 0.000000 1.000000
0.001238 0.050516 0.998723 -0.000000 0.999138 -0.041507 0.000861 0.212132 0.041498 0.997860 -0.050523 0.023482 0.000000 0.000000 0.000000 1.000000
0.001240 0.050649 0.998716 -0.000000 0.999139 -0.041484 0.000864 0.212132 0.041475 0.997855 -0.050657 0.023482 0.000000 0.000000 0.000000 1.000000
0.001242 0.050774 0.998709 0.000000 0.999140 -0.041463 0.000866 0.212132 0.041453 0.997849 -0.050782 0.023482 0.000000 0.000000 0.000000 1.000000
0.001243 0.050888 0.998704 0.000000 0.999140 -0.041443 0.000868 0.212132 0.041434 0.997844 -0.050896 0.023482 0.000000 0.000000 0.000000 1.000000
0.001245 0.050987 0.998699 -0.000000 0.999141 -0.041426 0.000870 0.212132 0.041416 0.997840 -0.050995 0.023482 0.000000 0.000000 0.000000 1.000000
0.001246 0.051070 0.998694 -0.000000 0.999142 -0.041412 0.000871 0.212132 0.041402 0.997836 -0.051077 0.023482 0.000000 0.000000 0.000000 1.000000
0.001247 0.051132 0.998691 0.000000 0.999142 -0.041401 0.000872 0.212132 0.041392 0.997833 -0.051140 0.023482 0.000000 0.000000 0.000000 1.000000
0.001248 0.051172 0.998689 -0.000000 0.999143 -0.041394 0.000873 0.212132 0.041385 0.997832 -0.051179 0.023482 0.000000 0.000000 0.000000 1.000000
0.001248 0.051185 0.998688 -0.000000 0.999143 -0.041392 0.000873 0.212132 0.041382 0.997831 -0.051193 0.023482 0.000000 0.000000 0.000000 1.000000</float_array><technique_common><accessor source="#jnt_spine1-Matrix-animation-output-transform-array" count="21" stride="16"><param type="float4x4"/></accessor></technique_common></source><source id="jnt_spine1-Interpolations"><Name_array id="jnt_spine1-Interpolations-array" count="21">
 LINEAR LINEAR LINEAR LINEAR LINEAR LINEAR LINEAR LINEAR LINEAR LINEAR LINEAR
LINEAR LINEAR LINEAR LINEAR LINEAR LINEAR LINEAR LINEAR LINEAR LINEAR</Name_array><technique_common><accessor source="#jnt_spine1-Interpolations-array" count="21"><param type="name"/></accessor></technique_common></source><sampler id="jnt_spine1-Matrix-animation-transform"><input semantic="INPUT" source="#jnt_spine1-Matrix-animation-input"/><input semantic="OUTPUT" source="#jnt_spine1-Matrix-animation-output-transform"/><input semantic="INTERPOLATION" source="#jnt_spine1-Interpolations"/></sampler><channel source="#jnt_spine1-Matrix-animation-transform" target="jnt_spine1/matrix"/></animation></animation>
    <animation id="jnt_spine2-anim" name="jnt_spine2"><animation><source id="jnt_spine2-Matrix-animation-input"><float_array id="jnt_spine2-Matrix-animation-input-array" count="21">

0.000000 0.033333 0.066667 0.100000 0.133333 0.166667 0.200000 0.233333 0.266667 0.300000 0.333333 0.366667 0.400000 0.433333 0.466667 0.500000
0.533333 0.566667 0.600000 0.633333 0.666667</float_array><technique_common><accessor source="#jnt_spine2-Matrix-animation-input-array" count="21"><param name="TIME" type="float"/></accessor></technique_common></source><source id="jnt_spine2-Matrix-animation-output-transform"><float_array id="jnt_spine2-Matrix-animation-output-transform-array" count="336">

0.999721 0.023636 0.000001 0.426849 -0.023601 0.998226 -0.054656 0.000000 -0.001293 0.054641 0.998505 -0.000000 0.000000 0.000000 0.000000 1.000000
0.999718 0.023765 -0.000062 0.426848 -0.023732 0.998172 -0.055591 0.000000 -0.001260 0.055577 0.998454 -0.000000 0.000000 0.000000 0.000000 1.000000
0.999709 0.024134 -0.000244 0.426848 -0.024107 0.998010 -0.058267 -0.000000 -0.001163 0.058256 0.998301 0.000000 0.000000 0.000000 0.000000 1.000000
0.999694 0.024714 -0.000534 0.426849 -0.024699 0.997740 -0.062489 0.000000 -0.001011 0.062483 0.998046 -0.000000 0.000000 0.000000 0.000000 1.000000
0.999675 0.025477 -0.000926 0.426849 -0.025481 0.997356 -0.068062 -0.000000 -0.000810 0.068063 0.997681 0.000000 0.000000 0.000000 0.000000 1.000000
0.999651 0.026394 -0.001411 0.426848 -0.026426 0.996849 -0.074791 0.000000 -0.000568 0.074802 0.997198 -0.000000 0.000000 0.000000 0.000000 1.000000
0.999622 0.027436 -0.001981 0.426848 -0.027506 0.996213 -0.082481 0.000000 -0.000290 0.082504 0.996591 -0.000000 0.000000 0.000000 0.000000 1.000000
0.999588 0.028574 -0.002626 0.426848 -0.028695 0.995443 -0.090936 0.000000 0.000015 0.090974 0.995853 0.000000 0.000000 0.000000 0.000000 1.000000
0.999551 0.029780 -0.003337 0.426849 -0.029965 0.994540 -0.099961 -0.000000 0.000342 0.100016 0.994986 -0.000000 0.000000 0.000000 0.000000 1.000000
0.999510 0.031026 -0.004102 0.426849 -0.031289 0.993510 -0.109360 0.000000 0.000682 0.109435 0.993994 0.000000 0.000000 0.000000 0.000000 1.000000
0.999467 0.032285 -0.004906 0.426849 -0.032640 0.992365 -0.118940 -0.000000 0.001029 0.119037 0.992889 -0.000000 0.000000 0.000000 0.000000 1.000000
0.999421 0.033532 -0.005736 0.426849 -0.033991 0.991126 -0.128507 -0.000000 0.001376 0.128628 0.991692 -0.000000 0.000000 0.000000 0.000000 1.000000
0.999375 0.034740 -0.006572 0.426849 -0.035315 0.989821 -0.137869 0.000000 0.001716 0.138015 0.990429 -0.000000 0.000000 0.000000 0.000000 1.000000
0.999328 0.035887 -0.007397 0.426848 -0.036584 0.988484 -0.146834 -0.000000 0.002042 0.147006 0.989134 0.000000 0.000000 0.000000 0.000000 1.000000
0.999284 0.036949 -0.008188 0.426849 -0.037773 0.987159 -0.155211 -0.000000 0.002348 0.155409 0.987847 -0.000000 0.000000 0.000000 0.000000 1.000000
0.999242 0.037905 -0.008922 0.426849 -0.038852 0.985892 -0.162814 -0.000000 0.002625 0.163037 0.986617 -0.000000 0.000000 0.000000 0.000000 1.000000
0.999204 0.038733 -0.009577 0.426848 -0.039796 0.984735 -0.169452 0.000000 0.002868 0.169699 0.985492 -0.000000 0.000000 0.000000 0.000000 1.000000
0.999172 0.039413 -0.010128 0.426849 -0.040578 0.983742 -0.174941 -0.000000 0.003069 0.175207 0.984527 -0.000000 0.000000 0.000000 0.000000 1.000000
0.999147 0.039925 -0.010551 0.426849 -0.041170 0.982970 -0.179093 -0.000000 0.003221 0.179375 0.983776 0.000000 0.000000 0.000000 0.000000 1.000000
0.999131 0.040248 -0.010820 0.426849 -0.041545 0.982472 -0.181721 0.000000 0.003317 0.182013 0.983291 -0.000000 0.000000 0.000000 0.000000 1.000000
0.999126 0.040360 -0.010915 0.426848 -0.041676 0.982296 -0.182640 -0.000000 0.003351 0.182935 0.983119 0.000000 0.000000 0.000000 0.000000 1.000000</float_array><technique_common><accessor source="#jnt_spine2-Matrix-animation-output-transform-array" count="21" stride="16"><param type="float4x4"/></accessor></technique_common></source><source id="jnt_spine2-Interpolations"><Name_array id="jnt_spine2-Interpolations-array" count="21">
 LINEAR LINEAR LINEAR LINEAR LINEAR LINEAR LINEAR LINEAR LINEAR LINEAR LINEAR
LINEAR LINEAR LINEAR LINEAR LINEAR LINEAR LINEAR LINEAR LINEAR LINEAR</Name_array><technique_common><accessor source="#jnt_spine2-Interpolations-array" count="21"><param type="name"/></accessor></technique_common></source><sampler id="jnt_spine2-Matrix-animation-transform"><input semantic="INPUT" source="#jnt_spine2-Matrix-animation-input"/><input semantic="OUTPUT" source="#jnt_spine2-Matrix-animation-output-transform"/><input semantic="INTERPOLATION" source="#jnt_spine2-Interpolations"/></sampler><channel source="#jnt_spine2-Matrix-animation-transform" target="jnt_spine2/matrix"/></animation></animation>
    <animation id="jnt_spine3-anim" name="jnt_spine3"><animation><source id="jnt_spine3-Matrix-animation-input"><float_array id="jnt_spine3-Matrix-animation-input-array" count="21">

0.000000 0.033333 0.066667 0.100000 0.133333 0.166667 0.200000 0.233333 0.266667 0.300000 0.333333 0.366667 0.400000 0.433333 0.466667 0.500000
0.533333 0.566667 0.600000 0.633333 0.666667</float_array><technique_common><accessor source="#jnt_spine3-Matrix-animation-input-array" count="21"><param name="TIME" type="float"/></accessor></technique_common></source><source id="jnt_spine3-Matrix-animation-output-transform"><float_array id="jnt_spine3-Matrix-animation-output-transform-array" count="336">

0.999363 0.035659 0.001476 0.555067 -0.035525 0.997876 -0.054607 -0.000000 -0.003420 0.054520 0.998507 -0.000000 0.000000 0.000000 0.000000 1.000000
0.999358 0.035796 0.001412 0.555067 -0.035662 0.997819 -0.055543 -0.000000 -0.003397 0.055457 0.998455 0.000000 0.000000 0.000000 0.000000 1.000000
0.999344 0.036186 0.001227 0.555067 -0.036053 0.997653 -0.058221 -0.000000 -0.003331 0.058138 0.998303 -0.000000 0.000000 0.000000 0.000000 1.000000
0.999322 0.036797 0.000932 0.555067 -0.036667 0.997375 -0.062446 -0.000000 -0.003228 0.062369 0.998048 -0.000000 0.000000 0.000000 0.000000 1.000000
0.999293 0.037597 0.000535 0.555067 -0.037474 0.996980 -0.068023 -0.000000 -0.003091 0.067955 0.997684 -0.000000 0.000000 0.000000 0.000000 1.000000
0.999257 0.038551 0.000043 0.555067 -0.038440 0.996461 -0.074757 -0.000000 -0.002925 0.074700 0.997202 0.000000 0.000000 0.000000 0.000000 1.000000
0.999214 0.039625 -0.000535 0.555067 -0.039534 0.995811 -0.082452 0.000000 -0.002734 0.082408 0.996595 -0.000000 0.000000 0.000000 0.000000 1.000000
0.999167 0.040786 -0.001191 0.555067 -0.040725 0.995026 -0.090912 0.000000 -0.002522 0.090885 0.995858 0.000000 0.000000 0.000000 0.000000 1.000000
0.999116 0.042002 -0.001913 0.555067 -0.041982 0.994107 -0.099943 -0.000000 -0.002296 0.099934 0.994991 -0.000000 0.000000 0.000000 0.000000 1.000000
0.999061 0.043242 -0.002690 0.555067 -0.043277 0.993061 -0.109348 0.000000 -0.002057 0.109361 0.994000 -0.000000 0.000000 0.000000 0.000000 1.000000
0.999004 0.044479 -0.003507 0.555067 -0.044581 0.991901 -0.118932 -0.000000 -0.001812 0.118970 0.992896 0.000000 0.000000 0.000000 0.000000 1.000000
0.998946 0.045687 -0.004348 0.555067 -0.045867 0.990648 -0.128504 -0.000000 -0.001564 0.128568 0.991699 0.000000 0.000000 0.000000 0.000000 1.000000
0.998889 0.046842 -0.005194 0.555067 -0.047110 0.989329 -0.137869 -0.000000 -0.001319 0.137961 0.990437 -0.000000 0.000000 0.000000 0.000000 1.000000
0.998833 0.047922 -0.006027 0.555067 -0.048287 0.987981 -0.146837 -0.000000 -0.001082 0.146957 0.989142 -0.000000 0.000000 0.000000 0.000000 1.000000
0.998780 0.048908 -0.006825 0.555067 -0.049374 0.986646 -0.155218 -0.000000 -0.000858 0.155365 0.987857 -0.000000 0.000000 0.000000 0.000000 1.000000
0.998731 0.049783 -0.007564 0.555067 -0.050351 0.985370 -0.162822 -0.000000 -0.000652 0.162996 0.986627 -0.000000 0.000000 0.000000 0.000000 1.000000
0.998689 0.050533 -0.008222 0.555067 -0.051195 0.984206 -0.169462 0.000000 -0.000471 0.169661 0.985502 0.000000 0.000000 0.000000 0.000000 1.000000
0.998653 0.051142 -0.008775 0.555067 -0.051888 0.983209 -0.174952 -0.000000 -0.000320 0.175171 0.984538 -0.000000 0.000000 0.000000 0.000000 1.000000
0.998626 0.051596 -0.009198 0.555067 -0.052409 0.982433 -0.179104 -0.000000 -0.000205 0.179340 0.983787 -0.000000 0.000000 0.000000 0.000000 1.000000
0.998608 0.051880 -0.009469 0.555067 -0.052737 0.981933 -0.181734 -0.000000 -0.000131 0.181980 0.983302 -0.000000 0.000000 0.000000 0.000000 1.000000
0.998602 0.051979 -0.009563 0.555067 -0.052851 0.981756 -0.182652 -0.000000 -0.000105 0.182902 0.983131 -0.000000 0.000000 0.000000 0.000000 1.000000</float_array><technique_common><accessor source="#jnt_spine3-Matrix-animation-output-transform-array" count="21" stride="16"><param type="float4x4"/></accessor></technique_common></source><source id="jnt_spine3-Interpolations"><Name_array id="jnt_spine3-Interpolations-array" count="21">
 LINEAR LINEAR LINEAR LINEAR LINEAR LINEAR LINEAR LINEAR LINEAR LINEAR LINEAR
LINEAR LINEAR LINEAR LINEAR LINEAR LINEAR LINEAR LINEAR LINEAR LINEAR</Name_array><technique_common><accessor source="#jnt_spine3-Interpolations-array" count="21"><param type="name"/></accessor></technique_common></source><sampler id="jnt_spine3-Matrix-animation-transform"><input semantic="INPUT" source="#jnt_spine3-Matrix-animation-input"/><input semantic="OUTPUT" source="#jnt_spine3-Matrix-animation-output-transform"/><input semantic="INTERPOLATION" source="#jnt_spine3-Interpolations"/></sampler><channel source="#jnt_spine3-Matrix-animation-transform" target="jnt_spine3/matrix"/></animation></animation>
    <animation id="jnt_neck-anim" name="jnt_neck"><animation><source id="jnt_neck-Matrix-animation-input"><float_array id="jnt_neck-Matrix-animation-input-array" count="21">

0.000000 0.033333 0.066667 0.100000 0.133333 0.166667 0.200000 0.233333 0.266667 0.300000 0.333333 0.366667 0.400000 0.433333 0.466667 0.500000
0.533333 0.566667 0.600000 0.633333 0.666667</float_array><technique_common><accessor source="#jnt_neck-Matrix-animation-input-array" count="21"><param name="TIME" type="float"/></accessor></technique_common></source><source id="jnt_neck-Matrix-animation-output-transform"><float_array id="jnt_neck-Matrix-animation-output-transform-array" count="336">

0.939486 -0.342481 -0.008483 0.867450 0.341129 0.937485 -0.068939 0.171571 0.031563 0.061873 0.997585 -0.000000 0.000000 0.000000 0.000000 1.000000
0.939619 -0.342118 -0.008512 0.867463 0.340793 0.937674 -0.068022 0.171573 0.031253 0.061013 0.997648 0.000000 0.000000 0.000000 0.000000 1.000000
0.940007 -0.341047 -0.008588 0.867452 0.339802 0.938221 -0.065394 0.171571 0.030359 0.058553 0.997823 -0.000000 0.000000 0.000000 0.000000 1.000000
0.940610 -0.339377 -0.008696 0.867460 0.338252 0.939061 -0.061246 0.171571 0.028952 0.054667 0.998085 -0.000000 0.000000 0.000000 0.000000 1.000000
0.941406 -0.337160 -0.008818 0.867462 0.336185 0.940143 -0.055766 0.171573 0.027093 0.049534 0.998405 0.000000 0.000000 0.000000 0.000000 1.000000
0.942354 -0.334497 -0.008931 0.867461 0.333693 0.941400 -0.049143 0.171572 0.024846 0.043330 0.998752 -0.000000 0.000000 0.000000 0.000000 1.000000
0.943426 -0.331460 -0.009014 0.867459 0.330834 0.942773 -0.041566 0.171572 0.022276 0.036232 0.999095 -0.000000 0.000000 0.000000 0.000000 1.000000
0.944588 -0.328133 -0.009051 0.867455 0.327681 0.944204 -0.033226 0.171573 0.019448 0.028419 0.999407 -0.000000 0.000000 0.000000 0.000000 1.000000
0.945810 -0.324596 -0.009026 0.867461 0.324306 0.945640 -0.024312 0.171573 0.016427 0.020067 0.999664 0.000000 0.000000 0.000000 0.000000 1.000000
0.947061 -0.320931 -0.008930 0.867455 0.320780 0.947035 -0.015016 0.171571 0.013276 0.011356 0.999847 -0.000000 0.000000 0.000000 0.000000 1.000000
0.948314 -0.317212 -0.008759 0.867460 0.317173 0.948352 -0.005530 0.171573 0.010061 0.002466 0.999946 -0.000000 0.000000 0.000000 0.000000 1.000000
0.949544 -0.313519 -0.008515 0.867460 0.313560 0.949560 0.003956 0.171573 0.006845 -0.006426 0.999956 -0.000000 0.000000 0.000000 0.000000 1.000000
0.950725 -0.309925 -0.008205 0.867456 0.310012 0.950640 0.013248 0.171571 0.003694 -0.015139 0.999879 -0.000000 0.000000 0.000000 0.000000 1.000000
0.951839 -0.306498 -0.007843 0.867453 0.306598 0.951581 0.022157 0.171572 0.000672 -0.023494 0.999724 -0.000000 0.000000 0.000000 0.000000 1.000000
0.952861 -0.303316 -0.007447 0.867460 0.303400 0.952375 0.030490 0.171573 -0.002156 -0.031312 0.999507 -0.000000 0.000000 0.000000 0.000000 1.000000
0.953774 -0.300444 -0.007039 0.867455 0.300489 0.953026 0.038060 0.171572 -0.004727 -0.038415 0.999251 -0.000000 0.000000 0.000000 0.000000 1.000000
0.954559 -0.297948 -0.006645 0.867457 0.297941 0.953538 0.044675 0.171571 -0.006975 -0.044625 0.998979 0.000000 0.000000 0.000000 0.000000 1.000000
0.955200 -0.295894 -0.006294 0.867460 0.295829 0.953924 0.050148 0.171571 -0.008835 -0.049763 0.998722 -0.000000 0.000000 0.000000 0.000000 1.000000
0.955683 -0.294336 -0.006012 0.867452 0.294219 0.954195 0.054290 0.171571 -0.010243 -0.053653 0.998507 0.000000 0.000000 0.000000 0.000000 1.000000
0.955986 -0.293355 -0.005826 0.867449 0.293202 0.954355 0.056914 0.171570 -0.011136 -0.056117 0.998362 -0.000000 0.000000 0.000000 0.000000 1.000000
0.956090 -0.293016 -0.005760 0.867460 0.292849 0.954408 0.057830 0.171573 -0.011448 -0.056978 0.998310 -0.000000 0.000000 0.000000 0.000000 1.000000</float_array><technique_common><accessor source="#jnt_neck-Matrix-animation-output-transform-array" count="21" stride="16"><param type="float4x4"/></accessor></technique_common></source><source id="jnt_neck-Interpolations"><Name_array id="jnt_neck-Interpolations-array" count="21">
 LINEAR LINEAR LINEAR LINEAR LINEAR LINEAR LINEAR LINEAR LINEAR LINEAR LINEAR
LINEAR LINEAR LINEAR LINEAR LINEAR LINEAR LINEAR LINEAR LINEAR LINEAR</Name_array><technique_common><accessor source="#jnt_neck-Interpolations-array" count="21"><param type="name"/></accessor></technique_common></source><sampler id="jnt_neck-Matrix-animation-transform"><input semantic="INPUT" source="#jnt_neck-Matrix-animation-input"/><input semantic="OUTPUT" source="#jnt_neck-Matrix-animation-output-transform"/><input semantic="INTERPOLATION" source="#jnt_neck-Interpolations"/></sampler><channel source="#jnt_neck-Matrix-animation-transform" target="jnt_neck/matrix"/></animation></animation>
    <animation id="jnt_head-anim" name="jnt_head"><animation><source id="jnt_head-Matrix-animation-input"><float_array id="jnt_head-Matrix-animation-input-array" count="21">

0.000000 0.033333 0.066667 0.100000 0.133333 0.166667 0.200000 0.233333 0.266667 0.300000 0.333333 0.366667 0.400000 0.433333 0.466667 0.500000
0.533333 0.566667 0.600000 0.633333 0.666667</float_array><technique_common><accessor source="#jnt_head-Matrix-animation-input-array" count="21"><param name="TIME" type="float"/></accessor></technique_common></source><source id="jnt_head-Matrix-animation-output-transform"><float_array id="jnt_head-Matrix-animation-output-transform-array" count="336">

0.991332 0.127132 -0.033154 0.273590 -0.128997 0.989704 -0.062006 0.000001 0.024930 0.065745 0.997525 -0.000000 0.000000 0.000000 0.000000 1.000000
0.991289 0.127541 -0.032852 0.273592 -0.129364 0.989711 -0.061137 0.000000 0.024717 0.064855 0.997589 -0.000000 0.000000 0.000000 0.000000 1.000000
0.991167 0.128707 -0.031987 0.273592 -0.130413 0.989723 -0.058652 -0.000000 0.024109 0.062305 0.997766 -0.000000 0.000000 0.000000 0.000000 1.000000
0.990970 0.130541 -0.030609 0.273594 -0.132068 0.989728 -0.054732 0.000000 0.023149 0.058280 0.998032 -0.000000 0.000000 0.000000 0.000000 1.000000
0.990706 0.132947 -0.028768 0.273592 -0.134253 0.989707 -0.049562 0.000000 0.021883 0.052963 0.998357 0.000000 0.000000 0.000000 0.000000 1.000000
0.990377 0.135833 -0.026511 0.273591 -0.136891 0.989638 -0.043325 0.000000 0.020351 0.046537 0.998709 -0.000000 0.000000 0.000000 0.000000 1.000000
0.989990 0.139102 -0.023887 0.273592 -0.139907 0.989502 -0.036206 0.000000 0.018600 0.039186 0.999059 -0.000000 0.000000 0.000000 0.000000 1.000000
0.989550 0.142662 -0.020948 0.273595 -0.143224 0.989283 -0.028390 -0.000000 0.016674 0.031093 0.999377 -0.000000 0.000000 0.000000 0.000000 1.000000
0.989063 0.146420 -0.017748 0.273591 -0.146766 0.988968 -0.020058 0.000001 0.014615 0.022444 0.999641 -0.000000 0.000000 0.000000 0.000000 1.000000
0.988538 0.150289 -0.014345 0.273592 -0.150457 0.988551 -0.011394 0.000001 0.012469 0.013422 0.999832 -0.000000 0.000000 0.000000 0.000000 1.000000
0.987983 0.154184 -0.010805 0.273591 -0.154220 0.988033 -0.002579 0.000001 0.010278 0.004214 0.999938 -0.000000 0.000000 0.000000 0.000000 1.000000
0.987409 0.158024 -0.007197 0.273591 -0.157981 0.987423 0.006209 0.000001 0.008087 -0.004994 0.999955 0.000000 0.000000 0.000000 0.000000 1.000000
0.986828 0.161733 -0.003595 0.273592 -0.161663 0.986735 0.014794 -0.000000 0.005940 -0.014018 0.999884 -0.000000 0.000000 0.000000 0.000000 1.000000
0.986254 0.165238 -0.000082 0.273591 -0.165192 0.985993 0.023001 -0.000000 0.003882 -0.022671 0.999735 -0.000000 0.000000 0.000000 0.000000 1.000000
0.985701 0.168473 0.003258 0.273592 -0.168493 0.985226 0.030658 0.000000 0.001955 -0.030768 0.999525 -0.000000 0.000000 0.000000 0.000000 1.000000
0.985186 0.171373 0.006337 0.273595 -0.171490 0.984468 0.037595 -0.000001 0.000204 -0.038125 0.999273 0.000000 0.000000 0.000000 0.000000 1.000000
0.984725 0.173878 0.009064 0.273594 -0.174109 0.983759 0.043645 -0.000000 -0.001328 -0.044557 0.999006 0.000000 0.000000 0.000000 0.000000 1.000000
0.984337 0.175929 0.011344 0.273591 -0.176276 0.983138 0.048641 -0.000000 -0.002595 -0.049879 0.998752 -0.000000 0.000000 0.000000 0.000000 1.000000
0.984039 0.177470 0.013085 0.273592 -0.177916 0.982649 0.052417 0.000000 -0.003555 -0.053908 0.998540 -0.000000 0.000000 0.000000 0.000000 1.000000
0.983849 0.178439 0.014193 0.273592 -0.178954 0.982330 0.054805 0.000000 -0.004163 -0.056460 0.998396 0.000000 0.000000 0.000000 0.000000 1.000000
0.983782 0.178777 0.014582 0.273591 -0.179317 0.982217 0.055639 0.000001 -0.004376 -0.057352 0.998344 -0.000000 0.000000 0.000000 0.000000 1.000000</float_array><technique_common><accessor source="#jnt_head-Matrix-animation-output-transform-array" count="21" stride="16"><param type="float4x4"/></accessor></technique_common></source><source id="jnt_head-Interpolations"><Name_array id="jnt_head-Interpolations-array" count="21">
 LINEAR LINEAR LINEAR LINEAR LINEAR LINEAR LINEAR LINEAR LINEAR LINEAR LINEAR
LINEAR LINEAR LINEAR LINEAR LINEAR LINEAR LINEAR LINEAR LINEAR LINEAR</Name_array><technique_common><accessor source="#jnt_head-Interpolations-array" count="21"><param type="name"/></accessor></technique_common></source><sampler id="jnt_head-Matrix-animation-transform"><input semantic="INPUT" source="#jnt_head-Matrix-animation-input"/><input semantic="OUTPUT" source="#jnt_head-Matrix-animation-output-transform"/><input semantic="INTERPOLATION" source="#jnt_head-Interpolations"/></sampler><channel source="#jnt_head-Matrix-animation-transform" target="jnt_head/matrix"/></animation></animation>
    <animation id="jnt_left_shoulder-anim" name="jnt_left_shoulder"><animation><source id="jnt_left_shoulder-Matrix-animation-input"><float_array id="jnt_left_shoulder-Matrix-animation-input-array" count="21">

0.000000 0.033333 0.066667 0.100000 0.133333 0.166667 0.200000 0.233333 0.266667 0.300000 0.333333 0.366667 0.400000 0.433333 0.466667 0.500000
0.533333 0.566667 0.600000 0.633333 0.666667</float_array><technique_common><accessor source="#jnt_left_shoulder-Matrix-animation-input-array" count="21"><param name="TIME" type="float"/></accessor></technique_common></source><source id="jnt_left_shoulder-Matrix-animation-output-transform"><float_array id="jnt_left_shoulder-Matrix-animation-output-transform-array" count="336">

-0.006219 0.134217 -0.990932 0.635987 0.229369 -0.964340 -0.132055 0.114391 -0.973320 -0.228111 -0.024788 0.266187 0.000000 0.000000 0.000000 1.000000
-0.006219 0.134217 -0.990932 0.635987 0.229369 -0.964340 -0.132055 0.114392 -0.973320 -0.228111 -0.024788 0.266187 0.000000 0.000000 0.000000 1.000000
-0.006219 0.134217 -0.990933 0.635987 0.229369 -0.964340 -0.132054 0.114392 -0.973320 -0.228111 -0.024788 0.266187 0.000000 0.000000 0.000000 1.000000
-0.006219 0.134217 -0.990933 0.635987 0.229369 -0.964340 -0.132054 0.114392 -0.973320 -0.228111 -0.024788 0.266187 0.000000 0.000000 0.000000 1.000000
-0.006219 0.134217 -0.990932 0.635987 0.229369 -0.964340 -0.132054 0.114392 -0.973320 -0.228111 -0.024788 0.266187 0.000000 0.000000 0.000000 1.000000
-0.006219 0.134217 -0.990932 0.635987 0.229369 -0.964340 -0.132055 0.114392 -0.973320 -0.228111 -0.024788 0.266187 0.000000 0.000000 0.000000 1.000000
-0.006219 0.134216 -0.990933 0.635987 0.229369 -0.964340 -0.132054 0.114392 -0.973320 -0.228111 -0.024788 0.266187 0.000000 0.000000 0.000000 1.000000
-0.006219 0.134217 -0.990932 0.635987 0.229369 -0.964340 -0.132055 0.114392 -0.973320 -0.228111 -0.024788 0.266187 0.000000 0.000000 0.000000 1.000000
-0.006219 0.134216 -0.990933 0.635988 0.229369 -0.964340 -0.132054 0.114392 -0.973320 -0.228111 -0.024788 0.266187 0.000000 0.000000 0.000000 1.000000
-0.006219 0.134216 -0.990933 0.635987 0.229369 -0.964340 -0.132054 0.114392 -0.973320 -0.228111 -0.024788 0.266187 0.000000 0.000000 0.000000 1.000000
-0.006219 0.134217 -0.990933 0.635987 0.229369 -0.964340 -0.132054 0.114392 -0.973320 -0.228111 -0.024788 0.266187 0.000000 0.000000 0.000000 1.000000
-0.006219 0.134216 -0.990933 0.635987 0.229369 -0.964340 -0.132054 0.114392 -0.973320 -0.228111 -0.024788 0.266187 0.000000 0.000000 0.000000 1.000000
-0.006219 0.134216 -0.990933 0.635987 0.229369 -0.964340 -0.132054 0.114392 -0.973320 -0.228111 -0.024788 0.266187 0.000000 0.000000 0.000000 1.000000
-0.006219 0.134217 -0.990933 0.635987 0.229369 -0.964340 -0.132054 0.114392 -0.973320 -0.228111 -0.024788 0.266187 0.000000 0.000000 0.000000 1.000000
-0.006219 0.134216 -0.990933 0.635987 0.229369 -0.964340 -0.132054 0.114392 -0.973320 -0.228111 -0.024788 0.266187 0.000000 0.000000 0.000000 1.000000
-0.006219 0.134216 -0.990933 0.635987 0.229369 -0.964340 -0.132054 0.114391 -0.973320 -0.228111 -0.024788 0.266187 0.000000 0.000000 0.000000 1.000000
-0.006219 0.134216 -0.990933 0.635987 0.229369 -0.964340 -0.132054 0.114392 -0.973320 -0.228111 -0.024788 0.266187 0.000000 0.000000 0.000000 1.000000
-0.006219 0.134216 -0.990933 0.635987 0.229369 -0.964340 -0.132054 0.114391 -0.973320 -0.228111 -0.024788 0.266187 0.000000 0.000000 0.000000 1.000000
-0.006219 0.134216 -0.990933 0.635987 0.229369 -0.964340 -0.132054 0.114392 -0.973320 -0.228111 -0.024788 0.266187 0.000000 0.000000 0.000000 1.000000
-0.006219 0.134216 -0.990933 0.635988 0.229369 -0.964340 -0.132054 0.114392 -0.973320 -0.228111 -0.024788 0.266187 0.000000 0.000000 0.000000 1.000000
-0.006219 0.134216 -0.990933 0.635987 0.229369 -0.964340 -0.132054 0.114392 -0.973320 -0.228111 -0.024788 0.266187 0.000000 0.000000 0.000000 1.000000</float_array><technique_common><accessor source="#jnt_left_shoulder-Matrix-animation-output-transform-array" count="21" stride="16"><param type="float4x4"/></accessor></technique_common></source><source id="jnt_left_shoulder-Interpolations"><Name_array id="jnt_left_shoulder-Interpolations-array" count="21">
 LINEAR LINEAR LINEAR LINEAR LINEAR LINEAR LINEAR LINEAR LINEAR LINEAR LINEAR
LINEAR LINEAR LINEAR LINEAR LINEAR LINEAR LINEAR LINEAR LINEAR LINEAR</Name_array><technique_common><accessor source="#jnt_left_shoulder-Interpolations-array" count="21"><param type="name"/></accessor></technique_common></source><sampler id="jnt_left_shoulder-Matrix-animation-transform"><input semantic="INPUT" source="#jnt_left_shoulder-Matrix-animation-input"/><input semantic="OUTPUT" source="#jnt_left_shoulder-Matrix-animation-output-transform"/><input semantic="INTERPOLATION" source="#jnt_left_shoulder-Interpolations"/></sampler><channel source="#jnt_left_shoulder-Matrix-animation-transform" target="jnt_left_shoulder/matrix"/></animation></animation>
    <animation id="jnt_left_arm-anim" name="jnt_left_arm"><animation><source id="jnt_left_arm-Matrix-animation-input"><float_array id="jnt_left_arm-Matrix-animation-input-array" count="21">

0.000000 0.033333 0.066667 0.100000 0.133333 0.166667 0.200000 0.233333 0.266667 0.300000 0.333333 0.366667 0.400000 0.433333 0.466667 0.500000
0.533333 0.566667 0.600000 0.633333 0.666667</float_array><technique_common><accessor source="#jnt_left_arm-Matrix-animation-input-array" count="21"><param name="TIME" type="float"/></accessor></technique_common></source><source id="jnt_left_arm-Matrix-animation-output-transform"><float_array id="jnt_left_arm-Matrix-animation-output-transform-array" count="336">

0.571101 -0.451449 0.685592 -0.525418 -0.144516 0.766854 0.625341 -0.032447 -0.808059 -0.456212 0.372709 0.009491 0.000000 0.000000 0.000000 1.000000
0.573648 -0.453589 0.682045 -0.525417 -0.141207 0.765445 0.627818 -0.032447 -0.806839 -0.456456 0.375046 0.009491 0.000000 0.000000 0.000000 1.000000
0.580583 -0.459484 0.672159 -0.525417 -0.131936 0.761541 0.634545 -0.032447 -0.803440 -0.457088 0.381515 0.009491 0.000000 0.000000 0.000000 1.000000
0.590758 -0.468342 0.657009 -0.525417 -0.117580 0.755626 0.644363 -0.032448 -0.798236 -0.457914 0.391325 0.009492 0.000000 0.000000 0.000000 1.000000
