<?xml version="1.0" encoding="utf-8"?>
<COLLADA xmlns="http://www.collada.org/2005/11/COLLADASchema" version="1.4.1">
  <asset><contributor><author></author><authoring_tool>FBX COLLADA exporter</authoring_tool><comments></comments></contributor><created>2022-02-15T14:01:30Z</created><keywords></keywords><modified>2022-02-15T14:01:30Z</modified><revision></revision><subject></subject><title></title><unit meter="0.010000" name="centimeter"></unit><up_axis>Y_UP</up_axis></asset>
  <library_animations>
    <animation id="root_jnt-anim" name="root_jnt"><animation><source id="root_jnt-Matrix-animation-input"><float_array id="root_jnt-Matrix-animation-input-array" count="121">

0.000000 0.033333 0.066667 0.100000 0.133333 0.166667 0.200000 0.233333 0.266667 0.300000 0.333333 0.366667 0.400000 0.433333 0.466667 0.500000
0.533333 0.566667 0.600000 0.633333 0.666667 0.700000 0.733333 0.766667 0.800000 0.833333 0.866667 0.900000 0.933333 0.966667 1.000000 1.033333
1.066667 1.100000 1.133333 1.166667 1.200000 1.233333 1.266667 1.300000 1.333333 1.366667 1.400000 1.433333 1.466667 1.500000 1.533333 1.566667
1.600000 1.633333 1.666667 1.700000 1.733333 1.766667 1.800000 1.833333 1.866667 1.900000 1.933333 1.966667 2.000000 2.033333 2.066667 2.100000
2.133333 2.166667 2.200000 2.233333 2.266667 2.300000 2.333333 2.366667 2.400000 2.433333 2.466667 2.500000 2.533333 2.566667 2.600000 2.633333
2.666667 2.700000 2.733333 2.766667 2.800000 2.833333 2.866667 2.900000 2.933333 2.966667 3.000000 3.033333 3.066667 3.100000 3.133333 3.166667
3.200000 3.233333 3.266667 3.300000 3.333333 3.366667 3.400000 3.433333 3.466667 3.500000 3.533333 3.566667 3.600000 3.633333 3.666667 3.700000
3.733333 3.766667 3.800000 3.833333 3.866667 3.900000 3.933333 3.966667 4.000000</float_array><technique_common><accessor source="#root_jnt-Matrix-animation-input-array" count="121"><param name="TIME" type="float"/></accessor></technique_common></source><source id="root_jnt-Matrix-animation-output-transform"><float_array id="root_jnt-Matrix-animation-output-transform-array" count="1936">

1.000000 0.000000 0.000000 0.000000 0.000000 1.000000 0.000000 0.000000 0.000000 0.000000 1.000000 0.000000 0.000000 0.000000 0.000000 1.000000
1.000000 0.000000 0.000000 0.000000 0.000000 1.000000 0.000000 0.000000 0.000000 0.000000 1.000000 0.000000 0.000000 0.000000 0.000000 1.000000
1.000000 0.000000 0.000000 0.000000 0.000000 1.000000 0.000000 0.000000 0.000000 0.000000 1.000000 0.000000 0.000000 0.000000 0.000000 1.000000
1.000000 0.000000 0.000000 0.000000 0.000000 1.000000 0.000000 0.000000 0.000000 0.000000 1.000000 0.000000 0.000000 0.000000 0.000000 1.000000
1.000000 0.000000 0.000000 0.000000 0.000000 1.000000 0.000000 0.000000 0.000000 0.000000 1.000000 0.000000 0.000000 0.000000 0.000000 1.000000
1.000000 0.000000 0.000000 0.000000 0.000000 1.000000 0.000000 0.000000 0.000000 0.000000 1.000000 0.000000 0.000000 0.000000 0.000000 1.000000
1.000000 0.000000 0.000000 0.000000 0.000000 1.000000 0.000000 0.000000 0.000000 0.000000 1.000000 0.000000 0.000000 0.000000 0.000000 1.000000
1.000000 0.000000 0.000000 0.000000 0.000000 1.000000 0.000000 0.000000 0.000000 0.000000 1.000000 0.000000 0.000000 0.000000 0.000000 1.000000
1.000000 0.000000 0.000000 0.000000 0.000000 1.000000 0.000000 0.000000 0.000000 0.000000 1.000000 0.000000 0.000000 0.000000 0.000000 1.000000
1.000000 0.000000 0.000000 0.000000 0.000000 1.000000 0.000000 0.000000 0.000000 0.000000 1.000000 0.000000 0.000000 0.000000 0.000000 1.000000
1.000000 0.000000 0.000000 0.000000 0.000000 1.000000 0.000000 0.000000 0.000000 0.000000 1.000000 0.000000 0.000000 0.000000 0.000000 1.000000
1.000000 0.000000 0.000000 0.000000 0.000000 1.000000 0.000000 0.000000 0.000000 0.000000 1.000000 0.000000 0.000000 0.000000 0.000000 1.000000
1.000000 0.000000 0.000000 0.000000 0.000000 1.000000 0.000000 0.000000 0.000000 0.000000 1.000000 0.000000 0.000000 0.000000 0.000000 1.000000
1.000000 0.000000 0.000000 0.000000 0.000000 1.000000 0.000000 0.000000 0.000000 0.000000 1.000000 0.000000 0.000000 0.000000 0.000000 1.000000
1.000000 0.000000 0.000000 0.000000 0.000000 1.000000 0.000000 0.000000 0.000000 0.000000 1.000000 0.000000 0.000000 0.000000 0.000000 1.000000
1.000000 0.000000 0.000000 0.000000 0.000000 1.000000 0.000000 0.000000 0.000000 0.000000 1.000000 0.000000 0.000000 0.000000 0.000000 1.000000
1.000000 0.000000 0.000000 0.000000 0.000000 1.000000 0.000000 0.000000 0.000000 0.000000 1.000000 0.000000 0.000000 0.000000 0.000000 1.000000
1.000000 0.000000 0.000000 0.000000 0.000000 1.000000 0.000000 0.000000 0.000000 0.000000 1.000000 0.000000 0.000000 0.000000 0.000000 1.000000
1.000000 0.000000 0.000000 0.000000 0.000000 1.000000 0.000000 0.000000 0.000000 0.000000 1.000000 0.000000 0.000000 0.000000 0.000000 1.000000
1.000000 0.000000 0.000000 0.000000 0.000000 1.000000 0.000000 0.000000 0.000000 0.000000 1.000000 0.000000 0.000000 0.000000 0.000000 1.000000
1.000000 0.000000 0.000000 0.000000 0.000000 1.000000 0.000000 0.000000 0.000000 0.000000 1.000000 0.000000 0.000000 0.000000 0.000000 1.000000
1.000000 0.000000 0.000000 0.000000 0.000000 1.000000 0.000000 0.000000 0.000000 0.000000 1.000000 0.000000 0.000000 0.000000 0.000000 1.000000
1.000000 0.000000 0.000000 0.000000 0.000000 1.000000 0.000000 0.000000 0.000000 0.000000 1.000000 0.000000 0.000000 0.000000 0.000000 1.000000
1.000000 0.000000 0.000000 0.000000 0.000000 1.000000 0.000000 0.000000 0.000000 0.000000 1.000000 0.000000 0.000000 0.000000 0.000000 1.000000
1.000000 0.000000 0.000000 0.000000 0.000000 1.000000 0.000000 0.000000 0.000000 0.000000 1.000000 0.000000 0.000000 0.000000 0.000000 1.000000
1.000000 0.000000 0.000000 0.000000 0.000000 1.000000 0.000000 0.000000 0.000000 0.000000 1.000000 0.000000 0.000000 0.000000 0.000000 1.000000
1.000000 0.000000 0.000000 0.000000 0.000000 1.000000 0.000000 0.000000 0.000000 0.000000 1.000000 0.000000 0.000000 0.000000 0.000000 1.000000
1.000000 0.000000 0.000000 0.000000 0.000000 1.000000 0.000000 0.000000 0.000000 0.000000 1.000000 0.000000 0.000000 0.000000 0.000000 1.000000
1.000000 0.000000 0.000000 0.000000 0.000000 1.000000 0.000000 0.000000 0.000000 0.000000 1.000000 0.000000 0.000000 0.000000 0.000000 1.000000
1.000000 0.000000 0.000000 0.000000 0.000000 1.000000 0.000000 0.000000 0.000000 0.000000 1.000000 0.000000 0.000000 0.000000 0.000000 1.000000
1.000000 0.000000 0.000000 0.000000 0.000000 1.000000 0.000000 0.000000 0.000000 0.000000 1.000000 0.000000 0.000000 0.000000 0.000000 1.000000
1.000000 0.000000 0.000000 0.000000 0.000000 1.000000 0.000000 0.000000 0.000000 0.000000 1.000000 0.000000 0.000000 0.000000 0.000000 1.000000
1.000000 0.000000 0.000000 0.000000 0.000000 1.000000 0.000000 0.000000 0.000000 0.000000 1.000000 0.000000 0.000000 0.000000 0.000000 1.000000
1.000000 0.000000 0.000000 0.000000 0.000000 1.000000 0.000000 0.000000 0.000000 0.000000 1.000000 0.000000 0.000000 0.000000 0.000000 1.000000
1.000000 0.000000 0.000000 0.000000 0.000000 1.000000 0.000000 0.000000 0.000000 0.000000 1.000000 0.000000 0.000000 0.000000 0.000000 1.000000
1.000000 0.000000 0.000000 0.000000 0.000000 1.000000 0.000000 0.000000 0.000000 0.000000 1.000000 0.000000 0.000000 0.000000 0.000000 1.000000
1.000000 0.000000 0.000000 0.000000 0.000000 1.000000 0.000000 0.000000 0.000000 0.000000 1.000000 0.000000 0.000000 0.000000 0.000000 1.000000
1.000000 0.000000 0.000000 0.000000 0.000000 1.000000 0.000000 0.000000 0.000000 0.000000 1.000000 0.000000 0.000000 0.000000 0.000000 1.000000
1.000000 0.000000 0.000000 0.000000 0.000000 1.000000 0.000000 0.000000 0.000000 0.000000 1.000000 0.000000 0.000000 0.000000 0.000000 1.000000
1.000000 0.000000 0.000000 0.000000 0.000000 1.000000 0.000000 0.000000 0.000000 0.000000 1.000000 0.000000 0.000000 0.000000 0.000000 1.000000
1.000000 0.000000 0.000000 0.000000 0.000000 1.000000 0.000000 0.000000 0.000000 0.000000 1.000000 0.000000 0.000000 0.000000 0.000000 1.000000
1.000000 0.000000 0.000000 0.000000 0.000000 1.000000 0.000000 0.000000 0.000000 0.000000 1.000000 0.000000 0.000000 0.000000 0.000000 1.000000
1.000000 0.000000 0.000000 0.000000 0.000000 1.000000 0.000000 0.000000 0.000000 0.000000 1.000000 0.000000 0.000000 0.000000 0.000000 1.000000
1.000000 0.000000 0.000000 0.000000 0.000000 1.000000 0.000000 0.000000 0.000000 0.000000 1.000000 0.000000 0.000000 0.000000 0.000000 1.000000
1.000000 0.000000 0.000000 0.000000 0.000000 1.000000 0.000000 0.000000 0.000000 0.000000 1.000000 0.000000 0.000000 0.000000 0.000000 1.000000
1.000000 0.000000 0.000000 0.000000 0.000000 1.000000 0.000000 0.000000 0.000000 0.000000 1.000000 0.000000 0.000000 0.000000 0.000000 1.000000
1.000000 0.000000 0.000000 0.000000 0.000000 1.000000 0.000000 0.000000 0.000000 0.000000 1.000000 0.000000 0.000000 0.000000 0.000000 1.000000
1.000000 0.000000 0.000000 0.000000 0.000000 1.000000 0.000000 0.000000 0.000000 0.000000 1.000000 0.000000 0.000000 0.000000 0.000000 1.000000
1.000000 0.000000 0.000000 0.000000 0.000000 1.000000 0.000000 0.000000 0.000000 0.000000 1.000000 0.000000 0.000000 0.000000 0.000000 1.000000
1.000000 0.000000 0.000000 0.000000 0.000000 1.000000 0.000000 0.000000 0.000000 0.000000 1.000000 0.000000 0.000000 0.000000 0.000000 1.000000
1.000000 0.000000 0.000000 0.000000 0.000000 1.000000 0.000000 0.000000 0.000000 0.000000 1.000000 0.000000 0.000000 0.000000 0.000000 1.000000
1.000000 0.000000 0.000000 0.000000 0.000000 1.000000 0.000000 0.000000 0.000000 0.000000 1.000000 0.000000 0.000000 0.000000 0.000000 1.000000
1.000000 0.000000 0.000000 0.000000 0.000000 1.000000 0.000000 0.000000 0.000000 0.000000 1.000000 0.000000 0.000000 0.000000 0.000000 1.000000
1.000000 0.000000 0.000000 0.000000 0.000000 1.000000 0.000000 0.000000 0.000000 0.000000 1.000000 0.000000 0.000000 0.000000 0.000000 1.000000
1.000000 0.000000 0.000000 0.000000 0.000000 1.000000 0.000000 0.000000 0.000000 0.000000 1.000000 0.000000 0.000000 0.000000 0.000000 1.000000
1.000000 0.000000 0.000000 0.000000 0.000000 1.000000 0.000000 0.000000 0.000000 0.000000 1.000000 0.000000 0.000000 0.000000 0.000000 1.000000
1.000000 0.000000 0.000000 0.000000 0.000000 1.000000 0.000000 0.000000 0.000000 0.000000 1.000000 0.000000 0.000000 0.000000 0.000000 1.000000
1.000000 0.000000 0.000000 0.000000 0.000000 1.000000 0.000000 0.000000 0.000000 0.000000 1.000000 0.000000 0.000000 0.000000 0.000000 1.000000
1.000000 0.000000 0.000000 0.000000 0.000000 1.000000 0.000000 0.000000 0.000000 0.000000 1.000000 0.000000 0.000000 0.000000 0.000000 1.000000
1.000000 0.000000 0.000000 0.000000 0.000000 1.000000 0.000000 0.000000 0.000000 0.000000 1.000000 0.000000 0.000000 0.000000 0.000000 1.000000
1.000000 0.000000 0.000000 0.000000 0.000000 1.000000 0.000000 0.000000 0.000000 0.000000 1.000000 0.000000 0.000000 0.000000 0.000000 1.000000
1.000000 0.000000 0.000000 0.000000 0.000000 1.000000 0.000000 0.000000 0.000000 0.000000 1.000000 0.000000 0.000000 0.000000 0.000000 1.000000
1.000000 0.000000 0.000000 0.000000 0.000000 1.000000 0.000000 0.000000 0.000000 0.000000 1.000000 0.000000 0.000000 0.000000 0.000000 1.000000
1.000000 0.000000 0.000000 0.000000 0.000000 1.000000 0.000000 0.000000 0.000000 0.000000 1.000000 0.000000 0.000000 0.000000 0.000000 1.000000
1.000000 0.000000 0.000000 0.000000 0.000000 1.000000 0.000000 0.000000 0.000000 0.000000 1.000000 0.000000 0.000000 0.000000 0.000000 1.000000
1.000000 0.000000 0.000000 0.000000 0.000000 1.000000 0.000000 0.000000 0.000000 0.000000 1.000000 0.000000 0.000000 0.000000 0.000000 1.000000
1.000000 0.000000 0.000000 0.000000 0.000000 1.000000 0.000000 0.000000 0.000000 0.000000 1.000000 0.000000 0.000000 0.000000 0.000000 1.000000
1.000000 0.000000 0.000000 0.000000 0.000000 1.000000 0.000000 0.000000 0.000000 0.000000 1.000000 0.000000 0.000000 0.000000 0.000000 1.000000
1.000000 0.000000 0.000000 0.000000 0.000000 1.000000 0.000000 0.000000 0.000000 0.000000 1.000000 0.000000 0.000000 0.000000 0.000000 1.000000
1.000000 0.000000 0.000000 0.000000 0.000000 1.000000 0.000000 0.000000 0.000000 0.000000 1.000000 0.000000 0.000000 0.000000 0.000000 1.000000
1.000000 0.000000 0.000000 0.000000 0.000000 1.000000 0.000000 0.000000 0.000000 0.000000 1.000000 0.000000 0.000000 0.000000 0.000000 1.000000
1.000000 0.000000 0.000000 0.000000 0.000000 1.000000 0.000000 0.000000 0.000000 0.000000 1.000000 0.000000 0.000000 0.000000 0.000000 1.000000
1.000000 0.000000 0.000000 0.000000 0.000000 1.000000 0.000000 0.000000 0.000000 0.000000 1.000000 0.000000 0.000000 0.000000 0.000000 1.000000
1.000000 0.000000 0.000000 0.000000 0.000000 1.000000 0.000000 0.000000 0.000000 0.000000 1.000000 0.000000 0.000000 0.000000 0.000000 1.000000
1.000000 0.000000 0.000000 0.000000 0.000000 1.000000 0.000000 0.000000 0.000000 0.000000 1.000000 0.000000 0.000000 0.000000 0.000000 1.000000
1.000000 0.000000 0.000000 0.000000 0.000000 1.000000 0.000000 0.000000 0.000000 0.000000 1.000000 0.000000 0.000000 0.000000 0.000000 1.000000
1.000000 0.000000 0.000000 0.000000 0.000000 1.000000 0.000000 0.000000 0.000000 0.000000 1.000000 0.000000 0.000000 0.000000 0.000000 1.000000
1.000000 0.000000 0.000000 0.000000 0.000000 1.000000 0.000000 0.000000 0.000000 0.000000 1.000000 0.000000 0.000000 0.000000 0.000000 1.000000
1.000000 0.000000 0.000000 0.000000 0.000000 1.000000 0.000000 0.000000 0.000000 0.000000 1.000000 0.000000 0.000000 0.000000 0.000000 1.000000
1.000000 0.000000 0.000000 0.000000 0.000000 1.000000 0.000000 0.000000 0.000000 0.000000 1.000000 0.000000 0.000000 0.000000 0.000000 1.000000
1.000000 0.000000 0.000000 0.000000 0.000000 1.000000 0.000000 0.000000 0.000000 0.000000 1.000000 0.000000 0.000000 0.000000 0.000000 1.000000
1.000000 0.000000 0.000000 0.000000 0.000000 1.000000 0.000000 0.000000 0.000000 0.000000 1.000000 0.000000 0.000000 0.000000 0.000000 1.000000
1.000000 0.000000 0.000000 0.000000 0.000000 1.000000 0.000000 0.000000 0.000000 0.000000 1.000000 0.000000 0.000000 0.000000 0.000000 1.000000
1.000000 0.000000 0.000000 0.000000 0.000000 1.000000 0.000000 0.000000 0.000000 0.000000 1.000000 0.000000 0.000000 0.000000 0.000000 1.000000
1.000000 0.000000 0.000000 0.000000 0.000000 1.000000 0.000000 0.000000 0.000000 0.000000 1.000000 0.000000 0.000000 0.000000 0.000000 1.000000
1.000000 0.000000 0.000000 0.000000 0.000000 1.000000 0.000000 0.000000 0.000000 0.000000 1.000000 0.000000 0.000000 0.000000 0.000000 1.000000
1.000000 0.000000 0.000000 0.000000 0.000000 1.000000 0.000000 0.000000 0.000000 0.000000 1.000000 0.000000 0.000000 0.000000 0.000000 1.000000
1.000000 0.000000 0.000000 0.000000 0.000000 1.000000 0.000000 0.000000 0.000000 0.000000 1.000000 0.000000 0.000000 0.000000 0.000000 1.000000
1.000000 0.000000 0.000000 0.000000 0.000000 1.000000 0.000000 0.000000 0.000000 0.000000 1.000000 0.000000 0.000000 0.000000 0.000000 1.000000
1.000000 0.000000 0.000000 0.000000 0.000000 1.000000 0.000000 0.000000 0.000000 0.000000 1.000000 0.000000 0.000000 0.000000 0.000000 1.000000
1.000000 0.000000 0.000000 0.000000 0.000000 1.000000 0.000000 0.000000 0.000000 0.000000 1.000000 0.000000 0.000000 0.000000 0.000000 1.000000
1.000000 0.000000 0.000000 0.000000 0.000000 1.000000 0.000000 0.000000 0.000000 0.000000 1.000000 0.000000 0.000000 0.000000 0.000000 1.000000
1.000000 0.000000 0.000000 0.000000 0.000000 1.000000 0.000000 0.000000 0.000000 0.000000 1.000000 0.000000 0.000000 0.000000 0.000000 1.000000
1.000000 0.000000 0.000000 0.000000 0.000000 1.000000 0.000000 0.000000 0.000000 0.000000 1.000000 0.000000 0.000000 0.000000 0.000000 1.000000
1.000000 0.000000 0.000000 0.000000 0.000000 1.000000 0.000000 0.000000 0.000000 0.000000 1.000000 0.000000 0.000000 0.000000 0.000000 1.000000
1.000000 0.000000 0.000000 0.000000 0.000000 1.000000 0.000000 0.000000 0.000000 0.000000 1.000000 0.000000 0.000000 0.000000 0.000000 1.000000
1.000000 0.000000 0.000000 0.000000 0.000000 1.000000 0.000000 0.000000 0.000000 0.000000 1.000000 0.000000 0.000000 0.000000 0.000000 1.000000
1.000000 0.000000 0.000000 0.000000 0.000000 1.000000 0.000000 0.000000 0.000000 0.000000 1.000000 0.000000 0.000000 0.000000 0.000000 1.000000
1.000000 0.000000 0.000000 0.000000 0.000000 1.000000 0.000000 0.000000 0.000000 0.000000 1.000000 0.000000 0.000000 0.000000 0.000000 1.000000
1.000000 0.000000 0.000000 0.000000 0.000000 1.000000 0.000000 0.000000 0.000000 0.000000 1.000000 0.000000 0.000000 0.000000 0.000000 1.000000
1.000000 0.000000 0.000000 0.000000 0.000000 1.000000 0.000000 0.000000 0.000000 0.000000 1.000000 0.000000 0.000000 0.000000 0.000000 1.000000
1.000000 0.000000 0.000000 0.000000 0.000000 1.000000 0.000000 0.000000 0.000000 0.000000 1.000000 0.000000 0.000000 0.000000 0.000000 1.000000
1.000000 0.000000 0.000000 0.000000 0.000000 1.000000 0.000000 0.000000 0.000000 0.000000 1.000000 0.000000 0.000000 0.000000 0.000000 1.000000
1.000000 0.000000 0.000000 0.000000 0.000000 1.000000 0.000000 0.000000 0.000000 0.000000 1.000000 0.000000 0.000000 0.000000 0.000000 1.000000
1.000000 0.000000 0.000000 0.000000 0.000000 1.000000 0.000000 0.000000 0.000000 0.000000 1.000000 0.000000 0.000000 0.000000 0.000000 1.000000
1.000000 0.000000 0.000000 0.000000 0.000000 1.000000 0.000000 0.000000 0.000000 0.000000 1.000000 0.000000 0.000000 0.000000 0.000000 1.000000
1.000000 0.000000 0.000000 0.000000 0.000000 1.000000 0.000000 0.000000 0.000000 0.000000 1.000000 0.000000 0.000000 0.000000 0.000000 1.000000
1.000000 0.000000 0.000000 0.000000 0.000000 1.000000 0.000000 0.000000 0.000000 0.000000 1.000000 0.000000 0.000000 0.000000 0.000000 1.000000
1.000000 0.000000 0.000000 0.000000 0.000000 1.000000 0.000000 0.000000 0.000000 0.000000 1.000000 0.000000 0.000000 0.000000 0.000000 1.000000
1.000000 0.000000 0.000000 0.000000 0.000000 1.000000 0.000000 0.000000 0.000000 0.000000 1.000000 0.000000 0.000000 0.000000 0.000000 1.000000
1.000000 0.000000 0.000000 0.000000 0.000000 1.000000 0.000000 0.000000 0.000000 0.000000 1.000000 0.000000 0.000000 0.000000 0.000000 1.000000
1.000000 0.000000 0.000000 0.000000 0.000000 1.000000 0.000000 0.000000 0.000000 0.000000 1.000000 0.000000 0.000000 0.000000 0.000000 1.000000
1.000000 0.000000 0.000000 0.000000 0.000000 1.000000 0.000000 0.000000 0.000000 0.000000 1.000000 0.000000 0.000000 0.000000 0.000000 1.000000
1.000000 0.000000 0.000000 0.000000 0.000000 1.000000 0.000000 0.000000 0.000000 0.000000 1.000000 0.000000 0.000000 0.000000 0.000000 1.000000
1.000000 0.000000 0.000000 0.000000 0.000000 1.000000 0.000000 0.000000 0.000000 0.000000 1.000000 0.000000 0.000000 0.000000 0.000000 1.000000
1.000000 0.000000 0.000000 0.000000 0.000000 1.000000 0.000000 0.000000 0.000000 0.000000 1.000000 0.000000 0.000000 0.000000 0.000000 1.000000
1.000000 0.000000 0.000000 0.000000 0.000000 1.000000 0.000000 0.000000 0.000000 0.000000 1.000000 0.000000 0.000000 0.000000 0.000000 1.000000
1.000000 0.000000 0.000000 0.000000 0.000000 1.000000 0.000000 0.000000 0.000000 0.000000 1.000000 0.000000 0.000000 0.000000 0.000000 1.000000
1.000000 0.000000 0.000000 0.000000 0.000000 1.000000 0.000000 0.000000 0.000000 0.000000 1.000000 0.000000 0.000000 0.000000 0.000000 1.000000
1.000000 0.000000 0.000000 0.000000 0.000000 1.000000 0.000000 0.000000 0.000000 0.000000 1.000000 0.000000 0.000000 0.000000 0.000000 1.000000
1.000000 0.000000 0.000000 0.000000 0.000000 1.000000 0.000000 0.000000 0.000000 0.000000 1.000000 0.000000 0.000000 0.000000 0.000000 1.000000</float_array><technique_common><accessor source="#root_jnt-Matrix-animation-output-transform-array" count="121" stride="16"><param type="float4x4"/></accessor></technique_common></source><source id="root_jnt-Interpolations"><Name_array id="root_jnt-Interpolations-array" count="121">
 LINEAR LINEAR LINEAR LINEAR LINEAR LINEAR LINEAR LINEAR LINEAR LINEAR LINEAR
LINEAR LINEAR LINEAR LINEAR LINEAR LINEAR LINEAR LINEAR LINEAR LINEAR LINEAR LINEAR
LINEAR LINEAR LINEAR LINEAR LINEAR LINEAR LINEAR LINEAR LINEAR LINEAR LINEAR LINEAR
LINEAR LINEAR LINEAR LINEAR LINEAR LINEAR LINEAR LINEAR LINEAR LINEAR LINEAR LINEAR
LINEAR LINEAR LINEAR LINEAR LINEAR LINEAR LINEAR LINEAR LINEAR LINEAR LINEAR LINEAR
LINEAR LINEAR LINEAR LINEAR LINEAR LINEAR LINEAR LINEAR LINEAR LINEAR LINEAR LINEAR
LINEAR LINEAR LINEAR LINEAR LINEAR LINEAR LINEAR LINEAR LINEAR LINEAR LINEAR LINEAR
LINEAR LINEAR LINEAR LINEAR LINEAR LINEAR LINEAR LINEAR LINEAR LINEAR LINEAR LINEAR
LINEAR LINEAR LINEAR LINEAR LINEAR LINEAR LINEAR LINEAR LINEAR LINEAR LINEAR LINEAR
LINEAR LINEAR LINEAR LINEAR LINEAR LINEAR LINEAR LINEAR LINEAR LINEAR LINEAR LINEAR
LINEAR LINEAR</Name_array><technique_common><accessor source="#root_jnt-Interpolations-array" count="121"><param type="name"/></accessor></technique_common></source><sampler id="root_jnt-Matrix-animation-transform"><input semantic="INPUT" source="#root_jnt-Matrix-animation-input"/><input semantic="OUTPUT" source="#root_jnt-Matrix-animation-output-transform"/><input semantic="INTERPOLATION" source="#root_jnt-Interpolations"/></sampler><channel source="#root_jnt-Matrix-animation-transform" target="root_jnt/matrix"/></animation></animation>
    <animation id="jnt_hips-anim" name="jnt_hips"><animation><source id="jnt_hips-Matrix-animation-input"><float_array id="jnt_hips-Matrix-animation-input-array" count="121">

0.000000 0.033333 0.066667 0.100000 0.133333 0.166667 0.200000 0.233333 0.266667 0.300000 0.333333 0.366667 0.400000 0.433333 0.466667 0.500000
0.533333 0.566667 0.600000 0.633333 0.666667 0.700000 0.733333 0.766667 0.800000 0.833333 0.866667 0.900000 0.933333 0.966667 1.000000 1.033333
1.066667 1.100000 1.133333 1.166667 1.200000 1.233333 1.266667 1.300000 1.333333 1.366667 1.400000 1.433333 1.466667 1.500000 1.533333 1.566667
1.600000 1.633333 1.666667 1.700000 1.733333 1.766667 1.800000 1.833333 1.866667 1.900000 1.933333 1.966667 2.000000 2.033333 2.066667 2.100000
2.133333 2.166667 2.200000 2.233333 2.266667 2.300000 2.333333 2.366667 2.400000 2.433333 2.466667 2.500000 2.533333 2.566667 2.600000 2.633333
2.666667 2.700000 2.733333 2.766667 2.800000 2.833333 2.866667 2.900000 2.933333 2.966667 3.000000 3.033333 3.066667 3.100000 3.133333 3.166667
3.200000 3.233333 3.266667 3.300000 3.333333 3.366667 3.400000 3.433333 3.466667 3.500000 3.533333 3.566667 3.600000 3.633333 3.666667 3.700000
3.733333 3.766667 3.800000 3.833333 3.866667 3.900000 3.933333 3.966667 4.000000</float_array><technique_common><accessor source="#jnt_hips-Matrix-animation-input-array" count="121"><param name="TIME" type="float"/></accessor></technique_common></source><source id="jnt_hips-Matrix-animation-output-transform"><float_array id="jnt_hips-Matrix-animation-output-transform-array" count="1936">

0.916330 -0.010975 -0.400273 -0.014012 -0.009059 0.998800 -0.048125 1.940663 0.400321 0.047725 0.915132 -0.244516 0.000000 0.000000 0.000000 1.000000
0.916304 -0.010975 -0.400333 -0.014007 -0.009062 0.998800 -0.048125 1.940609 0.400381 0.047725 0.915105 -0.244518 0.000000 0.000000 0.000000 1.000000
0.916226 -0.010975 -0.400511 -0.013990 -0.009072 0.998800 -0.048123 1.940453 0.400559 0.047725 0.915027 -0.244523 0.000000 0.000000 0.000000 1.000000
0.916098 -0.010975 -0.400804 -0.013966 -0.009087 0.998800 -0.048120 1.940196 0.400851 0.047725 0.914899 -0.244533 0.000000 0.000000 0.000000 1.000000
0.915922 -0.010975 -0.401206 -0.013931 -0.009108 0.998800 -0.048116 1.939843 0.401253 0.047725 0.914723 -0.244546 0.000000 0.000000 0.000000 1.000000
0.915699 -0.010975 -0.401715 -0.013887 -0.009135 0.998800 -0.048111 1.939396 0.401761 0.047725 0.914500 -0.244562 0.000000 0.000000 0.000000 1.000000
0.915431 -0.010975 -0.402326 -0.013835 -0.009167 0.998800 -0.048105 1.938859 0.402371 0.047725 0.914232 -0.244581 0.000000 0.000000 0.000000 1.000000
0.915119 -0.010975 -0.403035 -0.013774 -0.009204 0.998800 -0.048098 1.938235 0.403079 0.047725 0.913920 -0.244604 0.000000 0.000000 0.000000 1.000000
0.914765 -0.010975 -0.403838 -0.013705 -0.009246 0.998800 -0.048089 1.937528 0.403882 0.047725 0.913566 -0.244630 0.000000 0.000000 0.000000 1.000000
0.914369 -0.010975 -0.404733 -0.013628 -0.009293 0.998800 -0.048080 1.936741 0.404776 0.047725 0.913170 -0.244658 0.000000 0.000000 0.000000 1.000000
0.913934 -0.010975 -0.405714 -0.013544 -0.009345 0.998800 -0.048071 1.935877 0.405755 0.047725 0.912735 -0.244690 0.000000 0.000000 0.000000 1.000000
0.913462 -0.010975 -0.406777 -0.013452 -0.009401 0.998800 -0.048060 1.934941 0.406816 0.047725 0.912263 -0.244724 0.000000 0.000000 0.000000 1.000000
0.912953 -0.010975 -0.407918 -0.013354 -0.009461 0.998800 -0.048048 1.933935 0.407956 0.047725 0.911754 -0.244760 0.000000 0.000000 0.000000 1.000000
0.912409 -0.010975 -0.409133 -0.013250 -0.009525 0.998800 -0.048035 1.932863 0.409170 0.047725 0.911209 -0.244800 0.000000 0.000000 0.000000 1.000000
0.911830 -0.010975 -0.410420 -0.013138 -0.009593 0.998800 -0.048022 1.931727 0.410455 0.047725 0.910631 -0.244841 0.000000 0.000000 0.000000 1.000000
0.911220 -0.010975 -0.411773 -0.013023 -0.009664 0.998800 -0.048007 1.930533 0.411806 0.047725 0.910021 -0.244884 0.000000 0.000000 0.000000 1.000000
0.910580 -0.010975 -0.413188 -0.012900 -0.009738 0.998800 -0.047992 1.929282 0.413219 0.047725 0.909380 -0.244930 0.000000 0.000000 0.000000 1.000000
0.909909 -0.010975 -0.414662 -0.012773 -0.009816 0.998800 -0.047976 1.927979 0.414691 0.047725 0.908710 -0.244977 0.000000 0.000000 0.000000 1.000000
0.909211 -0.010975 -0.416191 -0.012640 -0.009897 0.998800 -0.047960 1.926626 0.416218 0.047725 0.908012 -0.245027 0.000000 0.000000 0.000000 1.000000
0.908487 -0.010975 -0.417770 -0.012504 -0.009980 0.998800 -0.047943 1.925228 0.417795 0.047725 0.907287 -0.245078 0.000000 0.000000 0.000000 1.000000
0.907737 -0.010975 -0.419395 -0.012364 -0.010066 0.998800 -0.047925 1.923787 0.419418 0.047725 0.906538 -0.245130 0.000000 0.000000 0.000000 1.000000
0.906965 -0.010975 -0.421064 -0.012219 -0.010154 0.998800 -0.047906 1.922307 0.421084 0.047725 0.905765 -0.245184 0.000000 0.000000 0.000000 1.000000
0.906170 -0.010975 -0.422772 -0.012071 -0.010244 0.998800 -0.047887 1.920791 0.422790 0.047725 0.904970 -0.245239 0.000000 0.000000 0.000000 1.000000
0.905355 -0.010975 -0.424513 -0.011920 -0.010336 0.998800 -0.047867 1.919243 0.424529 0.047725 0.904156 -0.245295 0.000000 0.000000 0.000000 1.000000
0.904522 -0.010975 -0.426286 -0.011766 -0.010430 0.998800 -0.047847 1.917666 0.426300 0.047725 0.903322 -0.245353 0.000000 0.000000 0.000000 1.000000
0.903672 -0.010975 -0.428086 -0.011609 -0.010525 0.998800 -0.047826 1.916063 0.428097 0.047725 0.902472 -0.245411 0.000000 0.000000 0.000000 1.000000
0.902806 -0.010975 -0.429908 -0.011451 -0.010622 0.998800 -0.047805 1.914439 0.429917 0.047725 0.901606 -0.245470 0.000000 0.000000 0.000000 1.000000
0.901926 -0.010975 -0.431751 -0.011290 -0.010719 0.998800 -0.047783 1.912796 0.431757 0.047725 0.900726 -0.245530 0.000000 0.000000 0.000000 1.000000
0.901035 -0.010975 -0.433608 -0.011128 -0.010818 0.998800 -0.047761 1.911137 0.433612 0.047725 0.899835 -0.245590 0.000000 0.000000 0.000000 1.000000
0.900133 -0.010975 -0.435477 -0.010965 -0.010917 0.998800 -0.047738 1.909467 0.435479 0.047725 0.898933 -0.245651 0.000000 0.000000 0.000000 1.000000
0.899223 -0.010975 -0.437354 -0.010801 -0.011017 0.998800 -0.047716 1.907788 0.437353 0.047725 0.898023 -0.245712 0.000000 0.000000 0.000000 1.000000
0.898306 -0.010975 -0.439234 -0.010637 -0.011116 0.998800 -0.047692 1.906104 0.439231 0.047725 0.897106 -0.245773 0.000000 0.000000 0.000000 1.000000
0.897384 -0.010975 -0.441114 -0.010472 -0.011216 0.998800 -0.047669 1.904418 0.441108 0.047725 0.896184 -0.245835 0.000000 0.000000 0.000000 1.000000
0.896459 -0.010975 -0.442991 -0.010308 -0.011316 0.998800 -0.047645 1.902735 0.442982 0.047725 0.895259 -0.245896 0.000000 0.000000 0.000000 1.000000
0.895533 -0.010975 -0.444860 -0.010144 -0.011415 0.998800 -0.047622 1.901056 0.444848 0.047725 0.894333 -0.245957 0.000000 0.000000 0.000000 1.000000
0.894608 -0.010975 -0.446717 -0.009981 -0.011514 0.998800 -0.047598 1.899385 0.446703 0.047725 0.893408 -0.246018 0.000000 0.000000 0.000000 1.000000
0.893686 -0.010975 -0.448559 -0.009819 -0.011612 0.998800 -0.047574 1.897727 0.448543 0.047725 0.892486 -0.246078 0.000000 0.000000 0.000000 1.000000
0.892768 -0.010975 -0.450383 -0.009658 -0.011709 0.998800 -0.047550 1.896084 0.450364 0.047725 0.891568 -0.246138 0.000000 0.000000 0.000000 1.000000
0.891857 -0.010975 -0.452184 -0.009499 -0.011805 0.998800 -0.047527 1.894459 0.452163 0.047725 0.890658 -0.246197 0.000000 0.000000 0.000000 1.000000
0.890955 -0.010975 -0.453958 -0.009343 -0.011900 0.998800 -0.047503 1.892857 0.453935 0.047725 0.889756 -0.246256 0.000000 0.000000 0.000000 1.000000
0.890065 -0.010975 -0.455702 -0.009190 -0.011993 0.998800 -0.047480 1.891280 0.455677 0.047725 0.888865 -0.246313 0.000000 0.000000 0.000000 1.000000
0.889186 -0.010975 -0.457414 -0.009038 -0.012084 0.998800 -0.047456 1.889732 0.457386 0.047725 0.887987 -0.246369 0.000000 0.000000 0.000000 1.000000
0.888323 -0.010975 -0.459087 -0.008890 -0.012173 0.998800 -0.047434 1.888216 0.459057 0.047725 0.887124 -0.246424 0.000000 0.000000 0.000000 1.000000
0.887478 -0.010975 -0.460720 -0.008746 -0.012261 0.998800 -0.047411 1.886736 0.460687 0.047725 0.886279 -0.246478 0.000000 0.000000 0.000000 1.000000
0.886651 -0.010975 -0.462308 -0.008605 -0.012346 0.998800 -0.047389 1.885295 0.462274 0.047725 0.885452 -0.246531 0.000000 0.000000 0.000000 1.000000
0.885847 -0.010975 -0.463848 -0.008469 -0.012428 0.998800 -0.047368 1.883896 0.463811 0.047725 0.884648 -0.246582 0.000000 0.000000 0.000000 1.000000
0.885066 -0.010975 -0.465336 -0.008336 -0.012507 0.998800 -0.047347 1.882544 0.465297 0.047725 0.883867 -0.246631 0.000000 0.000000 0.000000 1.000000
0.884311 -0.010975 -0.466769 -0.008209 -0.012584 0.998800 -0.047326 1.881240 0.466728 0.047725 0.883112 -0.246678 0.000000 0.000000 0.000000 1.000000
0.883585 -0.010975 -0.468142 -0.008087 -0.012658 0.998800 -0.047307 1.879990 0.468100 0.047725 0.882386 -0.246724 0.000000 0.000000 0.000000 1.000000
0.882889 -0.010975 -0.469453 -0.007970 -0.012728 0.998800 -0.047288 1.878795 0.469409 0.047725 0.881690 -0.246767 0.000000 0.000000 0.000000 1.000000
0.882227 -0.010975 -0.470697 -0.007859 -0.012795 0.998800 -0.047270 1.877660 0.470651 0.047725 0.881028 -0.246809 0.000000 0.000000 0.000000 1.000000
0.881599 -0.010975 -0.471872 -0.007755 -0.012858 0.998800 -0.047253 1.876587 0.471825 0.047725 0.880400 -0.246848 0.000000 0.000000 0.000000 1.000000
0.881008 -0.010975 -0.472974 -0.007656 -0.012916 0.998800 -0.047237 1.875582 0.472925 0.047725 0.879809 -0.246884 0.000000 0.000000 0.000000 1.000000
0.880457 -0.010975 -0.473999 -0.007565 -0.012972 0.998800 -0.047222 1.874645 0.473948 0.047725 0.879258 -0.246918 0.000000 0.000000 0.000000 1.000000
0.879948 -0.010975 -0.474943 -0.007480 -0.013022 0.998800 -0.047208 1.873782 0.474891 0.047725 0.878749 -0.246950 0.000000 0.000000 0.000000 1.000000
0.879483 -0.010975 -0.475803 -0.007403 -0.013068 0.998800 -0.047195 1.872995 0.475750 0.047725 0.878285 -0.246978 0.000000 0.000000 0.000000 1.000000
0.879065 -0.010975 -0.476575 -0.007334 -0.013110 0.998800 -0.047184 1.872288 0.476521 0.047725 0.877867 -0.247004 0.000000 0.000000 0.000000 1.000000
0.878696 -0.010975 -0.477256 -0.007274 -0.013146 0.998800 -0.047173 1.871664 0.477202 0.047725 0.877497 -0.247027 0.000000 0.000000 0.000000 1.000000
0.878377 -0.010975 -0.477843 -0.007221 -0.013178 0.998800 -0.047165 1.871127 0.477787 0.047725 0.877178 -0.247046 0.000000 0.000000 0.000000 1.000000
0.878111 -0.010975 -0.478330 -0.007178 -0.013204 0.998800 -0.047157 1.870680 0.478274 0.047725 0.876913 -0.247063 0.000000 0.000000 0.000000 1.000000
0.877901 -0.010975 -0.478716 -0.007143 -0.013225 0.998800 -0.047151 1.870326 0.478659 0.047725 0.876703 -0.247076 0.000000 0.000000 0.000000 1.000000
0.877748 -0.010975 -0.478996 -0.007118 -0.013240 0.998800 -0.047147 1.870069 0.478939 0.047725 0.876550 -0.247085 0.000000 0.000000 0.000000 1.000000
0.877655 -0.010975 -0.479167 -0.007103 -0.013249 0.998800 -0.047145 1.869913 0.479109 0.047725 0.876457 -0.247091 0.000000 0.000000 0.000000 1.000000
0.877624 -0.010975 -0.479225 -0.007097 -0.013252 0.998800 -0.047144 1.869860 0.479167 0.047725 0.876425 -0.247093 0.000000 0.000000 0.000000 1.000000
0.877675 -0.010975 -0.479130 -0.007106 -0.013247 0.998800 -0.047145 1.869946 0.479072 0.047725 0.876477 -0.247090 0.000000 0.000000 0.000000 1.000000
0.877824 -0.010975 -0.478857 -0.007131 -0.013232 0.998800 -0.047149 1.870196 0.478800 0.047725 0.876626 -0.247080 0.000000 0.000000 0.000000 1.000000
0.878065 -0.010975 -0.478416 -0.007170 -0.013209 0.998800 -0.047156 1.870602 0.478359 0.047725 0.876866 -0.247066 0.000000 0.000000 0.000000 1.000000
0.878390 -0.010975 -0.477819 -0.007223 -0.013177 0.998800 -0.047165 1.871148 0.477764 0.047725 0.877191 -0.247046 0.000000 0.000000 0.000000 1.000000
0.878791 -0.010975 -0.477080 -0.007289 -0.013137 0.998800 -0.047176 1.871825 0.477025 0.047725 0.877593 -0.247021 0.000000 0.000000 0.000000 1.000000
0.879263 -0.010975 -0.476210 -0.007368 -0.013090 0.998800 -0.047189 1.872622 0.476157 0.047725 0.878064 -0.246992 0.000000 0.000000 0.000000 1.000000
0.879797 -0.010975 -0.475222 -0.007456 -0.013037 0.998800 -0.047204 1.873526 0.475170 0.047725 0.878599 -0.246959 0.000000 0.000000 0.000000 1.000000
0.880387 -0.010975 -0.474128 -0.007553 -0.012978 0.998800 -0.047220 1.874527 0.474078 0.047725 0.879189 -0.246923 0.000000 0.000000 0.000000 1.000000
0.881026 -0.010975 -0.472940 -0.007659 -0.012915 0.998800 -0.047237 1.875612 0.472891 0.047725 0.879827 -0.246883 0.000000 0.000000 0.000000 1.000000
0.881706 -0.010975 -0.471671 -0.007772 -0.012847 0.998800 -0.047256 1.876771 0.471624 0.047725 0.880507 -0.246841 0.000000 0.000000 0.000000 1.000000
0.882420 -0.010975 -0.470334 -0.007892 -0.012775 0.998800 -0.047275 1.877992 0.470288 0.047725 0.881222 -0.246796 0.000000 0.000000 0.000000 1.000000
0.883163 -0.010975 -0.468939 -0.008016 -0.012700 0.998800 -0.047295 1.879264 0.468895 0.047725 0.881964 -0.246750 0.000000 0.000000 0.000000 1.000000
0.883926 -0.010975 -0.467499 -0.008144 -0.012623 0.998800 -0.047316 1.880575 0.467457 0.047725 0.882726 -0.246702 0.000000 0.000000 0.000000 1.000000
0.884702 -0.010975 -0.466029 -0.008275 -0.012544 0.998800 -0.047337 1.881914 0.465989 0.047725 0.883502 -0.246654 0.000000 0.000000 0.000000 1.000000
0.885485 -0.010975 -0.464537 -0.008407 -0.012465 0.998800 -0.047358 1.883269 0.464500 0.047725 0.884286 -0.246604 0.000000 0.000000 0.000000 1.000000
0.886269 -0.010975 -0.463040 -0.008540 -0.012385 0.998800 -0.047379 1.884629 0.463005 0.047725 0.885070 -0.246555 0.000000 0.000000 0.000000 1.000000
0.887047 -0.010976 -0.461548 -0.008672 -0.012305 0.998800 -0.047400 1.885984 0.461515 0.047725 0.885848 -0.246506 0.000000 0.000000 0.000000 1.000000
0.887812 -0.010975 -0.460076 -0.008802 -0.012226 0.998800 -0.047420 1.887320 0.460044 0.047725 0.886613 -0.246457 0.000000 0.000000 0.000000 1.000000
0.888558 -0.010976 -0.458634 -0.008930 -0.012149 0.998800 -0.047440 1.888627 0.458604 0.047725 0.887358 -0.246409 0.000000 0.000000 0.000000 1.000000
0.889278 -0.010976 -0.457235 -0.009054 -0.012074 0.998800 -0.047459 1.889893 0.457207 0.047725 0.888079 -0.246363 0.000000 0.000000 0.000000 1.000000
0.890007 -0.010975 -0.455814 -0.009179 -0.011999 0.998800 -0.047478 1.891178 0.455788 0.047725 0.888808 -0.246316 0.000000 0.000000 0.000000 1.000000
0.890780 -0.010976 -0.454303 -0.009312 -0.011918 0.998800 -0.047499 1.892545 0.454279 0.047725 0.889580 -0.246267 0.000000 0.000000 0.000000 1.000000
0.891592 -0.010975 -0.452706 -0.009453 -0.011833 0.998800 -0.047520 1.893987 0.452684 0.047725 0.890393 -0.246214 0.000000 0.000000 0.000000 1.000000
0.892440 -0.010975 -0.451032 -0.009601 -0.011744 0.998800 -0.047542 1.895497 0.451013 0.047725 0.891240 -0.246159 0.000000 0.000000 0.000000 1.000000
0.893319 -0.010975 -0.449288 -0.009754 -0.011651 0.998800 -0.047564 1.897069 0.449271 0.047725 0.892120 -0.246102 0.000000 0.000000 0.000000 1.000000
0.894226 -0.010975 -0.447481 -0.009913 -0.011555 0.998800 -0.047588 1.898697 0.447467 0.047725 0.893026 -0.246043 0.000000 0.000000 0.000000 1.000000
0.895156 -0.010975 -0.445618 -0.010077 -0.011456 0.998800 -0.047612 1.900372 0.445606 0.047725 0.893956 -0.245982 0.000000 0.000000 0.000000 1.000000
0.896105 -0.010976 -0.443706 -0.010245 -0.011354 0.998800 -0.047636 1.902092 0.443696 0.047725 0.894906 -0.245919 0.000000 0.000000 0.000000 1.000000
0.897070 -0.010976 -0.441752 -0.010416 -0.011250 0.998800 -0.047661 1.903846 0.441745 0.047725 0.895870 -0.245855 0.000000 0.000000 0.000000 1.000000
0.898046 -0.010975 -0.439764 -0.010590 -0.011145 0.998800 -0.047686 1.905629 0.439760 0.047725 0.896846 -0.245791 0.000000 0.000000 0.000000 1.000000
0.899030 -0.010975 -0.437748 -0.010766 -0.011037 0.998800 -0.047711 1.907434 0.437747 0.047725 0.897831 -0.245725 0.000000 0.000000 0.000000 1.000000
0.900018 -0.010976 -0.435714 -0.010944 -0.010929 0.998800 -0.047735 1.909255 0.435715 0.047725 0.898819 -0.245659 0.000000 0.000000 0.000000 1.000000
0.901007 -0.010975 -0.433666 -0.011123 -0.010821 0.998800 -0.047760 1.911085 0.433670 0.047725 0.899807 -0.245592 0.000000 0.000000 0.000000 1.000000
0.901992 -0.010976 -0.431613 -0.011302 -0.010712 0.998800 -0.047785 1.912918 0.431620 0.047725 0.900792 -0.245525 0.000000 0.000000 0.000000 1.000000
0.902970 -0.010975 -0.429563 -0.011481 -0.010603 0.998800 -0.047809 1.914747 0.429572 0.047725 0.901771 -0.245458 0.000000 0.000000 0.000000 1.000000
0.903939 -0.010975 -0.427521 -0.011658 -0.010495 0.998800 -0.047833 1.916566 0.427533 0.047725 0.902739 -0.245392 0.000000 0.000000 0.000000 1.000000
0.904894 -0.010976 -0.425496 -0.011834 -0.010388 0.998800 -0.047856 1.918367 0.425511 0.047725 0.903694 -0.245327 0.000000 0.000000 0.000000 1.000000
0.905831 -0.010975 -0.423497 -0.012008 -0.010283 0.998800 -0.047879 1.920145 0.423515 0.047725 0.904631 -0.245262 0.000000 0.000000 0.000000 1.000000
0.906748 -0.010975 -0.421530 -0.012178 -0.010179 0.998800 -0.047901 1.921892 0.421550 0.047725 0.905548 -0.245199 0.000000 0.000000 0.000000 1.000000
0.907642 -0.010975 -0.419602 -0.012346 -0.010077 0.998800 -0.047923 1.923603 0.419625 0.047725 0.906442 -0.245137 0.000000 0.000000 0.000000 1.000000
0.908509 -0.010975 -0.417722 -0.012508 -0.009978 0.998800 -0.047943 1.925270 0.417747 0.047725 0.907309 -0.245076 0.000000 0.000000 0.000000 1.000000
0.909346 -0.010975 -0.415896 -0.012666 -0.009881 0.998800 -0.047963 1.926887 0.415923 0.047725 0.908147 -0.245017 0.000000 0.000000 0.000000 1.000000
0.910151 -0.010975 -0.414131 -0.012819 -0.009788 0.998800 -0.047982 1.928447 0.414161 0.047725 0.908952 -0.244960 0.000000 0.000000 0.000000 1.000000
0.910919 -0.010975 -0.412438 -0.012965 -0.009699 0.998800 -0.048000 1.929945 0.412470 0.047725 0.909720 -0.244906 0.000000 0.000000 0.000000 1.000000
0.911649 -0.010975 -0.410822 -0.013104 -0.009614 0.998800 -0.048018 1.931372 0.410856 0.047725 0.910450 -0.244854 0.000000 0.000000 0.000000 1.000000
0.912338 -0.010975 -0.409291 -0.013236 -0.009533 0.998800 -0.048034 1.932723 0.409327 0.047725 0.911139 -0.244805 0.000000 0.000000 0.000000 1.000000
0.912981 -0.010975 -0.407853 -0.013360 -0.009458 0.998800 -0.048049 1.933992 0.407891 0.047725 0.911782 -0.244758 0.000000 0.000000 0.000000 1.000000
0.913578 -0.010975 -0.406516 -0.013474 -0.009387 0.998800 -0.048062 1.935170 0.406556 0.047725 0.912379 -0.244716 0.000000 0.000000 0.000000 1.000000
0.914124 -0.010975 -0.405287 -0.013581 -0.009323 0.998800 -0.048075 1.936253 0.405329 0.047725 0.912924 -0.244676 0.000000 0.000000 0.000000 1.000000
0.914616 -0.010975 -0.404174 -0.013676 -0.009264 0.998800 -0.048086 1.937233 0.404217 0.047725 0.913417 -0.244641 0.000000 0.000000 0.000000 1.000000
0.915053 -0.010975 -0.403185 -0.013762 -0.009212 0.998800 -0.048096 1.938103 0.403229 0.047725 0.913854 -0.244609 0.000000 0.000000 0.000000 1.000000
