<?xml version="1.0" encoding="utf-8"?>
<COLLADA xmlns="http://www.collada.org/2005/11/COLLADASchema" version="1.4.1">
  <asset><contributor><author></author><authoring_tool>FBX COLLADA exporter</authoring_tool><comments></comments></contributor><created>2020-03-02T19:24:33Z</created><keywords></keywords><modified>2020-03-02T19:24:33Z</modified><revision></revision><subject></subject><title></title><unit meter="0.010000" name="centimeter"></unit><up_axis>Y_UP</up_axis></asset>
  <library_animations>
    <animation id="root_jnt-anim" name="root_jnt"><animation><source id="root_jnt-Matrix-animation-input"><float_array id="root_jnt-Matrix-animation-input-array" count="31">

0.000000 0.033333 0.066667 0.100000 0.133333 0.166667 0.200000 0.233333 0.266667 0.300000 0.333333 0.366667 0.400000 0.433333 0.466667 0.500000
0.533333 0.566667 0.600000 0.633333 0.666667 0.700000 0.733333 0.766667 0.800000 0.833333 0.866667 0.900000 0.933333 0.966667 1.000000</float_array><technique_common><accessor source="#root_jnt-Matrix-animation-input-array" count="31"><param name="TIME" type="float"/></accessor></technique_common></source><source id="root_jnt-Matrix-animation-output-transform"><float_array id="root_jnt-Matrix-animation-output-transform-array" count="496">

1.000000 0.000000 0.000000 0.000000 0.000000 1.000000 0.000000 0.000000 0.000000 0.000000 1.000000 0.000000 0.000000 0.000000 0.000000 1.000000
1.000000 0.000000 0.000000 0.000000 0.000000 1.000000 0.000000 0.000000 0.000000 0.000000 1.000000 0.000000 0.000000 0.000000 0.000000 1.000000
1.000000 0.000000 0.000000 0.000000 0.000000 1.000000 0.000000 0.000000 0.000000 0.000000 1.000000 0.000000 0.000000 0.000000 0.000000 1.000000
1.000000 0.000000 0.000000 0.000000 0.000000 1.000000 0.000000 0.000000 0.000000 0.000000 1.000000 0.000000 0.000000 0.000000 0.000000 1.000000
1.000000 0.000000 0.000000 0.000000 0.000000 1.000000 0.000000 0.000000 0.000000 0.000000 1.000000 0.000000 0.000000 0.000000 0.000000 1.000000
1.000000 0.000000 0.000000 0.000000 0.000000 1.000000 0.000000 0.000000 0.000000 0.000000 1.000000 0.000000 0.000000 0.000000 0.000000 1.000000
1.000000 0.000000 0.000000 0.000000 0.000000 1.000000 0.000000 0.000000 0.000000 0.000000 1.000000 0.000000 0.000000 0.000000 0.000000 1.000000
1.000000 0.000000 0.000000 0.000000 0.000000 1.000000 0.000000 0.000000 0.000000 0.000000 1.000000 0.000000 0.000000 0.000000 0.000000 1.000000
1.000000 0.000000 0.000000 0.000000 0.000000 1.000000 0.000000 0.000000 0.000000 0.000000 1.000000 0.000000 0.000000 0.000000 0.000000 1.000000
1.000000 0.000000 0.000000 0.000000 0.000000 1.000000 0.000000 0.000000 0.000000 0.000000 1.000000 0.000000 0.000000 0.000000 0.000000 1.000000
1.000000 0.000000 0.000000 0.000000 0.000000 1.000000 0.000000 0.000000 0.000000 0.000000 1.000000 0.000000 0.000000 0.000000 0.000000 1.000000
1.000000 0.000000 0.000000 0.000000 0.000000 1.000000 0.000000 0.000000 0.000000 0.000000 1.000000 0.000000 0.000000 0.000000 0.000000 1.000000
1.000000 0.000000 0.000000 0.000000 0.000000 1.000000 0.000000 0.000000 0.000000 0.000000 1.000000 0.000000 0.000000 0.000000 0.000000 1.000000
1.000000 0.000000 0.000000 0.000000 0.000000 1.000000 0.000000 0.000000 0.000000 0.000000 1.000000 0.000000 0.000000 0.000000 0.000000 1.000000
1.000000 0.000000 0.000000 0.000000 0.000000 1.000000 0.000000 0.000000 0.000000 0.000000 1.000000 0.000000 0.000000 0.000000 0.000000 1.000000
1.000000 0.000000 0.000000 0.000000 0.000000 1.000000 0.000000 0.000000 0.000000 0.000000 1.000000 0.000000 0.000000 0.000000 0.000000 1.000000
1.000000 0.000000 0.000000 0.000000 0.000000 1.000000 0.000000 0.000000 0.000000 0.000000 1.000000 0.000000 0.000000 0.000000 0.000000 1.000000
1.000000 0.000000 0.000000 0.000000 0.000000 1.000000 0.000000 0.000000 0.000000 0.000000 1.000000 0.000000 0.000000 0.000000 0.000000 1.000000
1.000000 0.000000 0.000000 0.000000 0.000000 1.000000 0.000000 0.000000 0.000000 0.000000 1.000000 0.000000 0.000000 0.000000 0.000000 1.000000
1.000000 0.000000 0.000000 0.000000 0.000000 1.000000 0.000000 0.000000 0.000000 0.000000 1.000000 0.000000 0.000000 0.000000 0.000000 1.000000
1.000000 0.000000 0.000000 0.000000 0.000000 1.000000 0.000000 0.000000 0.000000 0.000000 1.000000 0.000000 0.000000 0.000000 0.000000 1.000000
1.000000 0.000000 0.000000 0.000000 0.000000 1.000000 0.000000 0.000000 0.000000 0.000000 1.000000 0.000000 0.000000 0.000000 0.000000 1.000000
1.000000 0.000000 0.000000 0.000000 0.000000 1.000000 0.000000 0.000000 0.000000 0.000000 1.000000 0.000000 0.000000 0.000000 0.000000 1.000000
1.000000 0.000000 0.000000 0.000000 0.000000 1.000000 0.000000 0.000000 0.000000 0.000000 1.000000 0.000000 0.000000 0.000000 0.000000 1.000000
1.000000 0.000000 0.000000 0.000000 0.000000 1.000000 0.000000 0.000000 0.000000 0.000000 1.000000 0.000000 0.000000 0.000000 0.000000 1.000000
1.000000 0.000000 0.000000 0.000000 0.000000 1.000000 0.000000 0.000000 0.000000 0.000000 1.000000 0.000000 0.000000 0.000000 0.000000 1.000000
1.000000 0.000000 0.000000 0.000000 0.000000 1.000000 0.000000 0.000000 0.000000 0.000000 1.000000 0.000000 0.000000 0.000000 0.000000 1.000000
1.000000 0.000000 0.000000 0.000000 0.000000 1.000000 0.000000 0.000000 0.000000 0.000000 1.000000 0.000000 0.000000 0.000000 0.000000 1.000000
1.000000 0.000000 0.000000 0.000000 0.000000 1.000000 0.000000 0.000000 0.000000 0.000000 1.000000 0.000000 0.000000 0.000000 0.000000 1.000000
1.000000 0.000000 0.000000 0.000000 0.000000 1.000000 0.000000 0.000000 0.000000 0.000000 1.000000 0.000000 0.000000 0.000000 0.000000 1.000000
1.000000 0.000000 0.000000 0.000000 0.000000 1.000000 0.000000 0.000000 0.000000 0.000000 1.000000 0.000000 0.000000 0.000000 0.000000 1.000000</float_array><technique_common><accessor source="#root_jnt-Matrix-animation-output-transform-array" count="31" stride="16"><param type="float4x4"/></accessor></technique_common></source><source id="root_jnt-Interpolations"><Name_array id="root_jnt-Interpolations-array" count="31">
 LINEAR LINEAR LINEAR LINEAR LINEAR LINEAR LINEAR LINEAR LINEAR LINEAR LINEAR
LINEAR LINEAR LINEAR LINEAR LINEAR LINEAR LINEAR LINEAR LINEAR LINEAR LINEAR LINEAR
LINEAR LINEAR LINEAR LINEAR LINEAR LINEAR LINEAR LINEAR</Name_array><technique_common><accessor source="#root_jnt-Interpolations-array" count="31"><param type="name"/></accessor></technique_common></source><sampler id="root_jnt-Matrix-animation-transform"><input semantic="INPUT" source="#root_jnt-Matrix-animation-input"/><input semantic="OUTPUT" source="#root_jnt-Matrix-animation-output-transform"/><input semantic="INTERPOLATION" source="#root_jnt-Interpolations"/></sampler><channel source="#root_jnt-Matrix-animation-transform" target="root_jnt/matrix"/></animation></animation>
    <animation id="body_jnt-anim" name="body_jnt"><animation><source id="body_jnt-Matrix-animation-input"><float_array id="body_jnt-Matrix-animation-input-array" count="31">

0.000000 0.033333 0.066667 0.100000 0.133333 0.166667 0.200000 0.233333 0.266667 0.300000 0.333333 0.366667 0.400000 0.433333 0.466667 0.500000
0.533333 0.566667 0.600000 0.633333 0.666667 0.700000 0.733333 0.766667 0.800000 0.833333 0.866667 0.900000 0.933333 0.966667 1.000000</float_array><technique_common><accessor source="#body_jnt-Matrix-animation-input-array" count="31"><param name="TIME" type="float"/></accessor></technique_common></source><source id="body_jnt-Matrix-animation-output-transform"><float_array id="body_jnt-Matrix-animation-output-transform-array" count="496">

1.000000 0.000000 0.000000 0.000000 0.000000 1.000000 0.000000 -1.826803 0.000000 0.000000 1.000000 -0.445975 0.000000 0.000000 0.000000 1.000000
1.000000 0.000000 0.000000 0.000000 0.000000 1.000000 0.000000 -1.826803 0.000000 0.000000 1.000000 -0.445975 0.000000 0.000000 0.000000 1.000000
1.000000 0.000000 0.000000 0.000000 0.000000 1.000000 0.000000 -1.826803 0.000000 0.000000 1.000000 -0.445975 0.000000 0.000000 0.000000 1.000000
1.000000 0.000000 0.000000 0.000000 0.000000 1.000000 0.000000 -1.826803 0.000000 0.000000 1.000000 -0.445975 0.000000 0.000000 0.000000 1.000000
1.000000 0.000000 0.000000 0.000000 0.000000 1.000000 0.000000 -1.826803 0.000000 0.000000 1.000000 -0.445975 0.000000 0.000000 0.000000 1.000000
1.000000 0.000000 0.000000 0.000000 0.000000 1.000000 0.000000 -1.826803 0.000000 0.000000 1.000000 -0.445975 0.000000 0.000000 0.000000 1.000000
1.000000 0.000000 0.000000 0.000000 0.000000 1.000000 0.000000 -1.826803 0.000000 0.000000 1.000000 -0.445975 0.000000 0.000000 0.000000 1.000000
1.000000 0.000000 0.000000 0.000000 0.000000 1.000000 0.000000 -1.826803 0.000000 0.000000 1.000000 -0.445975 0.000000 0.000000 0.000000 1.000000
1.000000 0.000000 0.000000 0.000000 0.000000 1.000000 0.000000 -1.732922 0.000000 0.000000 1.000000 -0.445975 0.000000 0.000000 0.000000 1.000000
1.000000 0.000000 0.000000 0.000000 0.000000 1.000000 0.000000 -1.747591 0.000000 0.000000 1.000000 -0.445975 0.000000 0.000000 0.000000 1.000000
1.000000 0.000000 0.000000 0.000000 0.000000 1.000000 0.000000 -1.779862 0.000000 0.000000 1.000000 -0.445975 0.000000 0.000000 0.000000 1.000000
1.000000 0.000000 0.000000 0.000000 0.000000 1.000000 0.000000 -1.812134 0.000000 0.000000 1.000000 -0.445975 0.000000 0.000000 0.000000 1.000000
1.000000 0.000000 0.000000 0.000000 0.000000 1.000000 0.000000 -1.826803 0.000000 0.000000 1.000000 -0.445975 0.000000 0.000000 0.000000 1.000000
1.000000 0.000000 0.000000 0.000000 0.000000 1.000000 0.000000 -1.841481 0.000000 0.000000 1.000000 -0.445975 0.000000 0.000000 0.000000 1.000000
1.000000 0.000000 0.000000 0.000000 0.000000 1.000000 0.000000 -1.868739 0.000000 0.000000 1.000000 -0.445975 0.000000 0.000000 0.000000 1.000000
1.000000 0.000000 0.000000 0.000000 0.000000 1.000000 0.000000 -1.883417 0.000000 0.000000 1.000000 -0.445975 0.000000 0.000000 0.000000 1.000000
1.000000 0.000000 0.000000 0.000000 0.000000 1.000000 0.000000 -1.855110 0.000000 0.000000 1.000000 -0.445975 0.000000 0.000000 0.000000 1.000000
1.000000 0.000000 0.000000 0.000000 0.000000 1.000000 0.000000 -1.826803 0.000000 0.000000 1.000000 -0.445975 0.000000 0.000000 0.000000 1.000000
1.000000 0.000000 0.000000 0.000000 0.000000 1.000000 0.000000 -1.826803 0.000000 0.000000 1.000000 -0.445975 0.000000 0.000000 0.000000 1.000000
1.000000 0.000000 0.000000 0.000000 0.000000 1.000000 0.000000 -1.826803 0.000000 0.000000 1.000000 -0.445975 0.000000 0.000000 0.000000 1.000000
1.000000 0.000000 0.000000 0.000000 0.000000 1.000000 0.000000 -1.826803 0.000000 0.000000 1.000000 -0.445975 0.000000 0.000000 0.000000 1.000000
1.000000 0.000000 0.000000 0.000000 0.000000 1.000000 0.000000 -1.826803 0.000000 0.000000 1.000000 -0.445975 0.000000 0.000000 0.000000 1.000000
1.000000 0.000000 0.000000 0.000000 0.000000 1.000000 0.000000 -1.826803 0.000000 0.000000 1.000000 -0.445975 0.000000 0.000000 0.000000 1.000000
1.000000 0.000000 0.000000 0.000000 0.000000 1.000000 0.000000 -1.732922 0.000000 0.000000 1.000000 -0.445975 0.000000 0.000000 0.000000 1.000000
1.000000 0.000000 0.000000 0.000000 0.000000 1.000000 0.000000 -1.747591 0.000000 0.000000 1.000000 -0.445975 0.000000 0.000000 0.000000 1.000000
1.000000 0.000000 0.000000 0.000000 0.000000 1.000000 0.000000 -1.779862 0.000000 0.000000 1.000000 -0.445975 0.000000 0.000000 0.000000 1.000000
1.000000 0.000000 0.000000 0.000000 0.000000 1.000000 0.000000 -1.812134 0.000000 0.000000 1.000000 -0.445975 0.000000 0.000000 0.000000 1.000000
1.000000 0.000000 0.000000 0.000000 0.000000 1.000000 0.000000 -1.826803 0.000000 0.000000 1.000000 -0.445975 0.000000 0.000000 0.000000 1.000000
1.000000 0.000000 0.000000 0.000000 0.000000 1.000000 0.000000 -1.826803 0.000000 0.000000 1.000000 -0.445975 0.000000 0.000000 0.000000 1.000000
1.000000 0.000000 0.000000 0.000000 0.000000 1.000000 0.000000 -1.826803 0.000000 0.000000 1.000000 -0.445975 0.000000 0.000000 0.000000 1.000000
1.000000 0.000000 0.000000 0.000000 0.000000 1.000000 0.000000 -1.826803 0.000000 0.000000 1.000000 -0.445975 0.000000 0.000000 0.000000 1.000000</float_array><technique_common><accessor source="#body_jnt-Matrix-animation-output-transform-array" count="31" stride="16"><param type="float4x4"/></accessor></technique_common></source><source id="body_jnt-Interpolations"><Name_array id="body_jnt-Interpolations-array" count="31">
 LINEAR LINEAR LINEAR LINEAR LINEAR LINEAR LINEAR LINEAR LINEAR LINEAR LINEAR
LINEAR LINEAR LINEAR LINEAR LINEAR LINEAR LINEAR LINEAR LINEAR LINEAR LINEAR LINEAR
LINEAR LINEAR LINEAR LINEAR LINEAR LINEAR LINEAR LINEAR</Name_array><technique_common><accessor source="#body_jnt-Interpolations-array" count="31"><param type="name"/></accessor></technique_common></source><sampler id="body_jnt-Matrix-animation-transform"><input semantic="INPUT" source="#body_jnt-Matrix-animation-input"/><input semantic="OUTPUT" source="#body_jnt-Matrix-animation-output-transform"/><input semantic="INTERPOLATION" source="#body_jnt-Interpolations"/></sampler><channel source="#body_jnt-Matrix-animation-transform" target="body_jnt/matrix"/></animation></animation>
    <animation id="neck_jnt-anim" name="neck_jnt"><animation><source id="neck_jnt-Matrix-animation-input"><float_array id="neck_jnt-Matrix-animation-input-array" count="31">

0.000000 0.033333 0.066667 0.100000 0.133333 0.166667 0.200000 0.233333 0.266667 0.300000 0.333333 0.366667 0.400000 0.433333 0.466667 0.500000
0.533333 0.566667 0.600000 0.633333 0.666667 0.700000 0.733333 0.766667 0.800000 0.833333 0.866667 0.900000 0.933333 0.966667 1.000000</float_array><technique_common><accessor source="#neck_jnt-Matrix-animation-input-array" count="31"><param name="TIME" type="float"/></accessor></technique_common></source><source id="neck_jnt-Matrix-animation-output-transform"><float_array id="neck_jnt-Matrix-animation-output-transform-array" count="496">

1.000000 0.000000 0.000000 -0.002582 0.000000 1.000000 0.000000 1.284376 0.000000 0.000000 1.000000 -0.044165 0.000000 0.000000 0.000000 1.000000
1.000000 0.000000 0.000000 -0.002582 0.000000 1.000000 0.000000 1.284376 0.000000 0.000000 1.000000 -0.044165 0.000000 0.000000 0.000000 1.000000
1.000000 0.000000 0.000000 -0.002582 0.000000 1.000000 0.000000 1.284376 0.000000 0.000000 1.000000 -0.044165 0.000000 0.000000 0.000000 1.000000
1.000000 0.000000 0.000000 -0.002582 0.000000 1.000000 0.000000 1.284376 0.000000 0.000000 1.000000 -0.044165 0.000000 0.000000 0.000000 1.000000
1.000000 0.000000 0.000000 -0.002582 0.000000 1.000000 0.000000 1.284376 0.000000 0.000000 1.000000 -0.044165 0.000000 0.000000 0.000000 1.000000
1.000000 0.000000 0.000000 -0.002582 0.000000 1.000000 0.000000 1.284376 0.000000 0.000000 1.000000 -0.044165 0.000000 0.000000 0.000000 1.000000
1.000000 0.000000 0.000000 -0.002582 0.000000 1.000000 0.000000 1.284376 0.000000 0.000000 1.000000 -0.044165 0.000000 0.000000 0.000000 1.000000
1.000000 0.000000 0.000000 -0.002582 0.000000 1.000000 0.000000 1.284376 0.000000 0.000000 1.000000 -0.044165 0.000000 0.000000 0.000000 1.000000
1.000000 0.000000 0.000000 -0.002582 0.000000 1.000000 0.000000 1.284376 0.000000 0.000000 1.000000 -0.044165 0.000000 0.000000 0.000000 1.000000
1.000000 0.000000 0.000000 -0.002582 0.000000 1.000000 0.000000 1.284376 0.000000 0.000000 1.000000 -0.044165 0.000000 0.000000 0.000000 1.000000
1.000000 0.000000 0.000000 -0.002582 0.000000 1.000000 0.000000 1.284376 0.000000 0.000000 1.000000 -0.044165 0.000000 0.000000 0.000000 1.000000
1.000000 0.000000 0.000000 -0.002582 0.000000 1.000000 0.000000 1.284376 0.000000 0.000000 1.000000 -0.044165 0.000000 0.000000 0.000000 1.000000
1.000000 0.000000 0.000000 -0.002582 0.000000 1.000000 0.000000 1.284376 0.000000 0.000000 1.000000 -0.044165 0.000000 0.000000 0.000000 1.000000
1.000000 0.000000 0.000000 -0.002582 0.000000 1.000000 0.000000 1.284376 0.000000 0.000000 1.000000 -0.044165 0.000000 0.000000 0.000000 1.000000
1.000000 0.000000 0.000000 -0.002582 0.000000 1.000000 0.000000 1.284376 0.000000 0.000000 1.000000 -0.044165 0.000000 0.000000 0.000000 1.000000
1.000000 0.000000 0.000000 -0.002582 0.000000 1.000000 0.000000 1.284376 0.000000 0.000000 1.000000 -0.044165 0.000000 0.000000 0.000000 1.000000
1.000000 0.000000 0.000000 -0.002582 0.000000 1.000000 0.000000 1.284376 0.000000 0.000000 1.000000 -0.044165 0.000000 0.000000 0.000000 1.000000
1.000000 0.000000 0.000000 -0.002582 0.000000 1.000000 0.000000 1.284376 0.000000 0.000000 1.000000 -0.044165 0.000000 0.000000 0.000000 1.000000
1.000000 0.000000 0.000000 -0.002582 0.000000 1.000000 0.000000 1.284376 0.000000 0.000000 1.000000 -0.044165 0.000000 0.000000 0.000000 1.000000
1.000000 0.000000 0.000000 -0.002582 0.000000 1.000000 0.000000 1.284376 0.000000 0.000000 1.000000 -0.044165 0.000000 0.000000 0.000000 1.000000
1.000000 0.000000 0.000000 -0.002582 0.000000 1.000000 0.000000 1.284376 0.000000 0.000000 1.000000 -0.044165 0.000000 0.000000 0.000000 1.000000
1.000000 0.000000 0.000000 -0.002582 0.000000 1.000000 0.000000 1.284376 0.000000 0.000000 1.000000 -0.044165 0.000000 0.000000 0.000000 1.000000
1.000000 0.000000 0.000000 -0.002582 0.000000 1.000000 0.000000 1.284376 0.000000 0.000000 1.000000 -0.044165 0.000000 0.000000 0.000000 1.000000
1.000000 0.000000 0.000000 -0.002582 0.000000 1.000000 0.000000 1.284376 0.000000 0.000000 1.000000 -0.044165 0.000000 0.000000 0.000000 1.000000
1.000000 0.000000 0.000000 -0.002582 0.000000 1.000000 0.000000 1.284376 0.000000 0.000000 1.000000 -0.044165 0.000000 0.000000 0.000000 1.000000
1.000000 0.000000 0.000000 -0.002582 0.000000 1.000000 0.000000 1.284376 0.000000 0.000000 1.000000 -0.044165 0.000000 0.000000 0.000000 1.000000
1.000000 0.000000 0.000000 -0.002582 0.000000 1.000000 0.000000 1.284376 0.000000 0.000000 1.000000 -0.044165 0.000000 0.000000 0.000000 1.000000
1.000000 0.000000 0.000000 -0.002582 0.000000 1.000000 0.000000 1.284376 0.000000 0.000000 1.000000 -0.044165 0.000000 0.000000 0.000000 1.000000
1.000000 0.000000 0.000000 -0.002582 0.000000 1.000000 0.000000 1.284376 0.000000 0.000000 1.000000 -0.044165 0.000000 0.000000 0.000000 1.000000
1.000000 0.000000 0.000000 -0.002582 0.000000 1.000000 0.000000 1.284376 0.000000 0.000000 1.000000 -0.044165 0.000000 0.000000 0.000000 1.000000
1.000000 0.000000 0.000000 -0.002582 0.000000 1.000000 0.000000 1.284376 0.000000 0.000000 1.000000 -0.044165 0.000000 0.000000 0.000000 1.000000</float_array><technique_common><accessor source="#neck_jnt-Matrix-animation-output-transform-array" count="31" stride="16"><param type="float4x4"/></accessor></technique_common></source><source id="neck_jnt-Interpolations"><Name_array id="neck_jnt-Interpolations-array" count="31">
 LINEAR LINEAR LINEAR LINEAR LINEAR LINEAR LINEAR LINEAR LINEAR LINEAR LINEAR
LINEAR LINEAR LINEAR LINEAR LINEAR LINEAR LINEAR LINEAR LINEAR LINEAR LINEAR LINEAR
LINEAR LINEAR LINEAR LINEAR LINEAR LINEAR LINEAR LINEAR</Name_array><technique_common><accessor source="#neck_jnt-Interpolations-array" count="31"><param type="name"/></accessor></technique_common></source><sampler id="neck_jnt-Matrix-animation-transform"><input semantic="INPUT" source="#neck_jnt-Matrix-animation-input"/><input semantic="OUTPUT" source="#neck_jnt-Matrix-animation-output-transform"/><input semantic="INTERPOLATION" source="#neck_jnt-Interpolations"/></sampler><channel source="#neck_jnt-Matrix-animation-transform" target="neck_jnt/matrix"/></animation></animation>
    <animation id="head_jnt-anim" name="head_jnt"><animation><source id="head_jnt-Matrix-animation-input"><float_array id="head_jnt-Matrix-animation-input-array" count="31">

0.000000 0.033333 0.066667 0.100000 0.133333 0.166667 0.200000 0.233333 0.266667 0.300000 0.333333 0.366667 0.400000 0.433333 0.466667 0.500000
0.533333 0.566667 0.600000 0.633333 0.666667 0.700000 0.733333 0.766667 0.800000 0.833333 0.866667 0.900000 0.933333 0.966667 1.000000</float_array><technique_common><accessor source="#head_jnt-Matrix-animation-input-array" count="31"><param name="TIME" type="float"/></accessor></technique_common></source><source id="head_jnt-Matrix-animation-output-transform"><float_array id="head_jnt-Matrix-animation-output-transform-array" count="496">

0.999829 -0.017438 0.006192 0.002582 0.018461 0.962886 -0.269278 0.364347 -0.001267 0.269346 0.963043 -0.001099 0.000000 0.000000 0.000000 1.000000
0.999804 -0.019491 0.003361 0.002582 0.019627 0.956629 -0.290647 0.368238 0.002449 0.290656 0.956825 -0.001099 0.000000 0.000000 0.000000 1.000000
0.999748 -0.022426 -0.000426 0.002582 0.021216 0.951620 -0.306544 0.372806 0.007280 0.306458 0.951856 -0.001099 0.000000 0.000000 0.000000 1.000000
0.999506 -0.029859 -0.009821 0.002582 0.025191 0.947797 -0.317878 0.385205 0.018800 0.317474 0.948081 -0.001099 0.000000 0.000000 0.000000 1.000000
0.999009 -0.039293 -0.020908 0.002582 0.030363 0.945103 -0.325358 0.403478 0.032545 0.324401 0.945360 -0.001099 0.000000 0.000000 0.000000 1.000000
0.998396 -0.048066 -0.029906 0.002582 0.035549 0.943462 -0.329569 0.425666 0.044056 0.327977 0.943658 -0.001099 0.000000 0.000000 0.000000 1.000000
0.998020 -0.053503 -0.033066 0.002582 0.039578 0.942815 -0.330957 0.449812 0.048882 0.328993 0.943066 -0.001099 0.000000 0.000000 0.000000 1.000000
0.997969 -0.054810 -0.032459 0.002582 0.042650 0.953416 -0.298629 0.473958 0.047315 0.296638 0.953817 -0.001099 0.000000 0.000000 0.000000 1.000000
0.998026 -0.053919 -0.032194 0.002582 0.045546 0.974426 -0.220043 0.496146 0.043235 0.218142 0.974959 -0.001099 0.000000 0.000000 0.000000 1.000000
0.998142 -0.052251 -0.031358 0.002582 0.047977 0.991084 -0.124305 0.514418 0.037574 0.122569 0.991748 -0.001099 0.000000 0.000000 0.000000 1.000000
0.998277 -0.050930 -0.029134 0.002582 0.049651 0.997838 -0.043054 0.526818 0.031263 0.041534 0.998648 -0.001099 0.000000 0.000000 0.000000 1.000000
0.998416 -0.050480 -0.024831 0.002582 0.050278 0.998697 -0.008690 0.531386 0.025238 0.007428 0.999654 -0.001099 0.000000 0.000000 0.000000 1.000000
0.998811 -0.046048 -0.015991 0.002582 0.045315 0.998026 -0.043483 0.345518 0.017962 0.042707 0.998926 -0.001099 0.000000 0.000000 0.000000 1.000000
0.999366 -0.035253 -0.004883 0.002582 0.034380 0.991738 -0.123587 0.159649 0.009199 0.123341 0.992322 -0.001099 0.000000 0.000000 0.000000 1.000000
0.999724 -0.023295 0.003162 0.002582 0.023437 0.977166 -0.211183 0.259080 0.001830 0.211198 0.977442 -0.001099 0.000000 0.000000 0.000000 1.000000
0.999829 -0.017438 0.006192 0.002582 0.018461 0.962886 -0.269278 0.364347 -0.001267 0.269346 0.963043 -0.001099 0.000000 0.000000 0.000000 1.000000
0.999804 -0.019473 0.003464 0.002582 0.019627 0.955088 -0.295671 0.368238 0.002449 0.295682 0.955283 -0.001099 0.000000 0.000000 0.000000 1.000000
0.999748 -0.022429 -0.000276 0.002582 0.021216 0.949536 -0.312941 0.372806 0.007280 0.312856 0.949773 -0.001099 0.000000 0.000000 0.000000 1.000000
0.999506 -0.029914 -0.009651 0.002582 0.025191 0.945977 -0.323254 0.385205 0.018800 0.322851 0.946263 -0.001099 0.000000 0.000000 0.000000 1.000000
0.999009 -0.039363 -0.020776 0.002582 0.030363 0.944003 -0.328536 0.403478 0.032545 0.327579 0.944263 -0.001099 0.000000 0.000000 0.000000 1.000000
0.998396 -0.048097 -0.029856 0.002582 0.035549 0.943115 -0.330561 0.425666 0.044056 0.328969 0.943312 -0.001099 0.000000 0.000000 0.000000 1.000000
0.998020 -0.053503 -0.033066 0.002582 0.039578 0.942815 -0.330957 0.449812 0.048882 0.328993 0.943066 -0.001099 0.000000 0.000000 0.000000 1.000000
0.997969 -0.054810 -0.032459 0.002582 0.042650 0.953416 -0.298629 0.473958 0.047315 0.296638 0.953817 -0.001099 0.000000 0.000000 0.000000 1.000000
0.998026 -0.053919 -0.032194 0.002582 0.045546 0.974426 -0.220043 0.496146 0.043235 0.218142 0.974959 -0.001099 0.000000 0.000000 0.000000 1.000000
0.998142 -0.052251 -0.031358 0.002582 0.047977 0.991084 -0.124305 0.514418 0.037574 0.122569 0.991748 -0.001099 0.000000 0.000000 0.000000 1.000000
0.998277 -0.050930 -0.029134 0.002582 0.049651 0.997838 -0.043054 0.526818 0.031263 0.041534 0.998648 -0.001099 0.000000 0.000000 0.000000 1.000000
0.998416 -0.050480 -0.024831 0.002582 0.050278 0.998697 -0.008690 0.531386 0.025238 0.007428 0.999654 -0.001099 0.000000 0.000000 0.000000 1.000000
0.998811 -0.046047 -0.015993 0.002582 0.045315 0.998027 -0.043454 0.345518 0.017962 0.042678 0.998927 -0.001099 0.000000 0.000000 0.000000 1.000000
0.999366 -0.035253 -0.004886 0.002582 0.034380 0.991748 -0.123510 0.159649 0.009199 0.123264 0.992331 -0.001099 0.000000 0.000000 0.000000 1.000000
0.999724 -0.023295 0.003160 0.002582 0.023437 0.977184 -0.211097 0.259080 0.001830 0.211113 0.977460 -0.001099 0.000000 0.000000 0.000000 1.000000
0.999829 -0.017438 0.006192 0.002582 0.018461 0.962886 -0.269278 0.364347 -0.001267 0.269346 0.963043 -0.001099 0.000000 0.000000 0.000000 1.000000</float_array><technique_common><accessor source="#head_jnt-Matrix-animation-output-transform-array" count="31" stride="16"><param type="float4x4"/></accessor></technique_common></source><source id="head_jnt-Interpolations"><Name_array id="head_jnt-Interpolations-array" count="31">
 LINEAR LINEAR LINEAR LINEAR LINEAR LINEAR LINEAR LINEAR LINEAR LINEAR LINEAR
LINEAR LINEAR LINEAR LINEAR LINEAR LINEAR LINEAR LINEAR LINEAR LINEAR LINEAR LINEAR
LINEAR LINEAR LINEAR LINEAR LINEAR LINEAR LINEAR LINEAR</Name_array><technique_common><accessor source="#head_jnt-Interpolations-array" count="31"><param type="name"/></accessor></technique_common></source><sampler id="head_jnt-Matrix-animation-transform"><input semantic="INPUT" source="#head_jnt-Matrix-animation-input"/><input semantic="OUTPUT" source="#head_jnt-Matrix-animation-output-transform"/><input semantic="INTERPOLATION" source="#head_jnt-Interpolations"/></sampler><channel source="#head_jnt-Matrix-animation-transform" target="head_jnt/matrix"/></animation></animation>
    <animation id="mouth_jnt-anim" name="mouth_jnt"><animation><source id="mouth_jnt-Matrix-animation-input"><float_array id="mouth_jnt-Matrix-animation-input-array" count="31">

0.000000 0.033333 0.066667 0.100000 0.133333 0.166667 0.200000 0.233333 0.266667 0.300000 0.333333 0.366667 0.400000 0.433333 0.466667 0.500000
0.533333 0.566667 0.600000 0.633333 0.666667 0.700000 0.733333 0.766667 0.800000 0.833333 0.866667 0.900000 0.933333 0.966667 1.000000</float_array><technique_common><accessor source="#mouth_jnt-Matrix-animation-input-array" count="31"><param name="TIME" type="float"/></accessor></technique_common></source><source id="mouth_jnt-Matrix-animation-output-transform"><float_array id="mouth_jnt-Matrix-animation-output-transform-array" count="496">

1.000000 -0.000000 0.000000 0.000000 0.000000 1.000000 -0.000000 0.687796 -0.000000 0.000000 1.000000 0.451132 0.000000 0.000000 0.000000 1.000000
1.000000 0.000000 0.000000 -0.000000 0.000000 1.000000 0.000000 0.687796 0.000000 -0.000000 1.000000 0.451132 0.000000 0.000000 0.000000 1.000000
1.000000 -0.000000 0.000000 0.000000 0.000000 1.000000 0.000000 0.687796 0.000000 0.000000 1.000000 0.451132 0.000000 0.000000 0.000000 1.000000
1.000000 0.000000 0.000000 -0.000000 -0.000000 1.000000 0.000000 0.687796 -0.000000 -0.000000 1.000000 0.451132 0.000000 0.000000 0.000000 1.000000
1.000000 0.000000 -0.000000 0.000000 -0.000000 1.000000 -0.000000 0.687796 0.000000 0.000000 1.000000 0.451132 0.000000 0.000000 0.000000 1.000000
1.000000 0.000000 0.000000 -0.000000 0.000000 1.000000 0.000000 0.687796 0.000000 0.000000 1.000000 0.451132 0.000000 0.000000 0.000000 1.000000
1.000000 0.000000 -0.000000 -0.000000 0.000000 1.000000 0.000000 0.687796 -0.000000 -0.000000 1.000000 0.451132 0.000000 0.000000 0.000000 1.000000
1.000000 0.000000 0.000000 -0.000000 0.000000 1.000000 0.000000 0.687796 0.000000 0.000000 1.000000 0.451132 0.000000 0.000000 0.000000 1.000000
1.000000 0.000000 -0.000000 0.000000 -0.000000 1.000000 0.000000 0.687796 0.000000 -0.000000 1.000000 0.451132 0.000000 0.000000 0.000000 1.000000
1.000000 -0.000000 0.000000 -0.000000 0.000000 1.000000 0.000000 0.687796 0.000000 0.000000 1.000000 0.451132 0.000000 0.000000 0.000000 1.000000
1.000000 0.000000 0.000000 0.000000 -0.000000 1.000000 -0.000000 0.687796 0.000000 -0.000000 1.000000 0.451132 0.000000 0.000000 0.000000 1.000000
1.000000 0.000000 0.000000 0.000000 -0.000000 1.000000 -0.000000 0.687796 -0.000000 0.000000 1.000000 0.451132 0.000000 0.000000 0.000000 1.000000
1.000000 -0.000000 0.000000 -0.000000 -0.000000 1.000000 0.000000 0.687796 0.000000 0.000000 1.000000 0.451132 0.000000 0.000000 0.000000 1.000000
1.000000 0.000000 0.000000 -0.000000 -0.000000 1.000000 0.000000 0.687796 0.000000 -0.000000 1.000000 0.451132 0.000000 0.000000 0.000000 1.000000
1.000000 -0.000000 -0.000000 0.000000 -0.000000 1.000000 -0.000000 0.687796 0.000000 0.000000 1.000000 0.451132 0.000000 0.000000 0.000000 1.000000
1.000000 -0.000000 0.000000 0.000000 0.000000 1.000000 -0.000000 0.687796 -0.000000 0.000000 1.000000 0.451132 0.000000 0.000000 0.000000 1.000000
1.000000 -0.000000 0.000000 -0.000000 -0.000000 1.000000 0.000000 0.687796 0.000000 0.000000 1.000000 0.451132 0.000000 0.000000 0.000000 1.000000
1.000000 0.000000 -0.000000 -0.000000 0.000000 1.000000 0.000000 0.687796 0.000000 0.000000 1.000000 0.451132 0.000000 0.000000 0.000000 1.000000
1.000000 -0.000000 -0.000000 -0.000000 -0.000000 1.000000 -0.000000 0.687796 -0.000000 0.000000 1.000000 0.451132 0.000000 0.000000 0.000000 1.000000
1.000000 0.000000 0.000000 -0.000000 -0.000000 1.000000 -0.000000 0.687796 0.000000 -0.000000 1.000000 0.451132 0.000000 0.000000 0.000000 1.000000
1.000000 0.000000 0.000000 -0.000000 0.000000 1.000000 -0.000000 0.687796 -0.000000 0.000000 1.000000 0.451132 0.000000 0.000000 0.000000 1.000000
1.000000 0.000000 -0.000000 -0.000000 0.000000 1.000000 0.000000 0.687796 -0.000000 -0.000000 1.000000 0.451132 0.000000 0.000000 0.000000 1.000000
1.000000 0.000000 0.000000 0.000000 0.000000 1.000000 0.000000 0.687796 0.000000 0.000000 1.000000 0.451132 0.000000 0.000000 0.000000 1.000000
1.000000 0.000000 -0.000000 0.000000 -0.000000 1.000000 0.000000 0.687796 0.000000 -0.000000 1.000000 0.451132 0.000000 0.000000 0.000000 1.000000
1.000000 -0.000000 0.000000 0.000000 0.000000 1.000000 0.000000 0.687796 0.000000 0.000000 1.000000 0.451132 0.000000 0.000000 0.000000 1.000000
1.000000 0.000000 0.000000 0.000000 -0.000000 1.000000 -0.000000 0.687796 0.000000 -0.000000 1.000000 0.451132 0.000000 0.000000 0.000000 1.000000
1.000000 0.000000 0.000000 0.000000 -0.000000 1.000000 -0.000000 0.687796 -0.000000 0.000000 1.000000 0.451132 0.000000 0.000000 0.000000 1.000000
1.000000 -0.000000 0.000000 -0.000000 -0.000000 1.000000 0.000000 0.687796 0.000000 -0.000000 1.000000 0.451132 0.000000 0.000000 0.000000 1.000000
1.000000 -0.000000 0.000000 0.000000 0.000000 1.000000 0.000000 0.687796 0.000000 0.000000 1.000000 0.451132 0.000000 0.000000 0.000000 1.000000
1.000000 0.000000 -0.000000 0.000000 0.000000 1.000000 -0.000000 0.687796 0.000000 -0.000000 1.000000 0.451132 0.000000 0.000000 0.000000 1.000000
1.000000 -0.000000 0.000000 0.000000 0.000000 1.000000 -0.000000 0.687796 -0.000000 0.000000 1.000000 0.451132 0.000000 0.000000 0.000000 1.000000</float_array><technique_common><accessor source="#mouth_jnt-Matrix-animation-output-transform-array" count="31" stride="16"><param type="float4x4"/></accessor></technique_common></source><source id="mouth_jnt-Interpolations"><Name_array id="mouth_jnt-Interpolations-array" count="31">
 LINEAR LINEAR LINEAR LINEAR LINEAR LINEAR LINEAR LINEAR LINEAR LINEAR LINEAR
LINEAR LINEAR LINEAR LINEAR LINEAR LINEAR LINEAR LINEAR LINEAR LINEAR LINEAR LINEAR
LINEAR LINEAR LINEAR LINEAR LINEAR LINEAR LINEAR LINEAR</Name_array><technique_common><accessor source="#mouth_jnt-Interpolations-array" count="31"><param type="name"/></accessor></technique_common></source><sampler id="mouth_jnt-Matrix-animation-transform"><input semantic="INPUT" source="#mouth_jnt-Matrix-animation-input"/><input semantic="OUTPUT" source="#mouth_jnt-Matrix-animation-output-transform"/><input semantic="INTERPOLATION" source="#mouth_jnt-Interpolations"/></sampler><channel source="#mouth_jnt-Matrix-animation-transform" target="mouth_jnt/matrix"/></animation></animation>
    <animation id="eye_jnt-anim" name="eye_jnt"><animation><source id="eye_jnt-Matrix-animation-input"><float_array id="eye_jnt-Matrix-animation-input-array" count="31">

0.000000 0.033333 0.066667 0.100000 0.133333 0.166667 0.200000 0.233333 0.266667 0.300000 0.333333 0.366667 0.400000 0.433333 0.466667 0.500000
0.533333 0.566667 0.600000 0.633333 0.666667 0.700000 0.733333 0.766667 0.800000 0.833333 0.866667 0.900000 0.933333 0.966667 1.000000</float_array><technique_common><accessor source="#eye_jnt-Matrix-animation-input-array" count="31"><param name="TIME" type="float"/></accessor></technique_common></source><source id="eye_jnt-Matrix-animation-output-transform"><float_array id="eye_jnt-Matrix-animation-output-transform-array" count="496">

1.000000 -0.000000 0.000000 0.000000 0.000000 1.000000 -0.000000 0.821288 -0.000000 0.000000 1.000000 0.729739 0.000000 0.000000 0.000000 1.000000
1.000000 -0.000000 0.000000 0.000000 0.000000 0.998627 -0.052391 0.821288 0.000000 0.052391 0.998627 0.729739 0.000000 0.000000 0.000000 1.000000
1.000000 -0.000000 0.000000 0.000000 0.000000 0.994510 -0.104639 0.821288 0.000000 0.104639 0.994510 0.729739 0.000000 0.000000 0.000000 1.000000
1.000000 0.000000 -0.000000 -0.000000 -0.000000 0.995335 -0.096475 0.821288 0.000000 0.096475 0.995335 0.729739 0.000000 0.000000 0.000000 1.000000
1.000000 0.000000 -0.000000 0.000000 -0.000000 0.997112 -0.075948 0.821288 0.000000 0.075948 0.997112 0.729739 0.000000 0.000000 0.000000 1.000000
1.000000 0.000000 0.000000 -0.000000 0.000000 0.998798 -0.049017 0.821288 0.000000 0.049017 0.998798 0.729739 0.000000 0.000000 0.000000 1.000000
1.000000 0.000000 0.000000 -0.000000 0.000000 0.999765 -0.021689 0.821288 -0.000000 0.021689 0.999765 0.729739 0.000000 0.000000 0.000000 1.000000
1.000000 0.000000 0.000000 -0.000000 0.000000 1.000000 0.000000 0.821288 0.000000 0.000000 1.000000 0.729739 0.000000 0.000000 0.000000 1.000000
1.000000 0.000000 -0.000000 -0.000000 -0.000000 0.999859 0.016805 0.821288 0.000000 -0.016805 0.999859 0.729739 0.000000 0.000000 0.000000 1.000000
1.000000 0.000000 0.000000 0.000000 0.000000 0.999492 0.031861 0.821288 0.000000 -0.031861 0.999492 0.729739 0.000000 0.000000 0.000000 1.000000
1.000000 -0.000000 0.000000 0.000000 -0.000000 0.999088 0.042699 0.821288 0.000000 -0.042699 0.999088 0.729739 0.000000 0.000000 0.000000 1.000000
1.000000 0.000000 0.000000 0.000000 -0.000000 0.998902 0.046859 0.821288 -0.000000 -0.046859 0.998902 0.729739 0.000000 0.000000 0.000000 1.000000
1.000000 -0.000000 0.000000 0.000000 -0.000000 0.999019 0.044278 0.821288 0.000000 -0.044278 0.999019 0.729739 0.000000 0.000000 0.000000 1.000000
1.000000 0.000000 0.000000 0.000000 -0.000000 0.999349 0.036073 0.821288 -0.000000 -0.036073 0.999349 0.729739 0.000000 0.000000 0.000000 1.000000
1.000000 -0.000000 -0.000000 -0.000000 -0.000000 0.999768 0.021545 0.821288 0.000000 -0.021545 0.999768 0.729739 0.000000 0.000000 0.000000 1.000000
1.000000 -0.000000 0.000000 0.000000 0.000000 1.000000 -0.000000 0.821288 -0.000000 0.000000 1.000000 0.729739 0.000000 0.000000 0.000000 1.000000
1.000000 -0.000000 0.000000 0.000000 -0.000000 0.998276 -0.058703 0.821288 0.000000 0.058703 0.998276 0.729739 0.000000 0.000000 0.000000 1.000000
1.000000 -0.000000 -0.000000 0.000000 0.000000 0.994510 -0.104639 0.821288 0.000000 0.104639 0.994510 0.729739 0.000000 0.000000 0.000000 1.000000
1.000000 -0.000000 -0.000000 -0.000000 -0.000000 0.995335 -0.096475 0.821288 -0.000000 0.096475 0.995335 0.729739 0.000000 0.000000 0.000000 1.000000
1.000000 0.000000 0.000000 -0.000000 -0.000000 0.997112 -0.075948 0.821288 0.000000 0.075948 0.997112 0.729739 0.000000 0.000000 0.000000 1.000000
1.000000 0.000000 0.000000 -0.000000 0.000000 0.998798 -0.049017 0.821288 0.000000 0.049017 0.998798 0.729739 0.000000 0.000000 0.000000 1.000000
1.000000 0.000000 0.000000 -0.000000 0.000000 0.999765 -0.021689 0.821288 -0.000000 0.021689 0.999765 0.729739 0.000000 0.000000 0.000000 1.000000
1.000000 0.000000 0.000000 0.000000 0.000000 1.000000 0.000000 0.821288 0.000000 0.000000 1.000000 0.729739 0.000000 0.000000 0.000000 1.000000
1.000000 0.000000 -0.000000 -0.000000 -0.000000 0.999859 0.016805 0.821288 0.000000 -0.016805 0.999859 0.729739 0.000000 0.000000 0.000000 1.000000
1.000000 0.000000 0.000000 0.000000 0.000000 0.999492 0.031861 0.821288 0.000000 -0.031861 0.999492 0.729739 0.000000 0.000000 0.000000 1.000000
1.000000 -0.000000 0.000000 0.000000 -0.000000 0.999088 0.042699 0.821288 0.000000 -0.042699 0.999088 0.729739 0.000000 0.000000 0.000000 1.000000
1.000000 0.000000 0.000000 0.000000 -0.000000 0.998902 0.046859 0.821288 -0.000000 -0.046859 0.998902 0.729739 0.000000 0.000000 0.000000 1.000000
1.000000 -0.000000 0.000000 -0.000000 -0.000000 0.999218 0.039541 0.821288 0.000000 -0.039541 0.999218 0.729739 0.000000 0.000000 0.000000 1.000000
1.000000 -0.000000 0.000000 -0.000000 0.000000 0.999725 0.023436 0.821288 0.000000 -0.023436 0.999725 0.729739 0.000000 0.000000 0.000000 1.000000
1.000000 0.000000 -0.000000 0.000000 0.000000 0.999973 0.007324 0.821288 0.000000 -0.007324 0.999973 0.729739 0.000000 0.000000 0.000000 1.000000
1.000000 -0.000000 0.000000 0.000000 0.000000 1.000000 -0.000000 0.821288 -0.000000 0.000000 1.000000 0.729739 0.000000 0.000000 0.000000 1.000000</float_array><technique_common><accessor source="#eye_jnt-Matrix-animation-output-transform-array" count="31" stride="16"><param type="float4x4"/></accessor></technique_common></source><source id="eye_jnt-Interpolations"><Name_array id="eye_jnt-Interpolations-array" count="31">
 LINEAR LINEAR LINEAR LINEAR LINEAR LINEAR LINEAR LINEAR LINEAR LINEAR LINEAR
LINEAR LINEAR LINEAR LINEAR LINEAR LINEAR LINEAR LINEAR LINEAR LINEAR LINEAR LINEAR
LINEAR LINEAR LINEAR LINEAR LINEAR LINEAR LINEAR LINEAR</Name_array><technique_common><accessor source="#eye_jnt-Interpolations-array" count="31"><param type="name"/></accessor></technique_common></source><sampler id="eye_jnt-Matrix-animation-transform"><input semantic="INPUT" source="#eye_jnt-Matrix-animation-input"/><input semantic="OUTPUT" source="#eye_jnt-Matrix-animation-output-transform"/><input semantic="INTERPOLATION" source="#eye_jnt-Interpolations"/></sampler><channel source="#eye_jnt-Matrix-animation-transform" target="eye_jnt/matrix"/></animation></animation>
    <animation id="lowereye_jnt-anim" name="lowereye_jnt"><animation><source id="lowereye_jnt-Matrix-animation-input"><float_array id="lowereye_jnt-Matrix-animation-input-array" count="31">

0.000000 0.033333 0.066667 0.100000 0.133333 0.166667 0.200000 0.233333 0.266667 0.300000 0.333333 0.366667 0.400000 0.433333 0.466667 0.500000
0.533333 0.566667 0.600000 0.633333 0.666667 0.700000 0.733333 0.766667 0.800000 0.833333 0.866667 0.900000 0.933333 0.966667 1.000000</float_array><technique_common><accessor source="#lowereye_jnt-Matrix-animation-input-array" count="31"><param name="TIME" type="float"/></accessor></technique_common></source><source id="lowereye_jnt-Matrix-animation-output-transform"><float_array id="lowereye_jnt-Matrix-animation-output-transform-array" count="496">

1.000000 -0.000000 0.000000 0.000000 0.000000 0.551500 0.000000 -0.368153 0.000000 0.000000 1.000000 0.354448 0.000000 0.000000 0.000000 1.000000
1.000000 -0.000000 0.000000 0.000000 -0.000000 0.551500 0.000000 -0.368153 -0.000000 0.000000 1.000000 0.354448 0.000000 0.000000 0.000000 1.000000
1.000000 -0.000000 -0.000000 0.000000 -0.000000 0.551500 0.000000 -0.368153 -0.000000 0.000000 1.000000 0.354448 0.000000 0.000000 0.000000 1.000000
1.000000 0.000000 0.000000 0.000000 0.000000 0.551500 0.000000 -0.368153 0.000000 0.000000 1.000000 0.354448 0.000000 0.000000 0.000000 1.000000
1.000000 0.000000 -0.000000 0.000000 -0.000000 0.789235 0.000000 -0.368153 0.000000 0.000000 1.000000 0.354448 0.000000 0.000000 0.000000 1.000000
