<?xml version="1.0" encoding="utf-8"?>
<COLLADA xmlns="http://www.collada.org/2005/11/COLLADASchema" version="1.4.1">
  <asset><contributor><author></author><authoring_tool>FBX COLLADA exporter</authoring_tool><comments></comments></contributor><created>2020-02-18T15:11:59Z</created><keywords></keywords><modified>2020-02-18T15:11:59Z</modified><revision></revision><subject></subject><title></title><unit meter="0.010000" name="centimeter"></unit><up_axis>Y_UP</up_axis></asset>
  <library_animations>
    <animation id="root_jnt-anim" name="root_jnt"><animation><source id="root_jnt-Matrix-animation-input"><float_array id="root_jnt-Matrix-animation-input-array" count="14">

0.000000 0.033333 0.066667 0.100000 0.133333 0.166667 0.200000 0.233333 0.266667 0.300000 0.333333 0.366667 0.400000 0.433333</float_array><technique_common><accessor source="#root_jnt-Matrix-animation-input-array" count="14"><param name="TIME" type="float"/></accessor></technique_common></source><source id="root_jnt-Matrix-animation-output-transform"><float_array id="root_jnt-Matrix-animation-output-transform-array" count="224">

1.000000 0.000000 0.000000 0.000000 0.000000 1.000000 0.000000 0.000000 0.000000 0.000000 1.000000 0.000000 0.000000 0.000000 0.000000 1.000000
1.000000 0.000000 0.000000 0.000000 0.000000 1.000000 0.000000 0.000000 0.000000 0.000000 1.000000 0.000000 0.000000 0.000000 0.000000 1.000000
1.000000 0.000000 0.000000 0.000000 0.000000 1.000000 0.000000 0.000000 0.000000 0.000000 1.000000 0.000000 0.000000 0.000000 0.000000 1.000000
1.000000 0.000000 0.000000 0.000000 0.000000 1.000000 0.000000 0.000000 0.000000 0.000000 1.000000 0.000000 0.000000 0.000000 0.000000 1.000000
1.000000 0.000000 0.000000 0.000000 0.000000 1.000000 0.000000 0.000000 0.000000 0.000000 1.000000 0.000000 0.000000 0.000000 0.000000 1.000000
1.000000 0.000000 0.000000 0.000000 0.000000 1.000000 0.000000 0.000000 0.000000 0.000000 1.000000 0.000000 0.000000 0.000000 0.000000 1.000000
1.000000 0.000000 0.000000 0.000000 0.000000 1.000000 0.000000 0.000000 0.000000 0.000000 1.000000 0.000000 0.000000 0.000000 0.000000 1.000000
1.000000 0.000000 0.000000 0.000000 0.000000 1.000000 0.000000 0.000000 0.000000 0.000000 1.000000 0.000000 0.000000 0.000000 0.000000 1.000000
1.000000 0.000000 0.000000 0.000000 0.000000 1.000000 0.000000 0.000000 0.000000 0.000000 1.000000 0.000000 0.000000 0.000000 0.000000 1.000000
1.000000 0.000000 0.000000 0.000000 0.000000 1.000000 0.000000 0.000000 0.000000 0.000000 1.000000 0.000000 0.000000 0.000000 0.000000 1.000000
1.000000 0.000000 0.000000 0.000000 0.000000 1.000000 0.000000 0.000000 0.000000 0.000000 1.000000 0.000000 0.000000 0.000000 0.000000 1.000000
1.000000 0.000000 0.000000 0.000000 0.000000 1.000000 0.000000 0.000000 0.000000 0.000000 1.000000 0.000000 0.000000 0.000000 0.000000 1.000000
1.000000 0.000000 0.000000 0.000000 0.000000 1.000000 0.000000 0.000000 0.000000 0.000000 1.000000 0.000000 0.000000 0.000000 0.000000 1.000000
1.000000 0.000000 0.000000 0.000000 0.000000 1.000000 0.000000 0.000000 0.000000 0.000000 1.000000 0.000000 0.000000 0.000000 0.000000 1.000000</float_array><technique_common><accessor source="#root_jnt-Matrix-animation-output-transform-array" count="14" stride="16"><param type="float4x4"/></accessor></technique_common></source><source id="root_jnt-Interpolations"><Name_array id="root_jnt-Interpolations-array" count="14">
 LINEAR LINEAR LINEAR LINEAR LINEAR LINEAR LINEAR LINEAR LINEAR LINEAR LINEAR
LINEAR LINEAR LINEAR</Name_array><technique_common><accessor source="#root_jnt-Interpolations-array" count="14"><param type="name"/></accessor></technique_common></source><sampler id="root_jnt-Matrix-animation-transform"><input semantic="INPUT" source="#root_jnt-Matrix-animation-input"/><input semantic="OUTPUT" source="#root_jnt-Matrix-animation-output-transform"/><input semantic="INTERPOLATION" source="#root_jnt-Interpolations"/></sampler><channel source="#root_jnt-Matrix-animation-transform" target="root_jnt/matrix"/></animation></animation>
    <animation id="jnt_hips-anim" name="jnt_hips"><animation><source id="jnt_hips-Matrix-animation-input"><float_array id="jnt_hips-Matrix-animation-input-array" count="14">

0.000000 0.033333 0.066667 0.100000 0.133333 0.166667 0.200000 0.233333 0.266667 0.300000 0.333333 0.366667 0.400000 0.433333</float_array><technique_common><accessor source="#jnt_hips-Matrix-animation-input-array" count="14"><param name="TIME" type="float"/></accessor></technique_common></source><source id="jnt_hips-Matrix-animation-output-transform"><float_array id="jnt_hips-Matrix-animation-output-transform-array" count="224">

0.960262 0.027170 -0.277776 0.056754 -0.072201 0.985555 -0.153195 1.870497 0.269601 0.167163 0.948352 -0.022206 0.000000 0.000000 0.000000 1.000000
0.920223 0.045330 -0.388760 0.071372 -0.116276 0.980089 -0.160954 1.847050 0.373723 0.193317 0.907171 -0.017526 0.000000 0.000000 0.000000 1.000000
0.890097 0.067491 -0.450746 0.061295 -0.158706 0.972977 -0.167714 1.796143 0.427246 0.220818 0.876756 -0.014879 0.000000 0.000000 0.000000 1.000000
0.907936 0.034736 -0.417666 0.060595 -0.129116 0.971272 -0.199900 1.828057 0.398724 0.235424 0.886338 -0.010629 0.000000 0.000000 0.000000 1.000000
0.954419 -0.029559 -0.297004 0.030601 -0.041566 0.972224 -0.230333 1.895424 0.295563 0.232180 0.926680 -0.014043 0.000000 0.000000 0.000000 1.000000
0.985896 -0.069013 -0.152470 -0.019997 0.032465 0.972578 -0.230301 1.938119 0.164183 0.222103 0.961101 -0.016645 0.000000 0.000000 0.000000 1.000000
0.997181 -0.071413 -0.023026 -0.039409 0.064614 0.973283 -0.220331 1.914301 0.038145 0.218222 0.975153 -0.017682 0.000000 0.000000 0.000000 1.000000
0.992490 -0.067965 0.101708 -0.048367 0.089356 0.970635 -0.223346 1.881014 -0.083542 0.230757 0.969418 -0.016042 0.000000 0.000000 0.000000 1.000000
0.976223 -0.071888 0.204502 -0.045704 0.120991 0.963482 -0.238881 1.840436 -0.179861 0.257944 0.949271 -0.012153 0.000000 0.000000 0.000000 1.000000
0.973114 -0.061468 0.221972 -0.035613 0.118142 0.960503 -0.251946 1.822884 -0.197718 0.271396 0.941940 -0.010343 0.000000 0.000000 0.000000 1.000000
0.991272 -0.027018 0.129035 -0.017639 0.057747 0.968866 -0.240758 1.854170 -0.118513 0.246108 0.961970 -0.014013 0.000000 0.000000 0.000000 1.000000
0.999966 0.001119 -0.008200 0.022923 -0.002725 0.980083 -0.198569 1.891885 0.007815 0.198585 0.980053 -0.020073 0.000000 0.000000 0.000000 1.000000
0.993622 -0.000535 -0.112759 0.050819 -0.017613 0.986979 -0.159881 1.878236 0.111376 0.160848 0.980675 -0.024296 0.000000 0.000000 0.000000 1.000000
0.982490 -0.009532 -0.186069 0.056744 -0.017468 0.989579 -0.142928 1.838972 0.185492 0.143676 0.972085 -0.025838 0.000000 0.000000 0.000000 1.000000</float_array><technique_common><accessor source="#jnt_hips-Matrix-animation-output-transform-array" count="14" stride="16"><param type="float4x4"/></accessor></technique_common></source><source id="jnt_hips-Interpolations"><Name_array id="jnt_hips-Interpolations-array" count="14">
 LINEAR LINEAR LINEAR LINEAR LINEAR LINEAR LINEAR LINEAR LINEAR LINEAR LINEAR
LINEAR LINEAR LINEAR</Name_array><technique_common><accessor source="#jnt_hips-Interpolations-array" count="14"><param type="name"/></accessor></technique_common></source><sampler id="jnt_hips-Matrix-animation-transform"><input semantic="INPUT" source="#jnt_hips-Matrix-animation-input"/><input semantic="OUTPUT" source="#jnt_hips-Matrix-animation-output-transform"/><input semantic="INTERPOLATION" source="#jnt_hips-Interpolations"/></sampler><channel source="#jnt_hips-Matrix-animation-transform" target="jnt_hips/matrix"/></animation></animation>
    <animation id="jnt_spine1-anim" name="jnt_spine1"><animation><source id="jnt_spine1-Matrix-animation-input"><float_array id="jnt_spine1-Matrix-animation-input-array" count="14">

0.000000 0.033333 0.066667 0.100000 0.133333 0.166667 0.200000 0.233333 0.266667 0.300000 0.333333 0.366667 0.400000 0.433333</float_array><technique_common><accessor source="#jnt_spine1-Matrix-animation-input-array" count="14"><param name="TIME" type="float"/></accessor></technique_common></source><source id="jnt_spine1-Matrix-animation-output-transform"><float_array id="jnt_spine1-Matrix-animation-output-transform-array" count="224">

-0.007366 -0.155444 0.987817 0.000000 0.982742 -0.183718 -0.021582 0.212132 0.184835 0.970610 0.154115 0.023483 0.000000 0.000000 0.000000 1.000000
-0.021779 -0.068083 0.997442 -0.000000 0.983452 -0.180941 0.009122 0.212132 0.179857 0.981135 0.070897 0.023482 0.000000 0.000000 0.000000 1.000000
-0.020463 0.038250 0.999059 -0.000000 0.987661 -0.154410 0.026141 0.212132 0.155265 0.987266 -0.034618 0.023482 0.000000 0.000000 0.000000 1.000000
0.013220 0.095863 0.995307 0.000000 0.990382 -0.138360 0.000172 0.212132 0.137727 0.985732 -0.096770 0.023482 0.000000 0.000000 0.000000 1.000000
0.079018 0.095993 0.992241 0.000000 0.987718 -0.142126 -0.064908 0.212132 0.134793 0.985183 -0.106045 0.023482 0.000000 0.000000 0.000000 1.000000
0.139040 0.070921 0.987744 -0.000000 0.979154 -0.158985 -0.126416 0.212132 0.148071 0.984730 -0.091548 0.023482 0.000000 0.000000 0.000000 1.000000
0.171130 0.034492 0.984644 -0.000000 0.971486 -0.172365 -0.162805 0.212132 0.164102 0.984429 -0.063006 0.023482 0.000000 0.000000 0.000000 1.000000
0.179401 -0.034214 0.983181 -0.000000 0.969532 -0.163299 -0.182593 0.212132 0.166800 0.985983 0.003876 0.023482 0.000000 0.000000 0.000000 1.000000
0.171582 -0.133334 0.976105 -0.000000 0.972839 -0.133341 -0.189222 0.212132 0.155384 0.982060 0.106834 0.023482 0.000000 0.000000 0.000000 1.000000
0.141496 -0.214355 0.966453 -0.000000 0.979909 -0.108289 -0.167484 0.212132 0.140557 0.970735 0.194726 0.023482 0.000000 0.000000 0.000000 1.000000
0.090250 -0.242448 0.965957 -0.000000 0.986802 -0.109169 -0.119598 0.212132 0.134449 0.964003 0.229396 0.023482 0.000000 0.000000 0.000000 1.000000
0.043985 -0.239646 0.969863 -0.000000 0.988368 -0.131032 -0.077201 0.212132 0.145584 0.961977 0.231095 0.023482 0.000000 0.000000 0.000000 1.000000
0.023838 -0.237066 0.971201 0.000000 0.986094 -0.154246 -0.061854 0.212132 0.164467 0.959171 0.230092 0.023482 0.000000 0.000000 0.000000 1.000000
0.018143 -0.226515 0.973839 -0.000000 0.983819 -0.169592 -0.057776 0.212132 0.178242 0.959130 0.219773 0.023482 0.000000 0.000000 0.000000 1.000000</float_array><technique_common><accessor source="#jnt_spine1-Matrix-animation-output-transform-array" count="14" stride="16"><param type="float4x4"/></accessor></technique_common></source><source id="jnt_spine1-Interpolations"><Name_array id="jnt_spine1-Interpolations-array" count="14">
 LINEAR LINEAR LINEAR LINEAR LINEAR LINEAR LINEAR LINEAR LINEAR LINEAR LINEAR
LINEAR LINEAR LINEAR</Name_array><technique_common><accessor source="#jnt_spine1-Interpolations-array" count="14"><param type="name"/></accessor></technique_common></source><sampler id="jnt_spine1-Matrix-animation-transform"><input semantic="INPUT" source="#jnt_spine1-Matrix-animation-input"/><input semantic="OUTPUT" source="#jnt_spine1-Matrix-animation-output-transform"/><input semantic="INTERPOLATION" source="#jnt_spine1-Interpolations"/></sampler><channel source="#jnt_spine1-Matrix-animation-transform" target="jnt_spine1/matrix"/></animation></animation>
    <animation id="jnt_spine2-anim" name="jnt_spine2"><animation><source id="jnt_spine2-Matrix-animation-input"><float_array id="jnt_spine2-Matrix-animation-input-array" count="14">

0.000000 0.033333 0.066667 0.100000 0.133333 0.166667 0.200000 0.233333 0.266667 0.300000 0.333333 0.366667 0.400000 0.433333</float_array><technique_common><accessor source="#jnt_spine2-Matrix-animation-input-array" count="14"><param name="TIME" type="float"/></accessor></technique_common></source><source id="jnt_spine2-Matrix-animation-output-transform"><float_array id="jnt_spine2-Matrix-animation-output-transform-array" count="224">

0.987900 -0.100313 -0.118285 0.426848 0.123092 0.971097 0.204495 0.000000 0.094353 -0.216580 0.971695 -0.000000 0.000000 0.000000 0.000000 1.000000
0.988456 -0.097696 -0.115800 0.426848 0.116597 0.978578 0.169676 -0.000000 0.096743 -0.181219 0.978673 0.000000 0.000000 0.000000 0.000000 1.000000
0.988158 -0.100892 -0.115607 0.426848 0.115894 0.984533 0.131394 0.000000 0.100562 -0.143236 0.984566 -0.000000 0.000000 0.000000 0.000000 1.000000
0.987754 -0.091186 -0.126598 0.426849 0.105509 0.988151 0.111466 -0.000000 0.114934 -0.123458 0.985672 -0.000000 0.000000 0.000000 0.000000 1.000000
0.985801 -0.082605 -0.146194 0.426848 0.098953 0.989178 0.108331 0.000000 0.135663 -0.121259 0.983307 0.000000 0.000000 0.000000 0.000000 1.000000
0.982774 -0.084176 -0.164528 0.426849 0.103282 0.988412 0.111242 -0.000000 0.153258 -0.126318 0.980079 -0.000000 0.000000 0.000000 0.000000 1.000000
0.980359 -0.090258 -0.175356 0.426848 0.112433 0.986273 0.120930 0.000000 0.162034 -0.138270 0.977050 -0.000000 0.000000 0.000000 0.000000 1.000000
0.979752 -0.091460 -0.178102 0.426848 0.118439 0.981980 0.147265 0.000000 0.161424 -0.165378 0.972930 0.000000 0.000000 0.000000 0.000000 1.000000
0.981209 -0.085384 -0.173025 0.426848 0.117848 0.975259 0.187035 -0.000000 0.152774 -0.203911 0.966996 -0.000000 0.000000 0.000000 0.000000 1.000000
0.984294 -0.075238 -0.159703 0.426849 0.109788 0.969301 0.220005 -0.000000 0.138248 -0.234083 0.962337 -0.000000 0.000000 0.000000 0.000000 1.000000
0.986951 -0.073052 -0.143495 0.426849 0.105214 0.967183 0.231273 0.000000 0.121891 -0.243353 0.962248 -0.000000 0.000000 0.000000 0.000000 1.000000
0.987565 -0.083829 -0.132998 0.426848 0.112950 0.966770 0.229343 -0.000000 0.109353 -0.241513 0.964216 -0.000000 0.000000 0.000000 0.000000 1.000000
0.987094 -0.096145 -0.128072 0.426849 0.123609 0.965877 0.227602 -0.000000 0.101819 -0.240496 0.965295 0.000000 0.000000 0.000000 0.000000 1.000000
0.986899 -0.103963 -0.123375 0.426849 0.129701 0.966046 0.223455 0.000000 0.095954 -0.236529 0.966875 -0.000000 0.000000 0.000000 0.000000 1.000000</float_array><technique_common><accessor source="#jnt_spine2-Matrix-animation-output-transform-array" count="14" stride="16"><param type="float4x4"/></accessor></technique_common></source><source id="jnt_spine2-Interpolations"><Name_array id="jnt_spine2-Interpolations-array" count="14">
 LINEAR LINEAR LINEAR LINEAR LINEAR LINEAR LINEAR LINEAR LINEAR LINEAR LINEAR
LINEAR LINEAR LINEAR</Name_array><technique_common><accessor source="#jnt_spine2-Interpolations-array" count="14"><param type="name"/></accessor></technique_common></source><sampler id="jnt_spine2-Matrix-animation-transform"><input semantic="INPUT" source="#jnt_spine2-Matrix-animation-input"/><input semantic="OUTPUT" source="#jnt_spine2-Matrix-animation-output-transform"/><input semantic="INTERPOLATION" source="#jnt_spine2-Interpolations"/></sampler><channel source="#jnt_spine2-Matrix-animation-transform" target="jnt_spine2/matrix"/></animation></animation>
    <animation id="jnt_spine3-anim" name="jnt_spine3"><animation><source id="jnt_spine3-Matrix-animation-input"><float_array id="jnt_spine3-Matrix-animation-input-array" count="14">

0.000000 0.033333 0.066667 0.100000 0.133333 0.166667 0.200000 0.233333 0.266667 0.300000 0.333333 0.366667 0.400000 0.433333</float_array><technique_common><accessor source="#jnt_spine3-Matrix-animation-input-array" count="14"><param name="TIME" type="float"/></accessor></technique_common></source><source id="jnt_spine3-Matrix-animation-output-transform"><float_array id="jnt_spine3-Matrix-animation-output-transform-array" count="224">

0.988953 -0.091663 -0.116486 0.555067 0.112929 0.974964 0.191552 0.000000 0.096011 -0.202591 0.974545 0.000000 0.000000 0.000000 0.000000 1.000000
0.989809 -0.089687 -0.110612 0.555067 0.106498 0.981859 0.156879 -0.000000 0.094535 -0.167060 0.981404 -0.000000 0.000000 0.000000 0.000000 1.000000
0.989962 -0.093524 -0.105962 0.555067 0.105968 0.987267 0.118638 -0.000000 0.093517 -0.128676 0.987268 -0.000000 0.000000 0.000000 0.000000 1.000000
0.989799 -0.084191 -0.114932 0.555067 0.095590 0.990628 0.097561 0.000000 0.105641 -0.107552 0.988571 -0.000000 0.000000 0.000000 0.000000 1.000000
0.988045 -0.075888 -0.134195 0.555067 0.088730 0.991756 0.092452 0.000000 0.126072 -0.103254 0.986633 0.000000 0.000000 0.000000 0.000000 1.000000
0.985250 -0.077495 -0.152566 0.555067 0.092462 0.991309 0.093582 -0.000000 0.143988 -0.106308 0.983853 -0.000000 0.000000 0.000000 0.000000 1.000000
0.982838 -0.083437 -0.164521 0.555067 0.101149 0.989589 0.102386 0.000000 0.154265 -0.117270 0.981045 -0.000000 0.000000 0.000000 0.000000 1.000000
0.981776 -0.084370 -0.170286 0.555067 0.107055 0.985881 0.128756 -0.000000 0.157018 -0.144640 0.976947 -0.000000 0.000000 0.000000 0.000000 1.000000
0.982530 -0.077554 -0.169172 0.555067 0.106466 0.979821 0.169162 -0.000000 0.152639 -0.184218 0.970961 -0.000000 0.000000 0.000000 0.000000 1.000000
0.985065 -0.066344 -0.158885 0.555067 0.098408 0.974148 0.203353 -0.000000 0.141286 -0.215952 0.966128 -0.000000 0.000000 0.000000 0.000000 1.000000
0.987576 -0.063641 -0.143678 0.555067 0.094060 0.971840 0.216057 0.000000 0.125882 -0.226887 0.965752 -0.000000 0.000000 0.000000 0.000000 1.000000
0.988293 -0.074354 -0.133225 0.555067 0.102079 0.971222 0.215195 -0.000000 0.113390 -0.226275 0.967441 -0.000000 0.000000 0.000000 0.000000 1.000000
0.987925 -0.086736 -0.128382 0.555067 0.113006 0.970256 0.214085 -0.000000 0.105995 -0.226007 0.968342 -0.000000 0.000000 0.000000 0.000000 1.000000
0.987806 -0.094805 -0.123495 0.555067 0.119427 0.970295 0.210392 -0.000000 0.099881 -0.222575 0.969786 -0.000000 0.000000 0.000000 0.000000 1.000000</float_array><technique_common><accessor source="#jnt_spine3-Matrix-animation-output-transform-array" count="14" stride="16"><param type="float4x4"/></accessor></technique_common></source><source id="jnt_spine3-Interpolations"><Name_array id="jnt_spine3-Interpolations-array" count="14">
 LINEAR LINEAR LINEAR LINEAR LINEAR LINEAR LINEAR LINEAR LINEAR LINEAR LINEAR
LINEAR LINEAR LINEAR</Name_array><technique_common><accessor source="#jnt_spine3-Interpolations-array" count="14"><param type="name"/></accessor></technique_common></source><sampler id="jnt_spine3-Matrix-animation-transform"><input semantic="INPUT" source="#jnt_spine3-Matrix-animation-input"/><input semantic="OUTPUT" source="#jnt_spine3-Matrix-animation-output-transform"/><input semantic="INTERPOLATION" source="#jnt_spine3-Interpolations"/></sampler><channel source="#jnt_spine3-Matrix-animation-transform" target="jnt_spine3/matrix"/></animation></animation>
    <animation id="jnt_neck-anim" name="jnt_neck"><animation><source id="jnt_neck-Matrix-animation-input"><float_array id="jnt_neck-Matrix-animation-input-array" count="14">

0.000000 0.033333 0.066667 0.100000 0.133333 0.166667 0.200000 0.233333 0.266667 0.300000 0.333333 0.366667 0.400000 0.433333</float_array><technique_common><accessor source="#jnt_neck-Matrix-animation-input-array" count="14"><param name="TIME" type="float"/></accessor></technique_common></source><source id="jnt_neck-Matrix-animation-output-transform"><float_array id="jnt_neck-Matrix-animation-output-transform-array" count="224">

0.999938 0.010695 0.003090 0.867458 -0.008883 0.933870 -0.357504 0.171572 -0.006709 0.357454 0.933907 -0.000001 0.000000 0.000000 0.000000 1.000000
0.999838 0.014423 0.010741 0.867461 -0.009825 0.938371 -0.345490 0.171572 -0.015062 0.345328 0.938361 -0.000002 0.000000 0.000000 0.000000 1.000000
0.999257 0.023070 0.030867 0.867454 -0.012209 0.949265 -0.314240 0.171571 -0.036550 0.313630 0.948842 -0.000001 0.000000 0.000000 0.000000 1.000000
0.997717 0.032579 0.059153 0.867459 -0.015364 0.962471 -0.270948 0.171569 -0.065761 0.269421 0.960775 -0.000002 0.000000 0.000000 0.000000 1.000000
0.995074 0.039849 0.090772 0.867458 -0.018674 0.974609 -0.223135 0.171572 -0.097359 0.220341 0.970552 -0.000001 0.000000 0.000000 0.000000 1.000000
0.991778 0.043624 0.120306 0.867453 -0.021582 0.983655 -0.178763 0.171575 -0.126138 0.174697 0.976509 0.000001 0.000000 0.000000 0.000000 1.000000
0.988851 0.044582 0.142081 0.867450 -0.023600 0.988993 -0.146071 0.171570 -0.147029 0.141089 0.979018 -0.000000 0.000000 0.000000 0.000000 1.000000
0.987596 0.044569 0.150556 0.867454 -0.024384 0.990769 -0.133349 0.171575 -0.155109 0.128024 0.979567 0.000003 0.000000 0.000000 0.000000 1.000000
0.988851 0.044579 0.142081 0.867450 -0.023597 0.988993 -0.146071 0.171570 -0.147028 0.141090 0.979018 0.000000 0.000000 0.000000 0.000000 1.000000
0.991778 0.043625 0.120307 0.867453 -0.021583 0.983656 -0.178762 0.171575 -0.126139 0.174696 0.976509 0.000002 0.000000 0.000000 0.000000 1.000000
0.995074 0.039848 0.090775 0.867451 -0.018673 0.974609 -0.223135 0.171571 -0.097361 0.220340 0.970552 -0.000000 0.000000 0.000000 0.000000 1.000000
0.997717 0.032585 0.059156 0.867450 -0.015369 0.962471 -0.270948 0.171571 -0.065765 0.269420 0.960775 -0.000000 0.000000 0.000000 0.000000 1.000000
0.999257 0.023068 0.030870 0.867450 -0.012206 0.949265 -0.314241 0.171570 -0.036553 0.313630 0.948841 -0.000000 0.000000 0.000000 0.000000 1.000000
0.999838 0.014423 0.010744 0.867457 -0.009824 0.938371 -0.345490 0.171572 -0.015065 0.345328 0.938361 -0.000001 0.000000 0.000000 0.000000 1.000000</float_array><technique_common><accessor source="#jnt_neck-Matrix-animation-output-transform-array" count="14" stride="16"><param type="float4x4"/></accessor></technique_common></source><source id="jnt_neck-Interpolations"><Name_array id="jnt_neck-Interpolations-array" count="14">
 LINEAR LINEAR LINEAR LINEAR LINEAR LINEAR LINEAR LINEAR LINEAR LINEAR LINEAR
LINEAR LINEAR LINEAR</Name_array><technique_common><accessor source="#jnt_neck-Interpolations-array" count="14"><param type="name"/></accessor></technique_common></source><sampler id="jnt_neck-Matrix-animation-transform"><input semantic="INPUT" source="#jnt_neck-Matrix-animation-input"/><input semantic="OUTPUT" source="#jnt_neck-Matrix-animation-output-transform"/><input semantic="INTERPOLATION" source="#jnt_neck-Interpolations"/></sampler><channel source="#jnt_neck-Matrix-animation-transform" target="jnt_neck/matrix"/></animation></animation>
    <animation id="jnt_head-anim" name="jnt_head"><animation><source id="jnt_head-Matrix-animation-input"><float_array id="jnt_head-Matrix-animation-input-array" count="14">

0.000000 0.033333 0.066667 0.100000 0.133333 0.166667 0.200000 0.233333 0.266667 0.300000 0.333333 0.366667 0.400000 0.433333</float_array><technique_common><accessor source="#jnt_head-Matrix-animation-input-array" count="14"><param name="TIME" type="float"/></accessor></technique_common></source><source id="jnt_head-Matrix-animation-output-transform"><float_array id="jnt_head-Matrix-animation-output-transform-array" count="224">

0.878393 0.458407 -0.135240 0.273591 -0.472844 0.792300 -0.385589 0.000001 -0.069606 0.402646 0.912705 0.000000 0.000000 0.000000 0.000000 1.000000
0.877652 0.462386 -0.126201 0.273591 -0.473747 0.796914 -0.374823 0.000000 -0.072742 0.388752 0.918466 0.000000 0.000000 0.000000 0.000000 1.000000
0.875760 0.471729 -0.102552 0.273591 -0.475957 0.808229 -0.346744 0.000000 -0.080684 0.352475 0.932337 0.000000 0.000000 0.000000 0.000000 1.000000
0.873229 0.482325 -0.069529 0.273592 -0.478698 0.822313 -0.307650 0.000000 -0.091213 0.301932 0.948956 0.000000 0.000000 0.000000 0.000000 1.000000
0.870566 0.490955 -0.032833 0.273592 -0.481306 0.835788 -0.264203 -0.000000 -0.102270 0.245808 0.963908 0.000000 0.000000 0.000000 0.000000 1.000000
0.868231 0.496158 0.001312 0.273592 -0.483340 0.846391 -0.223615 0.000000 -0.112059 0.193515 0.974677 0.000000 0.000000 0.000000 0.000000 1.000000
0.866600 0.498302 0.026457 0.273591 -0.484604 0.853053 -0.193542 0.000000 -0.119012 0.154902 0.980735 0.000000 0.000000 0.000000 0.000000 1.000000
0.865986 0.498755 0.036229 0.273592 -0.485043 0.855384 -0.181800 0.000000 -0.121663 0.139863 0.982668 0.000000 0.000000 0.000000 0.000000 1.000000
0.866599 0.498303 0.026457 0.273591 -0.484605 0.853053 -0.193542 -0.000000 -0.119012 0.154902 0.980735 0.000000 0.000000 0.000000 0.000000 1.000000
0.868231 0.496158 0.001312 0.273592 -0.483340 0.846392 -0.223615 0.000000 -0.112059 0.193515 0.974677 -0.000000 0.000000 0.000000 0.000000 1.000000
0.870566 0.490955 -0.032833 0.273592 -0.481306 0.835788 -0.264202 -0.000000 -0.102270 0.245808 0.963908 -0.000000 0.000000 0.000000 0.000000 1.000000
0.873229 0.482325 -0.069529 0.273591 -0.478698 0.822313 -0.307650 0.000001 -0.091213 0.301932 0.948956 0.000000 0.000000 0.000000 0.000000 1.000000
0.875760 0.471729 -0.102552 0.273590 -0.475957 0.808229 -0.346744 0.000000 -0.080684 0.352475 0.932337 0.000000 0.000000 0.000000 0.000000 1.000000
0.877652 0.462386 -0.126201 0.273592 -0.473747 0.796914 -0.374824 0.000000 -0.072742 0.388752 0.918466 -0.000000 0.000000 0.000000 0.000000 1.000000</float_array><technique_common><accessor source="#jnt_head-Matrix-animation-output-transform-array" count="14" stride="16"><param type="float4x4"/></accessor></technique_common></source><source id="jnt_head-Interpolations"><Name_array id="jnt_head-Interpolations-array" count="14">
 LINEAR LINEAR LINEAR LINEAR LINEAR LINEAR LINEAR LINEAR LINEAR LINEAR LINEAR
LINEAR LINEAR LINEAR</Name_array><technique_common><accessor source="#jnt_head-Interpolations-array" count="14"><param type="name"/></accessor></technique_common></source><sampler id="jnt_head-Matrix-animation-transform"><input semantic="INPUT" source="#jnt_head-Matrix-animation-input"/><input semantic="OUTPUT" source="#jnt_head-Matrix-animation-output-transform"/><input semantic="INTERPOLATION" source="#jnt_head-Interpolations"/></sampler><channel source="#jnt_head-Matrix-animation-transform" target="jnt_head/matrix"/></animation></animation>
    <animation id="jnt_left_shoulder-anim" name="jnt_left_shoulder"><animation><source id="jnt_left_shoulder-Matrix-animation-input"><float_array id="jnt_left_shoulder-Matrix-animation-input-array" count="14">

0.000000 0.033333 0.066667 0.100000 0.133333 0.166667 0.200000 0.233333 0.266667 0.300000 0.333333 0.366667 0.400000 0.433333</float_array><technique_common><accessor source="#jnt_left_shoulder-Matrix-animation-input-array" count="14"><param name="TIME" type="float"/></accessor></technique_common></source><source id="jnt_left_shoulder-Matrix-animation-output-transform"><float_array id="jnt_left_shoulder-Matrix-animation-output-transform-array" count="224">

-0.254883 -0.628270 -0.735059 0.635987 -0.130798 -0.730778 0.669966 0.114392 -0.958085 0.266907 0.104086 0.266187 0.000000 0.000000 0.000000 1.000000
-0.207161 -0.585614 -0.783671 0.635987 -0.094855 -0.785251 0.611869 0.114391 -0.973697 0.201091 0.107125 0.266187 0.000000 0.000000 0.000000 1.000000
-0.250913 -0.532759 -0.808215 0.635987 -0.113050 -0.813083 0.571065 0.114391 -0.961386 0.234657 0.143785 0.266187 0.000000 0.000000 0.000000 1.000000
-0.274959 -0.505127 -0.818074 0.635987 -0.145315 -0.819262 0.554701 0.114392 -0.950411 0.271398 0.151861 0.266187 0.000000 0.000000 0.000000 1.000000
-0.271002 -0.501031 -0.821904 0.635987 -0.171605 -0.815030 0.553424 0.114392 -0.947159 0.291022 0.134895 0.266187 0.000000 0.000000 0.000000 1.000000
-0.220267 -0.530788 -0.818381 0.635987 -0.177873 -0.803063 0.568727 0.114392 -0.959085 0.270840 0.082476 0.266187 0.000000 0.000000 0.000000 1.000000
-0.150218 -0.584130 -0.797638 0.635987 -0.171292 -0.779214 0.602897 0.114391 -0.973701 0.227195 0.016995 0.266187 0.000000 0.000000 0.000000 1.000000
-0.126040 -0.646219 -0.752672 0.635987 -0.167588 -0.733947 0.658207 0.114392 -0.977767 0.209099 -0.015792 0.266187 0.000000 0.000000 0.000000 1.000000
-0.182158 -0.702830 -0.687640 0.635987 -0.167211 -0.667012 0.726041 0.114392 -0.968947 0.247235 0.003981 0.266187 0.000000 0.000000 0.000000 1.000000
-0.275511 -0.734603 -0.620042 0.635987 -0.159948 -0.600983 0.783094 0.114392 -0.947898 0.314925 0.048079 0.266187 0.000000 0.000000 0.000000 1.000000
-0.331127 -0.739944 -0.585523 0.635987 -0.143417 -0.573853 0.806303 0.114391 -0.932623 0.350963 0.083898 0.266187 0.000000 0.000000 0.000000 1.000000
-0.320088 -0.724837 -0.610045 0.635987 -0.132309 -0.603411 0.786378 0.114392 -0.938103 0.332425 0.097242 0.266187 0.000000 0.000000 0.000000 1.000000
-0.277311 -0.686349 -0.672327 0.635987 -0.137029 -0.664364 0.734740 0.114392 -0.950958 0.295880 0.090186 0.266187 0.000000 0.000000 0.000000 1.000000
-0.248380 -0.637979 -0.728897 0.635987 -0.147772 -0.718714 0.679421 0.114392 -0.957325 0.276465 0.084238 0.266187 0.000000 0.000000 0.000000 1.000000</float_array><technique_common><accessor source="#jnt_left_shoulder-Matrix-animation-output-transform-array" count="14" stride="16"><param type="float4x4"/></accessor></technique_common></source><source id="jnt_left_shoulder-Interpolations"><Name_array id="jnt_left_shoulder-Interpolations-array" count="14">
 LINEAR LINEAR LINEAR LINEAR LINEAR LINEAR LINEAR LINEAR LINEAR LINEAR LINEAR
LINEAR LINEAR LINEAR</Name_array><technique_common><accessor source="#jnt_left_shoulder-Interpolations-array" count="14"><param type="name"/></accessor></technique_common></source><sampler id="jnt_left_shoulder-Matrix-animation-transform"><input semantic="INPUT" source="#jnt_left_shoulder-Matrix-animation-input"/><input semantic="OUTPUT" source="#jnt_left_shoulder-Matrix-animation-output-transform"/><input semantic="INTERPOLATION" source="#jnt_left_shoulder-Interpolations"/></sampler><channel source="#jnt_left_shoulder-Matrix-animation-transform" target="jnt_left_shoulder/matrix"/></animation></animation>
    <animation id="jnt_left_arm-anim" name="jnt_left_arm"><animation><source id="jnt_left_arm-Matrix-animation-input"><float_array id="jnt_left_arm-Matrix-animation-input-array" count="14">

0.000000 0.033333 0.066667 0.100000 0.133333 0.166667 0.200000 0.233333 0.266667 0.300000 0.333333 0.366667 0.400000 0.433333</float_array><technique_common><accessor source="#jnt_left_arm-Matrix-animation-input-array" count="14"><param name="TIME" type="float"/></accessor></technique_common></source><source id="jnt_left_arm-Matrix-animation-output-transform"><float_array id="jnt_left_arm-Matrix-animation-output-transform-array" count="224">

0.387548 -0.236292 0.891052 -0.525417 0.650736 0.754768 -0.082874 -0.032447 -0.652955 0.611957 0.446272 0.009491 0.000000 0.000000 0.000000 1.000000
0.274771 -0.307983 0.910850 -0.525417 0.659812 0.749461 0.054371 -0.032447 -0.699392 0.586050 0.409141 0.009491 0.000000 0.000000 0.000000 1.000000
0.258213 -0.254728 0.931901 -0.525417 0.633883 0.772611 0.035550 -0.032448 -0.729053 0.581537 0.360966 0.009491 0.000000 0.000000 0.000000 1.000000
0.318099 -0.295568 0.900806 -0.525417 0.756991 0.651220 -0.053639 -0.032447 -0.570769 0.698965 0.430895 0.009491 0.000000 0.000000 0.000000 1.000000
0.270221 -0.419841 0.866438 -0.525417 0.915655 0.390214 -0.096489 -0.032447 -0.297586 0.819431 0.489873 0.009491 0.000000 0.000000 0.000000 1.000000
-0.018596 -0.529488 0.848113 -0.525417 0.996715 -0.076691 -0.026026 -0.032448 0.078823 0.844843 0.529175 0.009491 0.000000 0.000000 0.000000 1.000000
-0.107761 -0.607751 0.786783 -0.525417 0.993020 -0.103972 0.055695 -0.032447 0.047955 0.787292 0.614712 0.009491 0.000000 0.000000 0.000000 1.000000
-0.154607 -0.658640 0.736403 -0.525417 0.987671 -0.084521 0.131765 -0.032447 -0.024545 0.747696 0.663587 0.009492 0.000000 0.000000 0.000000 1.000000
-0.121401 -0.657266 0.743817 -0.525417 0.987392 -0.003281 0.158257 -0.032448 -0.101577 0.753652 0.649378 0.009491 0.000000 0.000000 0.000000 1.000000
-0.037835 -0.602310 0.797365 -0.525417 0.985588 0.109162 0.129225 -0.032447 -0.164876 0.790763 0.589499 0.009492 0.000000 0.000000 0.000000 1.000000
0.029662 -0.551813 0.833441 -0.525417 0.980934 0.176284 0.081804 -0.032447 -0.192062 0.815124 0.546521 0.009491 0.000000 0.000000 0.000000 1.000000
0.231485 -0.535477 0.812206 -0.525416 0.780384 0.600712 0.173626 -0.032447 -0.580874 0.593641 0.556934 0.009491 0.000000 0.000000 0.000000 1.000000
0.349510 -0.501936 0.791141 -0.525417 0.670454 0.723818 0.163029 -0.032447 -0.654472 0.473443 0.589507 0.009491 0.000000 0.000000 0.000000 1.000000
0.412616 -0.371821 0.831563 -0.525417 0.636812 0.770491 0.028532 -0.032447 -0.651321 0.517776 0.554697 0.009492 0.000000 0.000000 0.000000 1.000000</float_array><technique_common><accessor source="#jnt_left_arm-Matrix-animation-output-transform-array" count="14" stride="16"><param type="float4x4"/></accessor></technique_common></source><source id="jnt_left_arm-Interpolations"><Name_array id="jnt_left_arm-Interpolations-array" count="14">
 LINEAR LINEAR LINEAR LINEAR LINEAR LINEAR LINEAR LINEAR LINEAR LINEAR LINEAR
LINEAR LINEAR LINEAR</Name_array><technique_common><accessor source="#jnt_left_arm-Interpolations-array" count="14"><param type="name"/></accessor></technique_common></source><sampler id="jnt_left_arm-Matrix-animation-transform"><input semantic="INPUT" source="#jnt_left_arm-Matrix-animation-input"/><input semantic="OUTPUT" source="#jnt_left_arm-Matrix-animation-output-transform"/><input semantic="INTERPOLATION" source="#jnt_left_arm-Interpolations"/></sampler><channel source="#jnt_left_arm-Matrix-animation-transform" target="jnt_left_arm/matrix"/></animation></animation>
    <animation id="jnt_left_armroll-anim" name="jnt_left_armroll"><animation><source id="jnt_left_armroll-Matrix-animation-input"><float_array id="jnt_left_armroll-Matrix-animation-input-array" count="14">

0.000000 0.033333 0.066667 0.100000 0.133333 0.166667 0.200000 0.233333 0.266667 0.300000 0.333333 0.366667 0.400000 0.433333</float_array><technique_common><accessor source="#jnt_left_armroll-Matrix-animation-input-array" count="14"><param name="TIME" type="float"/></accessor></technique_common></source><source id="jnt_left_armroll-Matrix-animation-output-transform"><float_array id="jnt_left_armroll-Matrix-animation-output-transform-array" count="224">

1.000000 0.000007 -0.000000 -0.421995 -0.000006 0.911483 -0.411337 0.000001 -0.000003 0.411337 0.911483 -0.000004 0.000000 0.000000 0.000000 1.000000
1.000000 0.000007 -0.000000 -0.421995 -0.000007 0.906901 -0.421344 0.000001 -0.000003 0.421344 0.906901 -0.000004 0.000000 0.000000 0.000000 1.000000
1.000000 0.000006 0.000000 -0.421995 -0.000006 0.928159 -0.372183 0.000001 -0.000002 0.372183 0.928159 -0.000004 0.000000 0.000000 0.000000 1.000000
1.000000 0.000005 0.000000 -0.421995 -0.000005 0.944510 -0.328483 0.000001 -0.000002 0.328483 0.944510 -0.000004 0.000000 0.000000 0.000000 1.000000
1.000000 0.000005 0.000000 -0.421995 -0.000005 0.943016 -0.332748 0.000001 -0.000002 0.332748 0.943016 -0.000004 0.000000 0.000000 0.000000 1.000000
1.000000 0.000006 0.000000 -0.421995 -0.000006 0.924816 -0.380416 0.000002 -0.000003 0.380416 0.924816 -0.000004 0.000000 0.000000 0.000000 1.000000
1.000000 0.000008 -0.000000 -0.421995 -0.000007 0.884306 -0.466909 0.000001 -0.000004 0.466909 0.884306 -0.000004 0.000000 0.000000 0.000000 1.000000
1.000000 0.000008 -0.000000 -0.421995 -0.000007 0.867809 -0.496897 0.000001 -0.000004 0.496897 0.867809 -0.000004 0.000000 0.000000 0.000000 1.000000
1.000000 0.000008 -0.000001 -0.421995 -0.000007 0.878843 -0.477111 0.000001 -0.000003 0.477111 0.878843 -0.000004 0.000000 0.000000 0.000000 1.000000
1.000000 0.000008 -0.000000 -0.421995 -0.000007 0.889195 -0.457529 0.000001 -0.000003 0.457529 0.889195 -0.000004 0.000000 0.000000 0.000000 1.000000
1.000000 0.000008 -0.000001 -0.421995 -0.000007 0.888441 -0.458990 0.000001 -0.000003 0.458990 0.888441 -0.000004 0.000000 0.000000 0.000000 1.000000
1.000000 0.000009 -0.000001 -0.421995 -0.000008 0.846887 -0.531772 0.000001 -0.000004 0.531772 0.846887 -0.000004 0.000000 0.000000 0.000000 1.000000
1.000000 0.000010 -0.000001 -0.421995 -0.000009 0.834130 -0.551568 0.000001 -0.000004 0.551568 0.834130 -0.000004 0.000000 0.000000 0.000000 1.000000
1.000000 0.000008 -0.000001 -0.421995 -0.000008 0.867472 -0.497487 0.000001 -0.000004 0.497487 0.867472 -0.000004 0.000000 0.000000 0.000000 1.000000</float_array><technique_common><accessor source="#jnt_left_armroll-Matrix-animation-output-transform-array" count="14" stride="16"><param type="float4x4"/></accessor></technique_common></source><source id="jnt_left_armroll-Interpolations"><Name_array id="jnt_left_armroll-Interpolations-array" count="14">
 LINEAR LINEAR LINEAR LINEAR LINEAR LINEAR LINEAR LINEAR LINEAR LINEAR LINEAR
LINEAR LINEAR LINEAR</Name_array><technique_common><accessor source="#jnt_left_armroll-Interpolations-array" count="14"><param type="name"/></accessor></technique_common></source><sampler id="jnt_left_armroll-Matrix-animation-transform"><input semantic="INPUT" source="#jnt_left_armroll-Matrix-animation-input"/><input semantic="OUTPUT" source="#jnt_left_armroll-Matrix-animation-output-transform"/><input semantic="INTERPOLATION" source="#jnt_left_armroll-Interpolations"/></sampler><channel source="#jnt_left_armroll-Matrix-animation-transform" target="jnt_left_armroll/matrix"/></animation></animation>
    <animation id="jnt_left_forearm-anim" name="jnt_left_forearm"><animation><source id="jnt_left_forearm-Matrix-animation-input"><float_array id="jnt_left_forearm-Matrix-animation-input-array" count="14">

0.000000 0.033333 0.066667 0.100000 0.133333 0.166667 0.200000 0.233333 0.266667 0.300000 0.333333 0.366667 0.400000 0.433333</float_array><technique_common><accessor source="#jnt_left_forearm-Matrix-animation-input-array" count="14"><param name="TIME" type="float"/></accessor></technique_common></source><source id="jnt_left_forearm-Matrix-animation-output-transform"><float_array id="jnt_left_forearm-Matrix-animation-output-transform-array" count="224">

0.067726 -0.933766 -0.351417 -0.843982 0.996414 0.045402 0.071392 -0.000019 -0.050709 -0.354992 0.933493 -0.000023 0.000000 0.000000 0.000000 1.000000
0.093173 -0.917276 -0.387200 -0.843981 0.995505 0.092465 0.020502 -0.000017 0.016997 -0.387370 0.921768 -0.000044 0.000000 0.000000 0.000000 1.000000
0.137512 -0.908765 -0.394001 -0.843982 0.990281 0.117777 0.073969 -0.000013 -0.020817 -0.400343 0.916129 -0.000024 0.000000 0.000000 0.000000 1.000000
0.322798 -0.869997 -0.372702 -0.843982 0.945065 0.274847 0.176949 -0.000007 -0.051509 -0.409347 0.910924 -0.000080 0.000000 0.000000 0.000000 1.000000
0.699173 -0.665659 -0.260873 -0.843982 0.713059 0.622709 0.322150 0.000001 -0.051994 -0.411256 0.910036 0.000003 0.000000 0.000000 0.000000 1.000000
0.999875 0.006726 -0.014327 -0.843981 -0.000612 0.920981 0.389606 0.000827 0.015816 -0.389549 0.920870 -0.000243 0.000000 0.000000 0.000000 1.000000
0.999869 0.009707 -0.012922 -0.843981 -0.003056 0.898671 0.438612 0.000002 0.015870 -0.438516 0.898583 0.000003 0.000000 0.000000 0.000000 1.000000
0.999853 0.012966 -0.011229 -0.843981 -0.006148 0.882070 0.471079 -0.000001 0.016013 -0.470940 0.882020 0.000003 0.000000 0.000000 0.000000 1.000000
0.999846 0.012796 -0.012013 -0.843981 -0.006404 0.903228 0.429114 0.000001 0.016341 -0.428971 0.903170 0.000003 0.000000 0.000000 0.000000 1.000000
0.999819 0.012750 -0.014120 -0.843981 -0.006900 0.934679 0.355425 -0.000004 0.017729 -0.355263 0.934598 0.000005 0.000000 0.000000 0.000000 1.000000
0.999770 0.011208 -0.018295 -0.843981 -0.005506 0.958174 0.286132 0.000005 0.020737 -0.285966 0.958015 0.000001 0.000000 0.000000 0.000000 1.000000
0.590323 -0.688910 -0.420621 -0.843981 0.775825 0.628075 0.060148 0.000005 0.222745 -0.361835 0.905240 -0.000011 0.000000 0.000000 0.000000 1.000000
0.221862 -0.855763 -0.467383 -0.843981 0.946984 0.303335 -0.105873 -0.000018 0.232376 -0.419115 0.877692 -0.000087 0.000000 0.000000 0.000000 1.000000
0.060162 -0.905499 -0.420063 -0.843981 0.993447 0.095285 -0.063116 -0.000008 0.097177 -0.413513 0.905298 -0.000010 0.000000 0.000000 0.000000 1.000000</float_array><technique_common><accessor source="#jnt_left_forearm-Matrix-animation-output-transform-array" count="14" stride="16"><param type="float4x4"/></accessor></technique_common></source><source id="jnt_left_forearm-Interpolations"><Name_array id="jnt_left_forearm-Interpolations-array" count="14">
