<?xml version="1.0" encoding="utf-8"?>
<COLLADA xmlns="http://www.collada.org/2005/11/COLLADASchema" version="1.4.1">
  <asset><contributor><author></author><authoring_tool>FBX COLLADA exporter</authoring_tool><comments></comments></contributor><created>2020-02-21T09:04:13Z</created><keywords></keywords><modified>2020-02-21T09:04:13Z</modified><revision></revision><subject></subject><title></title><unit meter="0.010000" name="centimeter"></unit><up_axis>Y_UP</up_axis></asset>
  <library_animations>
    <animation id="root_jnt-anim" name="root_jnt"><animation><source id="root_jnt-Matrix-animation-input"><float_array id="root_jnt-Matrix-animation-input-array" count="19">

0.000000 0.033333 0.066667 0.100000 0.133333 0.166667 0.200000 0.233333 0.266667 0.300000 0.333333 0.366667 0.400000 0.433333 0.466667 0.500000
0.533333 0.566667 0.600000</float_array><technique_common><accessor source="#root_jnt-Matrix-animation-input-array" count="19"><param name="TIME" type="float"/></accessor></technique_common></source><source id="root_jnt-Matrix-animation-output-transform"><float_array id="root_jnt-Matrix-animation-output-transform-array" count="304">

1.000000 0.000000 0.000000 0.000000 0.000000 1.000000 0.000000 0.000000 0.000000 0.000000 1.000000 0.000000 0.000000 0.000000 0.000000 1.000000
1.000000 0.000000 0.000000 0.000000 0.000000 1.000000 0.000000 0.000000 0.000000 0.000000 1.000000 0.000000 0.000000 0.000000 0.000000 1.000000
1.000000 0.000000 0.000000 0.000000 0.000000 1.000000 0.000000 0.000000 0.000000 0.000000 1.000000 0.000000 0.000000 0.000000 0.000000 1.000000
1.000000 0.000000 0.000000 0.000000 0.000000 1.000000 0.000000 0.000000 0.000000 0.000000 1.000000 0.000000 0.000000 0.000000 0.000000 1.000000
1.000000 0.000000 0.000000 0.000000 0.000000 1.000000 0.000000 0.000000 0.000000 0.000000 1.000000 0.000000 0.000000 0.000000 0.000000 1.000000
1.000000 0.000000 0.000000 0.000000 0.000000 1.000000 0.000000 0.000000 0.000000 0.000000 1.000000 0.000000 0.000000 0.000000 0.000000 1.000000
1.000000 0.000000 0.000000 0.000000 0.000000 1.000000 0.000000 0.000000 0.000000 0.000000 1.000000 0.000000 0.000000 0.000000 0.000000 1.000000
1.000000 0.000000 0.000000 0.000000 0.000000 1.000000 0.000000 0.000000 0.000000 0.000000 1.000000 0.000000 0.000000 0.000000 0.000000 1.000000
1.000000 0.000000 0.000000 0.000000 0.000000 1.000000 0.000000 0.000000 0.000000 0.000000 1.000000 0.000000 0.000000 0.000000 0.000000 1.000000
1.000000 0.000000 0.000000 0.000000 0.000000 1.000000 0.000000 0.000000 0.000000 0.000000 1.000000 0.000000 0.000000 0.000000 0.000000 1.000000
1.000000 0.000000 0.000000 0.000000 0.000000 1.000000 0.000000 0.000000 0.000000 0.000000 1.000000 0.000000 0.000000 0.000000 0.000000 1.000000
1.000000 0.000000 0.000000 0.000000 0.000000 1.000000 0.000000 0.000000 0.000000 0.000000 1.000000 0.000000 0.000000 0.000000 0.000000 1.000000
1.000000 0.000000 0.000000 0.000000 0.000000 1.000000 0.000000 0.000000 0.000000 0.000000 1.000000 0.000000 0.000000 0.000000 0.000000 1.000000
1.000000 0.000000 0.000000 0.000000 0.000000 1.000000 0.000000 0.000000 0.000000 0.000000 1.000000 0.000000 0.000000 0.000000 0.000000 1.000000
1.000000 0.000000 0.000000 0.000000 0.000000 1.000000 0.000000 0.000000 0.000000 0.000000 1.000000 0.000000 0.000000 0.000000 0.000000 1.000000
1.000000 0.000000 0.000000 0.000000 0.000000 1.000000 0.000000 0.000000 0.000000 0.000000 1.000000 0.000000 0.000000 0.000000 0.000000 1.000000
1.000000 0.000000 0.000000 0.000000 0.000000 1.000000 0.000000 0.000000 0.000000 0.000000 1.000000 0.000000 0.000000 0.000000 0.000000 1.000000
1.000000 0.000000 0.000000 0.000000 0.000000 1.000000 0.000000 0.000000 0.000000 0.000000 1.000000 0.000000 0.000000 0.000000 0.000000 1.000000
1.000000 0.000000 0.000000 0.000000 0.000000 1.000000 0.000000 0.000000 0.000000 0.000000 1.000000 0.000000 0.000000 0.000000 0.000000 1.000000</float_array><technique_common><accessor source="#root_jnt-Matrix-animation-output-transform-array" count="19" stride="16"><param type="float4x4"/></accessor></technique_common></source><source id="root_jnt-Interpolations"><Name_array id="root_jnt-Interpolations-array" count="19">
 LINEAR LINEAR LINEAR LINEAR LINEAR LINEAR LINEAR LINEAR LINEAR LINEAR LINEAR
LINEAR LINEAR LINEAR LINEAR LINEAR LINEAR LINEAR LINEAR</Name_array><technique_common><accessor source="#root_jnt-Interpolations-array" count="19"><param type="name"/></accessor></technique_common></source><sampler id="root_jnt-Matrix-animation-transform"><input semantic="INPUT" source="#root_jnt-Matrix-animation-input"/><input semantic="OUTPUT" source="#root_jnt-Matrix-animation-output-transform"/><input semantic="INTERPOLATION" source="#root_jnt-Interpolations"/></sampler><channel source="#root_jnt-Matrix-animation-transform" target="root_jnt/matrix"/></animation></animation>
    <animation id="jnt_hips-anim" name="jnt_hips"><animation><source id="jnt_hips-Matrix-animation-input"><float_array id="jnt_hips-Matrix-animation-input-array" count="19">

0.000000 0.033333 0.066667 0.100000 0.133333 0.166667 0.200000 0.233333 0.266667 0.300000 0.333333 0.366667 0.400000 0.433333 0.466667 0.500000
0.533333 0.566667 0.600000</float_array><technique_common><accessor source="#jnt_hips-Matrix-animation-input-array" count="19"><param name="TIME" type="float"/></accessor></technique_common></source><source id="jnt_hips-Matrix-animation-output-transform"><float_array id="jnt_hips-Matrix-animation-output-transform-array" count="304">

0.993823 -0.064914 -0.090014 -0.039865 0.070524 0.995668 0.060600 1.843882 0.085690 -0.066574 0.994095 -0.151878 0.000000 0.000000 0.000000 1.000000
0.994495 -0.079569 -0.068179 -0.039711 0.085996 0.991542 0.097207 1.600132 0.059868 -0.102535 0.992926 -0.142875 0.000000 0.000000 0.000000 1.000000
0.995448 -0.073476 -0.060698 -0.028849 0.081138 0.987476 0.135307 1.595605 0.049996 -0.139616 0.988943 -0.134964 0.000000 0.000000 0.000000 1.000000
0.997699 -0.039281 -0.055253 -0.017206 0.046660 0.989146 0.139333 1.718773 0.049180 -0.141590 0.988703 -0.138302 0.000000 0.000000 0.000000 1.000000
0.999630 -0.013508 -0.023606 -0.016905 0.016213 0.992825 0.118470 1.926445 0.021836 -0.118809 0.992677 -0.145256 0.000000 0.000000 0.000000 1.000000
0.999797 0.007364 0.018758 -0.012400 -0.008995 0.996046 0.088382 2.149494 -0.018033 -0.088533 0.995910 -0.151213 0.000000 0.000000 0.000000 1.000000
0.998816 0.017958 0.045206 -0.002609 -0.020593 0.998074 0.058515 2.208099 -0.044068 -0.059377 0.997262 -0.153821 0.000000 0.000000 0.000000 1.000000
0.997981 -0.028825 0.056589 0.009158 0.026354 0.998687 0.043926 2.174320 -0.057781 -0.042346 0.997431 -0.161758 0.000000 0.000000 0.000000 1.000000
0.994291 -0.098458 0.041132 0.018025 0.096556 0.994267 0.045928 2.065115 -0.045419 -0.041694 0.998098 -0.173613 0.000000 0.000000 0.000000 1.000000
0.995701 -0.090375 0.020296 0.027877 0.089037 0.994264 0.059266 1.859309 -0.025536 -0.057204 0.998036 -0.177467 0.000000 0.000000 0.000000 1.000000
0.998580 -0.052396 0.009649 0.028396 0.051206 0.993894 0.097739 1.597182 -0.014711 -0.097106 0.995165 -0.168927 0.000000 0.000000 0.000000 1.000000
0.999274 -0.035237 0.014512 0.014235 0.032970 0.990370 0.134460 1.595465 -0.019110 -0.133884 0.990813 -0.151617 0.000000 0.000000 0.000000 1.000000
0.998062 -0.061028 -0.012154 0.000687 0.062103 0.989179 0.132920 1.706188 0.003910 -0.133418 0.991052 -0.148399 0.000000 0.000000 0.000000 1.000000
0.992653 -0.101800 -0.065390 -0.007130 0.107860 0.989421 0.097014 1.929041 0.054823 -0.103354 0.993133 -0.152646 0.000000 0.000000 0.000000 1.000000
0.982983 -0.140236 -0.118654 -0.012722 0.147753 0.987376 0.057084 2.162212 0.109151 -0.073644 0.991293 -0.157207 0.000000 0.000000 0.000000 1.000000
0.977623 -0.151435 -0.146019 -0.021799 0.158044 0.986822 0.034706 2.199747 0.138839 -0.057006 0.988673 -0.161152 0.000000 0.000000 0.000000 1.000000
0.983490 -0.111087 -0.142852 -0.032116 0.117089 0.992529 0.034289 2.161461 0.137976 -0.050449 0.989150 -0.161960 0.000000 0.000000 0.000000 1.000000
0.991264 -0.061993 -0.116417 -0.035157 0.068182 0.996421 0.049956 2.016389 0.112904 -0.057457 0.991943 -0.157923 0.000000 0.000000 0.000000 1.000000
0.993823 -0.064914 -0.090014 -0.039865 0.070524 0.995668 0.060600 1.843882 0.085690 -0.066574 0.994095 -0.151878 0.000000 0.000000 0.000000 1.000000</float_array><technique_common><accessor source="#jnt_hips-Matrix-animation-output-transform-array" count="19" stride="16"><param type="float4x4"/></accessor></technique_common></source><source id="jnt_hips-Interpolations"><Name_array id="jnt_hips-Interpolations-array" count="19">
 LINEAR LINEAR LINEAR LINEAR LINEAR LINEAR LINEAR LINEAR LINEAR LINEAR LINEAR
LINEAR LINEAR LINEAR LINEAR LINEAR LINEAR LINEAR LINEAR</Name_array><technique_common><accessor source="#jnt_hips-Interpolations-array" count="19"><param type="name"/></accessor></technique_common></source><sampler id="jnt_hips-Matrix-animation-transform"><input semantic="INPUT" source="#jnt_hips-Matrix-animation-input"/><input semantic="OUTPUT" source="#jnt_hips-Matrix-animation-output-transform"/><input semantic="INTERPOLATION" source="#jnt_hips-Interpolations"/></sampler><channel source="#jnt_hips-Matrix-animation-transform" target="jnt_hips/matrix"/></animation></animation>
    <animation id="jnt_spine1-anim" name="jnt_spine1"><animation><source id="jnt_spine1-Matrix-animation-input"><float_array id="jnt_spine1-Matrix-animation-input-array" count="19">

0.000000 0.033333 0.066667 0.100000 0.133333 0.166667 0.200000 0.233333 0.266667 0.300000 0.333333 0.366667 0.400000 0.433333 0.466667 0.500000
0.533333 0.566667 0.600000</float_array><technique_common><accessor source="#jnt_spine1-Matrix-animation-input-array" count="19"><param name="TIME" type="float"/></accessor></technique_common></source><source id="jnt_spine1-Matrix-animation-output-transform"><float_array id="jnt_spine1-Matrix-animation-output-transform-array" count="304">

0.099376 -0.077552 0.992023 -0.000000 0.993728 -0.043640 -0.102958 0.212132 0.051276 0.996033 0.072729 0.023482 0.000000 0.000000 0.000000 1.000000
0.099896 -0.076787 0.992031 -0.000000 0.993662 -0.043950 -0.103462 0.212132 0.051544 0.996078 0.071910 0.023482 0.000000 0.000000 0.000000 1.000000
0.101041 -0.075103 0.992044 0.000000 0.993515 -0.044634 -0.104570 0.212132 0.052133 0.996176 0.070106 0.023482 0.000000 0.000000 0.000000 1.000000
0.102186 -0.073419 0.992052 -0.000000 0.993367 -0.045323 -0.105676 0.212132 0.052721 0.996271 0.068301 0.023482 0.000000 0.000000 0.000000 1.000000
0.102706 -0.072654 0.992055 0.000000 0.993299 -0.045637 -0.106178 0.212132 0.052989 0.996313 0.067480 0.023482 0.000000 0.000000 0.000000 1.000000
0.100520 -0.076537 0.991987 -0.000000 0.993629 -0.043345 -0.104031 0.212132 0.050959 0.996124 0.071693 0.023482 0.000000 0.000000 0.000000 1.000000
0.095703 -0.085075 0.991768 -0.000000 0.994324 -0.038363 -0.099241 0.212132 0.046490 0.995636 0.080921 0.023482 0.000000 0.000000 0.000000 1.000000
0.090877 -0.093604 0.991453 -0.000000 0.994976 -0.033466 -0.094359 0.212132 0.042013 0.995047 0.090093 0.023482 0.000000 0.000000 0.000000 1.000000
0.088681 -0.097478 0.991279 0.000000 0.995258 -0.031269 -0.092111 0.212132 0.039975 0.994746 0.094243 0.023482 0.000000 0.000000 0.000000 1.000000
0.086934 -0.097433 0.991438 -0.000000 0.995380 -0.032211 -0.090445 0.212132 0.040748 0.994721 0.094183 0.023482 0.000000 0.000000 0.000000 1.000000
0.083091 -0.097145 0.991796 -0.000000 0.995638 -0.034281 -0.086770 0.212132 0.042429 0.994680 0.093872 0.023482 0.000000 0.000000 0.000000 1.000000
0.079253 -0.096382 0.992184 0.000000 0.995880 -0.036341 -0.083078 0.212132 0.044064 0.994681 0.093105 0.023482 0.000000 0.000000 0.000000 1.000000
0.077521 -0.094918 0.992462 0.000000 0.995988 -0.037256 -0.081359 0.212132 0.044698 0.994788 0.091649 0.023482 0.000000 0.000000 0.000000 1.000000
0.079157 -0.092321 0.992578 0.000000 0.995843 -0.037682 -0.082922 0.212132 0.045058 0.995016 0.088954 0.023482 0.000000 0.000000 0.000000 1.000000
0.083212 -0.088742 0.992573 -0.000000 0.995458 -0.038818 -0.086925 0.212132 0.046243 0.995298 0.085108 0.023482 0.000000 0.000000 0.000000 1.000000
0.088472 -0.084824 0.992460 0.000000 0.994928 -0.040343 -0.092140 0.212132 0.047854 0.995579 0.080825 0.023482 0.000000 0.000000 0.000000 1.000000
0.093725 -0.081220 0.992280 -0.000000 0.994367 -0.041910 -0.097353 0.212132 0.049494 0.995815 0.076834 0.023482 0.000000 0.000000 0.000000 1.000000
0.097762 -0.078577 0.992103 -0.000000 0.993914 -0.043141 -0.101357 0.212132 0.050765 0.995974 0.073881 0.023482 0.000000 0.000000 0.000000 1.000000
0.099376 -0.077552 0.992023 -0.000000 0.993728 -0.043640 -0.102958 0.212132 0.051276 0.996033 0.072729 0.023482 0.000000 0.000000 0.000000 1.000000</float_array><technique_common><accessor source="#jnt_spine1-Matrix-animation-output-transform-array" count="19" stride="16"><param type="float4x4"/></accessor></technique_common></source><source id="jnt_spine1-Interpolations"><Name_array id="jnt_spine1-Interpolations-array" count="19">
 LINEAR LINEAR LINEAR LINEAR LINEAR LINEAR LINEAR LINEAR LINEAR LINEAR LINEAR
LINEAR LINEAR LINEAR LINEAR LINEAR LINEAR LINEAR LINEAR</Name_array><technique_common><accessor source="#jnt_spine1-Interpolations-array" count="19"><param type="name"/></accessor></technique_common></source><sampler id="jnt_spine1-Matrix-animation-transform"><input semantic="INPUT" source="#jnt_spine1-Matrix-animation-input"/><input semantic="OUTPUT" source="#jnt_spine1-Matrix-animation-output-transform"/><input semantic="INTERPOLATION" source="#jnt_spine1-Interpolations"/></sampler><channel source="#jnt_spine1-Matrix-animation-transform" target="jnt_spine1/matrix"/></animation></animation>
    <animation id="jnt_spine2-anim" name="jnt_spine2"><animation><source id="jnt_spine2-Matrix-animation-input"><float_array id="jnt_spine2-Matrix-animation-input-array" count="19">

0.000000 0.033333 0.066667 0.100000 0.133333 0.166667 0.200000 0.233333 0.266667 0.300000 0.333333 0.366667 0.400000 0.433333 0.466667 0.500000
0.533333 0.566667 0.600000</float_array><technique_common><accessor source="#jnt_spine2-Matrix-animation-input-array" count="19"><param name="TIME" type="float"/></accessor></technique_common></source><source id="jnt_spine2-Matrix-animation-output-transform"><float_array id="jnt_spine2-Matrix-animation-output-transform-array" count="304">

0.993150 -0.011836 -0.116246 0.426849 0.029646 0.987828 0.152701 -0.000000 0.113024 -0.155101 0.981412 -0.000000 0.000000 0.000000 0.000000 1.000000
0.993014 -0.012193 -0.117369 0.426849 0.029991 0.988064 0.151098 0.000000 0.114126 -0.153562 0.981526 -0.000000 0.000000 0.000000 0.000000 1.000000
0.992709 -0.012990 -0.119835 0.426849 0.030749 0.988574 0.147564 -0.000000 0.116549 -0.150173 0.981766 0.000000 0.000000 0.000000 0.000000 1.000000
0.992398 -0.013804 -0.122294 0.426849 0.031506 0.989073 0.144024 0.000000 0.118970 -0.146782 0.981988 0.000000 0.000000 0.000000 0.000000 1.000000
0.992254 -0.014180 -0.123410 0.426848 0.031850 0.989295 0.142412 -0.000000 0.120069 -0.145240 0.982084 -0.000000 0.000000 0.000000 0.000000 1.000000
0.992921 -0.011190 -0.118252 0.426849 0.029114 0.988112 0.150954 -0.000000 0.115157 -0.153328 0.981443 -0.000000 0.000000 0.000000 0.000000 1.000000
0.994277 -0.004911 -0.106721 0.426849 0.023068 0.985246 0.169580 0.000000 0.104314 -0.171071 0.979721 -0.000000 0.000000 0.000000 0.000000 1.000000
0.995482 0.000954 -0.094950 0.426849 0.016988 0.982027 0.187974 -0.000000 0.093423 -0.188737 0.977574 -0.000000 0.000000 0.000000 0.000000 1.000000
0.995979 0.003481 -0.089524 0.426848 0.014214 0.980450 0.196255 -0.000000 0.088457 -0.196738 0.976458 -0.000000 0.000000 0.000000 0.000000 1.000000
0.996245 0.001126 -0.086569 0.426848 0.015911 0.980503 0.195859 -0.000000 0.085102 -0.196501 0.976804 -0.000000 0.000000 0.000000 0.000000 1.000000
0.996781 -0.004034 -0.080074 0.426848 0.019602 0.980686 0.194604 -0.000000 0.077742 -0.195547 0.977608 -0.000000 0.000000 0.000000 0.000000 1.000000
0.997247 -0.009132 -0.073591 0.426849 0.023178 0.981053 0.192349 -0.000000 0.070440 -0.193525 0.978563 -0.000000 0.000000 0.000000 0.000000 1.000000
0.997434 -0.011312 -0.070696 0.426848 0.024519 0.981699 0.188855 -0.000000 0.067266 -0.190104 0.979457 -0.000000 0.000000 0.000000 0.000000 1.000000
0.997185 -0.011096 -0.074150 0.426848 0.024565 0.982752 0.183288 -0.000000 0.070837 -0.184594 0.980259 -0.000000 0.000000 0.000000 0.000000 1.000000
0.996521 -0.010983 -0.082620 0.426849 0.025424 0.984091 0.175834 0.000000 0.079375 -0.177323 0.980947 -0.000000 0.000000 0.000000 0.000000 1.000000
0.995550 -0.011072 -0.093581 0.426849 0.026727 0.985469 0.167742 -0.000000 0.090364 -0.169496 0.981379 0.000000 0.000000 0.000000 0.000000 1.000000
0.994459 -0.011351 -0.104509 0.426849 0.028108 0.986669 0.160295 -0.000000 0.101297 -0.162345 0.981521 -0.000000 0.000000 0.000000 0.000000 1.000000
0.993538 -0.011679 -0.112896 0.426849 0.029201 0.987510 0.154827 0.000000 0.109678 -0.157123 0.981470 -0.000000 0.000000 0.000000 0.000000 1.000000
0.993150 -0.011836 -0.116246 0.426849 0.029646 0.987828 0.152701 -0.000000 0.113024 -0.155101 0.981412 -0.000000 0.000000 0.000000 0.000000 1.000000</float_array><technique_common><accessor source="#jnt_spine2-Matrix-animation-output-transform-array" count="19" stride="16"><param type="float4x4"/></accessor></technique_common></source><source id="jnt_spine2-Interpolations"><Name_array id="jnt_spine2-Interpolations-array" count="19">
 LINEAR LINEAR LINEAR LINEAR LINEAR LINEAR LINEAR LINEAR LINEAR LINEAR LINEAR
LINEAR LINEAR LINEAR LINEAR LINEAR LINEAR LINEAR LINEAR</Name_array><technique_common><accessor source="#jnt_spine2-Interpolations-array" count="19"><param type="name"/></accessor></technique_common></source><sampler id="jnt_spine2-Matrix-animation-transform"><input semantic="INPUT" source="#jnt_spine2-Matrix-animation-input"/><input semantic="OUTPUT" source="#jnt_spine2-Matrix-animation-output-transform"/><input semantic="INTERPOLATION" source="#jnt_spine2-Interpolations"/></sampler><channel source="#jnt_spine2-Matrix-animation-transform" target="jnt_spine2/matrix"/></animation></animation>
    <animation id="jnt_spine3-anim" name="jnt_spine3"><animation><source id="jnt_spine3-Matrix-animation-input"><float_array id="jnt_spine3-Matrix-animation-input-array" count="19">

0.000000 0.033333 0.066667 0.100000 0.133333 0.166667 0.200000 0.233333 0.266667 0.300000 0.333333 0.366667 0.400000 0.433333 0.466667 0.500000
0.533333 0.566667 0.600000</float_array><technique_common><accessor source="#jnt_spine3-Matrix-animation-input-array" count="19"><param name="TIME" type="float"/></accessor></technique_common></source><source id="jnt_spine3-Matrix-animation-output-transform"><float_array id="jnt_spine3-Matrix-animation-output-transform-array" count="304">

0.993656 -0.002382 -0.112433 0.555067 0.018009 0.990243 0.138182 -0.000000 0.111007 -0.139331 0.984004 -0.000000 0.000000 0.000000 0.000000 1.000000
0.993526 -0.002492 -0.113579 0.555067 0.018100 0.990461 0.136597 -0.000000 0.112155 -0.137768 0.984094 0.000000 0.000000 0.000000 0.000000 1.000000
0.993234 -0.002748 -0.116098 0.555067 0.018300 0.990933 0.133106 -0.000000 0.114679 -0.134330 0.984278 -0.000000 0.000000 0.000000 0.000000 1.000000
0.992936 -0.003022 -0.118615 0.555067 0.018501 0.991392 0.129610 -0.000000 0.117202 -0.130889 0.984445 0.000000 0.000000 0.000000 0.000000 1.000000
0.992798 -0.003153 -0.119758 0.555067 0.018592 0.991597 0.128020 0.000000 0.118348 -0.129324 0.984515 -0.000000 0.000000 0.000000 0.000000 1.000000
0.993451 -0.001982 -0.114240 0.555067 0.017680 0.990474 0.136559 0.000000 0.112881 -0.137685 0.984023 0.000000 0.000000 0.000000 0.000000 1.000000
0.994782 0.000247 -0.102027 0.555067 0.015676 0.987752 0.155240 -0.000000 0.100815 -0.156030 0.982594 -0.000000 0.000000 0.000000 0.000000 1.000000
0.995964 0.001999 -0.089726 0.555067 0.013678 0.984691 0.173771 0.000000 0.088700 -0.174297 0.980690 -0.000000 0.000000 0.000000 0.000000 1.000000
0.996453 0.002638 -0.084109 0.555067 0.012772 0.983189 0.182142 0.000000 0.083176 -0.182570 0.979668 -0.000000 0.000000 0.000000 0.000000 1.000000
0.996658 0.000031 -0.081690 0.555067 0.014833 0.983309 0.181339 0.000000 0.080332 -0.181945 0.980022 -0.000000 0.000000 0.000000 0.000000 1.000000
0.997069 -0.005686 -0.076290 0.555067 0.019324 0.983616 0.179236 -0.000000 0.074020 -0.180185 0.980844 -0.000000 0.000000 0.000000 0.000000 1.000000
0.997433 -0.011368 -0.070702 0.555067 0.023708 0.984061 0.176245 -0.000000 0.067572 -0.177469 0.981804 0.000000 0.000000 0.000000 0.000000 1.000000
0.997604 -0.013904 -0.067765 0.555067 0.025453 0.984650 0.172674 0.000000 0.064324 -0.173985 0.982645 0.000000 0.000000 0.000000 0.000000 1.000000
0.997421 -0.012917 -0.070602 0.555067 0.024619 0.985566 0.167490 -0.000000 0.067419 -0.168796 0.983342 -0.000000 0.000000 0.000000 0.000000 1.000000
0.996840 -0.010620 -0.078720 0.555067 0.023176 0.986788 0.160353 -0.000000 0.075977 -0.161671 0.983916 0.000000 0.000000 0.000000 0.000000 1.000000
0.995951 -0.007794 -0.089557 0.555067 0.021451 0.988061 0.152565 -0.000000 0.087298 -0.153869 0.984227 -0.000000 0.000000 0.000000 0.000000 1.000000
0.994921 -0.005116 -0.100526 0.555067 0.019780 0.989172 0.145421 -0.000000 0.098693 -0.146671 0.984250 -0.000000 0.000000 0.000000 0.000000 1.000000
0.994034 -0.003148 -0.109022 0.555067 0.018512 0.989950 0.140204 -0.000000 0.107485 -0.141385 0.984102 -0.000000 0.000000 0.000000 0.000000 1.000000
0.993656 -0.002382 -0.112433 0.555067 0.018009 0.990243 0.138182 -0.000000 0.111007 -0.139331 0.984004 -0.000000 0.000000 0.000000 0.000000 1.000000</float_array><technique_common><accessor source="#jnt_spine3-Matrix-animation-output-transform-array" count="19" stride="16"><param type="float4x4"/></accessor></technique_common></source><source id="jnt_spine3-Interpolations"><Name_array id="jnt_spine3-Interpolations-array" count="19">
 LINEAR LINEAR LINEAR LINEAR LINEAR LINEAR LINEAR LINEAR LINEAR LINEAR LINEAR
LINEAR LINEAR LINEAR LINEAR LINEAR LINEAR LINEAR LINEAR</Name_array><technique_common><accessor source="#jnt_spine3-Interpolations-array" count="19"><param type="name"/></accessor></technique_common></source><sampler id="jnt_spine3-Matrix-animation-transform"><input semantic="INPUT" source="#jnt_spine3-Matrix-animation-input"/><input semantic="OUTPUT" source="#jnt_spine3-Matrix-animation-output-transform"/><input semantic="INTERPOLATION" source="#jnt_spine3-Interpolations"/></sampler><channel source="#jnt_spine3-Matrix-animation-transform" target="jnt_spine3/matrix"/></animation></animation>
    <animation id="jnt_neck-anim" name="jnt_neck"><animation><source id="jnt_neck-Matrix-animation-input"><float_array id="jnt_neck-Matrix-animation-input-array" count="19">

0.000000 0.033333 0.066667 0.100000 0.133333 0.166667 0.200000 0.233333 0.266667 0.300000 0.333333 0.366667 0.400000 0.433333 0.466667 0.500000
0.533333 0.566667 0.600000</float_array><technique_common><accessor source="#jnt_neck-Matrix-animation-input-array" count="19"><param name="TIME" type="float"/></accessor></technique_common></source><source id="jnt_neck-Matrix-animation-output-transform"><float_array id="jnt_neck-Matrix-animation-output-transform-array" count="304">

0.973166 -0.206511 0.101496 0.867450 0.226839 0.935034 -0.272499 0.171570 -0.038628 0.288210 0.956788 0.000000 0.000000 0.000000 0.000000 1.000000
0.973597 -0.204305 0.101825 0.867456 0.224813 0.935534 -0.272461 0.171572 -0.039596 0.288158 0.956764 -0.000000 0.000000 0.000000 0.000000 1.000000
0.974710 -0.198478 0.102699 0.867450 0.219463 0.936829 -0.272372 0.171571 -0.042151 0.288022 0.956696 -0.000000 0.000000 0.000000 0.000000 1.000000
0.976222 -0.190229 0.103940 0.867450 0.211887 0.938600 -0.272277 0.171570 -0.045763 0.287826 0.956589 -0.000000 0.000000 0.000000 0.000000 1.000000
0.977868 -0.180753 0.105371 0.867450 0.203185 0.940541 -0.272211 0.171570 -0.049903 0.287597 0.956451 0.000000 0.000000 0.000000 0.000000 1.000000
0.979420 -0.171255 0.106810 0.867460 0.194464 0.942388 -0.272194 0.171573 -0.054042 0.287362 0.956296 -0.000001 0.000000 0.000000 0.000000 1.000000
0.980697 -0.162954 0.108073 0.867452 0.186842 0.943922 -0.272216 0.171571 -0.057654 0.287154 0.956148 0.000001 0.000000 0.000000 0.000000 1.000000
0.981557 -0.157075 0.108967 0.867450 0.181443 0.944963 -0.272254 0.171571 -0.060205 0.287004 0.956035 0.000001 0.000000 0.000000 0.000000 1.000000
0.981874 -0.154842 0.109305 0.867450 0.179392 0.945349 -0.272274 0.171572 -0.061172 0.286947 0.955991 0.000001 0.000000 0.000000 0.000000 1.000000
0.981668 -0.156301 0.109082 0.867453 0.180731 0.945098 -0.272261 0.171571 -0.060539 0.286984 0.956020 0.000000 0.000000 0.000000 0.000000 1.000000
0.981098 -0.160248 0.108481 0.867451 0.184356 0.944406 -0.272232 0.171571 -0.058825 0.287086 0.956097 0.000000 0.000000 0.000000 0.000000 1.000000
0.980229 -0.166056 0.107599 0.867451 0.189689 0.943357 -0.272204 0.171571 -0.056303 0.287233 0.956205 0.000000 0.000000 0.000000 0.000000 1.000000
0.979126 -0.173100 0.106528 0.867450 0.196157 0.942037 -0.272194 0.171570 -0.053237 0.287409 0.956327 -0.000000 0.000000 0.000000 0.000000 1.000000
0.977868 -0.180753 0.105370 0.867454 0.203185 0.940540 -0.272212 0.171571 -0.049901 0.287597 0.956451 0.000000 0.000000 0.000000 0.000000 1.000000
0.976549 -0.188393 0.104215 0.867450 0.210201 0.938983 -0.272261 0.171571 -0.046564 0.287782 0.956563 -0.000000 0.000000 0.000000 0.000000 1.000000
0.975282 -0.195403 0.103160 0.867460 0.216639 0.937498 -0.272333 0.171572 -0.043498 0.287950 0.956657 -0.000000 0.000000 0.000000 0.000000 1.000000
0.974201 -0.201167 0.102296 0.867461 0.221932 0.936236 -0.272411 0.171573 -0.040973 0.288086 0.956728 -0.000000 0.000000 0.000000 0.000000 1.000000
0.973448 -0.205069 0.101712 0.867451 0.225515 0.935361 -0.272474 0.171572 -0.039262 0.288177 0.956772 0.000001 0.000000 0.000000 0.000000 1.000000
0.973166 -0.206513 0.101494 0.867450 0.226841 0.935033 -0.272500 0.171570 -0.038625 0.288210 0.956788 0.000000 0.000000 0.000000 0.000000 1.000000</float_array><technique_common><accessor source="#jnt_neck-Matrix-animation-output-transform-array" count="19" stride="16"><param type="float4x4"/></accessor></technique_common></source><source id="jnt_neck-Interpolations"><Name_array id="jnt_neck-Interpolations-array" count="19">
 LINEAR LINEAR LINEAR LINEAR LINEAR LINEAR LINEAR LINEAR LINEAR LINEAR LINEAR
LINEAR LINEAR LINEAR LINEAR LINEAR LINEAR LINEAR LINEAR</Name_array><technique_common><accessor source="#jnt_neck-Interpolations-array" count="19"><param type="name"/></accessor></technique_common></source><sampler id="jnt_neck-Matrix-animation-transform"><input semantic="INPUT" source="#jnt_neck-Matrix-animation-input"/><input semantic="OUTPUT" source="#jnt_neck-Matrix-animation-output-transform"/><input semantic="INTERPOLATION" source="#jnt_neck-Interpolations"/></sampler><channel source="#jnt_neck-Matrix-animation-transform" target="jnt_neck/matrix"/></animation></animation>
    <animation id="jnt_head-anim" name="jnt_head"><animation><source id="jnt_head-Matrix-animation-input"><float_array id="jnt_head-Matrix-animation-input-array" count="19">

0.000000 0.033333 0.066667 0.100000 0.133333 0.166667 0.200000 0.233333 0.266667 0.300000 0.333333 0.366667 0.400000 0.433333 0.466667 0.500000
0.533333 0.566667 0.600000</float_array><technique_common><accessor source="#jnt_head-Matrix-animation-input-array" count="19"><param name="TIME" type="float"/></accessor></technique_common></source><source id="jnt_head-Matrix-animation-output-transform"><float_array id="jnt_head-Matrix-animation-output-transform-array" count="304">

0.962032 0.272914 -0.003477 0.273590 -0.262118 0.920275 -0.290497 0.000000 -0.076081 0.280379 0.956869 0.000000 0.000000 0.000000 0.000000 1.000000
0.961406 0.275108 -0.003648 0.273593 -0.264264 0.919657 -0.290511 0.000000 -0.076567 0.280263 0.956865 -0.000000 0.000000 0.000000 0.000000 1.000000
0.959732 0.280887 -0.004097 0.273590 -0.269914 0.918002 -0.290549 0.000000 -0.077850 0.279955 0.956851 0.000000 0.000000 0.000000 0.000000 1.000000
0.957306 0.289038 -0.004733 0.273591 -0.277883 0.915601 -0.290611 0.000000 -0.079664 0.279519 0.956830 0.000000 0.000000 0.000000 0.000000 1.000000
0.954439 0.298356 -0.005464 0.273591 -0.286992 0.912761 -0.290694 0.000000 -0.081743 0.279018 0.956801 0.000000 0.000000 0.000000 0.000000 1.000000
0.951481 0.307644 -0.006197 0.273593 -0.296070 0.909827 -0.290789 0.000000 -0.083821 0.278515 0.956767 0.000000 0.000000 0.000000 0.000000 1.000000
0.948827 0.315722 -0.006838 0.273590 -0.303964 0.907190 -0.290883 0.000000 -0.085634 0.278076 0.956734 0.000000 0.000000 0.000000 0.000000 1.000000
0.946908 0.321421 -0.007294 0.273590 -0.309533 0.905282 -0.290954 0.000000 -0.086916 0.277764 0.956709 0.000000 0.000000 0.000000 0.000000 1.000000
0.946171 0.323580 -0.007466 0.273591 -0.311642 0.904549 -0.290983 0.000001 -0.087402 0.277646 0.956699 0.000000 0.000000 0.000000 0.000000 1.000000
0.946652 0.322173 -0.007354 0.273592 -0.310267 0.905027 -0.290964 -0.000000 -0.087086 0.277723 0.956706 -0.000000 0.000000 0.000000 0.000000 1.000000
0.947946 0.318352 -0.007048 0.273592 -0.306534 0.906314 -0.290915 0.000000 -0.086225 0.277932 0.956723 -0.000000 0.000000 0.000000 0.000000 1.000000
0.949825 0.312711 -0.006599 0.273593 -0.301022 0.908182 -0.290847 0.000000 -0.084958 0.278240 0.956747 0.000000 0.000000 0.000000 0.000000 1.000000
0.952062 0.305846 -0.006055 0.273591 -0.294312 0.910403 -0.290770 0.000000 -0.083418 0.278613 0.956774 0.000000 0.000000 0.000000 0.000000 1.000000
0.954439 0.298356 -0.005464 0.273591 -0.286992 0.912761 -0.290694 0.000000 -0.081743 0.279018 0.956801 -0.000000 0.000000 0.000000 0.000000 1.000000
0.956757 0.290847 -0.004875 0.273591 -0.279652 0.915058 -0.290626 0.000000 -0.080067 0.279422 0.956824 -0.000000 0.000000 0.000000 0.000000 1.000000
0.958835 0.283930 -0.004334 0.273591 -0.272890 0.917115 -0.290571 0.000001 -0.078527 0.279792 0.956844 -0.000000 0.000000 0.000000 0.000000 1.000000
0.960509 0.278223 -0.003890 0.273591 -0.267309 0.918770 -0.290531 0.000000 -0.077259 0.280097 0.956858 -0.000000 0.000000 0.000000 0.000000 1.000000
0.961625 0.274344 -0.003588 0.273590 -0.263517 0.919872 -0.290506 0.000001 -0.076398 0.280304 0.956866 0.000000 0.000000 0.000000 0.000000 1.000000
0.962032 0.272914 -0.003477 0.273591 -0.262118 0.920275 -0.290498 0.000000 -0.076081 0.280379 0.956869 -0.000000 0.000000 0.000000 0.000000 1.000000</float_array><technique_common><accessor source="#jnt_head-Matrix-animation-output-transform-array" count="19" stride="16"><param type="float4x4"/></accessor></technique_common></source><source id="jnt_head-Interpolations"><Name_array id="jnt_head-Interpolations-array" count="19">
 LINEAR LINEAR LINEAR LINEAR LINEAR LINEAR LINEAR LINEAR LINEAR LINEAR LINEAR
LINEAR LINEAR LINEAR LINEAR LINEAR LINEAR LINEAR LINEAR</Name_array><technique_common><accessor source="#jnt_head-Interpolations-array" count="19"><param type="name"/></accessor></technique_common></source><sampler id="jnt_head-Matrix-animation-transform"><input semantic="INPUT" source="#jnt_head-Matrix-animation-input"/><input semantic="OUTPUT" source="#jnt_head-Matrix-animation-output-transform"/><input semantic="INTERPOLATION" source="#jnt_head-Interpolations"/></sampler><channel source="#jnt_head-Matrix-animation-transform" target="jnt_head/matrix"/></animation></animation>
    <animation id="jnt_left_shoulder-anim" name="jnt_left_shoulder"><animation><source id="jnt_left_shoulder-Matrix-animation-input"><float_array id="jnt_left_shoulder-Matrix-animation-input-array" count="19">

0.000000 0.033333 0.066667 0.100000 0.133333 0.166667 0.200000 0.233333 0.266667 0.300000 0.333333 0.366667 0.400000 0.433333 0.466667 0.500000
0.533333 0.566667 0.600000</float_array><technique_common><accessor source="#jnt_left_shoulder-Matrix-animation-input-array" count="19"><param name="TIME" type="float"/></accessor></technique_common></source><source id="jnt_left_shoulder-Matrix-animation-output-transform"><float_array id="jnt_left_shoulder-Matrix-animation-output-transform-array" count="304">

-0.349601 -0.584392 -0.732301 0.635987 -0.097784 -0.754595 0.648865 0.114391 -0.931782 0.298451 0.206663 0.266187 0.000000 0.000000 0.000000 1.000000
-0.349601 -0.584392 -0.732301 0.635987 -0.097784 -0.754594 0.648865 0.114392 -0.931782 0.298451 0.206662 0.266187 0.000000 0.000000 0.000000 1.000000
-0.349601 -0.584392 -0.732301 0.635987 -0.097784 -0.754595 0.648865 0.114392 -0.931782 0.298451 0.206662 0.266187 0.000000 0.000000 0.000000 1.000000
-0.349601 -0.584392 -0.732301 0.635987 -0.097784 -0.754594 0.648865 0.114392 -0.931782 0.298451 0.206663 0.266187 0.000000 0.000000 0.000000 1.000000
-0.349601 -0.584392 -0.732301 0.635987 -0.097784 -0.754595 0.648865 0.114392 -0.931782 0.298451 0.206662 0.266187 0.000000 0.000000 0.000000 1.000000
-0.349601 -0.584392 -0.732301 0.635987 -0.097784 -0.754594 0.648865 0.114392 -0.931782 0.298451 0.206663 0.266187 0.000000 0.000000 0.000000 1.000000
-0.349601 -0.584392 -0.732301 0.635987 -0.097784 -0.754594 0.648865 0.114392 -0.931782 0.298452 0.206662 0.266187 0.000000 0.000000 0.000000 1.000000
-0.349601 -0.584392 -0.732301 0.635987 -0.097785 -0.754594 0.648865 0.114392 -0.931782 0.298451 0.206662 0.266187 0.000000 0.000000 0.000000 1.000000
-0.349601 -0.584392 -0.732301 0.635987 -0.097784 -0.754594 0.648865 0.114392 -0.931782 0.298451 0.206662 0.266187 0.000000 0.000000 0.000000 1.000000
-0.349601 -0.584392 -0.732301 0.635987 -0.097784 -0.754594 0.648865 0.114392 -0.931782 0.298451 0.206662 0.266187 0.000000 0.000000 0.000000 1.000000
-0.349601 -0.584392 -0.732301 0.635987 -0.097784 -0.754594 0.648865 0.114392 -0.931782 0.298451 0.206662 0.266187 0.000000 0.000000 0.000000 1.000000
-0.349601 -0.584392 -0.732301 0.635987 -0.097784 -0.754594 0.648865 0.114391 -0.931782 0.298451 0.206662 0.266187 0.000000 0.000000 0.000000 1.000000
-0.349601 -0.584392 -0.732301 0.635987 -0.097784 -0.754595 0.648865 0.114392 -0.931782 0.298451 0.206663 0.266187 0.000000 0.000000 0.000000 1.000000
-0.349601 -0.584392 -0.732301 0.635987 -0.097784 -0.754594 0.648865 0.114392 -0.931782 0.298451 0.206662 0.266187 0.000000 0.000000 0.000000 1.000000
-0.349601 -0.584392 -0.732301 0.635987 -0.097784 -0.754595 0.648865 0.114392 -0.931782 0.298451 0.206663 0.266187 0.000000 0.000000 0.000000 1.000000
-0.349601 -0.584392 -0.732301 0.635987 -0.097784 -0.754595 0.648865 0.114392 -0.931782 0.298451 0.206663 0.266187 0.000000 0.000000 0.000000 1.000000
-0.349601 -0.584392 -0.732301 0.635987 -0.097784 -0.754594 0.648865 0.114392 -0.931782 0.298452 0.206663 0.266187 0.000000 0.000000 0.000000 1.000000
-0.349601 -0.584392 -0.732301 0.635987 -0.097785 -0.754594 0.648865 0.114392 -0.931782 0.298452 0.206662 0.266187 0.000000 0.000000 0.000000 1.000000
-0.349601 -0.584392 -0.732301 0.635987 -0.097784 -0.754595 0.648865 0.114391 -0.931782 0.298451 0.206663 0.266187 0.000000 0.000000 0.000000 1.000000</float_array><technique_common><accessor source="#jnt_left_shoulder-Matrix-animation-output-transform-array" count="19" stride="16"><param type="float4x4"/></accessor></technique_common></source><source id="jnt_left_shoulder-Interpolations"><Name_array id="jnt_left_shoulder-Interpolations-array" count="19">
 LINEAR LINEAR LINEAR LINEAR LINEAR LINEAR LINEAR LINEAR LINEAR LINEAR LINEAR
LINEAR LINEAR LINEAR LINEAR LINEAR LINEAR LINEAR LINEAR</Name_array><technique_common><accessor source="#jnt_left_shoulder-Interpolations-array" count="19"><param type="name"/></accessor></technique_common></source><sampler id="jnt_left_shoulder-Matrix-animation-transform"><input semantic="INPUT" source="#jnt_left_shoulder-Matrix-animation-input"/><input semantic="OUTPUT" source="#jnt_left_shoulder-Matrix-animation-output-transform"/><input semantic="INTERPOLATION" source="#jnt_left_shoulder-Interpolations"/></sampler><channel source="#jnt_left_shoulder-Matrix-animation-transform" target="jnt_left_shoulder/matrix"/></animation></animation>
    <animation id="jnt_left_arm-anim" name="jnt_left_arm"><animation><source id="jnt_left_arm-Matrix-animation-input"><float_array id="jnt_left_arm-Matrix-animation-input-array" count="19">

0.000000 0.033333 0.066667 0.100000 0.133333 0.166667 0.200000 0.233333 0.266667 0.300000 0.333333 0.366667 0.400000 0.433333 0.466667 0.500000
0.533333 0.566667 0.600000</float_array><technique_common><accessor source="#jnt_left_arm-Matrix-animation-input-array" count="19"><param name="TIME" type="float"/></accessor></technique_common></source><source id="jnt_left_arm-Matrix-animation-output-transform"><float_array id="jnt_left_arm-Matrix-animation-output-transform-array" count="304">

-0.130338 -0.472088 0.871863 -0.525417 0.549172 0.697771 0.459920 -0.032447 -0.825483 0.538747 0.168311 0.009492 0.000000 0.000000 0.000000 1.000000
-0.154074 -0.488590 0.858802 -0.525417 0.519684 0.699171 0.491008 -0.032447 -0.840351 0.521957 0.146188 0.009491 0.000000 0.000000 0.000000 1.000000
-0.183186 -0.509489 0.840752 -0.525417 0.476090 0.702267 0.529301 -0.032447 -0.860105 0.497235 0.113917 0.009491 0.000000 0.000000 0.000000 1.000000
-0.189180 -0.517227 0.834678 -0.525417 0.454376 0.707437 0.541364 -0.032447 -0.870490 0.481673 0.101183 0.009491 0.000000 0.000000 0.000000 1.000000
-0.242666 -0.489346 0.837648 -0.525417 0.541235 0.648291 0.535522 -0.032447 -0.805095 0.583317 0.107533 0.009491 0.000000 0.000000 0.000000 1.000000
-0.255580 -0.433685 0.864058 -0.525417 0.678490 0.556219 0.479866 -0.032448 -0.688716 0.708899 0.152093 0.009492 0.000000 0.000000 0.000000 1.000000
-0.228407 -0.399513 0.887817 -0.525417 0.752564 0.506080 0.421344 -0.032448 -0.617639 0.764377 0.185066 0.009491 0.000000 0.000000 0.000000 1.000000
-0.211644 -0.414461 0.885115 -0.525417 0.721615 0.544516 0.427522 -0.032447 -0.659150 0.729195 0.183838 0.009491 0.000000 0.000000 0.000000 1.000000
-0.172085 -0.447190 0.877729 -0.525416 0.637446 0.628768 0.445324 -0.032447 -0.751032 0.636139 0.176858 0.009492 0.000000 0.000000 0.000000 1.000000
-0.145014 -0.462905 0.874466 -0.525417 0.586223 0.671782 0.452826 -0.032447 -0.797066 0.578298 0.173948 0.009491 0.000000 0.000000 0.000000 1.000000
-0.157818 -0.488884 0.857955 -0.525417 0.518858 0.698182 0.493283 -0.032448 -0.840167 0.523006 0.143476 0.009491 0.000000 0.000000 0.000000 1.000000
-0.148919 -0.532112 0.833475 -0.525416 0.399342 0.738721 0.542970 -0.032447 -0.904626 0.413700 0.102485 0.009491 0.000000 0.000000 0.000000 1.000000
-0.133248 -0.552115 0.823052 -0.525417 0.332377 0.757469 0.561931 -0.032447 -0.933686 0.348440 0.082579 0.009492 0.000000 0.000000 0.000000 1.000000
-0.144359 -0.538378 0.830247 -0.525417 0.381043 0.744088 0.548761 -0.032447 -0.913218 0.395578 0.097729 0.009491 0.000000 0.000000 0.000000 1.000000
-0.118158 -0.500763 0.857482 -0.525417 0.466348 0.734392 0.493141 -0.032447 -0.876675 0.458153 0.146755 0.009491 0.000000 0.000000 0.000000 1.000000
-0.082413 -0.467140 0.880334 -0.525416 0.522141 0.732158 0.437393 -0.032447 -0.848868 0.495706 0.183574 0.009492 0.000000 0.000000 0.000000 1.000000
-0.090618 -0.464573 0.880886 -0.525417 0.538476 0.721219 0.435760 -0.032447 -0.837754 0.513824 0.184806 0.009492 0.000000 0.000000 0.000000 1.000000
-0.114573 -0.469243 0.875605 -0.525417 0.548246 0.705161 0.449639 -0.032447 -0.828432 0.531563 0.176468 0.009492 0.000000 0.000000 0.000000 1.000000
-0.130338 -0.472088 0.871863 -0.525417 0.549172 0.697771 0.459920 -0.032447 -0.825483 0.538747 0.168311 0.009492 0.000000 0.000000 0.000000 1.000000</float_array><technique_common><accessor source="#jnt_left_arm-Matrix-animation-output-transform-array" count="19" stride="16"><param type="float4x4"/></accessor></technique_common></source><source id="jnt_left_arm-Interpolations"><Name_array id="jnt_left_arm-Interpolations-array" count="19">
 LINEAR LINEAR LINEAR LINEAR LINEAR LINEAR LINEAR LINEAR LINEAR LINEAR LINEAR
