<?xml version="1.0" encoding="utf-8"?>
<COLLADA xmlns="http://www.collada.org/2005/11/COLLADASchema" version="1.4.1">
  <asset><contributor><author></author><authoring_tool>FBX COLLADA exporter</authoring_tool><comments></comments></contributor><created>2020-02-18T15:09:48Z</created><keywords></keywords><modified>2020-02-18T15:09:48Z</modified><revision></revision><subject></subject><title></title><unit meter="0.010000" name="centimeter"></unit><up_axis>Y_UP</up_axis></asset>
  <library_animations>
    <animation id="root_jnt-anim" name="root_jnt"><animation><source id="root_jnt-Matrix-animation-input"><float_array id="root_jnt-Matrix-animation-input-array" count="21">

0.000000 0.033333 0.066667 0.100000 0.133333 0.166667 0.200000 0.233333 0.266667 0.300000 0.333333 0.366667 0.400000 0.433333 0.466667 0.500000
0.533333 0.566667 0.600000 0.633333 0.666667</float_array><technique_common><accessor source="#root_jnt-Matrix-animation-input-array" count="21"><param name="TIME" type="float"/></accessor></technique_common></source><source id="root_jnt-Matrix-animation-output-transform"><float_array id="root_jnt-Matrix-animation-output-transform-array" count="336">

1.000000 0.000000 0.000000 0.000000 0.000000 1.000000 0.000000 0.000000 0.000000 0.000000 1.000000 0.000000 0.000000 0.000000 0.000000 1.000000
1.000000 0.000000 0.000000 0.000000 0.000000 1.000000 0.000000 0.000000 0.000000 0.000000 1.000000 0.000000 0.000000 0.000000 0.000000 1.000000
1.000000 0.000000 0.000000 0.000000 0.000000 1.000000 0.000000 0.000000 0.000000 0.000000 1.000000 0.000000 0.000000 0.000000 0.000000 1.000000
1.000000 0.000000 0.000000 0.000000 0.000000 1.000000 0.000000 0.000000 0.000000 0.000000 1.000000 0.000000 0.000000 0.000000 0.000000 1.000000
1.000000 0.000000 0.000000 0.000000 0.000000 1.000000 0.000000 0.000000 0.000000 0.000000 1.000000 0.000000 0.000000 0.000000 0.000000 1.000000
1.000000 0.000000 0.000000 0.000000 0.000000 1.000000 0.000000 0.000000 0.000000 0.000000 1.000000 0.000000 0.000000 0.000000 0.000000 1.000000
1.000000 0.000000 0.000000 0.000000 0.000000 1.000000 0.000000 0.000000 0.000000 0.000000 1.000000 0.000000 0.000000 0.000000 0.000000 1.000000
1.000000 0.000000 0.000000 0.000000 0.000000 1.000000 0.000000 0.000000 0.000000 0.000000 1.000000 0.000000 0.000000 0.000000 0.000000 1.000000
1.000000 0.000000 0.000000 0.000000 0.000000 1.000000 0.000000 0.000000 0.000000 0.000000 1.000000 0.000000 0.000000 0.000000 0.000000 1.000000
1.000000 0.000000 0.000000 0.000000 0.000000 1.000000 0.000000 0.000000 0.000000 0.000000 1.000000 0.000000 0.000000 0.000000 0.000000 1.000000
1.000000 0.000000 0.000000 0.000000 0.000000 1.000000 0.000000 0.000000 0.000000 0.000000 1.000000 0.000000 0.000000 0.000000 0.000000 1.000000
1.000000 0.000000 0.000000 0.000000 0.000000 1.000000 0.000000 0.000000 0.000000 0.000000 1.000000 0.000000 0.000000 0.000000 0.000000 1.000000
1.000000 0.000000 0.000000 0.000000 0.000000 1.000000 0.000000 0.000000 0.000000 0.000000 1.000000 0.000000 0.000000 0.000000 0.000000 1.000000
1.000000 0.000000 0.000000 0.000000 0.000000 1.000000 0.000000 0.000000 0.000000 0.000000 1.000000 0.000000 0.000000 0.000000 0.000000 1.000000
1.000000 0.000000 0.000000 0.000000 0.000000 1.000000 0.000000 0.000000 0.000000 0.000000 1.000000 0.000000 0.000000 0.000000 0.000000 1.000000
1.000000 0.000000 0.000000 0.000000 0.000000 1.000000 0.000000 0.000000 0.000000 0.000000 1.000000 0.000000 0.000000 0.000000 0.000000 1.000000
1.000000 0.000000 0.000000 0.000000 0.000000 1.000000 0.000000 0.000000 0.000000 0.000000 1.000000 0.000000 0.000000 0.000000 0.000000 1.000000
1.000000 0.000000 0.000000 0.000000 0.000000 1.000000 0.000000 0.000000 0.000000 0.000000 1.000000 0.000000 0.000000 0.000000 0.000000 1.000000
1.000000 0.000000 0.000000 0.000000 0.000000 1.000000 0.000000 0.000000 0.000000 0.000000 1.000000 0.000000 0.000000 0.000000 0.000000 1.000000
1.000000 0.000000 0.000000 0.000000 0.000000 1.000000 0.000000 0.000000 0.000000 0.000000 1.000000 0.000000 0.000000 0.000000 0.000000 1.000000
1.000000 0.000000 0.000000 0.000000 0.000000 1.000000 0.000000 0.000000 0.000000 0.000000 1.000000 0.000000 0.000000 0.000000 0.000000 1.000000</float_array><technique_common><accessor source="#root_jnt-Matrix-animation-output-transform-array" count="21" stride="16"><param type="float4x4"/></accessor></technique_common></source><source id="root_jnt-Interpolations"><Name_array id="root_jnt-Interpolations-array" count="21">
 LINEAR LINEAR LINEAR LINEAR LINEAR LINEAR LINEAR LINEAR LINEAR LINEAR LINEAR
LINEAR LINEAR LINEAR LINEAR LINEAR LINEAR LINEAR LINEAR LINEAR LINEAR</Name_array><technique_common><accessor source="#root_jnt-Interpolations-array" count="21"><param type="name"/></accessor></technique_common></source><sampler id="root_jnt-Matrix-animation-transform"><input semantic="INPUT" source="#root_jnt-Matrix-animation-input"/><input semantic="OUTPUT" source="#root_jnt-Matrix-animation-output-transform"/><input semantic="INTERPOLATION" source="#root_jnt-Interpolations"/></sampler><channel source="#root_jnt-Matrix-animation-transform" target="root_jnt/matrix"/></animation></animation>
    <animation id="jnt_hips-anim" name="jnt_hips"><animation><source id="jnt_hips-Matrix-animation-input"><float_array id="jnt_hips-Matrix-animation-input-array" count="21">

0.000000 0.033333 0.066667 0.100000 0.133333 0.166667 0.200000 0.233333 0.266667 0.300000 0.333333 0.366667 0.400000 0.433333 0.466667 0.500000
0.533333 0.566667 0.600000 0.633333 0.666667</float_array><technique_common><accessor source="#jnt_hips-Matrix-animation-input-array" count="21"><param name="TIME" type="float"/></accessor></technique_common></source><source id="jnt_hips-Matrix-animation-output-transform"><float_array id="jnt_hips-Matrix-animation-output-transform-array" count="336">

0.961059 -0.011030 -0.276122 0.005709 0.002561 0.999516 -0.031014 1.940001 0.276331 0.029099 0.960622 -0.248332 0.000000 0.000000 0.000000 1.000000
0.961071 -0.011029 -0.276082 0.005707 0.002414 0.999500 -0.031526 1.940021 0.276292 0.029632 0.960617 -0.248272 0.000000 0.000000 0.000000 1.000000
0.961085 -0.011027 -0.276033 0.005705 0.002232 0.999480 -0.032159 1.940046 0.276244 0.030291 0.960610 -0.248199 0.000000 0.000000 0.000000 1.000000
0.961102 -0.011026 -0.275975 0.005703 0.002019 0.999457 -0.032899 1.940076 0.276188 0.031062 0.960602 -0.248113 0.000000 0.000000 0.000000 1.000000
0.961120 -0.011023 -0.275910 0.005700 0.001779 0.999429 -0.033733 1.940109 0.276124 0.031930 0.960591 -0.248016 0.000000 0.000000 0.000000 1.000000
0.961141 -0.011021 -0.275838 0.005697 0.001516 0.999398 -0.034647 1.940145 0.276054 0.032882 0.960579 -0.247910 0.000000 0.000000 0.000000 1.000000
0.961163 -0.011018 -0.275761 0.005694 0.001234 0.999364 -0.035629 1.940184 0.275979 0.033904 0.960566 -0.247796 0.000000 0.000000 0.000000 1.000000
0.961186 -0.011015 -0.275681 0.005691 0.000937 0.999327 -0.036664 1.940225 0.275899 0.034982 0.960550 -0.247675 0.000000 0.000000 0.000000 1.000000
0.961210 -0.011012 -0.275597 0.005688 0.000628 0.999287 -0.037739 1.940268 0.275816 0.036102 0.960532 -0.247550 0.000000 0.000000 0.000000 1.000000
0.961235 -0.011009 -0.275510 0.005684 0.000312 0.999245 -0.038841 1.940311 0.275730 0.037250 0.960513 -0.247422 0.000000 0.000000 0.000000 1.000000
0.961260 -0.011006 -0.275423 0.005681 -0.000008 0.999201 -0.039957 1.940355 0.275643 0.038411 0.960492 -0.247292 0.000000 0.000000 0.000000 1.000000
0.961285 -0.011002 -0.275336 0.005677 -0.000329 0.999156 -0.041072 1.940399 0.275556 0.039573 0.960470 -0.247163 0.000000 0.000000 0.000000 1.000000
0.961310 -0.010999 -0.275250 0.005674 -0.000645 0.999110 -0.042174 1.940442 0.275469 0.040720 0.960447 -0.247034 0.000000 0.000000 0.000000 1.000000
0.961334 -0.010995 -0.275166 0.005670 -0.000953 0.999064 -0.043250 1.940483 0.275384 0.041840 0.960423 -0.246909 0.000000 0.000000 0.000000 1.000000
0.961357 -0.010991 -0.275085 0.005667 -0.001250 0.999018 -0.044285 1.940524 0.275302 0.042917 0.960399 -0.246788 0.000000 0.000000 0.000000 1.000000
0.961379 -0.010988 -0.275008 0.005664 -0.001531 0.998974 -0.045266 1.940561 0.275223 0.043939 0.960376 -0.246674 0.000000 0.000000 0.000000 1.000000
0.961400 -0.010985 -0.274937 0.005661 -0.001793 0.998932 -0.046180 1.940596 0.275150 0.044891 0.960353 -0.246567 0.000000 0.000000 0.000000 1.000000
0.961418 -0.010982 -0.274872 0.005659 -0.002032 0.998892 -0.047014 1.940628 0.275083 0.045759 0.960331 -0.246470 0.000000 0.000000 0.000000 1.000000
0.961435 -0.010979 -0.274814 0.005657 -0.002244 0.998857 -0.047754 1.940657 0.275024 0.046529 0.960311 -0.246384 0.000000 0.000000 0.000000 1.000000
0.961449 -0.010976 -0.274764 0.005655 -0.002425 0.998826 -0.048386 1.940680 0.274973 0.047187 0.960293 -0.246310 0.000000 0.000000 0.000000 1.000000
0.961460 -0.010974 -0.274724 0.005653 -0.002571 0.998800 -0.048898 1.940700 0.274931 0.047720 0.960279 -0.246250 0.000000 0.000000 0.000000 1.000000</float_array><technique_common><accessor source="#jnt_hips-Matrix-animation-output-transform-array" count="21" stride="16"><param type="float4x4"/></accessor></technique_common></source><source id="jnt_hips-Interpolations"><Name_array id="jnt_hips-Interpolations-array" count="21">
 LINEAR LINEAR LINEAR LINEAR LINEAR LINEAR LINEAR LINEAR LINEAR LINEAR LINEAR
LINEAR LINEAR LINEAR LINEAR LINEAR LINEAR LINEAR LINEAR LINEAR LINEAR</Name_array><technique_common><accessor source="#jnt_hips-Interpolations-array" count="21"><param type="name"/></accessor></technique_common></source><sampler id="jnt_hips-Matrix-animation-transform"><input semantic="INPUT" source="#jnt_hips-Matrix-animation-input"/><input semantic="OUTPUT" source="#jnt_hips-Matrix-animation-output-transform"/><input semantic="INTERPOLATION" source="#jnt_hips-Interpolations"/></sampler><channel source="#jnt_hips-Matrix-animation-transform" target="jnt_hips/matrix"/></animation></animation>
    <animation id="jnt_spine1-anim" name="jnt_spine1"><animation><source id="jnt_spine1-Matrix-animation-input"><float_array id="jnt_spine1-Matrix-animation-input-array" count="21">

0.000000 0.033333 0.066667 0.100000 0.133333 0.166667 0.200000 0.233333 0.266667 0.300000 0.333333 0.366667 0.400000 0.433333 0.466667 0.500000
0.533333 0.566667 0.600000 0.633333 0.666667</float_array><technique_common><accessor source="#jnt_spine1-Matrix-animation-input-array" count="21"><param name="TIME" type="float"/></accessor></technique_common></source><source id="jnt_spine1-Matrix-animation-output-transform"><float_array id="jnt_spine1-Matrix-animation-output-transform-array" count="336">

0.099375 -0.077551 0.992023 -0.000000 0.993728 -0.043640 -0.102958 0.212132 0.051276 0.996033 0.072728 0.023482 0.000000 0.000000 0.000000 1.000000
0.081779 -0.033216 0.996097 -0.000000 0.993863 -0.071981 -0.083996 0.212132 0.074490 0.996853 0.027125 0.023482 0.000000 0.000000 0.000000 1.000000
0.042984 0.064867 0.996968 -0.000000 0.991159 -0.128144 -0.034396 0.212132 0.125525 0.989632 -0.069801 0.023482 0.000000 0.000000 0.000000 1.000000
0.004124 0.162551 0.986692 -0.000000 0.984344 -0.174528 0.024639 0.212132 0.176211 0.971142 -0.160726 0.023482 0.000000 0.000000 0.000000 1.000000
-0.013545 0.206446 0.978364 -0.000000 0.979898 -0.192025 0.054086 0.212132 0.199036 0.959430 -0.199695 0.023482 0.000000 0.000000 0.000000 1.000000
-0.008998 0.197923 0.980176 -0.000000 0.980609 -0.190158 0.047400 0.212132 0.195770 0.961596 -0.192374 0.023482 0.000000 0.000000 0.000000 1.000000
0.001848 0.177523 0.984115 -0.000000 0.982176 -0.185293 0.031581 0.212132 0.187956 0.966516 -0.174701 0.023482 0.000000 0.000000 0.000000 1.000000
0.014792 0.153047 0.988108 0.000000 0.983813 -0.178728 0.012956 0.212132 0.178585 0.971922 -0.153213 0.023482 0.000000 0.000000 0.000000 1.000000
0.025635 0.132455 0.990857 0.000000 0.984989 -0.172599 -0.002410 0.212132 0.170702 0.976046 -0.134891 0.023482 0.000000 0.000000 0.000000 1.000000
0.030181 0.123800 0.991848 -0.000000 0.985429 -0.169860 -0.008784 0.212132 0.167388 0.977661 -0.127123 0.023482 0.000000 0.000000 0.000000 1.000000
0.028036 0.118305 0.992581 -0.000000 0.987016 -0.160380 -0.008764 0.212132 0.158153 0.979940 -0.121265 0.023482 0.000000 0.000000 0.000000 1.000000
0.022674 0.104545 0.994262 -0.000000 0.990586 -0.136647 -0.008222 0.212132 0.135003 0.985088 -0.106659 0.023482 0.000000 0.000000 0.000000 1.000000
0.015702 0.086619 0.996118 0.000000 0.994371 -0.105755 -0.006478 0.212132 0.104784 0.990612 -0.087792 0.023482 0.000000 0.000000 0.000000 1.000000
0.008729 0.068657 0.997602 0.000000 0.997186 -0.074880 -0.003572 0.212132 0.074456 0.994826 -0.069118 0.023482 0.000000 0.000000 0.000000 1.000000
0.003365 0.054820 0.998491 -0.000000 0.998689 -0.051180 -0.000555 0.212132 0.051073 0.997184 -0.054921 0.023482 0.000000 0.000000 0.000000 1.000000
0.001219 0.049282 0.998784 0.000000 0.999129 -0.041720 0.000839 0.212132 0.041710 0.997913 -0.049290 0.023482 0.000000 0.000000 0.000000 1.000000
0.001219 0.049282 0.998784 -0.000000 0.999129 -0.041719 0.000839 0.212132 0.041710 0.997913 -0.049290 0.023482 0.000000 0.000000 0.000000 1.000000
0.001219 0.049282 0.998784 -0.000000 0.999129 -0.041720 0.000839 0.212132 0.041710 0.997913 -0.049290 0.023482 0.000000 0.000000 0.000000 1.000000
0.001219 0.049282 0.998784 0.000000 0.999129 -0.041720 0.000839 0.212132 0.041710 0.997913 -0.049290 0.023482 0.000000 0.000000 0.000000 1.000000
0.001219 0.049282 0.998784 0.000000 0.999129 -0.041720 0.000839 0.212132 0.041710 0.997913 -0.049290 0.023482 0.000000 0.000000 0.000000 1.000000
0.001219 0.049282 0.998784 0.000000 0.999129 -0.041720 0.000839 0.212132 0.041710 0.997913 -0.049290 0.023482 0.000000 0.000000 0.000000 1.000000</float_array><technique_common><accessor source="#jnt_spine1-Matrix-animation-output-transform-array" count="21" stride="16"><param type="float4x4"/></accessor></technique_common></source><source id="jnt_spine1-Interpolations"><Name_array id="jnt_spine1-Interpolations-array" count="21">
 LINEAR LINEAR LINEAR LINEAR LINEAR LINEAR LINEAR LINEAR LINEAR LINEAR LINEAR
LINEAR LINEAR LINEAR LINEAR LINEAR LINEAR LINEAR LINEAR LINEAR LINEAR</Name_array><technique_common><accessor source="#jnt_spine1-Interpolations-array" count="21"><param type="name"/></accessor></technique_common></source><sampler id="jnt_spine1-Matrix-animation-transform"><input semantic="INPUT" source="#jnt_spine1-Matrix-animation-input"/><input semantic="OUTPUT" source="#jnt_spine1-Matrix-animation-output-transform"/><input semantic="INTERPOLATION" source="#jnt_spine1-Interpolations"/></sampler><channel source="#jnt_spine1-Matrix-animation-transform" target="jnt_spine1/matrix"/></animation></animation>
    <animation id="jnt_spine2-anim" name="jnt_spine2"><animation><source id="jnt_spine2-Matrix-animation-input"><float_array id="jnt_spine2-Matrix-animation-input-array" count="21">

0.000000 0.033333 0.066667 0.100000 0.133333 0.166667 0.200000 0.233333 0.266667 0.300000 0.333333 0.366667 0.400000 0.433333 0.466667 0.500000
0.533333 0.566667 0.600000 0.633333 0.666667</float_array><technique_common><accessor source="#jnt_spine2-Matrix-animation-input-array" count="21"><param name="TIME" type="float"/></accessor></technique_common></source><source id="jnt_spine2-Matrix-animation-output-transform"><float_array id="jnt_spine2-Matrix-animation-output-transform-array" count="336">

0.993150 -0.011836 -0.116246 0.426849 0.029646 0.987828 0.152701 -0.000000 0.113024 -0.155101 0.981412 -0.000000 0.000000 0.000000 0.000000 1.000000
0.995677 -0.034995 -0.086043 0.426849 0.040932 0.996829 0.068234 -0.000000 0.083382 -0.071461 0.993952 -0.000000 0.000000 0.000000 0.000000 1.000000
0.997674 -0.067399 -0.010232 0.426848 0.065766 0.991089 -0.115832 0.000000 0.017948 0.114890 0.993216 -0.000000 0.000000 0.000000 0.000000 1.000000
0.994775 -0.072249 0.072131 0.426848 0.090336 0.952082 -0.292197 0.000000 -0.047564 0.297187 0.953634 0.000000 0.000000 0.000000 0.000000 1.000000
0.991846 -0.065088 0.109566 0.426848 0.101327 0.924190 -0.368246 0.000000 -0.077292 0.376346 0.923250 -0.000000 0.000000 0.000000 0.000000 1.000000
0.992708 -0.063244 0.102625 0.426849 0.095728 0.930997 -0.352252 -0.000000 -0.073266 0.359507 0.930262 0.000000 0.000000 0.000000 0.000000 1.000000
0.994568 -0.057919 0.086481 0.426848 0.082344 0.946045 -0.313398 -0.000000 -0.063663 0.318817 0.945676 -0.000000 0.000000 0.000000 0.000000 1.000000
0.996432 -0.049903 0.068061 0.426848 0.066321 0.961746 -0.265794 0.000000 -0.052194 0.269360 0.961624 -0.000000 0.000000 0.000000 0.000000 1.000000
0.997694 -0.041848 0.053440 0.426849 0.052860 0.972930 -0.224974 -0.000000 -0.042579 0.227280 0.972898 -0.000000 0.000000 0.000000 0.000000 1.000000
0.998141 -0.038120 0.047550 0.426848 0.047207 0.977069 -0.207625 0.000000 -0.038545 0.209484 0.977052 -0.000000 0.000000 0.000000 0.000000 1.000000
0.998478 -0.034074 0.043373 0.426848 0.041971 0.979577 -0.196640 0.000000 -0.035787 0.198161 0.979516 -0.000000 0.000000 0.000000 0.000000 1.000000
0.999166 -0.023561 0.033363 0.426849 0.028871 0.985210 -0.168902 -0.000000 -0.028890 0.169725 0.985068 -0.000000 0.000000 0.000000 0.000000 1.000000
0.999732 -0.009083 0.021313 0.426849 0.011825 0.991139 -0.132303 0.000000 -0.019923 0.132520 0.990980 -0.000000 0.000000 0.000000 0.000000 1.000000
0.999926 0.006250 0.010406 0.426848 -0.005231 0.995448 -0.095164 0.000000 -0.010953 0.095102 0.995407 0.000000 0.000000 0.000000 0.000000 1.000000
0.999823 0.018581 0.002829 0.426849 -0.018353 0.997632 -0.066278 -0.000000 -0.004053 0.066215 0.997797 -0.000000 0.000000 0.000000 0.000000 1.000000
0.999721 0.023636 0.000001 0.426848 -0.023601 0.998226 -0.054656 -0.000000 -0.001293 0.054641 0.998505 -0.000000 0.000000 0.000000 0.000000 1.000000
0.999721 0.023636 0.000001 0.426848 -0.023601 0.998226 -0.054656 0.000000 -0.001293 0.054641 0.998505 -0.000000 0.000000 0.000000 0.000000 1.000000
0.999721 0.023637 0.000001 0.426848 -0.023601 0.998226 -0.054656 -0.000000 -0.001293 0.054641 0.998505 -0.000000 0.000000 0.000000 0.000000 1.000000
0.999721 0.023637 0.000001 0.426849 -0.023601 0.998226 -0.054656 -0.000000 -0.001293 0.054641 0.998505 -0.000000 0.000000 0.000000 0.000000 1.000000
0.999721 0.023637 0.000001 0.426849 -0.023601 0.998226 -0.054656 -0.000000 -0.001293 0.054641 0.998505 0.000000 0.000000 0.000000 0.000000 1.000000
0.999721 0.023637 0.000001 0.426848 -0.023601 0.998226 -0.054656 0.000000 -0.001293 0.054641 0.998505 -0.000000 0.000000 0.000000 0.000000 1.000000</float_array><technique_common><accessor source="#jnt_spine2-Matrix-animation-output-transform-array" count="21" stride="16"><param type="float4x4"/></accessor></technique_common></source><source id="jnt_spine2-Interpolations"><Name_array id="jnt_spine2-Interpolations-array" count="21">
 LINEAR LINEAR LINEAR LINEAR LINEAR LINEAR LINEAR LINEAR LINEAR LINEAR LINEAR
LINEAR LINEAR LINEAR LINEAR LINEAR LINEAR LINEAR LINEAR LINEAR LINEAR</Name_array><technique_common><accessor source="#jnt_spine2-Interpolations-array" count="21"><param type="name"/></accessor></technique_common></source><sampler id="jnt_spine2-Matrix-animation-transform"><input semantic="INPUT" source="#jnt_spine2-Matrix-animation-input"/><input semantic="OUTPUT" source="#jnt_spine2-Matrix-animation-output-transform"/><input semantic="INTERPOLATION" source="#jnt_spine2-Interpolations"/></sampler><channel source="#jnt_spine2-Matrix-animation-transform" target="jnt_spine2/matrix"/></animation></animation>
    <animation id="jnt_spine3-anim" name="jnt_spine3"><animation><source id="jnt_spine3-Matrix-animation-input"><float_array id="jnt_spine3-Matrix-animation-input-array" count="21">

0.000000 0.033333 0.066667 0.100000 0.133333 0.166667 0.200000 0.233333 0.266667 0.300000 0.333333 0.366667 0.400000 0.433333 0.466667 0.500000
0.533333 0.566667 0.600000 0.633333 0.666667</float_array><technique_common><accessor source="#jnt_spine3-Matrix-animation-input-array" count="21"><param name="TIME" type="float"/></accessor></technique_common></source><source id="jnt_spine3-Matrix-animation-output-transform"><float_array id="jnt_spine3-Matrix-animation-output-transform-array" count="336">

0.993656 -0.002382 -0.112433 0.555067 0.018009 0.990243 0.138183 0.000000 0.111007 -0.139331 0.984004 -0.000000 0.000000 0.000000 0.000000 1.000000
0.996565 -0.017834 -0.080865 0.555067 0.022389 0.998193 0.055764 0.000000 0.079724 -0.057383 0.995164 0.000000 0.000000 0.000000 0.000000 1.000000
0.999273 -0.037672 -0.005900 0.555067 0.036643 0.991512 -0.124746 -0.000000 0.010550 0.124439 0.992171 -0.000000 0.000000 0.000000 0.000000 1.000000
0.996694 -0.036959 0.072349 0.555067 0.057030 0.952526 -0.299069 -0.000000 -0.057861 0.302206 0.951485 -0.000000 0.000000 0.000000 0.000000 1.000000
0.993756 -0.029733 0.107539 0.555067 0.068209 0.924648 -0.374664 -0.000000 -0.088296 0.379660 0.920903 0.000000 0.000000 0.000000 0.000000 1.000000
0.994488 -0.027708 0.101127 0.555067 0.062409 0.931431 -0.358527 -0.000000 -0.084258 0.362862 0.928026 -0.000000 0.000000 0.000000 0.000000 1.000000
0.996024 -0.022250 0.086260 0.555067 0.048799 0.946376 -0.319359 0.000000 -0.074529 0.322299 0.943700 -0.000000 0.000000 0.000000 0.000000 1.000000
0.997484 -0.014624 0.069364 0.555067 0.032978 0.961890 -0.271443 -0.000000 -0.062751 0.273047 0.959952 -0.000000 0.000000 0.000000 0.000000 1.000000
0.998405 -0.007358 0.055976 0.555067 0.020089 0.972884 -0.230420 -0.000000 -0.052763 0.231177 0.971480 -0.000000 0.000000 0.000000 0.000000 1.000000
0.998712 -0.004087 0.050583 0.555067 0.014786 0.976940 -0.213002 -0.000000 -0.048546 0.213475 0.975742 -0.000000 0.000000 0.000000 0.000000 1.000000
0.998917 -0.001538 0.046500 0.555067 0.010891 0.979415 -0.201563 -0.000000 -0.045233 0.201852 0.978371 -0.000000 0.000000 0.000000 0.000000 1.000000
0.999317 0.005128 0.036589 0.555067 0.001270 0.984968 -0.172731 -0.000000 -0.036925 0.172659 0.984289 -0.000000 0.000000 0.000000 0.000000 1.000000
0.999600 0.014401 0.024358 0.555067 -0.010990 0.990814 -0.134787 -0.000000 -0.026075 0.134466 0.990575 -0.000000 0.000000 0.000000 0.000000 1.000000
0.999621 0.024317 0.012903 0.555067 -0.022962 0.995079 -0.096388 -0.000000 -0.015183 0.096055 0.995260 -0.000000 0.000000 0.000000 0.000000 1.000000
0.999466 0.032351 0.004642 0.555067 -0.031971 0.997268 -0.066584 0.000000 -0.006784 0.066400 0.997770 -0.000000 0.000000 0.000000 0.000000 1.000000
0.999363 0.035659 0.001476 0.555067 -0.035525 0.997876 -0.054607 -0.000000 -0.003420 0.054520 0.998507 -0.000000 0.000000 0.000000 0.000000 1.000000
0.999363 0.035659 0.001476 0.555067 -0.035525 0.997876 -0.054607 -0.000000 -0.003420 0.054520 0.998507 -0.000000 0.000000 0.000000 0.000000 1.000000
0.999363 0.035659 0.001476 0.555067 -0.035525 0.997876 -0.054607 -0.000000 -0.003420 0.054520 0.998507 0.000000 0.000000 0.000000 0.000000 1.000000
0.999363 0.035659 0.001476 0.555067 -0.035525 0.997876 -0.054607 -0.000000 -0.003420 0.054520 0.998507 0.000000 0.000000 0.000000 0.000000 1.000000
0.999363 0.035659 0.001476 0.555067 -0.035525 0.997876 -0.054607 -0.000000 -0.003420 0.054520 0.998507 -0.000000 0.000000 0.000000 0.000000 1.000000
0.999363 0.035659 0.001476 0.555067 -0.035525 0.997876 -0.054607 -0.000000 -0.003420 0.054520 0.998507 -0.000000 0.000000 0.000000 0.000000 1.000000</float_array><technique_common><accessor source="#jnt_spine3-Matrix-animation-output-transform-array" count="21" stride="16"><param type="float4x4"/></accessor></technique_common></source><source id="jnt_spine3-Interpolations"><Name_array id="jnt_spine3-Interpolations-array" count="21">
 LINEAR LINEAR LINEAR LINEAR LINEAR LINEAR LINEAR LINEAR LINEAR LINEAR LINEAR
LINEAR LINEAR LINEAR LINEAR LINEAR LINEAR LINEAR LINEAR LINEAR LINEAR</Name_array><technique_common><accessor source="#jnt_spine3-Interpolations-array" count="21"><param type="name"/></accessor></technique_common></source><sampler id="jnt_spine3-Matrix-animation-transform"><input semantic="INPUT" source="#jnt_spine3-Matrix-animation-input"/><input semantic="OUTPUT" source="#jnt_spine3-Matrix-animation-output-transform"/><input semantic="INTERPOLATION" source="#jnt_spine3-Interpolations"/></sampler><channel source="#jnt_spine3-Matrix-animation-transform" target="jnt_spine3/matrix"/></animation></animation>
    <animation id="jnt_neck-anim" name="jnt_neck"><animation><source id="jnt_neck-Matrix-animation-input"><float_array id="jnt_neck-Matrix-animation-input-array" count="21">

0.000000 0.033333 0.066667 0.100000 0.133333 0.166667 0.200000 0.233333 0.266667 0.300000 0.333333 0.366667 0.400000 0.433333 0.466667 0.500000
0.533333 0.566667 0.600000 0.633333 0.666667</float_array><technique_common><accessor source="#jnt_neck-Matrix-animation-input-array" count="21"><param name="TIME" type="float"/></accessor></technique_common></source><source id="jnt_neck-Matrix-animation-output-transform"><float_array id="jnt_neck-Matrix-animation-output-transform-array" count="336">

0.973165 -0.206516 0.101492 0.867462 0.226843 0.935033 -0.272500 0.171574 -0.038623 0.288210 0.956788 -0.000000 0.000000 0.000000 0.000000 1.000000
0.966027 -0.246557 0.077469 0.867453 0.255604 0.955786 -0.145399 0.171570 -0.038195 0.160261 0.986335 -0.000000 0.000000 0.000000 0.000000 1.000000
0.958131 -0.285802 0.017390 0.867459 0.284155 0.956569 0.065054 0.171573 -0.035227 -0.057389 0.997730 -0.000000 0.000000 0.000000 0.000000 1.000000
0.971532 -0.233257 -0.041442 0.867459 0.235701 0.934023 0.268413 0.171572 -0.023901 -0.270540 0.962412 0.000001 0.000000 0.000000 0.000000 1.000000
0.982386 -0.175416 -0.064400 0.867450 0.186605 0.902781 0.387512 0.171570 -0.009837 -0.392703 0.919613 -0.000000 0.000000 0.000000 0.000000 1.000000
0.981834 -0.174701 -0.074037 0.867457 0.189732 0.907804 0.374024 0.171570 0.001869 -0.381276 0.924459 0.000001 0.000000 0.000000 0.000000 1.000000
0.980083 -0.180345 -0.083145 0.867454 0.198031 0.918898 0.341188 0.171571 0.014870 -0.350858 0.936311 -0.000000 0.000000 0.000000 0.000000 1.000000
0.977318 -0.191567 -0.090286 0.867456 0.209967 0.932115 0.295086 0.171574 0.027629 -0.307350 0.951195 -0.000000 0.000000 0.000000 0.000000 1.000000
0.973817 -0.206980 -0.094023 0.867458 0.224030 0.943999 0.242232 0.171572 0.038620 -0.256953 0.965652 0.000000 0.000000 0.000000 0.000000 1.000000
0.969986 -0.224518 -0.093370 0.867459 0.238705 0.952382 0.189709 0.171572 0.046330 -0.206303 0.977391 0.000000 0.000000 0.000000 0.000000 1.000000
0.966334 -0.241733 -0.088106 0.867450 0.252534 0.956663 0.144990 0.171571 0.049239 -0.162358 0.985503 -0.000000 0.000000 0.000000 0.000000 1.000000
0.962190 -0.261008 -0.077884 0.867451 0.268131 0.957945 0.102215 0.171572 0.047929 -0.119234 0.991709 -0.000000 0.000000 0.000000 0.000000 1.000000
0.956847 -0.283706 -0.062887 0.867452 0.287140 0.956333 0.054574 0.171571 0.044658 -0.070276 0.996527 -0.000000 0.000000 0.000000 0.000000 1.000000
0.950945 -0.306060 -0.045064 0.867451 0.306710 0.951768 0.008130 0.171570 0.040402 -0.021553 0.998951 -0.000000 0.000000 0.000000 0.000000 1.000000
0.945350 -0.324899 -0.027445 0.867462 0.324047 0.945520 -0.031388 0.171573 0.036148 0.020779 0.999130 -0.000000 0.000000 0.000000 0.000000 1.000000
0.941140 -0.337733 -0.013874 0.867454 0.336415 0.939881 -0.058724 0.171572 0.032873 0.050600 0.998178 -0.000000 0.000000 0.000000 0.000000 1.000000
0.939486 -0.342483 -0.008483 0.867450 0.341131 0.937484 -0.068939 0.171571 0.031563 0.061874 0.997585 0.000000 0.000000 0.000000 0.000000 1.000000
0.939484 -0.342487 -0.008483 0.867450 0.341135 0.937483 -0.068939 0.171570 0.031563 0.061873 0.997585 0.000000 0.000000 0.000000 0.000000 1.000000
0.939483 -0.342492 -0.008484 0.867460 0.341140 0.937481 -0.068939 0.171572 0.031564 0.061873 0.997585 -0.000000 0.000000 0.000000 0.000000 1.000000
0.939485 -0.342486 -0.008482 0.867450 0.341134 0.937483 -0.068939 0.171570 0.031563 0.061873 0.997585 -0.000000 0.000000 0.000000 0.000000 1.000000
0.939485 -0.342484 -0.008483 0.867450 0.341132 0.937484 -0.068939 0.171571 0.031563 0.061873 0.997585 -0.000000 0.000000 0.000000 0.000000 1.000000</float_array><technique_common><accessor source="#jnt_neck-Matrix-animation-output-transform-array" count="21" stride="16"><param type="float4x4"/></accessor></technique_common></source><source id="jnt_neck-Interpolations"><Name_array id="jnt_neck-Interpolations-array" count="21">
 LINEAR LINEAR LINEAR LINEAR LINEAR LINEAR LINEAR LINEAR LINEAR LINEAR LINEAR
LINEAR LINEAR LINEAR LINEAR LINEAR LINEAR LINEAR LINEAR LINEAR LINEAR</Name_array><technique_common><accessor source="#jnt_neck-Interpolations-array" count="21"><param type="name"/></accessor></technique_common></source><sampler id="jnt_neck-Matrix-animation-transform"><input semantic="INPUT" source="#jnt_neck-Matrix-animation-input"/><input semantic="OUTPUT" source="#jnt_neck-Matrix-animation-output-transform"/><input semantic="INTERPOLATION" source="#jnt_neck-Interpolations"/></sampler><channel source="#jnt_neck-Matrix-animation-transform" target="jnt_neck/matrix"/></animation></animation>
    <animation id="jnt_head-anim" name="jnt_head"><animation><source id="jnt_head-Matrix-animation-input"><float_array id="jnt_head-Matrix-animation-input-array" count="21">

0.000000 0.033333 0.066667 0.100000 0.133333 0.166667 0.200000 0.233333 0.266667 0.300000 0.333333 0.366667 0.400000 0.433333 0.466667 0.500000
0.533333 0.566667 0.600000 0.633333 0.666667</float_array><technique_common><accessor source="#jnt_head-Matrix-animation-input-array" count="21"><param name="TIME" type="float"/></accessor></technique_common></source><source id="jnt_head-Matrix-animation-output-transform"><float_array id="jnt_head-Matrix-animation-output-transform-array" count="336">

0.962032 0.272914 -0.003477 0.273591 -0.262118 0.920275 -0.290497 0.000000 -0.076081 0.280379 0.956869 0.000000 0.000000 0.000000 0.000000 1.000000
0.964508 0.263147 -0.021873 0.273593 -0.262886 0.949158 -0.173175 -0.000000 -0.024810 0.172778 0.984648 -0.000000 0.000000 0.000000 0.000000 1.000000
0.962847 0.264161 -0.056078 0.273593 -0.263085 0.964425 0.025908 -0.000000 0.060927 -0.010192 0.998090 -0.000000 0.000000 0.000000 0.000000 1.000000
0.929931 0.360720 -0.071474 0.273591 -0.337147 0.913933 0.225962 0.000001 0.146831 -0.186032 0.971511 -0.000000 0.000000 0.000000 0.000000 1.000000
0.891638 0.449833 -0.051302 0.273591 -0.407153 0.846234 0.343678 0.000000 0.198011 -0.285548 0.937685 -0.000000 0.000000 0.000000 0.000000 1.000000
0.894825 0.443189 -0.053593 0.273594 -0.402185 0.852433 0.334073 -0.000000 0.193742 -0.277382 0.941022 0.000000 0.000000 0.000000 0.000000 1.000000
0.903101 0.425350 -0.059036 0.273591 -0.388738 0.868179 0.308462 -0.000000 0.182458 -0.255623 0.949403 0.000000 0.000000 0.000000 0.000000 1.000000
0.914430 0.399461 -0.065179 0.273593 -0.368939 0.888879 0.271623 -0.000000 0.166439 -0.224333 0.960194 0.000000 0.000000 0.000000 0.000000 1.000000
0.926859 0.368838 -0.069935 0.273593 -0.345013 0.910333 0.228604 -0.000000 0.147982 -0.187755 0.971004 0.000000 0.000000 0.000000 0.000000 1.000000
0.938740 0.336975 -0.072221 0.273592 -0.319408 0.929417 0.184833 0.000000 0.129408 -0.150442 0.980113 -0.000000 0.000000 0.000000 0.000000 1.000000
0.948843 0.307379 -0.072213 0.273590 -0.294810 0.944340 0.145979 0.000001 0.113065 -0.117222 0.986649 -0.000000 0.000000 0.000000 0.000000 1.000000
0.958947 0.274741 -0.070266 0.273591 -0.266654 0.957910 0.106317 0.000000 0.096518 -0.083216 0.991846 -0.000000 0.000000 0.000000 0.000000 1.000000
0.969701 0.235476 -0.065041 0.273590 -0.231708 0.970901 0.060520 0.000001 0.077400 -0.043616 0.996046 -0.000000 0.000000 0.000000 0.000000 1.000000
0.979067 0.195580 -0.056356 0.273591 -0.195043 0.980681 0.014930 0.000001 0.058187 -0.003626 0.998299 0.000000 0.000000 0.000000 0.000000 1.000000
0.985920 0.160795 -0.045909 0.273592 -0.162021 0.986487 -0.024351 0.000000 0.041373 0.031446 0.998649 0.000000 0.000000 0.000000 0.000000 1.000000
0.989971 0.136361 -0.036913 0.273593 -0.138164 0.989058 -0.051726 -0.000000 0.029456 0.056308 0.997979 -0.000000 0.000000 0.000000 0.000000 1.000000
0.991332 0.127132 -0.033154 0.273590 -0.128997 0.989704 -0.062006 0.000001 0.024930 0.065745 0.997525 -0.000000 0.000000 0.000000 0.000000 1.000000
0.991332 0.127132 -0.033154 0.273591 -0.128997 0.989704 -0.062006 0.000001 0.024930 0.065745 0.997525 -0.000000 0.000000 0.000000 0.000000 1.000000
0.991332 0.127132 -0.033154 0.273592 -0.128997 0.989704 -0.062006 0.000000 0.024930 0.065745 0.997525 -0.000000 0.000000 0.000000 0.000000 1.000000
0.991332 0.127132 -0.033154 0.273591 -0.128997 0.989704 -0.062006 0.000001 0.024930 0.065745 0.997525 -0.000000 0.000000 0.000000 0.000000 1.000000
0.991332 0.127132 -0.033154 0.273591 -0.128997 0.989704 -0.062006 0.000001 0.024930 0.065745 0.997525 -0.000000 0.000000 0.000000 0.000000 1.000000</float_array><technique_common><accessor source="#jnt_head-Matrix-animation-output-transform-array" count="21" stride="16"><param type="float4x4"/></accessor></technique_common></source><source id="jnt_head-Interpolations"><Name_array id="jnt_head-Interpolations-array" count="21">
 LINEAR LINEAR LINEAR LINEAR LINEAR LINEAR LINEAR LINEAR LINEAR LINEAR LINEAR
LINEAR LINEAR LINEAR LINEAR LINEAR LINEAR LINEAR LINEAR LINEAR LINEAR</Name_array><technique_common><accessor source="#jnt_head-Interpolations-array" count="21"><param type="name"/></accessor></technique_common></source><sampler id="jnt_head-Matrix-animation-transform"><input semantic="INPUT" source="#jnt_head-Matrix-animation-input"/><input semantic="OUTPUT" source="#jnt_head-Matrix-animation-output-transform"/><input semantic="INTERPOLATION" source="#jnt_head-Interpolations"/></sampler><channel source="#jnt_head-Matrix-animation-transform" target="jnt_head/matrix"/></animation></animation>
    <animation id="jnt_left_shoulder-anim" name="jnt_left_shoulder"><animation><source id="jnt_left_shoulder-Matrix-animation-input"><float_array id="jnt_left_shoulder-Matrix-animation-input-array" count="21">

0.000000 0.033333 0.066667 0.100000 0.133333 0.166667 0.200000 0.233333 0.266667 0.300000 0.333333 0.366667 0.400000 0.433333 0.466667 0.500000
0.533333 0.566667 0.600000 0.633333 0.666667</float_array><technique_common><accessor source="#jnt_left_shoulder-Matrix-animation-input-array" count="21"><param name="TIME" type="float"/></accessor></technique_common></source><source id="jnt_left_shoulder-Matrix-animation-output-transform"><float_array id="jnt_left_shoulder-Matrix-animation-output-transform-array" count="336">

-0.349601 -0.584392 -0.732301 0.635987 -0.097785 -0.754594 0.648865 0.114392 -0.931782 0.298452 0.206662 0.266187 0.000000 0.000000 0.000000 1.000000
-0.326603 -0.583801 -0.743308 0.635988 -0.090576 -0.763483 0.639445 0.114392 -0.940812 0.276171 0.196477 0.266187 0.000000 0.000000 0.000000 1.000000
-0.267625 -0.578483 -0.770541 0.635988 -0.073056 -0.785227 0.614883 0.114391 -0.960749 0.220851 0.167885 0.266187 0.000000 0.000000 0.000000 1.000000
-0.188087 -0.563217 -0.804618 0.635987 -0.051461 -0.812463 0.580737 0.114392 -0.980803 0.150635 0.123830 0.266187 0.000000 0.000000 0.000000 1.000000
-0.105399 -0.537385 -0.836725 0.635987 -0.030986 -0.839228 0.542896 0.114392 -0.993947 0.083147 0.071803 0.266187 0.000000 0.000000 0.000000 1.000000
-0.038722 -0.506764 -0.861215 0.635987 -0.014988 -0.861469 0.507588 0.114392 -0.999138 0.032563 0.025762 0.266187 0.000000 0.000000 0.000000 1.000000
-0.024777 -0.468310 -0.883217 0.635987 0.000930 -0.883499 0.468433 0.114391 -0.999693 0.010784 0.022326 0.266187 0.000000 0.000000 0.000000 1.000000
-0.022282 -0.420439 -0.907047 0.635987 0.022037 -0.907258 0.419996 0.114392 -0.999509 -0.010631 0.029481 0.266187 0.000000 0.000000 0.000000 1.000000
-0.020259 -0.370349 -0.928672 0.635987 0.043346 -0.928314 0.369261 0.114391 -0.998855 -0.032774 0.034860 0.266187 0.000000 0.000000 0.000000 1.000000
-0.018591 -0.318443 -0.947760 0.635987 0.064692 -0.946320 0.316691 0.114392 -0.997732 -0.055425 0.038194 0.266187 0.000000 0.000000 0.000000 1.000000
-0.017158 -0.265165 -0.964050 0.635987 0.085913 -0.961017 0.262801 0.114392 -0.996155 -0.078316 0.039271 0.266187 0.000000 0.000000 0.000000 1.000000
-0.015841 -0.210986 -0.977361 0.635987 0.106856 -0.972243 0.208149 0.114392 -0.994148 -0.101139 0.037946 0.266187 0.000000 0.000000 0.000000 1.000000
-0.014518 -0.156399 -0.987587 0.635987 0.127370 -0.979934 0.153315 0.114392 -0.991749 -0.123563 0.034147 0.266187 0.000000 0.000000 0.000000 1.000000
-0.013068 -0.101905 -0.994708 0.635987 0.147315 -0.984134 0.098886 0.114392 -0.989003 -0.145243 0.027872 0.266187 0.000000 0.000000 0.000000 1.000000
-0.011369 -0.048001 -0.998783 0.635987 0.166555 -0.984984 0.045442 0.114392 -0.985967 -0.165836 0.019193 0.266187 0.000000 0.000000 0.000000 1.000000
-0.009799 0.001392 -0.999951 0.635987 0.183859 -0.982948 -0.003170 0.114392 -0.982904 -0.183881 0.009376 0.266187 0.000000 0.000000 0.000000 1.000000
-0.008731 0.039256 -0.999191 0.635987 0.196976 -0.979584 -0.040207 0.114391 -0.980369 -0.197167 0.000820 0.266187 0.000000 0.000000 0.000000 1.000000
-0.007864 0.071211 -0.997430 0.635987 0.207949 -0.975539 -0.071288 0.114392 -0.978108 -0.207975 -0.007137 0.266187 0.000000 0.000000 0.000000 1.000000
-0.007057 0.101963 -0.994763 0.635987 0.218437 -0.970606 -0.101037 0.114392 -0.975825 -0.218006 -0.015423 0.266187 0.000000 0.000000 0.000000 1.000000
-0.006455 0.125093 -0.992124 0.635987 0.226283 -0.966226 -0.123299 0.114392 -0.974040 -0.225297 -0.022070 0.266187 0.000000 0.000000 0.000000 1.000000
-0.006219 0.134216 -0.990933 0.635987 0.229369 -0.964340 -0.132054 0.114392 -0.973320 -0.228111 -0.024788 0.266187 0.000000 0.000000 0.000000 1.000000</float_array><technique_common><accessor source="#jnt_left_shoulder-Matrix-animation-output-transform-array" count="21" stride="16"><param type="float4x4"/></accessor></technique_common></source><source id="jnt_left_shoulder-Interpolations"><Name_array id="jnt_left_shoulder-Interpolations-array" count="21">
 LINEAR LINEAR LINEAR LINEAR LINEAR LINEAR LINEAR LINEAR LINEAR LINEAR LINEAR
LINEAR LINEAR LINEAR LINEAR LINEAR LINEAR LINEAR LINEAR LINEAR LINEAR</Name_array><technique_common><accessor source="#jnt_left_shoulder-Interpolations-array" count="21"><param type="name"/></accessor></technique_common></source><sampler id="jnt_left_shoulder-Matrix-animation-transform"><input semantic="INPUT" source="#jnt_left_shoulder-Matrix-animation-input"/><input semantic="OUTPUT" source="#jnt_left_shoulder-Matrix-animation-output-transform"/><input semantic="INTERPOLATION" source="#jnt_left_shoulder-Interpolations"/></sampler><channel source="#jnt_left_shoulder-Matrix-animation-transform" target="jnt_left_shoulder/matrix"/></animation></animation>
    <animation id="jnt_left_arm-anim" name="jnt_left_arm"><animation><source id="jnt_left_arm-Matrix-animation-input"><float_array id="jnt_left_arm-Matrix-animation-input-array" count="21">

0.000000 0.033333 0.066667 0.100000 0.133333 0.166667 0.200000 0.233333 0.266667 0.300000 0.333333 0.366667 0.400000 0.433333 0.466667 0.500000
0.533333 0.566667 0.600000 0.633333 0.666667</float_array><technique_common><accessor source="#jnt_left_arm-Matrix-animation-input-array" count="21"><param name="TIME" type="float"/></accessor></technique_common></source><source id="jnt_left_arm-Matrix-animation-output-transform"><float_array id="jnt_left_arm-Matrix-animation-output-transform-array" count="336">

-0.019336 -0.431684 0.901818 -0.525417 0.572911 0.734432 0.363843 -0.032447 -0.819389 0.523697 0.233115 0.009491 0.000000 0.000000 0.000000 1.000000
0.034504 -0.479747 0.876728 -0.525417 0.630654 0.690986 0.353289 -0.032447 -0.775296 0.540723 0.326396 0.009492 0.000000 0.000000 0.000000 1.000000
0.308668 -0.549002 0.776737 -0.525417 0.199406 0.835816 0.511517 -0.032447 -0.930033 -0.003003 0.367464 0.009492 0.000000 0.000000 0.000000 1.000000
0.508250 -0.520518 0.686108 -0.525417 0.066329 0.817972 0.571422 -0.032447 -0.858652 -0.244916 0.450259 0.009492 0.000000 0.000000 0.000000 1.000000
