<?xml version="1.0" encoding="utf-8"?>
<COLLADA xmlns="http://www.collada.org/2005/11/COLLADASchema" version="1.4.1">
  <asset><contributor><author></author><authoring_tool>FBX COLLADA exporter</authoring_tool><comments></comments></contributor><created>2020-02-21T09:27:29Z</created><keywords></keywords><modified>2020-02-21T09:27:29Z</modified><revision></revision><subject></subject><title></title><unit meter="0.010000" name="centimeter"></unit><up_axis>Y_UP</up_axis></asset>
  <library_animations>
    <animation id="root_jnt-anim" name="root_jnt"><animation><source id="root_jnt-Matrix-animation-input"><float_array id="root_jnt-Matrix-animation-input-array" count="13">

0.000000 0.033333 0.066667 0.100000 0.133333 0.166667 0.200000 0.233333 0.266667 0.300000 0.333333 0.366667 0.400000</float_array><technique_common><accessor source="#root_jnt-Matrix-animation-input-array" count="13"><param name="TIME" type="float"/></accessor></technique_common></source><source id="root_jnt-Matrix-animation-output-transform"><float_array id="root_jnt-Matrix-animation-output-transform-array" count="208">

1.000000 0.000000 0.000000 0.000000 0.000000 1.000000 0.000000 0.000000 0.000000 0.000000 1.000000 0.000000 0.000000 0.000000 0.000000 1.000000
1.000000 0.000000 0.000000 0.000000 0.000000 1.000000 0.000000 0.000000 0.000000 0.000000 1.000000 0.000000 0.000000 0.000000 0.000000 1.000000
1.000000 0.000000 0.000000 0.000000 0.000000 1.000000 0.000000 0.000000 0.000000 0.000000 1.000000 0.000000 0.000000 0.000000 0.000000 1.000000
1.000000 0.000000 0.000000 0.000000 0.000000 1.000000 0.000000 0.000000 0.000000 0.000000 1.000000 0.000000 0.000000 0.000000 0.000000 1.000000
1.000000 0.000000 0.000000 0.000000 0.000000 1.000000 0.000000 0.000000 0.000000 0.000000 1.000000 0.000000 0.000000 0.000000 0.000000 1.000000
1.000000 0.000000 0.000000 0.000000 0.000000 1.000000 0.000000 0.000000 0.000000 0.000000 1.000000 0.000000 0.000000 0.000000 0.000000 1.000000
1.000000 0.000000 0.000000 0.000000 0.000000 1.000000 0.000000 0.000000 0.000000 0.000000 1.000000 0.000000 0.000000 0.000000 0.000000 1.000000
1.000000 0.000000 0.000000 0.000000 0.000000 1.000000 0.000000 0.000000 0.000000 0.000000 1.000000 0.000000 0.000000 0.000000 0.000000 1.000000
1.000000 0.000000 0.000000 0.000000 0.000000 1.000000 0.000000 0.000000 0.000000 0.000000 1.000000 0.000000 0.000000 0.000000 0.000000 1.000000
1.000000 0.000000 0.000000 0.000000 0.000000 1.000000 0.000000 0.000000 0.000000 0.000000 1.000000 0.000000 0.000000 0.000000 0.000000 1.000000
1.000000 0.000000 0.000000 0.000000 0.000000 1.000000 0.000000 0.000000 0.000000 0.000000 1.000000 0.000000 0.000000 0.000000 0.000000 1.000000
1.000000 0.000000 0.000000 0.000000 0.000000 1.000000 0.000000 0.000000 0.000000 0.000000 1.000000 0.000000 0.000000 0.000000 0.000000 1.000000
1.000000 0.000000 0.000000 0.000000 0.000000 1.000000 0.000000 0.000000 0.000000 0.000000 1.000000 0.000000 0.000000 0.000000 0.000000 1.000000</float_array><technique_common><accessor source="#root_jnt-Matrix-animation-output-transform-array" count="13" stride="16"><param type="float4x4"/></accessor></technique_common></source><source id="root_jnt-Interpolations"><Name_array id="root_jnt-Interpolations-array" count="13">
 LINEAR LINEAR LINEAR LINEAR LINEAR LINEAR LINEAR LINEAR LINEAR LINEAR LINEAR
LINEAR LINEAR</Name_array><technique_common><accessor source="#root_jnt-Interpolations-array" count="13"><param type="name"/></accessor></technique_common></source><sampler id="root_jnt-Matrix-animation-transform"><input semantic="INPUT" source="#root_jnt-Matrix-animation-input"/><input semantic="OUTPUT" source="#root_jnt-Matrix-animation-output-transform"/><input semantic="INTERPOLATION" source="#root_jnt-Interpolations"/></sampler><channel source="#root_jnt-Matrix-animation-transform" target="root_jnt/matrix"/></animation></animation>
    <animation id="jnt_hips-anim" name="jnt_hips"><animation><source id="jnt_hips-Matrix-animation-input"><float_array id="jnt_hips-Matrix-animation-input-array" count="13">

0.000000 0.033333 0.066667 0.100000 0.133333 0.166667 0.200000 0.233333 0.266667 0.300000 0.333333 0.366667 0.400000</float_array><technique_common><accessor source="#jnt_hips-Matrix-animation-input-array" count="13"><param name="TIME" type="float"/></accessor></technique_common></source><source id="jnt_hips-Matrix-animation-output-transform"><float_array id="jnt_hips-Matrix-animation-output-transform-array" count="208">

0.919777 0.000001 -0.392442 0.029704 -0.037480 0.995429 -0.087842 1.214980 0.390648 0.095504 0.915573 -0.238767 0.000000 0.000000 0.000000 1.000000
0.919777 0.000001 -0.392442 0.004101 -0.036872 0.995577 -0.086416 1.226385 0.390706 0.093954 0.915708 -0.245513 0.000000 0.000000 0.000000 1.000000
0.919777 0.000001 -0.392442 -0.013509 -0.036510 0.995663 -0.085569 1.279268 0.390740 0.093032 0.915788 -0.251523 0.000000 0.000000 0.000000 1.000000
0.919777 0.000001 -0.392441 -0.016535 -0.036798 0.995594 -0.086242 1.326729 0.390712 0.093765 0.915725 -0.250563 0.000000 0.000000 0.000000 1.000000
0.919777 0.000001 -0.392442 -0.007632 -0.037531 0.995417 -0.087961 1.317046 0.390643 0.095633 0.915561 -0.246724 0.000000 0.000000 0.000000 1.000000
0.919777 0.000001 -0.392442 0.008655 -0.038384 0.995205 -0.089961 1.264036 0.390560 0.097807 0.915367 -0.242500 0.000000 0.000000 0.000000 1.000000
0.919777 0.000001 -0.392442 0.037118 -0.039079 0.995030 -0.091590 1.216209 0.390491 0.099578 0.915205 -0.238238 0.000000 0.000000 0.000000 1.000000
0.919777 0.000001 -0.392441 0.077021 -0.039489 0.994925 -0.092551 1.225577 0.390450 0.100623 0.915109 -0.233434 0.000000 0.000000 0.000000 1.000000
0.919777 0.000001 -0.392442 0.105822 -0.039538 0.994912 -0.092664 1.287035 0.390445 0.100746 0.915097 -0.230515 0.000000 0.000000 0.000000 1.000000
0.919777 0.000001 -0.392442 0.106703 -0.039214 0.994995 -0.091905 1.335544 0.390477 0.099921 0.915174 -0.231655 0.000000 0.000000 0.000000 1.000000
0.919777 0.000001 -0.392441 0.090552 -0.038673 0.995133 -0.090636 1.325463 0.390531 0.098542 0.915300 -0.234595 0.000000 0.000000 0.000000 1.000000
0.919777 0.000001 -0.392442 0.064059 -0.038059 0.995286 -0.089198 1.268300 0.390592 0.096979 0.915442 -0.237337 0.000000 0.000000 0.000000 1.000000
0.919777 0.000001 -0.392442 0.029704 -0.037480 0.995429 -0.087842 1.214980 0.390648 0.095504 0.915573 -0.238767 0.000000 0.000000 0.000000 1.000000</float_array><technique_common><accessor source="#jnt_hips-Matrix-animation-output-transform-array" count="13" stride="16"><param type="float4x4"/></accessor></technique_common></source><source id="jnt_hips-Interpolations"><Name_array id="jnt_hips-Interpolations-array" count="13">
 LINEAR LINEAR LINEAR LINEAR LINEAR LINEAR LINEAR LINEAR LINEAR LINEAR LINEAR
LINEAR LINEAR</Name_array><technique_common><accessor source="#jnt_hips-Interpolations-array" count="13"><param type="name"/></accessor></technique_common></source><sampler id="jnt_hips-Matrix-animation-transform"><input semantic="INPUT" source="#jnt_hips-Matrix-animation-input"/><input semantic="OUTPUT" source="#jnt_hips-Matrix-animation-output-transform"/><input semantic="INTERPOLATION" source="#jnt_hips-Interpolations"/></sampler><channel source="#jnt_hips-Matrix-animation-transform" target="jnt_hips/matrix"/></animation></animation>
    <animation id="jnt_spine1-anim" name="jnt_spine1"><animation><source id="jnt_spine1-Matrix-animation-input"><float_array id="jnt_spine1-Matrix-animation-input-array" count="13">

0.000000 0.033333 0.066667 0.100000 0.133333 0.166667 0.200000 0.233333 0.266667 0.300000 0.333333 0.366667 0.400000</float_array><technique_common><accessor source="#jnt_spine1-Matrix-animation-input-array" count="13"><param name="TIME" type="float"/></accessor></technique_common></source><source id="jnt_spine1-Matrix-animation-output-transform"><float_array id="jnt_spine1-Matrix-animation-output-transform-array" count="208">

0.099375 -0.077552 0.992023 0.000000 0.993728 -0.043640 -0.102957 0.212132 0.051276 0.996033 0.072728 0.023482 0.000000 0.000000 0.000000 1.000000
0.096679 -0.074155 0.992549 -0.000000 0.993952 -0.044990 -0.100177 0.212132 0.052084 0.996231 0.069357 0.023482 0.000000 0.000000 0.000000 1.000000
0.090244 -0.066050 0.993727 0.000000 0.994454 -0.048137 -0.093509 0.212132 0.054011 0.996655 0.061340 0.023482 0.000000 0.000000 0.000000 1.000000
0.082548 -0.056368 0.994992 0.000000 0.994995 -0.051752 -0.085480 0.212132 0.056311 0.997068 0.051814 0.023482 0.000000 0.000000 0.000000 1.000000
0.076090 -0.048251 0.995933 0.000000 0.995399 -0.054664 -0.078698 0.212132 0.058239 0.997338 0.043870 0.023482 0.000000 0.000000 0.000000 1.000000
0.073379 -0.044846 0.996295 0.000000 0.995555 -0.055853 -0.075838 0.212132 0.059048 0.997431 0.040548 0.023482 0.000000 0.000000 0.000000 1.000000
0.074823 -0.046660 0.996105 -0.000000 0.995473 -0.055222 -0.077362 0.212132 0.058617 0.997383 0.042317 0.023482 0.000000 0.000000 0.000000 1.000000
0.078545 -0.051336 0.995588 -0.000000 0.995251 -0.053570 -0.081281 0.212132 0.057506 0.997244 0.046885 0.023482 0.000000 0.000000 0.000000 1.000000
0.083630 -0.057729 0.994823 0.000000 0.994923 -0.051253 -0.086613 0.212132 0.055988 0.997016 0.053149 0.023482 0.000000 0.000000 0.000000 1.000000
0.089163 -0.064690 0.993914 -0.000000 0.994534 -0.048654 -0.092385 0.212132 0.054334 0.996719 0.059998 0.023482 0.000000 0.000000 0.000000 1.000000
0.094235 -0.071075 0.993010 0.000000 0.994148 -0.046199 -0.097649 0.212132 0.052816 0.996401 0.066306 0.023482 0.000000 0.000000 0.000000 1.000000
0.097939 -0.075743 0.992306 -0.000000 0.993848 -0.044362 -0.101477 0.212132 0.051706 0.996140 0.070933 0.023482 0.000000 0.000000 0.000000 1.000000
0.099375 -0.077552 0.992023 -0.000000 0.993728 -0.043640 -0.102957 0.212132 0.051276 0.996033 0.072728 0.023482 0.000000 0.000000 0.000000 1.000000</float_array><technique_common><accessor source="#jnt_spine1-Matrix-animation-output-transform-array" count="13" stride="16"><param type="float4x4"/></accessor></technique_common></source><source id="jnt_spine1-Interpolations"><Name_array id="jnt_spine1-Interpolations-array" count="13">
 LINEAR LINEAR LINEAR LINEAR LINEAR LINEAR LINEAR LINEAR LINEAR LINEAR LINEAR
LINEAR LINEAR</Name_array><technique_common><accessor source="#jnt_spine1-Interpolations-array" count="13"><param type="name"/></accessor></technique_common></source><sampler id="jnt_spine1-Matrix-animation-transform"><input semantic="INPUT" source="#jnt_spine1-Matrix-animation-input"/><input semantic="OUTPUT" source="#jnt_spine1-Matrix-animation-output-transform"/><input semantic="INTERPOLATION" source="#jnt_spine1-Interpolations"/></sampler><channel source="#jnt_spine1-Matrix-animation-transform" target="jnt_spine1/matrix"/></animation></animation>
    <animation id="jnt_spine2-anim" name="jnt_spine2"><animation><source id="jnt_spine2-Matrix-animation-input"><float_array id="jnt_spine2-Matrix-animation-input-array" count="13">

0.000000 0.033333 0.066667 0.100000 0.133333 0.166667 0.200000 0.233333 0.266667 0.300000 0.333333 0.366667 0.400000</float_array><technique_common><accessor source="#jnt_spine2-Matrix-animation-input-array" count="13"><param name="TIME" type="float"/></accessor></technique_common></source><source id="jnt_spine2-Matrix-animation-output-transform"><float_array id="jnt_spine2-Matrix-animation-output-transform-array" count="208">

0.993150 -0.011836 -0.116246 0.426849 0.029646 0.987828 0.152701 -0.000000 0.113024 -0.155101 0.981412 -0.000000 0.000000 0.000000 0.000000 1.000000
0.993407 -0.013040 -0.113897 0.426849 0.029950 0.988526 0.148051 -0.000000 0.110659 -0.150486 0.982399 -0.000000 0.000000 0.000000 0.000000 1.000000
0.993998 -0.015820 -0.108246 0.426849 0.030673 0.990101 0.136967 -0.000000 0.105008 -0.139465 0.984644 -0.000000 0.000000 0.000000 0.000000 1.000000
0.994663 -0.018970 -0.101416 0.426848 0.031532 0.991813 0.123746 0.000000 0.098239 -0.126284 0.987118 -0.000000 0.000000 0.000000 0.000000 1.000000
0.995186 -0.021466 -0.095626 0.426849 0.032249 0.993108 0.112679 -0.000000 0.092548 -0.115221 0.989019 -0.000000 0.000000 0.000000 0.000000 1.000000
0.995396 -0.022475 -0.093180 0.426849 0.032548 0.993613 0.108041 -0.000000 0.090157 -0.110576 0.989770 0.000000 0.000000 0.000000 0.000000 1.000000
0.995285 -0.021941 -0.094484 0.426849 0.032389 0.993347 0.110511 -0.000000 0.091431 -0.113050 0.989374 -0.000000 0.000000 0.000000 0.000000 1.000000
0.994991 -0.020533 -0.097834 0.426848 0.031977 0.992631 0.116884 0.000000 0.094713 -0.119427 0.988315 -0.000000 0.000000 0.000000 0.000000 1.000000
0.994572 -0.018538 -0.102381 0.426848 0.031412 0.991583 0.125603 0.000000 0.099191 -0.128137 0.986784 -0.000000 0.000000 0.000000 0.000000 1.000000
0.994094 -0.016273 -0.107292 0.426848 0.030794 0.990352 0.135109 0.000000 0.104058 -0.137615 0.985005 -0.000000 0.000000 0.000000 0.000000 1.000000
0.993635 -0.014111 -0.111757 0.426848 0.030225 0.989140 0.143838 -0.000000 0.108513 -0.146301 0.983271 -0.000000 0.000000 0.000000 0.000000 1.000000
0.993288 -0.012480 -0.114996 0.426849 0.029808 0.988202 0.150224 0.000000 0.111765 -0.152644 0.981941 -0.000000 0.000000 0.000000 0.000000 1.000000
0.993150 -0.011836 -0.116246 0.426848 0.029646 0.987828 0.152701 0.000000 0.113024 -0.155101 0.981412 -0.000000 0.000000 0.000000 0.000000 1.000000</float_array><technique_common><accessor source="#jnt_spine2-Matrix-animation-output-transform-array" count="13" stride="16"><param type="float4x4"/></accessor></technique_common></source><source id="jnt_spine2-Interpolations"><Name_array id="jnt_spine2-Interpolations-array" count="13">
 LINEAR LINEAR LINEAR LINEAR LINEAR LINEAR LINEAR LINEAR LINEAR LINEAR LINEAR
LINEAR LINEAR</Name_array><technique_common><accessor source="#jnt_spine2-Interpolations-array" count="13"><param type="name"/></accessor></technique_common></source><sampler id="jnt_spine2-Matrix-animation-transform"><input semantic="INPUT" source="#jnt_spine2-Matrix-animation-input"/><input semantic="OUTPUT" source="#jnt_spine2-Matrix-animation-output-transform"/><input semantic="INTERPOLATION" source="#jnt_spine2-Interpolations"/></sampler><channel source="#jnt_spine2-Matrix-animation-transform" target="jnt_spine2/matrix"/></animation></animation>
    <animation id="jnt_spine3-anim" name="jnt_spine3"><animation><source id="jnt_spine3-Matrix-animation-input"><float_array id="jnt_spine3-Matrix-animation-input-array" count="13">

0.000000 0.033333 0.066667 0.100000 0.133333 0.166667 0.200000 0.233333 0.266667 0.300000 0.333333 0.366667 0.400000</float_array><technique_common><accessor source="#jnt_spine3-Matrix-animation-input-array" count="13"><param name="TIME" type="float"/></accessor></technique_common></source><source id="jnt_spine3-Matrix-animation-output-transform"><float_array id="jnt_spine3-Matrix-animation-output-transform-array" count="208">

0.993656 -0.002382 -0.112433 0.555067 0.018009 0.990243 0.138182 -0.000000 0.111007 -0.139331 0.984004 0.000000 0.000000 0.000000 0.000000 1.000000
0.993888 -0.003424 -0.110337 0.555067 0.018221 0.990897 0.133385 0.000000 0.108876 -0.134580 0.984903 -0.000000 0.000000 0.000000 0.000000 1.000000
0.994423 -0.005839 -0.105300 0.555067 0.018740 0.992360 0.121944 -0.000000 0.103783 -0.123238 0.986935 -0.000000 0.000000 0.000000 0.000000 1.000000
0.995029 -0.008596 -0.099216 0.555067 0.019384 0.993930 0.108289 -0.000000 0.097683 -0.109674 0.989156 -0.000000 0.000000 0.000000 0.000000 1.000000
0.995508 -0.010797 -0.094062 0.555067 0.019944 0.995099 0.096849 -0.000000 0.092555 -0.098290 0.990844 -0.000000 0.000000 0.000000 0.000000 1.000000
0.995701 -0.011691 -0.091885 0.555067 0.020184 0.995550 0.092053 -0.000000 0.090400 -0.093512 0.991506 -0.000000 0.000000 0.000000 0.000000 1.000000
0.995599 -0.011217 -0.093046 0.555067 0.020056 0.995313 0.094608 -0.000000 0.091548 -0.096057 0.991157 0.000000 0.000000 0.000000 0.000000 1.000000
0.995329 -0.009972 -0.096027 0.555067 0.019729 0.994671 0.101196 0.000000 0.094506 -0.102618 0.990221 -0.000000 0.000000 0.000000 0.000000 1.000000
0.994946 -0.008217 -0.100075 0.555067 0.019292 0.993721 0.110207 -0.000000 0.098541 -0.111581 0.988858 -0.000000 0.000000 0.000000 0.000000 1.000000
0.994511 -0.006235 -0.104450 0.555067 0.018829 0.992592 0.120026 -0.000000 0.102927 -0.121333 0.987261 -0.000000 0.000000 0.000000 0.000000 1.000000
0.994095 -0.004353 -0.108429 0.555067 0.018416 0.991469 0.129037 0.000000 0.106943 -0.130272 0.985694 -0.000000 0.000000 0.000000 0.000000 1.000000
0.993780 -0.002938 -0.111318 0.555067 0.018121 0.990594 0.135627 -0.000000 0.109872 -0.136801 0.984486 -0.000000 0.000000 0.000000 0.000000 1.000000
0.993656 -0.002381 -0.112433 0.555067 0.018009 0.990243 0.138182 -0.000000 0.111007 -0.139331 0.984004 0.000000 0.000000 0.000000 0.000000 1.000000</float_array><technique_common><accessor source="#jnt_spine3-Matrix-animation-output-transform-array" count="13" stride="16"><param type="float4x4"/></accessor></technique_common></source><source id="jnt_spine3-Interpolations"><Name_array id="jnt_spine3-Interpolations-array" count="13">
 LINEAR LINEAR LINEAR LINEAR LINEAR LINEAR LINEAR LINEAR LINEAR LINEAR LINEAR
LINEAR LINEAR</Name_array><technique_common><accessor source="#jnt_spine3-Interpolations-array" count="13"><param type="name"/></accessor></technique_common></source><sampler id="jnt_spine3-Matrix-animation-transform"><input semantic="INPUT" source="#jnt_spine3-Matrix-animation-input"/><input semantic="OUTPUT" source="#jnt_spine3-Matrix-animation-output-transform"/><input semantic="INTERPOLATION" source="#jnt_spine3-Interpolations"/></sampler><channel source="#jnt_spine3-Matrix-animation-transform" target="jnt_spine3/matrix"/></animation></animation>
    <animation id="jnt_neck-anim" name="jnt_neck"><animation><source id="jnt_neck-Matrix-animation-input"><float_array id="jnt_neck-Matrix-animation-input-array" count="13">

0.000000 0.033333 0.066667 0.100000 0.133333 0.166667 0.200000 0.233333 0.266667 0.300000 0.333333 0.366667 0.400000</float_array><technique_common><accessor source="#jnt_neck-Matrix-animation-input-array" count="13"><param name="TIME" type="float"/></accessor></technique_common></source><source id="jnt_neck-Matrix-animation-output-transform"><float_array id="jnt_neck-Matrix-animation-output-transform-array" count="208">

0.973166 -0.206510 0.101494 0.867462 0.226838 0.935034 -0.272499 0.171573 -0.038627 0.288210 0.956788 -0.000001 0.000000 0.000000 0.000000 1.000000
0.973167 -0.206507 0.101496 0.867457 0.226835 0.935035 -0.272498 0.171573 -0.038629 0.288209 0.956788 0.000001 0.000000 0.000000 0.000000 1.000000
0.973166 -0.206510 0.101495 0.867456 0.226838 0.935034 -0.272499 0.171572 -0.038628 0.288210 0.956788 -0.000000 0.000000 0.000000 0.000000 1.000000
0.973166 -0.206512 0.101495 0.867450 0.226840 0.935034 -0.272499 0.171570 -0.038627 0.288210 0.956788 -0.000000 0.000000 0.000000 0.000000 1.000000
0.973166 -0.206511 0.101494 0.867458 0.226839 0.935034 -0.272499 0.171572 -0.038626 0.288210 0.956788 -0.000000 0.000000 0.000000 0.000000 1.000000
0.973166 -0.206512 0.101494 0.867451 0.226840 0.935034 -0.272499 0.171570 -0.038626 0.288210 0.956788 -0.000000 0.000000 0.000000 0.000000 1.000000
0.973166 -0.206513 0.101492 0.867460 0.226840 0.935033 -0.272499 0.171572 -0.038624 0.288210 0.956788 -0.000001 0.000000 0.000000 0.000000 1.000000
0.973165 -0.206518 0.101492 0.867460 0.226845 0.935032 -0.272500 0.171571 -0.038623 0.288210 0.956788 -0.000002 0.000000 0.000000 0.000000 1.000000
0.973168 -0.206502 0.101496 0.867454 0.226830 0.935036 -0.272499 0.171573 -0.038631 0.288209 0.956788 0.000001 0.000000 0.000000 0.000000 1.000000
0.973166 -0.206511 0.101493 0.867457 0.226838 0.935034 -0.272499 0.171572 -0.038625 0.288210 0.956788 -0.000001 0.000000 0.000000 0.000000 1.000000
0.973167 -0.206508 0.101495 0.867454 0.226836 0.935035 -0.272499 0.171572 -0.038628 0.288209 0.956788 0.000000 0.000000 0.000000 0.000000 1.000000
0.973166 -0.206509 0.101494 0.867449 0.226837 0.935034 -0.272499 0.171570 -0.038627 0.288210 0.956788 0.000000 0.000000 0.000000 0.000000 1.000000
0.973166 -0.206511 0.101493 0.867458 0.226838 0.935034 -0.272499 0.171572 -0.038625 0.288210 0.956788 -0.000001 0.000000 0.000000 0.000000 1.000000</float_array><technique_common><accessor source="#jnt_neck-Matrix-animation-output-transform-array" count="13" stride="16"><param type="float4x4"/></accessor></technique_common></source><source id="jnt_neck-Interpolations"><Name_array id="jnt_neck-Interpolations-array" count="13">
 LINEAR LINEAR LINEAR LINEAR LINEAR LINEAR LINEAR LINEAR LINEAR LINEAR LINEAR
LINEAR LINEAR</Name_array><technique_common><accessor source="#jnt_neck-Interpolations-array" count="13"><param type="name"/></accessor></technique_common></source><sampler id="jnt_neck-Matrix-animation-transform"><input semantic="INPUT" source="#jnt_neck-Matrix-animation-input"/><input semantic="OUTPUT" source="#jnt_neck-Matrix-animation-output-transform"/><input semantic="INTERPOLATION" source="#jnt_neck-Interpolations"/></sampler><channel source="#jnt_neck-Matrix-animation-transform" target="jnt_neck/matrix"/></animation></animation>
    <animation id="jnt_head-anim" name="jnt_head"><animation><source id="jnt_head-Matrix-animation-input"><float_array id="jnt_head-Matrix-animation-input-array" count="13">

0.000000 0.033333 0.066667 0.100000 0.133333 0.166667 0.200000 0.233333 0.266667 0.300000 0.333333 0.366667 0.400000</float_array><technique_common><accessor source="#jnt_head-Matrix-animation-input-array" count="13"><param name="TIME" type="float"/></accessor></technique_common></source><source id="jnt_head-Matrix-animation-output-transform"><float_array id="jnt_head-Matrix-animation-output-transform-array" count="208">

0.962032 0.272914 -0.003477 0.273591 -0.262118 0.920275 -0.290498 0.000000 -0.076081 0.280379 0.956869 0.000000 0.000000 0.000000 0.000000 1.000000
0.962032 0.272914 -0.003477 0.273591 -0.262118 0.920275 -0.290498 -0.000000 -0.076081 0.280379 0.956869 -0.000000 0.000000 0.000000 0.000000 1.000000
0.962032 0.272914 -0.003477 0.273591 -0.262118 0.920275 -0.290497 0.000001 -0.076081 0.280379 0.956869 0.000000 0.000000 0.000000 0.000000 1.000000
0.962032 0.272914 -0.003477 0.273592 -0.262118 0.920275 -0.290498 0.000000 -0.076081 0.280380 0.956869 0.000000 0.000000 0.000000 0.000000 1.000000
0.962032 0.272914 -0.003477 0.273592 -0.262118 0.920275 -0.290497 0.000001 -0.076081 0.280379 0.956869 0.000000 0.000000 0.000000 0.000000 1.000000
0.962032 0.272914 -0.003477 0.273591 -0.262118 0.920275 -0.290497 0.000000 -0.076081 0.280379 0.956869 0.000000 0.000000 0.000000 0.000000 1.000000
0.962032 0.272914 -0.003477 0.273593 -0.262118 0.920275 -0.290498 0.000000 -0.076081 0.280379 0.956869 0.000000 0.000000 0.000000 0.000000 1.000000
0.962032 0.272914 -0.003477 0.273592 -0.262118 0.920275 -0.290498 0.000000 -0.076081 0.280379 0.956869 0.000000 0.000000 0.000000 0.000000 1.000000
0.962032 0.272914 -0.003478 0.273591 -0.262119 0.920274 -0.290497 0.000000 -0.076081 0.280379 0.956869 0.000000 0.000000 0.000000 0.000000 1.000000
0.962032 0.272914 -0.003477 0.273592 -0.262118 0.920275 -0.290498 0.000000 -0.076081 0.280379 0.956869 0.000000 0.000000 0.000000 0.000000 1.000000
0.962032 0.272914 -0.003477 0.273591 -0.262118 0.920275 -0.290497 0.000000 -0.076081 0.280379 0.956869 0.000000 0.000000 0.000000 0.000000 1.000000
0.962032 0.272914 -0.003478 0.273591 -0.262118 0.920275 -0.290498 -0.000000 -0.076081 0.280379 0.956869 -0.000000 0.000000 0.000000 0.000000 1.000000
0.962032 0.272914 -0.003478 0.273593 -0.262118 0.920275 -0.290498 0.000000 -0.076081 0.280379 0.956869 -0.000000 0.000000 0.000000 0.000000 1.000000</float_array><technique_common><accessor source="#jnt_head-Matrix-animation-output-transform-array" count="13" stride="16"><param type="float4x4"/></accessor></technique_common></source><source id="jnt_head-Interpolations"><Name_array id="jnt_head-Interpolations-array" count="13">
 LINEAR LINEAR LINEAR LINEAR LINEAR LINEAR LINEAR LINEAR LINEAR LINEAR LINEAR
LINEAR LINEAR</Name_array><technique_common><accessor source="#jnt_head-Interpolations-array" count="13"><param type="name"/></accessor></technique_common></source><sampler id="jnt_head-Matrix-animation-transform"><input semantic="INPUT" source="#jnt_head-Matrix-animation-input"/><input semantic="OUTPUT" source="#jnt_head-Matrix-animation-output-transform"/><input semantic="INTERPOLATION" source="#jnt_head-Interpolations"/></sampler><channel source="#jnt_head-Matrix-animation-transform" target="jnt_head/matrix"/></animation></animation>
    <animation id="jnt_left_shoulder-anim" name="jnt_left_shoulder"><animation><source id="jnt_left_shoulder-Matrix-animation-input"><float_array id="jnt_left_shoulder-Matrix-animation-input-array" count="13">

0.000000 0.033333 0.066667 0.100000 0.133333 0.166667 0.200000 0.233333 0.266667 0.300000 0.333333 0.366667 0.400000</float_array><technique_common><accessor source="#jnt_left_shoulder-Matrix-animation-input-array" count="13"><param name="TIME" type="float"/></accessor></technique_common></source><source id="jnt_left_shoulder-Matrix-animation-output-transform"><float_array id="jnt_left_shoulder-Matrix-animation-output-transform-array" count="208">

-0.349601 -0.584392 -0.732301 0.635987 -0.097784 -0.754595 0.648865 0.114392 -0.931782 0.298451 0.206662 0.266187 0.000000 0.000000 0.000000 1.000000
-0.349601 -0.584392 -0.732301 0.635987 -0.097784 -0.754594 0.648865 0.114391 -0.931782 0.298451 0.206662 0.266187 0.000000 0.000000 0.000000 1.000000
-0.349601 -0.584392 -0.732301 0.635987 -0.097785 -0.754595 0.648865 0.114392 -0.931782 0.298452 0.206663 0.266187 0.000000 0.000000 0.000000 1.000000
-0.349601 -0.584392 -0.732301 0.635987 -0.097784 -0.754595 0.648865 0.114392 -0.931782 0.298451 0.206662 0.266187 0.000000 0.000000 0.000000 1.000000
-0.349601 -0.584392 -0.732301 0.635987 -0.097785 -0.754594 0.648865 0.114392 -0.931782 0.298452 0.206662 0.266187 0.000000 0.000000 0.000000 1.000000
-0.349601 -0.584392 -0.732301 0.635987 -0.097785 -0.754594 0.648865 0.114392 -0.931782 0.298452 0.206662 0.266187 0.000000 0.000000 0.000000 1.000000
-0.349601 -0.584392 -0.732301 0.635987 -0.097785 -0.754595 0.648865 0.114392 -0.931782 0.298451 0.206662 0.266187 0.000000 0.000000 0.000000 1.000000
-0.349601 -0.584392 -0.732301 0.635987 -0.097784 -0.754595 0.648865 0.114392 -0.931782 0.298451 0.206662 0.266187 0.000000 0.000000 0.000000 1.000000
-0.349601 -0.584392 -0.732301 0.635987 -0.097784 -0.754594 0.648865 0.114391 -0.931782 0.298451 0.206662 0.266187 0.000000 0.000000 0.000000 1.000000
-0.349601 -0.584392 -0.732301 0.635987 -0.097784 -0.754594 0.648865 0.114391 -0.931782 0.298451 0.206662 0.266187 0.000000 0.000000 0.000000 1.000000
-0.349601 -0.584392 -0.732301 0.635987 -0.097784 -0.754594 0.648865 0.114392 -0.931782 0.298451 0.206662 0.266187 0.000000 0.000000 0.000000 1.000000
-0.349601 -0.584392 -0.732301 0.635987 -0.097784 -0.754594 0.648865 0.114392 -0.931782 0.298451 0.206662 0.266187 0.000000 0.000000 0.000000 1.000000
-0.349601 -0.584392 -0.732301 0.635987 -0.097784 -0.754594 0.648865 0.114392 -0.931782 0.298451 0.206662 0.266187 0.000000 0.000000 0.000000 1.000000</float_array><technique_common><accessor source="#jnt_left_shoulder-Matrix-animation-output-transform-array" count="13" stride="16"><param type="float4x4"/></accessor></technique_common></source><source id="jnt_left_shoulder-Interpolations"><Name_array id="jnt_left_shoulder-Interpolations-array" count="13">
 LINEAR LINEAR LINEAR LINEAR LINEAR LINEAR LINEAR LINEAR LINEAR LINEAR LINEAR
LINEAR LINEAR</Name_array><technique_common><accessor source="#jnt_left_shoulder-Interpolations-array" count="13"><param type="name"/></accessor></technique_common></source><sampler id="jnt_left_shoulder-Matrix-animation-transform"><input semantic="INPUT" source="#jnt_left_shoulder-Matrix-animation-input"/><input semantic="OUTPUT" source="#jnt_left_shoulder-Matrix-animation-output-transform"/><input semantic="INTERPOLATION" source="#jnt_left_shoulder-Interpolations"/></sampler><channel source="#jnt_left_shoulder-Matrix-animation-transform" target="jnt_left_shoulder/matrix"/></animation></animation>
    <animation id="jnt_left_arm-anim" name="jnt_left_arm"><animation><source id="jnt_left_arm-Matrix-animation-input"><float_array id="jnt_left_arm-Matrix-animation-input-array" count="13">

0.000000 0.033333 0.066667 0.100000 0.133333 0.166667 0.200000 0.233333 0.266667 0.300000 0.333333 0.366667 0.400000</float_array><technique_common><accessor source="#jnt_left_arm-Matrix-animation-input-array" count="13"><param name="TIME" type="float"/></accessor></technique_common></source><source id="jnt_left_arm-Matrix-animation-output-transform"><float_array id="jnt_left_arm-Matrix-animation-output-transform-array" count="208">

-0.130159 -0.472087 0.871890 -0.525417 0.549276 0.697765 0.459804 -0.032447 -0.825442 0.538756 0.168486 0.009491 0.000000 0.000000 0.000000 1.000000
-0.118317 -0.486256 0.865769 -0.525417 0.556118 0.689877 0.463467 -0.032447 -0.822638 0.536306 0.188792 0.009491 0.000000 0.000000 0.000000 1.000000
-0.104245 -0.508793 0.854554 -0.525417 0.564473 0.677164 0.472036 -0.032447 -0.818842 0.531581 0.216609 0.009491 0.000000 0.000000 0.000000 1.000000
-0.099882 -0.516290 0.850569 -0.525417 0.567130 0.672849 0.475013 -0.032448 -0.817550 0.529828 0.225598 0.009491 0.000000 0.000000 0.000000 1.000000
-0.107436 -0.507665 0.854830 -0.525416 0.562663 0.677818 0.473258 -0.032447 -0.819675 0.531826 0.212822 0.009491 0.000000 0.000000 0.000000 1.000000
-0.111148 -0.499972 0.858880 -0.525417 0.560386 0.682204 0.469645 -0.032448 -0.820740 0.533504 0.204352 0.009492 0.000000 0.000000 0.000000 1.000000
-0.112767 -0.496788 0.860514 -0.525417 0.559400 0.684007 0.468195 -0.032447 -0.821191 0.534169 0.200770 0.009491 0.000000 0.000000 0.000000 1.000000
-0.116408 -0.490566 0.863594 -0.525417 0.557233 0.687504 0.465650 -0.032447 -0.822156 0.535429 0.193329 0.009491 0.000000 0.000000 0.000000 1.000000
-0.123795 -0.484442 0.866020 -0.525417 0.552971 0.690986 0.465576 -0.032448 -0.823953 0.536520 0.182341 0.009492 0.000000 0.000000 0.000000 1.000000
-0.124441 -0.481544 0.867543 -0.525417 0.552575 0.692572 0.463686 -0.032447 -0.824121 0.537084 0.179905 0.009491 0.000000 0.000000 0.000000 1.000000
-0.124183 -0.478801 0.869096 -0.525417 0.552708 0.694036 0.461333 -0.032447 -0.824071 0.537646 0.178450 0.009492 0.000000 0.000000 0.000000 1.000000
-0.126728 -0.473937 0.871392 -0.525417 0.551240 0.696688 0.459086 -0.032447 -0.824667 0.538525 0.172963 0.009491 0.000000 0.000000 0.000000 1.000000
-0.128854 -0.471339 0.872489 -0.525417 0.550024 0.698119 0.458370 -0.032447 -0.825149 0.538953 0.169292 0.009491 0.000000 0.000000 0.000000 1.000000</float_array><technique_common><accessor source="#jnt_left_arm-Matrix-animation-output-transform-array" count="13" stride="16"><param type="float4x4"/></accessor></technique_common></source><source id="jnt_left_arm-Interpolations"><Name_array id="jnt_left_arm-Interpolations-array" count="13">
 LINEAR LINEAR LINEAR LINEAR LINEAR LINEAR LINEAR LINEAR LINEAR LINEAR LINEAR
LINEAR LINEAR</Name_array><technique_common><accessor source="#jnt_left_arm-Interpolations-array" count="13"><param type="name"/></accessor></technique_common></source><sampler id="jnt_left_arm-Matrix-animation-transform"><input semantic="INPUT" source="#jnt_left_arm-Matrix-animation-input"/><input semantic="OUTPUT" source="#jnt_left_arm-Matrix-animation-output-transform"/><input semantic="INTERPOLATION" source="#jnt_left_arm-Interpolations"/></sampler><channel source="#jnt_left_arm-Matrix-animation-transform" target="jnt_left_arm/matrix"/></animation></animation>
    <animation id="jnt_left_armroll-anim" name="jnt_left_armroll"><animation><source id="jnt_left_armroll-Matrix-animation-input"><float_array id="jnt_left_armroll-Matrix-animation-input-array" count="13">

0.000000 0.033333 0.066667 0.100000 0.133333 0.166667 0.200000 0.233333 0.266667 0.300000 0.333333 0.366667 0.400000</float_array><technique_common><accessor source="#jnt_left_armroll-Matrix-animation-input-array" count="13"><param name="TIME" type="float"/></accessor></technique_common></source><source id="jnt_left_armroll-Matrix-animation-output-transform"><float_array id="jnt_left_armroll-Matrix-animation-output-transform-array" count="208">

1.000000 0.000009 -0.000001 -0.421995 -0.000008 0.855784 -0.517334 0.000002 -0.000004 0.517334 0.855784 -0.000004 0.000000 0.000000 0.000000 1.000000
1.000000 0.000009 -0.000001 -0.421995 -0.000008 0.853485 -0.521118 0.000001 -0.000004 0.521118 0.853485 -0.000004 0.000000 0.000000 0.000000 1.000000
1.000000 0.000009 -0.000001 -0.421995 -0.000008 0.849426 -0.527707 0.000001 -0.000004 0.527707 0.849426 -0.000004 0.000000 0.000000 0.000000 1.000000
1.000000 0.000009 -0.000001 -0.421995 -0.000008 0.847481 -0.530825 0.000001 -0.000004 0.530825 0.847481 -0.000004 0.000000 0.000000 0.000000 1.000000
1.000000 0.000009 -0.000001 -0.421995 -0.000008 0.848797 -0.528720 0.000001 -0.000004 0.528720 0.848797 -0.000004 0.000000 0.000000 0.000000 1.000000
1.000000 0.000009 -0.000001 -0.421995 -0.000008 0.851512 -0.524336 0.000002 -0.000004 0.524336 0.851512 -0.000004 0.000000 0.000000 0.000000 1.000000
1.000000 0.000009 -0.000001 -0.421995 -0.000008 0.853520 -0.521059 0.000001 -0.000004 0.521059 0.853520 -0.000004 0.000000 0.000000 0.000000 1.000000
1.000000 0.000009 -0.000001 -0.421995 -0.000008 0.854643 -0.519216 0.000001 -0.000004 0.519216 0.854643 -0.000004 0.000000 0.000000 0.000000 1.000000
1.000000 0.000009 -0.000001 -0.421995 -0.000008 0.855207 -0.518286 0.000001 -0.000004 0.518286 0.855207 -0.000004 0.000000 0.000000 0.000000 1.000000
1.000000 0.000009 -0.000001 -0.421995 -0.000008 0.855539 -0.517738 0.000001 -0.000004 0.517738 0.855539 -0.000004 0.000000 0.000000 0.000000 1.000000
1.000000 0.000009 -0.000001 -0.421995 -0.000008 0.855805 -0.517299 0.000001 -0.000004 0.517299 0.855805 -0.000004 0.000000 0.000000 0.000000 1.000000
1.000000 0.000009 -0.000001 -0.421995 -0.000008 0.855956 -0.517049 0.000001 -0.000004 0.517049 0.855956 -0.000004 0.000000 0.000000 0.000000 1.000000
1.000000 0.000009 -0.000001 -0.421995 -0.000008 0.856003 -0.516971 0.000001 -0.000004 0.516971 0.856003 -0.000004 0.000000 0.000000 0.000000 1.000000</float_array><technique_common><accessor source="#jnt_left_armroll-Matrix-animation-output-transform-array" count="13" stride="16"><param type="float4x4"/></accessor></technique_common></source><source id="jnt_left_armroll-Interpolations"><Name_array id="jnt_left_armroll-Interpolations-array" count="13">
 LINEAR LINEAR LINEAR LINEAR LINEAR LINEAR LINEAR LINEAR LINEAR LINEAR LINEAR
LINEAR LINEAR</Name_array><technique_common><accessor source="#jnt_left_armroll-Interpolations-array" count="13"><param type="name"/></accessor></technique_common></source><sampler id="jnt_left_armroll-Matrix-animation-transform"><input semantic="INPUT" source="#jnt_left_armroll-Matrix-animation-input"/><input semantic="OUTPUT" source="#jnt_left_armroll-Matrix-animation-output-transform"/><input semantic="INTERPOLATION" source="#jnt_left_armroll-Interpolations"/></sampler><channel source="#jnt_left_armroll-Matrix-animation-transform" target="jnt_left_armroll/matrix"/></animation></animation>
    <animation id="jnt_left_forearm-anim" name="jnt_left_forearm"><animation><source id="jnt_left_forearm-Matrix-animation-input"><float_array id="jnt_left_forearm-Matrix-animation-input-array" count="13">

0.000000 0.033333 0.066667 0.100000 0.133333 0.166667 0.200000 0.233333 0.266667 0.300000 0.333333 0.366667 0.400000</float_array><technique_common><accessor source="#jnt_left_forearm-Matrix-animation-input-array" count="13"><param name="TIME" type="float"/></accessor></technique_common></source><source id="jnt_left_forearm-Matrix-animation-output-transform"><float_array id="jnt_left_forearm-Matrix-animation-output-transform-array" count="208">

0.488694 -0.824162 -0.286245 -0.843978 0.871666 0.447273 0.200363 -0.000103 -0.037102 -0.347426 0.936973 -0.002456 0.000000 0.000000 0.000000 1.000000
0.488681 -0.825264 -0.283073 -0.843981 0.871603 0.447394 0.200364 0.000012 -0.038708 -0.344641 0.937936 0.000464 0.000000 0.000000 0.000000 1.000000
0.488668 -0.825178 -0.283345 -0.843981 0.871619 0.447393 0.200299 0.000000 -0.038516 -0.344848 0.937868 0.000466 0.000000 0.000000 0.000000 1.000000
0.488674 -0.824958 -0.283976 -0.843981 0.871631 0.447381 0.200275 -0.000002 -0.038173 -0.345391 0.937682 0.000251 0.000000 0.000000 0.000000 1.000000
0.488767 -0.824004 -0.286573 -0.843979 0.871636 0.447360 0.200298 0.000000 -0.036845 -0.347687 0.936887 -0.001746 0.000000 0.000000 0.000000 1.000000
0.488711 -0.824424 -0.285460 -0.843981 0.871642 0.447342 0.200315 -0.000005 -0.037446 -0.346715 0.937223 -0.000584 0.000000 0.000000 0.000000 1.000000
0.488689 -0.824464 -0.285381 -0.843981 0.871652 0.447321 0.200315 0.000000 -0.037496 -0.346645 0.937247 -0.000041 0.000000 0.000000 0.000000 1.000000
0.488677 -0.824318 -0.285823 -0.843981 0.871668 0.447289 0.200320 0.000012 -0.037282 -0.347034 0.937111 0.000595 0.000000 0.000000 0.000000 1.000000
0.488724 -0.822670 -0.290454 -0.843977 0.871741 0.447160 0.200290 -0.000069 -0.034893 -0.351086 0.935693 -0.002523 0.000000 0.000000 0.000000 1.000000
0.488701 -0.823023 -0.289492 -0.843980 0.871733 0.447170 0.200301 -0.000037 -0.035400 -0.350246 0.935988 -0.001192 0.000000 0.000000 0.000000 1.000000
0.488686 -0.823909 -0.286982 -0.843981 0.871687 0.447245 0.200333 0.000022 -0.036705 -0.348059 0.936754 0.000610 0.000000 0.000000 0.000000 1.000000
0.488686 -0.824313 -0.285821 -0.843981 0.871661 0.447283 0.200360 0.000034 -0.037317 -0.347052 0.937103 0.000825 0.000000 0.000000 0.000000 1.000000
0.488691 -0.824234 -0.286042 -0.843981 0.871663 0.447278 0.200365 0.000009 -0.037207 -0.347248 0.937035 0.000185 0.000000 0.000000 0.000000 1.000000</float_array><technique_common><accessor source="#jnt_left_forearm-Matrix-animation-output-transform-array" count="13" stride="16"><param type="float4x4"/></accessor></technique_common></source><source id="jnt_left_forearm-Interpolations"><Name_array id="jnt_left_forearm-Interpolations-array" count="13">
 LINEAR LINEAR LINEAR LINEAR LINEAR LINEAR LINEAR LINEAR LINEAR LINEAR LINEAR
LINEAR LINEAR</Name_array><technique_common><accessor source="#jnt_left_forearm-Interpolations-array" count="13"><param type="name"/></accessor></technique_common></source><sampler id="jnt_left_forearm-Matrix-animation-transform"><input semantic="INPUT" source="#jnt_left_forearm-Matrix-animation-input"/><input semantic="OUTPUT" source="#jnt_left_forearm-Matrix-animation-output-transform"/><input semantic="INTERPOLATION" source="#jnt_left_forearm-Interpolations"/></sampler><channel source="#jnt_left_forearm-Matrix-animation-transform" target="jnt_left_forearm/matrix"/></animation></animation>
    <animation id="jnt_left_forearmroll-anim" name="jnt_left_forearmroll"><animation><source id="jnt_left_forearmroll-Matrix-animation-input"><float_array id="jnt_left_forearmroll-Matrix-animation-input-array" count="13">

0.000000 0.033333 0.066667 0.100000 0.133333 0.166667 0.200000 0.233333 0.266667 0.300000 0.333333 0.366667 0.400000</float_array><technique_common><accessor source="#jnt_left_forearmroll-Matrix-animation-input-array" count="13"><param name="TIME" type="float"/></accessor></technique_common></source><source id="jnt_left_forearmroll-Matrix-animation-output-transform"><float_array id="jnt_left_forearmroll-Matrix-animation-output-transform-array" count="208">

1.000000 -0.000005 -0.000001 -0.487002 0.000004 0.788102 0.615544 -0.000000 -0.000002 -0.615544 0.788102 -0.000004 0.000000 0.000000 0.000000 1.000000
1.000000 -0.000005 -0.000001 -0.487001 0.000004 0.792425 0.609969 -0.000000 -0.000002 -0.609969 0.792425 -0.000004 0.000000 0.000000 0.000000 1.000000
1.000000 -0.000005 -0.000001 -0.487001 0.000004 0.799466 0.600711 -0.000000 -0.000002 -0.600711 0.799466 -0.000004 0.000000 0.000000 0.000000 1.000000
