<?xml version="1.0" encoding="utf-8"?>
<COLLADA xmlns="http://www.collada.org/2005/11/COLLADASchema" version="1.4.1">
  <asset><contributor><author></author><authoring_tool>FBX COLLADA exporter</authoring_tool><comments></comments></contributor><created>2020-02-12T17:28:46Z</created><keywords></keywords><modified>2020-02-12T17:28:46Z</modified><revision></revision><subject></subject><title></title><unit meter="0.010000" name="centimeter"></unit><up_axis>Y_UP</up_axis></asset>
  <library_animations>
    <animation id="jnt_right_weapon-anim" name="jnt_right_weapon"><animation><source id="jnt_right_weapon-Matrix-animation-input"><float_array id="jnt_right_weapon-Matrix-animation-input-array" count="19">

0.000000 0.033333 0.066667 0.100000 0.133333 0.166667 0.200000 0.233333 0.266667 0.300000 0.333333 0.366667 0.400000 0.433333 0.466667 0.500000
0.533333 0.566667 0.600000</float_array><technique_common><accessor source="#jnt_right_weapon-Matrix-animation-input-array" count="19"><param name="TIME" type="float"/></accessor></technique_common></source><source id="jnt_right_weapon-Matrix-animation-output-transform"><float_array id="jnt_right_weapon-Matrix-animation-output-transform-array" count="304">

1.000000 0.000000 0.000000 0.000000 0.000000 1.000000 0.000000 0.000000 0.000000 0.000000 1.000000 0.000000 0.000000 0.000000 0.000000 1.000000
1.000000 0.000000 0.000000 0.000000 0.000000 1.000000 0.000000 0.000000 0.000000 0.000000 1.000000 0.000000 0.000000 0.000000 0.000000 1.000000
1.000000 0.000000 0.000000 0.000000 0.000000 1.000000 0.000000 0.000000 0.000000 0.000000 1.000000 0.000000 0.000000 0.000000 0.000000 1.000000
1.000000 0.000000 0.000000 0.000000 0.000000 1.000000 0.000000 0.000000 0.000000 0.000000 1.000000 0.000000 0.000000 0.000000 0.000000 1.000000
1.000000 0.000000 0.000000 0.000000 0.000000 1.000000 0.000000 0.000000 0.000000 0.000000 1.000000 0.000000 0.000000 0.000000 0.000000 1.000000
1.000000 0.000000 0.000000 0.000000 0.000000 1.000000 0.000000 0.000000 0.000000 0.000000 1.000000 0.000000 0.000000 0.000000 0.000000 1.000000
1.000000 0.000000 0.000000 0.000000 0.000000 1.000000 0.000000 0.000000 0.000000 0.000000 1.000000 0.000000 0.000000 0.000000 0.000000 1.000000
1.000000 0.000000 0.000000 0.000000 0.000000 1.000000 0.000000 0.000000 0.000000 0.000000 1.000000 0.000000 0.000000 0.000000 0.000000 1.000000
1.000000 0.000000 0.000000 0.000000 0.000000 1.000000 0.000000 0.000000 0.000000 0.000000 1.000000 0.000000 0.000000 0.000000 0.000000 1.000000
1.000000 0.000000 0.000000 0.000000 0.000000 1.000000 0.000000 0.000000 0.000000 0.000000 1.000000 0.000000 0.000000 0.000000 0.000000 1.000000
1.000000 0.000000 0.000000 0.000000 0.000000 1.000000 0.000000 0.000000 0.000000 0.000000 1.000000 0.000000 0.000000 0.000000 0.000000 1.000000
1.000000 0.000000 0.000000 0.000000 0.000000 1.000000 0.000000 0.000000 0.000000 0.000000 1.000000 0.000000 0.000000 0.000000 0.000000 1.000000
1.000000 0.000000 0.000000 0.000000 0.000000 1.000000 0.000000 0.000000 0.000000 0.000000 1.000000 0.000000 0.000000 0.000000 0.000000 1.000000
1.000000 0.000000 0.000000 0.000000 0.000000 1.000000 0.000000 0.000000 0.000000 0.000000 1.000000 0.000000 0.000000 0.000000 0.000000 1.000000
1.000000 0.000000 0.000000 0.000000 0.000000 1.000000 0.000000 0.000000 0.000000 0.000000 1.000000 0.000000 0.000000 0.000000 0.000000 1.000000
1.000000 0.000000 0.000000 0.000000 0.000000 1.000000 0.000000 0.000000 0.000000 0.000000 1.000000 0.000000 0.000000 0.000000 0.000000 1.000000
1.000000 0.000000 0.000000 0.000000 0.000000 1.000000 0.000000 0.000000 0.000000 0.000000 1.000000 0.000000 0.000000 0.000000 0.000000 1.000000
1.000000 0.000000 0.000000 0.000000 0.000000 1.000000 0.000000 0.000000 0.000000 0.000000 1.000000 0.000000 0.000000 0.000000 0.000000 1.000000
1.000000 0.000000 0.000000 0.000000 0.000000 1.000000 0.000000 0.000000 0.000000 0.000000 1.000000 0.000000 0.000000 0.000000 0.000000 1.000000</float_array><technique_common><accessor source="#jnt_right_weapon-Matrix-animation-output-transform-array" count="19" stride="16"><param type="float4x4"/></accessor></technique_common></source><source id="jnt_right_weapon-Interpolations"><Name_array id="jnt_right_weapon-Interpolations-array" count="19">
 LINEAR LINEAR LINEAR LINEAR LINEAR LINEAR LINEAR LINEAR LINEAR LINEAR LINEAR
LINEAR LINEAR LINEAR LINEAR LINEAR LINEAR LINEAR LINEAR</Name_array><technique_common><accessor source="#jnt_right_weapon-Interpolations-array" count="19"><param type="name"/></accessor></technique_common></source><sampler id="jnt_right_weapon-Matrix-animation-transform"><input semantic="INPUT" source="#jnt_right_weapon-Matrix-animation-input"/><input semantic="OUTPUT" source="#jnt_right_weapon-Matrix-animation-output-transform"/><input semantic="INTERPOLATION" source="#jnt_right_weapon-Interpolations"/></sampler><channel source="#jnt_right_weapon-Matrix-animation-transform" target="jnt_right_weapon/matrix"/></animation></animation>
    <animation id="root_longsandwich-anim" name="root_longsandwich"><animation><source id="root_longsandwich-Matrix-animation-input"><float_array id="root_longsandwich-Matrix-animation-input-array" count="19">

0.000000 0.033333 0.066667 0.100000 0.133333 0.166667 0.200000 0.233333 0.266667 0.300000 0.333333 0.366667 0.400000 0.433333 0.466667 0.500000
0.533333 0.566667 0.600000</float_array><technique_common><accessor source="#root_longsandwich-Matrix-animation-input-array" count="19"><param name="TIME" type="float"/></accessor></technique_common></source><source id="root_longsandwich-Matrix-animation-output-transform"><float_array id="root_longsandwich-Matrix-animation-output-transform-array" count="304">

0.183038 0.930315 -0.317824 0.681000 -0.224594 0.354306 0.907758 -1.020000 0.957107 -0.094773 0.273795 -0.269000 0.000000 0.000000 0.000000 1.000000
0.183038 0.930315 -0.317824 0.681000 -0.224594 0.354306 0.907758 -1.020000 0.957107 -0.094773 0.273795 -0.269000 0.000000 0.000000 0.000000 1.000000
0.183038 0.930315 -0.317824 0.681000 -0.224594 0.354306 0.907758 -1.020000 0.957107 -0.094773 0.273795 -0.269000 0.000000 0.000000 0.000000 1.000000
0.183038 0.930315 -0.317824 0.681000 -0.224594 0.354306 0.907758 -1.020000 0.957107 -0.094773 0.273795 -0.269000 0.000000 0.000000 0.000000 1.000000
0.183038 0.930315 -0.317824 0.681000 -0.224594 0.354306 0.907758 -1.020000 0.957107 -0.094773 0.273795 -0.269000 0.000000 0.000000 0.000000 1.000000
0.183038 0.930315 -0.317824 0.681000 -0.224594 0.354306 0.907758 -1.020000 0.957107 -0.094773 0.273795 -0.269000 0.000000 0.000000 0.000000 1.000000
0.183038 0.930315 -0.317824 0.681000 -0.224594 0.354306 0.907758 -1.020000 0.957107 -0.094773 0.273795 -0.269000 0.000000 0.000000 0.000000 1.000000
0.183038 0.930315 -0.317824 0.681000 -0.224594 0.354306 0.907758 -1.020000 0.957107 -0.094773 0.273795 -0.269000 0.000000 0.000000 0.000000 1.000000
0.183038 0.930315 -0.317824 0.681000 -0.224594 0.354306 0.907758 -1.020000 0.957107 -0.094773 0.273795 -0.269000 0.000000 0.000000 0.000000 1.000000
0.183038 0.930315 -0.317824 0.681000 -0.224594 0.354306 0.907758 -1.020000 0.957107 -0.094773 0.273795 -0.269000 0.000000 0.000000 0.000000 1.000000
0.183038 0.930315 -0.317824 0.681000 -0.224594 0.354306 0.907758 -1.020000 0.957107 -0.094773 0.273795 -0.269000 0.000000 0.000000 0.000000 1.000000
0.183038 0.930315 -0.317824 0.681000 -0.224594 0.354306 0.907758 -1.020000 0.957107 -0.094773 0.273795 -0.269000 0.000000 0.000000 0.000000 1.000000
0.183038 0.930315 -0.317824 0.681000 -0.224594 0.354306 0.907758 -1.020000 0.957107 -0.094773 0.273795 -0.269000 0.000000 0.000000 0.000000 1.000000
0.183038 0.930315 -0.317824 0.681000 -0.224594 0.354306 0.907758 -1.020000 0.957107 -0.094773 0.273795 -0.269000 0.000000 0.000000 0.000000 1.000000
0.183038 0.930315 -0.317824 0.681000 -0.224594 0.354306 0.907758 -1.020000 0.957107 -0.094773 0.273795 -0.269000 0.000000 0.000000 0.000000 1.000000
0.183038 0.930315 -0.317824 0.681000 -0.224594 0.354306 0.907758 -1.020000 0.957107 -0.094773 0.273795 -0.269000 0.000000 0.000000 0.000000 1.000000
0.183038 0.930315 -0.317824 0.681000 -0.224594 0.354306 0.907758 -1.020000 0.957107 -0.094773 0.273795 -0.269000 0.000000 0.000000 0.000000 1.000000
0.183038 0.930315 -0.317824 0.681000 -0.224594 0.354306 0.907758 -1.020000 0.957107 -0.094773 0.273795 -0.269000 0.000000 0.000000 0.000000 1.000000
0.183038 0.930315 -0.317824 0.681000 -0.224594 0.354306 0.907758 -1.020000 0.957107 -0.094773 0.273795 -0.269000 0.000000 0.000000 0.000000 1.000000</float_array><technique_common><accessor source="#root_longsandwich-Matrix-animation-output-transform-array" count="19" stride="16"><param type="float4x4"/></accessor></technique_common></source><source id="root_longsandwich-Interpolations"><Name_array id="root_longsandwich-Interpolations-array" count="19">
 LINEAR LINEAR LINEAR LINEAR LINEAR LINEAR LINEAR LINEAR LINEAR LINEAR LINEAR
LINEAR LINEAR LINEAR LINEAR LINEAR LINEAR LINEAR LINEAR</Name_array><technique_common><accessor source="#root_longsandwich-Interpolations-array" count="19"><param type="name"/></accessor></technique_common></source><sampler id="root_longsandwich-Matrix-animation-transform"><input semantic="INPUT" source="#root_longsandwich-Matrix-animation-input"/><input semantic="OUTPUT" source="#root_longsandwich-Matrix-animation-output-transform"/><input semantic="INTERPOLATION" source="#root_longsandwich-Interpolations"/></sampler><channel source="#root_longsandwich-Matrix-animation-transform" target="root_longsandwich/matrix"/></animation></animation>
    <animation id="front01_jnt-anim" name="front01_jnt"><animation><source id="front01_jnt-Matrix-animation-input"><float_array id="front01_jnt-Matrix-animation-input-array" count="19">

0.000000 0.033333 0.066667 0.100000 0.133333 0.166667 0.200000 0.233333 0.266667 0.300000 0.333333 0.366667 0.400000 0.433333 0.466667 0.500000
0.533333 0.566667 0.600000</float_array><technique_common><accessor source="#front01_jnt-Matrix-animation-input-array" count="19"><param name="TIME" type="float"/></accessor></technique_common></source><source id="front01_jnt-Matrix-animation-output-transform"><float_array id="front01_jnt-Matrix-animation-output-transform-array" count="304">

1.000000 -0.000000 -0.000000 -0.000000 0.000000 1.000000 -0.000000 0.004721 0.000000 -0.000000 1.000000 1.211908 0.000000 0.000000 0.000000 1.000000
1.000000 -0.000000 -0.000000 0.000658 0.000000 0.997750 -0.067040 0.001113 0.000000 0.067040 0.997750 1.211751 0.000000 0.000000 0.000000 1.000000
1.000000 -0.000000 -0.000000 0.002220 0.000000 0.981684 -0.190515 -0.007450 0.000000 0.190515 0.981684 1.211377 0.000000 0.000000 0.000000 1.000000
1.000000 -0.000000 0.000000 0.004068 0.000000 0.966704 -0.255898 -0.017579 0.000000 0.255898 0.966704 1.210936 0.000000 0.000000 0.000000 1.000000
1.000000 -0.000000 0.000000 0.006582 0.000000 0.989779 -0.142609 -0.031361 0.000000 0.142609 0.989779 1.210335 0.000000 0.000000 0.000000 1.000000
1.000000 -0.000000 -0.000000 0.009382 0.000000 0.997428 0.071674 -0.046709 0.000000 -0.071674 0.997428 1.209666 0.000000 0.000000 0.000000 1.000000
1.000000 -0.000000 -0.000000 0.010707 0.000000 0.982489 0.186320 -0.053970 0.000000 -0.186320 0.982489 1.209350 0.000000 0.000000 0.000000 1.000000
1.000000 0.000000 -0.000000 0.009731 0.000000 0.990074 0.140544 -0.048620 0.000000 -0.140544 0.990074 1.209583 0.000000 0.000000 0.000000 1.000000
1.000000 -0.000000 -0.000000 0.007513 0.000000 0.999539 0.030351 -0.036465 0.000000 -0.030351 0.999539 1.210113 0.000000 0.000000 0.000000 1.000000
1.000000 -0.000000 -0.000000 0.005120 0.000000 0.994831 -0.101542 -0.023346 0.000000 0.101542 0.994831 1.210685 0.000000 0.000000 0.000000 1.000000
1.000000 -0.000000 0.000000 0.003616 0.000000 0.977534 -0.210780 -0.015103 0.000000 0.210780 0.977534 1.211044 0.000000 0.000000 0.000000 1.000000
1.000000 -0.000000 0.000000 0.004068 0.000000 0.966704 -0.255898 -0.017579 0.000000 0.255898 0.966704 1.210936 0.000000 0.000000 0.000000 1.000000
1.000000 -0.000000 -0.000000 0.006109 0.000000 0.982181 -0.187935 -0.028767 0.000000 0.187935 0.982181 1.210448 0.000000 0.000000 0.000000 1.000000
1.000000 -0.000000 -0.000000 0.008280 0.000000 0.999364 -0.035673 -0.040665 0.000000 0.035673 0.999364 1.209930 0.000000 0.000000 0.000000 1.000000
1.000000 -0.000000 -0.000000 0.010004 0.000000 0.993082 0.117426 -0.050118 0.000000 -0.117426 0.993082 1.209518 0.000000 0.000000 0.000000 1.000000
1.000000 -0.000000 -0.000000 0.010707 0.000000 0.982489 0.186320 -0.053970 0.000000 -0.186320 0.982489 1.209350 0.000000 0.000000 0.000000 1.000000
1.000000 -0.000000 -0.000000 0.007931 0.000000 0.990379 0.138381 -0.038754 0.000000 -0.138381 0.990379 1.210013 0.000000 0.000000 0.000000 1.000000
1.000000 -0.000000 -0.000000 0.002776 0.000000 0.998820 0.048570 -0.010495 0.000000 -0.048570 0.998820 1.211245 0.000000 0.000000 0.000000 1.000000
1.000000 -0.000000 -0.000000 -0.000000 0.000000 1.000000 -0.000000 0.004721 0.000000 -0.000000 1.000000 1.211908 0.000000 0.000000 0.000000 1.000000</float_array><technique_common><accessor source="#front01_jnt-Matrix-animation-output-transform-array" count="19" stride="16"><param type="float4x4"/></accessor></technique_common></source><source id="front01_jnt-Interpolations"><Name_array id="front01_jnt-Interpolations-array" count="19">
 LINEAR LINEAR LINEAR LINEAR LINEAR LINEAR LINEAR LINEAR LINEAR LINEAR LINEAR
LINEAR LINEAR LINEAR LINEAR LINEAR LINEAR LINEAR LINEAR</Name_array><technique_common><accessor source="#front01_jnt-Interpolations-array" count="19"><param type="name"/></accessor></technique_common></source><sampler id="front01_jnt-Matrix-animation-transform"><input semantic="INPUT" source="#front01_jnt-Matrix-animation-input"/><input semantic="OUTPUT" source="#front01_jnt-Matrix-animation-output-transform"/><input semantic="INTERPOLATION" source="#front01_jnt-Interpolations"/></sampler><channel source="#front01_jnt-Matrix-animation-transform" target="front01_jnt/matrix"/></animation></animation>
    <animation id="front02_jnt-anim" name="front02_jnt"><animation><source id="front02_jnt-Matrix-animation-input"><float_array id="front02_jnt-Matrix-animation-input-array" count="19">

0.000000 0.033333 0.066667 0.100000 0.133333 0.166667 0.200000 0.233333 0.266667 0.300000 0.333333 0.366667 0.400000 0.433333 0.466667 0.500000
0.533333 0.566667 0.600000</float_array><technique_common><accessor source="#front02_jnt-Matrix-animation-input-array" count="19"><param name="TIME" type="float"/></accessor></technique_common></source><source id="front02_jnt-Matrix-animation-output-transform"><float_array id="front02_jnt-Matrix-animation-output-transform-array" count="304">

1.000000 0.000000 -0.000000 -0.000000 0.000000 1.000000 0.000000 -0.000000 0.000000 -0.000000 1.000000 0.988216 0.000000 0.000000 0.000000 1.000000
1.000000 -0.000000 -0.000000 -0.002008 0.000000 0.997750 -0.067040 0.010801 -0.000000 0.067040 0.997750 0.989921 0.000000 0.000000 0.000000 1.000000
1.000000 -0.000000 0.000000 -0.006426 0.000000 0.981684 -0.190515 0.034563 -0.000000 0.190515 0.981684 0.993673 0.000000 0.000000 0.000000 1.000000
1.000000 0.000000 0.000000 -0.010843 0.000000 0.966704 -0.255898 0.058326 -0.000000 0.255898 0.966704 0.997424 0.000000 0.000000 0.000000 1.000000
1.000000 -0.000000 0.000000 -0.015261 0.000000 0.989779 -0.142609 0.082088 -0.000000 0.142609 0.989779 1.001175 0.000000 0.000000 0.000000 1.000000
1.000000 -0.000000 -0.000000 -0.019679 -0.000000 0.997428 0.071674 0.105850 -0.000000 -0.071674 0.997428 1.004927 0.000000 0.000000 0.000000 1.000000
1.000000 -0.000000 0.000000 -0.021687 0.000000 0.982489 0.186320 0.116651 0.000000 -0.186320 0.982489 1.006632 0.000000 0.000000 0.000000 1.000000
1.000000 0.000000 -0.000000 -0.019981 0.000000 0.990074 0.140544 0.107475 0.000000 -0.140544 0.990074 1.005183 0.000000 0.000000 0.000000 1.000000
1.000000 -0.000000 -0.000000 -0.016135 -0.000000 0.999539 0.030351 0.086788 0.000000 -0.030351 0.999539 1.001917 0.000000 0.000000 0.000000 1.000000
1.000000 0.000000 -0.000000 -0.012058 0.000000 0.994831 -0.101542 0.064858 0.000000 0.101542 0.994831 0.998455 0.000000 0.000000 0.000000 1.000000
1.000000 0.000000 -0.000000 -0.009658 0.000000 0.977534 -0.210780 0.051949 0.000000 0.210780 0.977534 0.996417 0.000000 0.000000 0.000000 1.000000
1.000000 0.000000 0.000000 -0.010843 0.000000 0.966704 -0.255898 0.058326 -0.000000 0.255898 0.966704 0.997424 0.000000 0.000000 0.000000 1.000000
1.000000 -0.000000 0.000000 -0.014571 0.000000 0.982181 -0.187935 0.078375 -0.000000 0.187935 0.982181 1.000589 0.000000 0.000000 0.000000 1.000000
1.000000 -0.000000 0.000000 -0.018072 0.000000 0.999364 -0.035673 0.097209 0.000000 0.035673 0.999364 1.003563 0.000000 0.000000 0.000000 1.000000
1.000000 0.000000 -0.000000 -0.020670 0.000000 0.993082 0.117426 0.111183 -0.000000 -0.117426 0.993082 1.005769 0.000000 0.000000 0.000000 1.000000
1.000000 -0.000000 0.000000 -0.021687 0.000000 0.982489 0.186320 0.116651 0.000000 -0.186320 0.982489 1.006632 0.000000 0.000000 0.000000 1.000000
1.000000 0.000000 -0.000000 -0.016064 0.000000 0.990379 0.138381 0.086408 0.000000 -0.138381 0.990379 1.001857 0.000000 0.000000 0.000000 1.000000
1.000000 -0.000000 0.000000 -0.005622 0.000000 0.998820 0.048570 0.030243 0.000000 -0.048570 0.998820 0.992991 0.000000 0.000000 0.000000 1.000000
1.000000 0.000000 -0.000000 -0.000000 0.000000 1.000000 0.000000 -0.000000 0.000000 -0.000000 1.000000 0.988216 0.000000 0.000000 0.000000 1.000000</float_array><technique_common><accessor source="#front02_jnt-Matrix-animation-output-transform-array" count="19" stride="16"><param type="float4x4"/></accessor></technique_common></source><source id="front02_jnt-Interpolations"><Name_array id="front02_jnt-Interpolations-array" count="19">
 LINEAR LINEAR LINEAR LINEAR LINEAR LINEAR LINEAR LINEAR LINEAR LINEAR LINEAR
LINEAR LINEAR LINEAR LINEAR LINEAR LINEAR LINEAR LINEAR</Name_array><technique_common><accessor source="#front02_jnt-Interpolations-array" count="19"><param type="name"/></accessor></technique_common></source><sampler id="front02_jnt-Matrix-animation-transform"><input semantic="INPUT" source="#front02_jnt-Matrix-animation-input"/><input semantic="OUTPUT" source="#front02_jnt-Matrix-animation-output-transform"/><input semantic="INTERPOLATION" source="#front02_jnt-Interpolations"/></sampler><channel source="#front02_jnt-Matrix-animation-transform" target="front02_jnt/matrix"/></animation></animation>
    <animation id="back01_jnt-anim" name="back01_jnt"><animation><source id="back01_jnt-Matrix-animation-input"><float_array id="back01_jnt-Matrix-animation-input-array" count="19">

0.000000 0.033333 0.066667 0.100000 0.133333 0.166667 0.200000 0.233333 0.266667 0.300000 0.333333 0.366667 0.400000 0.433333 0.466667 0.500000
0.533333 0.566667 0.600000</float_array><technique_common><accessor source="#back01_jnt-Matrix-animation-input-array" count="19"><param name="TIME" type="float"/></accessor></technique_common></source><source id="back01_jnt-Matrix-animation-output-transform"><float_array id="back01_jnt-Matrix-animation-output-transform-array" count="304">

1.000000 -0.000000 -0.000000 0.000000 0.000000 1.000000 -0.000000 0.000358 0.000000 -0.000000 1.000000 -1.254629 0.000000 0.000000 0.000000 1.000000
1.000000 -0.000000 -0.000000 0.004887 0.000000 0.995379 0.096020 -0.026431 0.000000 -0.096020 0.995379 -1.255797 0.000000 0.000000 0.000000 1.000000
1.000000 -0.000000 -0.000000 0.013963 0.000000 0.962488 0.271323 -0.076183 0.000000 -0.271323 0.962488 -1.257965 0.000000 0.000000 0.000000 1.000000
1.000000 -0.000000 -0.000000 0.018850 0.000000 0.931989 0.362487 -0.102972 0.000000 -0.362487 0.931989 -1.259132 0.000000 0.000000 0.000000 1.000000
1.000000 -0.000000 0.000000 0.018341 0.000000 0.972354 0.233511 -0.100186 0.000000 -0.233511 0.972354 -1.259011 0.000000 0.000000 0.000000 1.000000
1.000000 -0.000000 0.000000 0.017398 0.000000 0.999880 -0.015489 -0.095012 0.000000 0.015489 0.999880 -1.258785 0.000000 0.000000 0.000000 1.000000
1.000000 -0.000000 0.000000 0.016889 0.000000 0.988660 -0.150168 -0.092225 0.000000 0.150168 0.988660 -1.258664 0.000000 0.000000 0.000000 1.000000
1.000000 -0.000000 -0.000000 0.017093 0.000000 0.995349 -0.096335 -0.093343 0.000000 0.096335 0.995349 -1.258713 0.000000 0.000000 0.000000 1.000000
1.000000 -0.000000 -0.000000 0.017579 0.000000 0.999459 0.032885 -0.096008 0.000000 -0.032885 0.999459 -1.258829 0.000000 0.000000 0.000000 1.000000
1.000000 -0.000000 -0.000000 0.018160 0.000000 0.982509 0.186213 -0.099189 0.000000 -0.186213 0.982509 -1.258968 0.000000 0.000000 0.000000 1.000000
1.000000 -0.000000 -0.000000 0.018646 0.000000 0.950274 0.311414 -0.101854 0.000000 -0.311414 0.950274 -1.259084 0.000000 0.000000 0.000000 1.000000
1.000000 -0.000000 -0.000000 0.018850 0.000000 0.931989 0.362487 -0.102972 0.000000 -0.362487 0.931989 -1.259132 0.000000 0.000000 0.000000 1.000000
1.000000 -0.000000 -0.000000 0.018543 0.000000 0.958409 0.285400 -0.101293 0.000000 -0.285400 0.958409 -1.259059 0.000000 0.000000 0.000000 1.000000
1.000000 -0.000000 -0.000000 0.017870 0.000000 0.993945 0.109876 -0.097599 0.000000 -0.109876 0.993945 -1.258898 0.000000 0.000000 0.000000 1.000000
1.000000 -0.000000 -0.000000 0.017196 0.000000 0.997605 -0.069172 -0.093905 0.000000 0.069172 0.997605 -1.258737 0.000000 0.000000 0.000000 1.000000
1.000000 -0.000000 0.000000 0.016889 0.000000 0.988660 -0.150168 -0.092225 0.000000 0.150168 0.988660 -1.258664 0.000000 0.000000 0.000000 1.000000
1.000000 -0.000000 -0.000000 0.012511 0.000000 0.993773 -0.111426 -0.068222 0.000000 0.111426 0.993773 -1.257618 0.000000 0.000000 0.000000 1.000000
1.000000 -0.000000 -0.000000 0.004379 0.000000 0.999236 -0.039070 -0.023645 0.000000 0.039070 0.999236 -1.255675 0.000000 0.000000 0.000000 1.000000
1.000000 -0.000000 -0.000000 0.000000 0.000000 1.000000 -0.000000 0.000358 0.000000 -0.000000 1.000000 -1.254629 0.000000 0.000000 0.000000 1.000000</float_array><technique_common><accessor source="#back01_jnt-Matrix-animation-output-transform-array" count="19" stride="16"><param type="float4x4"/></accessor></technique_common></source><source id="back01_jnt-Interpolations"><Name_array id="back01_jnt-Interpolations-array" count="19">
 LINEAR LINEAR LINEAR LINEAR LINEAR LINEAR LINEAR LINEAR LINEAR LINEAR LINEAR
LINEAR LINEAR LINEAR LINEAR LINEAR LINEAR LINEAR LINEAR</Name_array><technique_common><accessor source="#back01_jnt-Interpolations-array" count="19"><param type="name"/></accessor></technique_common></source><sampler id="back01_jnt-Matrix-animation-transform"><input semantic="INPUT" source="#back01_jnt-Matrix-animation-input"/><input semantic="OUTPUT" source="#back01_jnt-Matrix-animation-output-transform"/><input semantic="INTERPOLATION" source="#back01_jnt-Interpolations"/></sampler><channel source="#back01_jnt-Matrix-animation-transform" target="back01_jnt/matrix"/></animation></animation>
    <animation id="back02_jnt-anim" name="back02_jnt"><animation><source id="back02_jnt-Matrix-animation-input"><float_array id="back02_jnt-Matrix-animation-input-array" count="19">

0.000000 0.033333 0.066667 0.100000 0.133333 0.166667 0.200000 0.233333 0.266667 0.300000 0.333333 0.366667 0.400000 0.433333 0.466667 0.500000
0.533333 0.566667 0.600000</float_array><technique_common><accessor source="#back02_jnt-Matrix-animation-input-array" count="19"><param name="TIME" type="float"/></accessor></technique_common></source><source id="back02_jnt-Matrix-animation-output-transform"><float_array id="back02_jnt-Matrix-animation-output-transform-array" count="304">

1.000000 0.000000 -0.000000 0.000000 0.000000 1.000000 0.000000 0.000000 0.000000 -0.000000 1.000000 -0.945371 0.000000 0.000000 0.000000 1.000000
1.000000 -0.000000 0.000000 0.000000 0.000000 0.995379 0.096020 0.000000 0.000000 -0.096020 0.995379 -0.945371 0.000000 0.000000 0.000000 1.000000
1.000000 0.000000 -0.000000 0.000000 0.000000 0.962488 0.271323 0.000000 0.000000 -0.271323 0.962488 -0.945371 0.000000 0.000000 0.000000 1.000000
1.000000 0.000000 -0.000000 0.000000 0.000000 0.931989 0.362487 0.000000 -0.000000 -0.362487 0.931989 -0.945371 0.000000 0.000000 0.000000 1.000000
1.000000 -0.000000 -0.000000 0.000000 -0.000000 0.972354 0.233511 0.000000 0.000000 -0.233511 0.972354 -0.945371 0.000000 0.000000 0.000000 1.000000
1.000000 0.000000 0.000000 0.000000 0.000000 0.999880 -0.015489 0.000000 0.000000 0.015489 0.999880 -0.945371 0.000000 0.000000 0.000000 1.000000
1.000000 0.000000 0.000000 0.000000 0.000000 0.988660 -0.150168 0.000000 0.000000 0.150168 0.988660 -0.945371 0.000000 0.000000 0.000000 1.000000
1.000000 0.000000 -0.000000 0.000000 0.000000 0.995349 -0.096335 -0.000000 0.000000 0.096335 0.995349 -0.945371 0.000000 0.000000 0.000000 1.000000
1.000000 -0.000000 -0.000000 0.000000 0.000000 0.999459 0.032885 0.000000 -0.000000 -0.032885 0.999459 -0.945371 0.000000 0.000000 0.000000 1.000000
1.000000 -0.000000 -0.000000 0.000000 0.000000 0.982509 0.186213 0.000000 0.000000 -0.186213 0.982509 -0.945371 0.000000 0.000000 0.000000 1.000000
1.000000 0.000000 -0.000000 0.000000 0.000000 0.950274 0.311414 0.000000 0.000000 -0.311414 0.950274 -0.945371 0.000000 0.000000 0.000000 1.000000
1.000000 0.000000 -0.000000 0.000000 0.000000 0.931989 0.362487 0.000000 -0.000000 -0.362487 0.931989 -0.945371 0.000000 0.000000 0.000000 1.000000
1.000000 -0.000000 0.000000 0.000000 0.000000 0.958409 0.285400 0.000000 0.000000 -0.285400 0.958409 -0.945371 0.000000 0.000000 0.000000 1.000000
1.000000 0.000000 -0.000000 0.000000 -0.000000 0.993945 0.109876 0.000000 -0.000000 -0.109876 0.993945 -0.945371 0.000000 0.000000 0.000000 1.000000
1.000000 -0.000000 0.000000 0.000000 0.000000 0.997605 -0.069172 0.000000 0.000000 0.069172 0.997605 -0.945371 0.000000 0.000000 0.000000 1.000000
1.000000 0.000000 0.000000 0.000000 0.000000 0.988660 -0.150168 0.000000 0.000000 0.150168 0.988660 -0.945371 0.000000 0.000000 0.000000 1.000000
1.000000 -0.000000 -0.000000 0.000000 0.000000 0.993773 -0.111426 0.000000 -0.000000 0.111426 0.993773 -0.945371 0.000000 0.000000 0.000000 1.000000
1.000000 -0.000000 0.000000 0.000000 0.000000 0.999236 -0.039070 0.000000 -0.000000 0.039070 0.999236 -0.945371 0.000000 0.000000 0.000000 1.000000
1.000000 0.000000 -0.000000 0.000000 0.000000 1.000000 0.000000 0.000000 0.000000 -0.000000 1.000000 -0.945371 0.000000 0.000000 0.000000 1.000000</float_array><technique_common><accessor source="#back02_jnt-Matrix-animation-output-transform-array" count="19" stride="16"><param type="float4x4"/></accessor></technique_common></source><source id="back02_jnt-Interpolations"><Name_array id="back02_jnt-Interpolations-array" count="19">
 LINEAR LINEAR LINEAR LINEAR LINEAR LINEAR LINEAR LINEAR LINEAR LINEAR LINEAR
LINEAR LINEAR LINEAR LINEAR LINEAR LINEAR LINEAR LINEAR</Name_array><technique_common><accessor source="#back02_jnt-Interpolations-array" count="19"><param type="name"/></accessor></technique_common></source><sampler id="back02_jnt-Matrix-animation-transform"><input semantic="INPUT" source="#back02_jnt-Matrix-animation-input"/><input semantic="OUTPUT" source="#back02_jnt-Matrix-animation-output-transform"/><input semantic="INTERPOLATION" source="#back02_jnt-Interpolations"/></sampler><channel source="#back02_jnt-Matrix-animation-transform" target="back02_jnt/matrix"/></animation></animation>
    <animation id="sausage_jnt-anim" name="sausage_jnt"><animation><source id="sausage_jnt-Matrix-animation-input"><float_array id="sausage_jnt-Matrix-animation-input-array" count="19">

0.000000 0.033333 0.066667 0.100000 0.133333 0.166667 0.200000 0.233333 0.266667 0.300000 0.333333 0.366667 0.400000 0.433333 0.466667 0.500000
0.533333 0.566667 0.600000</float_array><technique_common><accessor source="#sausage_jnt-Matrix-animation-input-array" count="19"><param name="TIME" type="float"/></accessor></technique_common></source><source id="sausage_jnt-Matrix-animation-output-transform"><float_array id="sausage_jnt-Matrix-animation-output-transform-array" count="304">

1.000000 -0.000000 -0.000000 0.000000 0.000000 1.000000 -0.000000 0.907344 0.000000 -0.000000 1.000000 0.000000 0.000000 0.000000 0.000000 1.000000
1.000000 -0.000000 -0.000000 0.000000 0.000000 1.000000 -0.000000 0.907344 0.000000 -0.000000 1.000000 0.000000 0.000000 0.000000 0.000000 1.000000
1.000000 -0.000000 -0.000000 0.000000 0.000000 1.000000 -0.000000 0.907344 0.000000 -0.000000 1.000000 0.000000 0.000000 0.000000 0.000000 1.000000
1.000000 -0.000000 -0.000000 0.000000 0.000000 1.000000 -0.000000 0.907344 0.000000 -0.000000 1.000000 0.000000 0.000000 0.000000 0.000000 1.000000
1.000000 -0.000000 -0.000000 0.000000 0.000000 1.000000 -0.000000 0.907344 0.000000 -0.000000 1.000000 0.000000 0.000000 0.000000 0.000000 1.000000
1.000000 -0.000000 -0.000000 0.000000 0.000000 1.000000 -0.000000 0.907344 0.000000 -0.000000 1.000000 0.000000 0.000000 0.000000 0.000000 1.000000
1.000000 -0.000000 -0.000000 0.000000 0.000000 1.000000 -0.000000 0.907344 0.000000 -0.000000 1.000000 0.000000 0.000000 0.000000 0.000000 1.000000
1.000000 -0.000000 -0.000000 0.000000 0.000000 1.000000 -0.000000 0.907344 0.000000 -0.000000 1.000000 0.000000 0.000000 0.000000 0.000000 1.000000
1.000000 -0.000000 -0.000000 0.000000 0.000000 1.000000 -0.000000 0.907344 0.000000 -0.000000 1.000000 0.000000 0.000000 0.000000 0.000000 1.000000
1.000000 -0.000000 -0.000000 0.000000 0.000000 1.000000 -0.000000 0.907344 0.000000 -0.000000 1.000000 0.000000 0.000000 0.000000 0.000000 1.000000
1.000000 -0.000000 -0.000000 0.000000 0.000000 1.000000 -0.000000 0.907344 0.000000 -0.000000 1.000000 0.000000 0.000000 0.000000 0.000000 1.000000
1.000000 -0.000000 -0.000000 0.000000 0.000000 1.000000 -0.000000 0.907344 0.000000 -0.000000 1.000000 0.000000 0.000000 0.000000 0.000000 1.000000
1.000000 -0.000000 -0.000000 0.000000 0.000000 1.000000 -0.000000 0.907344 0.000000 -0.000000 1.000000 0.000000 0.000000 0.000000 0.000000 1.000000
1.000000 -0.000000 -0.000000 0.000000 0.000000 1.000000 -0.000000 0.907344 0.000000 -0.000000 1.000000 0.000000 0.000000 0.000000 0.000000 1.000000
1.000000 -0.000000 -0.000000 0.000000 0.000000 1.000000 -0.000000 0.907344 0.000000 -0.000000 1.000000 0.000000 0.000000 0.000000 0.000000 1.000000
1.000000 -0.000000 -0.000000 0.000000 0.000000 1.000000 -0.000000 0.907344 0.000000 -0.000000 1.000000 0.000000 0.000000 0.000000 0.000000 1.000000
1.000000 -0.000000 -0.000000 0.000000 0.000000 1.000000 -0.000000 0.907344 0.000000 -0.000000 1.000000 0.000000 0.000000 0.000000 0.000000 1.000000
1.000000 -0.000000 -0.000000 0.000000 0.000000 1.000000 -0.000000 0.907344 0.000000 -0.000000 1.000000 0.000000 0.000000 0.000000 0.000000 1.000000
1.000000 -0.000000 -0.000000 0.000000 0.000000 1.000000 -0.000000 0.907344 0.000000 -0.000000 1.000000 0.000000 0.000000 0.000000 0.000000 1.000000</float_array><technique_common><accessor source="#sausage_jnt-Matrix-animation-output-transform-array" count="19" stride="16"><param type="float4x4"/></accessor></technique_common></source><source id="sausage_jnt-Interpolations"><Name_array id="sausage_jnt-Interpolations-array" count="19">
 LINEAR LINEAR LINEAR LINEAR LINEAR LINEAR LINEAR LINEAR LINEAR LINEAR LINEAR
LINEAR LINEAR LINEAR LINEAR LINEAR LINEAR LINEAR LINEAR</Name_array><technique_common><accessor source="#sausage_jnt-Interpolations-array" count="19"><param type="name"/></accessor></technique_common></source><sampler id="sausage_jnt-Matrix-animation-transform"><input semantic="INPUT" source="#sausage_jnt-Matrix-animation-input"/><input semantic="OUTPUT" source="#sausage_jnt-Matrix-animation-output-transform"/><input semantic="INTERPOLATION" source="#sausage_jnt-Interpolations"/></sampler><channel source="#sausage_jnt-Matrix-animation-transform" target="sausage_jnt/matrix"/></animation></animation>
  </library_animations>
  <library_visual_scenes>
    <visual_scene id="ani_char_longsandwich_tp_run_fwd" name="ani_char_longsandwich_tp_run_fwd">
      <node name="jnt_right_weapon" id="jnt_right_weapon" sid="jnt_right_weapon" type="JOINT"><matrix sid="matrix">1.000000 0.000000 0.000000 0.000000 0.000000 1.000000 0.000000 0.000000 0.000000 0.000000 1.000000 0.000000 0.000000 0.000000 0.000000 1.000000</matrix><extra><technique profile="FCOLLADA"><visibility>0.000000</visibility></technique></extra><node name="root_longsandwich" id="root_longsandwich" sid="root_longsandwich" type="JOINT"><matrix sid="matrix">0.183038 0.930315 -0.317824 0.681000 -0.224594 0.354306 0.907758 -1.020000 0.957107 -0.094773 0.273795 -0.269000 0.000000 0.000000 0.000000 1.000000</matrix><extra><technique profile="FCOLLADA"><visibility>1.000000</visibility></technique></extra><node name="front01_jnt" id="front01_jnt" sid="front01_jnt" type="JOINT"><matrix sid="matrix">1.000000 -0.000000 -0.000000 -0.000000 0.000000 1.000000 -0.000000 0.004721 0.000000 -0.000000 1.000000 1.211908 0.000000 0.000000 0.000000 1.000000</matrix><extra><technique profile="FCOLLADA"><visibility>1.000000</visibility></technique></extra><node name="front02_jnt" id="front02_jnt" sid="front02_jnt" type="JOINT"><matrix sid="matrix">1.000000 0.000000 -0.000000 -0.000000 0.000000 1.000000 0.000000 -0.000000 0.000000 -0.000000 1.000000 0.988216 0.000000 0.000000 0.000000 1.000000</matrix><extra><technique profile="FCOLLADA"><visibility>1.000000</visibility></technique></extra></node></node><node name="back01_jnt" id="back01_jnt" sid="back01_jnt" type="JOINT"><matrix sid="matrix">1.000000 -0.000000 -0.000000 0.000000 0.000000 1.000000 -0.000000 0.000358 0.000000 -0.000000 1.000000 -1.254629 0.000000 0.000000 0.000000 1.000000</matrix><extra><technique profile="FCOLLADA"><visibility>1.000000</visibility></technique></extra><node name="back02_jnt" id="back02_jnt" sid="back02_jnt" type="JOINT"><matrix sid="matrix">1.000000 0.000000 -0.000000 0.000000 0.000000 1.000000 0.000000 0.000000 0.000000 -0.000000 1.000000 -0.945371 0.000000 0.000000 0.000000 1.000000</matrix><extra><technique profile="FCOLLADA"><visibility>1.000000</visibility></technique></extra></node></node><node name="sausage_jnt" id="sausage_jnt" sid="sausage_jnt" type="JOINT"><matrix sid="matrix">1.000000 -0.000000 -0.000000 0.000000 0.000000 1.000000 -0.000000 0.907344 0.000000 -0.000000 1.000000 0.000000 0.000000 0.000000 0.000000 1.000000</matrix><extra><technique profile="FCOLLADA"><visibility>1.000000</visibility></technique></extra></node></node></node>
      <node name="Donttouch_grp" id="Donttouch_grp" sid="Donttouch_grp"><matrix sid="matrix">1.000000 0.000000 0.000000 0.000000 0.000000 1.000000 0.000000 0.000000 0.000000 0.000000 1.000000 0.000000 0.000000 0.000000 0.000000 1.000000</matrix><extra><technique profile="FCOLLADA"><visibility>0.000000</visibility></technique></extra><node name="rig_jnt_right_weapon" id="rig_jnt_right_weapon" sid="rig_jnt_right_weapon" type="JOINT"><matrix sid="matrix">1.000000 0.000000 0.000000 0.000000 0.000000 1.000000 0.000000 0.000000 0.000000 0.000000 1.000000 0.000000 0.000000 0.000000 0.000000 1.000000</matrix><extra><technique profile="FCOLLADA"><visibility>1.000000</visibility></technique></extra></node></node>
      <extra><technique profile="MAX3D"><frame_rate>30.000000</frame_rate></technique><technique profile="FCOLLADA"><start_time>0.000000</start_time><end_time>11.000000</end_time></technique></extra>
    </visual_scene>
  </library_visual_scenes>
  <scene>
    <instance_visual_scene url="#ani_char_longsandwich_tp_run_fwd"></instance_visual_scene>
  </scene>
</COLLADA>
