<?xml version="1.0" encoding="utf-8"?>
<COLLADA xmlns="http://www.collada.org/2005/11/COLLADASchema" version="1.4.1">
  <asset><contributor><author></author><authoring_tool>FBX COLLADA exporter</authoring_tool><comments></comments></contributor><created>2020-04-29T15:06:28Z</created><keywords></keywords><modified>2020-04-29T15:06:28Z</modified><revision></revision><subject></subject><title></title><unit meter="0.010000" name="centimeter"></unit><up_axis>Y_UP</up_axis></asset>
  <library_animations>
    <animation id="jnt_right_weapon-anim" name="jnt_right_weapon"><animation><source id="jnt_right_weapon-Matrix-animation-input"><float_array id="jnt_right_weapon-Matrix-animation-input-array" count="21">

0.000000 0.033333 0.066667 0.100000 0.133333 0.166667 0.200000 0.233333 0.266667 0.300000 0.333333 0.366667 0.400000 0.433333 0.466667 0.500000
0.533333 0.566667 0.600000 0.633333 0.666667</float_array><technique_common><accessor source="#jnt_right_weapon-Matrix-animation-input-array" count="21"><param name="TIME" type="float"/></accessor></technique_common></source><source id="jnt_right_weapon-Matrix-animation-output-transform"><float_array id="jnt_right_weapon-Matrix-animation-output-transform-array" count="336">

1.000000 0.000000 0.000000 0.000000 0.000000 1.000000 0.000000 0.000000 0.000000 0.000000 1.000000 0.000000 0.000000 0.000000 0.000000 1.000000
1.000000 0.000000 0.000000 0.000000 0.000000 1.000000 0.000000 0.000000 0.000000 0.000000 1.000000 0.000000 0.000000 0.000000 0.000000 1.000000
1.000000 0.000000 0.000000 0.000000 0.000000 1.000000 0.000000 0.000000 0.000000 0.000000 1.000000 0.000000 0.000000 0.000000 0.000000 1.000000
1.000000 0.000000 0.000000 0.000000 0.000000 1.000000 0.000000 0.000000 0.000000 0.000000 1.000000 0.000000 0.000000 0.000000 0.000000 1.000000
1.000000 0.000000 0.000000 0.000000 0.000000 1.000000 0.000000 0.000000 0.000000 0.000000 1.000000 0.000000 0.000000 0.000000 0.000000 1.000000
1.000000 0.000000 0.000000 0.000000 0.000000 1.000000 0.000000 0.000000 0.000000 0.000000 1.000000 0.000000 0.000000 0.000000 0.000000 1.000000
1.000000 0.000000 0.000000 0.000000 0.000000 1.000000 0.000000 0.000000 0.000000 0.000000 1.000000 0.000000 0.000000 0.000000 0.000000 1.000000
1.000000 0.000000 0.000000 0.000000 0.000000 1.000000 0.000000 0.000000 0.000000 0.000000 1.000000 0.000000 0.000000 0.000000 0.000000 1.000000
1.000000 0.000000 0.000000 0.000000 0.000000 1.000000 0.000000 0.000000 0.000000 0.000000 1.000000 0.000000 0.000000 0.000000 0.000000 1.000000
1.000000 0.000000 0.000000 0.000000 0.000000 1.000000 0.000000 0.000000 0.000000 0.000000 1.000000 0.000000 0.000000 0.000000 0.000000 1.000000
1.000000 0.000000 0.000000 0.000000 0.000000 1.000000 0.000000 0.000000 0.000000 0.000000 1.000000 0.000000 0.000000 0.000000 0.000000 1.000000
1.000000 0.000000 0.000000 0.000000 0.000000 1.000000 0.000000 0.000000 0.000000 0.000000 1.000000 0.000000 0.000000 0.000000 0.000000 1.000000
1.000000 0.000000 0.000000 0.000000 0.000000 1.000000 0.000000 0.000000 0.000000 0.000000 1.000000 0.000000 0.000000 0.000000 0.000000 1.000000
1.000000 0.000000 0.000000 0.000000 0.000000 1.000000 0.000000 0.000000 0.000000 0.000000 1.000000 0.000000 0.000000 0.000000 0.000000 1.000000
1.000000 0.000000 0.000000 0.000000 0.000000 1.000000 0.000000 0.000000 0.000000 0.000000 1.000000 0.000000 0.000000 0.000000 0.000000 1.000000
1.000000 0.000000 0.000000 0.000000 0.000000 1.000000 0.000000 0.000000 0.000000 0.000000 1.000000 0.000000 0.000000 0.000000 0.000000 1.000000
1.000000 0.000000 0.000000 0.000000 0.000000 1.000000 0.000000 0.000000 0.000000 0.000000 1.000000 0.000000 0.000000 0.000000 0.000000 1.000000
1.000000 0.000000 0.000000 0.000000 0.000000 1.000000 0.000000 0.000000 0.000000 0.000000 1.000000 0.000000 0.000000 0.000000 0.000000 1.000000
1.000000 0.000000 0.000000 0.000000 0.000000 1.000000 0.000000 0.000000 0.000000 0.000000 1.000000 0.000000 0.000000 0.000000 0.000000 1.000000
1.000000 0.000000 0.000000 0.000000 0.000000 1.000000 0.000000 0.000000 0.000000 0.000000 1.000000 0.000000 0.000000 0.000000 0.000000 1.000000
1.000000 0.000000 0.000000 0.000000 0.000000 1.000000 0.000000 0.000000 0.000000 0.000000 1.000000 0.000000 0.000000 0.000000 0.000000 1.000000</float_array><technique_common><accessor source="#jnt_right_weapon-Matrix-animation-output-transform-array" count="21" stride="16"><param type="float4x4"/></accessor></technique_common></source><source id="jnt_right_weapon-Interpolations"><Name_array id="jnt_right_weapon-Interpolations-array" count="21">
 LINEAR LINEAR LINEAR LINEAR LINEAR LINEAR LINEAR LINEAR LINEAR LINEAR LINEAR
LINEAR LINEAR LINEAR LINEAR LINEAR LINEAR LINEAR LINEAR LINEAR LINEAR</Name_array><technique_common><accessor source="#jnt_right_weapon-Interpolations-array" count="21"><param type="name"/></accessor></technique_common></source><sampler id="jnt_right_weapon-Matrix-animation-transform"><input semantic="INPUT" source="#jnt_right_weapon-Matrix-animation-input"/><input semantic="OUTPUT" source="#jnt_right_weapon-Matrix-animation-output-transform"/><input semantic="INTERPOLATION" source="#jnt_right_weapon-Interpolations"/></sampler><channel source="#jnt_right_weapon-Matrix-animation-transform" target="jnt_right_weapon/matrix"/></animation></animation>
    <animation id="root_longsandwich-anim" name="root_longsandwich"><animation><source id="root_longsandwich-Matrix-animation-input"><float_array id="root_longsandwich-Matrix-animation-input-array" count="21">

0.000000 0.033333 0.066667 0.100000 0.133333 0.166667 0.200000 0.233333 0.266667 0.300000 0.333333 0.366667 0.400000 0.433333 0.466667 0.500000
0.533333 0.566667 0.600000 0.633333 0.666667</float_array><technique_common><accessor source="#root_longsandwich-Matrix-animation-input-array" count="21"><param name="TIME" type="float"/></accessor></technique_common></source><source id="root_longsandwich-Matrix-animation-output-transform"><float_array id="root_longsandwich-Matrix-animation-output-transform-array" count="336">

0.183038 0.930315 -0.317824 0.681000 -0.224594 0.354306 0.907758 -1.020000 0.957107 -0.094773 0.273795 -0.269000 0.000000 0.000000 0.000000 1.000000
0.183038 0.930315 -0.317824 0.681000 -0.224594 0.354306 0.907758 -1.020000 0.957107 -0.094773 0.273795 -0.269000 0.000000 0.000000 0.000000 1.000000
0.183038 0.930315 -0.317824 0.681000 -0.224594 0.354306 0.907758 -1.020000 0.957107 -0.094773 0.273795 -0.269000 0.000000 0.000000 0.000000 1.000000
0.183038 0.930315 -0.317824 0.681000 -0.224594 0.354306 0.907758 -1.020000 0.957107 -0.094773 0.273795 -0.269000 0.000000 0.000000 0.000000 1.000000
0.183038 0.930315 -0.317824 0.681000 -0.224594 0.354306 0.907758 -1.020000 0.957107 -0.094773 0.273795 -0.269000 0.000000 0.000000 0.000000 1.000000
0.183038 0.930315 -0.317824 0.681000 -0.224594 0.354306 0.907758 -1.020000 0.957107 -0.094773 0.273795 -0.269000 0.000000 0.000000 0.000000 1.000000
0.183038 0.930315 -0.317824 0.681000 -0.224594 0.354306 0.907758 -1.020000 0.957107 -0.094773 0.273795 -0.269000 0.000000 0.000000 0.000000 1.000000
0.183038 0.930315 -0.317824 0.681000 -0.224594 0.354306 0.907758 -1.020000 0.957107 -0.094773 0.273795 -0.269000 0.000000 0.000000 0.000000 1.000000
0.183038 0.930315 -0.317824 0.681000 -0.224594 0.354306 0.907758 -1.020000 0.957107 -0.094773 0.273795 -0.269000 0.000000 0.000000 0.000000 1.000000
0.183038 0.930315 -0.317824 0.681000 -0.224594 0.354306 0.907758 -1.020000 0.957107 -0.094773 0.273795 -0.269000 0.000000 0.000000 0.000000 1.000000
0.183038 0.930315 -0.317824 0.681000 -0.224594 0.354306 0.907758 -1.020000 0.957107 -0.094773 0.273795 -0.269000 0.000000 0.000000 0.000000 1.000000
0.183038 0.930315 -0.317824 0.681000 -0.224594 0.354306 0.907758 -1.020000 0.957107 -0.094773 0.273795 -0.269000 0.000000 0.000000 0.000000 1.000000
0.183038 0.930315 -0.317824 0.681000 -0.224594 0.354306 0.907758 -1.020000 0.957107 -0.094773 0.273795 -0.269000 0.000000 0.000000 0.000000 1.000000
0.183038 0.930315 -0.317824 0.681000 -0.224594 0.354306 0.907758 -1.020000 0.957107 -0.094773 0.273795 -0.269000 0.000000 0.000000 0.000000 1.000000
0.183038 0.930315 -0.317824 0.681000 -0.224594 0.354306 0.907758 -1.020000 0.957107 -0.094773 0.273795 -0.269000 0.000000 0.000000 0.000000 1.000000
0.183038 0.930315 -0.317824 0.681000 -0.224594 0.354306 0.907758 -1.020000 0.957107 -0.094773 0.273795 -0.269000 0.000000 0.000000 0.000000 1.000000
0.183038 0.930315 -0.317824 0.681000 -0.224594 0.354306 0.907758 -1.020000 0.957107 -0.094773 0.273795 -0.269000 0.000000 0.000000 0.000000 1.000000
0.183038 0.930315 -0.317824 0.681000 -0.224594 0.354306 0.907758 -1.020000 0.957107 -0.094773 0.273795 -0.269000 0.000000 0.000000 0.000000 1.000000
0.183038 0.930315 -0.317824 0.681000 -0.224594 0.354306 0.907758 -1.020000 0.957107 -0.094773 0.273795 -0.269000 0.000000 0.000000 0.000000 1.000000
0.183038 0.930315 -0.317824 0.681000 -0.224594 0.354306 0.907758 -1.020000 0.957107 -0.094773 0.273795 -0.269000 0.000000 0.000000 0.000000 1.000000
0.183038 0.930315 -0.317824 0.681000 -0.224594 0.354306 0.907758 -1.020000 0.957107 -0.094773 0.273795 -0.269000 0.000000 0.000000 0.000000 1.000000</float_array><technique_common><accessor source="#root_longsandwich-Matrix-animation-output-transform-array" count="21" stride="16"><param type="float4x4"/></accessor></technique_common></source><source id="root_longsandwich-Interpolations"><Name_array id="root_longsandwich-Interpolations-array" count="21">
 LINEAR LINEAR LINEAR LINEAR LINEAR LINEAR LINEAR LINEAR LINEAR LINEAR LINEAR
LINEAR LINEAR LINEAR LINEAR LINEAR LINEAR LINEAR LINEAR LINEAR LINEAR</Name_array><technique_common><accessor source="#root_longsandwich-Interpolations-array" count="21"><param type="name"/></accessor></technique_common></source><sampler id="root_longsandwich-Matrix-animation-transform"><input semantic="INPUT" source="#root_longsandwich-Matrix-animation-input"/><input semantic="OUTPUT" source="#root_longsandwich-Matrix-animation-output-transform"/><input semantic="INTERPOLATION" source="#root_longsandwich-Interpolations"/></sampler><channel source="#root_longsandwich-Matrix-animation-transform" target="root_longsandwich/matrix"/></animation></animation>
    <animation id="front01_jnt-anim" name="front01_jnt"><animation><source id="front01_jnt-Matrix-animation-input"><float_array id="front01_jnt-Matrix-animation-input-array" count="21">

0.000000 0.033333 0.066667 0.100000 0.133333 0.166667 0.200000 0.233333 0.266667 0.300000 0.333333 0.366667 0.400000 0.433333 0.466667 0.500000
0.533333 0.566667 0.600000 0.633333 0.666667</float_array><technique_common><accessor source="#front01_jnt-Matrix-animation-input-array" count="21"><param name="TIME" type="float"/></accessor></technique_common></source><source id="front01_jnt-Matrix-animation-output-transform"><float_array id="front01_jnt-Matrix-animation-output-transform-array" count="336">

1.000000 -0.000000 -0.000000 -0.000000 0.000000 0.954184 0.299221 0.481784 0.000000 -0.299221 0.954184 1.062306 0.000000 0.000000 0.000000 1.000000
1.000000 -0.000000 -0.000000 -0.000000 0.000000 0.967260 0.253786 0.442877 0.000000 -0.253786 0.967260 1.057352 0.000000 0.000000 0.000000 1.000000
1.000000 -0.000000 -0.000000 -0.000000 0.000000 0.989673 0.143343 0.348806 0.000000 -0.143343 0.989673 1.045539 0.000000 0.000000 0.000000 1.000000
1.000000 -0.000000 -0.000000 -0.000000 0.000000 0.999957 0.009262 0.233540 0.000000 -0.009262 0.999957 1.031439 0.000000 0.000000 0.000000 1.000000
1.000000 -0.000000 0.000000 -0.000000 0.000000 0.994650 -0.103307 0.131050 0.000000 0.103307 0.994650 1.019626 0.000000 0.000000 0.000000 1.000000
1.000000 -0.000000 -0.000000 -0.000000 0.000000 0.988655 -0.150204 0.075307 0.000000 0.150204 0.988655 1.014672 0.000000 0.000000 0.000000 1.000000
1.000000 -0.000000 -0.000000 -0.000000 0.000000 0.990255 -0.139266 0.056116 0.000000 0.139266 0.990255 1.017368 0.000000 0.000000 0.000000 1.000000
1.000000 -0.000000 -0.000000 -0.000000 0.000000 0.994021 -0.109189 0.040404 0.000000 0.109189 0.994021 1.024916 0.000000 0.000000 0.000000 1.000000
1.000000 -0.000000 -0.000000 -0.000000 0.000000 0.997945 -0.064073 0.027823 0.000000 0.064073 0.997945 1.036502 0.000000 0.000000 0.000000 1.000000
1.000000 -0.000000 0.000000 -0.000000 0.000000 0.999967 -0.008128 0.018025 0.000000 0.008128 0.999967 1.051315 0.000000 0.000000 0.000000 1.000000
1.000000 -0.000000 -0.000000 -0.000000 0.000000 0.998527 0.054254 0.010661 0.000000 -0.054254 0.998527 1.068542 0.000000 0.000000 0.000000 1.000000
1.000000 -0.000000 0.000000 -0.000000 0.000000 0.992948 0.118549 0.005385 0.000000 -0.118549 0.992948 1.087371 0.000000 0.000000 0.000000 1.000000
1.000000 -0.000000 -0.000000 -0.000000 0.000000 0.983622 0.180246 0.001849 0.000000 -0.180246 0.983622 1.106988 0.000000 0.000000 0.000000 1.000000
1.000000 -0.000000 -0.000000 -0.000000 0.000000 0.971994 0.235007 -0.000296 0.000000 -0.235007 0.971994 1.126582 0.000000 0.000000 0.000000 1.000000
1.000000 -0.000000 -0.000000 -0.000000 0.000000 0.960357 0.278773 -0.001398 0.000000 -0.278773 0.960357 1.145341 0.000000 0.000000 0.000000 1.000000
1.000000 -0.000000 -0.000000 -0.000000 0.000000 0.951467 0.307751 -0.001804 0.000000 -0.307751 0.951467 1.162452 0.000000 0.000000 0.000000 1.000000
1.000000 -0.000000 -0.000000 -0.000000 0.000000 0.948007 0.318251 -0.001862 0.000000 -0.318251 0.948007 1.177102 0.000000 0.000000 0.000000 1.000000
1.000000 -0.000000 0.000000 -0.000000 0.000000 0.962892 0.269888 -0.000833 0.000000 -0.269888 0.962892 1.189936 0.000000 0.000000 0.000000 1.000000
1.000000 -0.000000 -0.000000 -0.000000 0.000000 0.986916 0.161235 0.001430 0.000000 -0.161235 0.986916 1.201079 0.000000 0.000000 0.000000 1.000000
1.000000 -0.000000 0.000000 -0.000000 0.000000 0.998720 0.050585 0.003692 0.000000 -0.050585 0.998720 1.208935 0.000000 0.000000 0.000000 1.000000
1.000000 -0.000000 -0.000000 -0.000000 0.000000 1.000000 -0.000000 0.004721 0.000000 -0.000000 1.000000 1.211908 0.000000 0.000000 0.000000 1.000000</float_array><technique_common><accessor source="#front01_jnt-Matrix-animation-output-transform-array" count="21" stride="16"><param type="float4x4"/></accessor></technique_common></source><source id="front01_jnt-Interpolations"><Name_array id="front01_jnt-Interpolations-array" count="21">
 LINEAR LINEAR LINEAR LINEAR LINEAR LINEAR LINEAR LINEAR LINEAR LINEAR LINEAR
LINEAR LINEAR LINEAR LINEAR LINEAR LINEAR LINEAR LINEAR LINEAR LINEAR</Name_array><technique_common><accessor source="#front01_jnt-Interpolations-array" count="21"><param type="name"/></accessor></technique_common></source><sampler id="front01_jnt-Matrix-animation-transform"><input semantic="INPUT" source="#front01_jnt-Matrix-animation-input"/><input semantic="OUTPUT" source="#front01_jnt-Matrix-animation-output-transform"/><input semantic="INTERPOLATION" source="#front01_jnt-Interpolations"/></sampler><channel source="#front01_jnt-Matrix-animation-transform" target="front01_jnt/matrix"/></animation></animation>
    <animation id="front02_jnt-anim" name="front02_jnt"><animation><source id="front02_jnt-Matrix-animation-input"><float_array id="front02_jnt-Matrix-animation-input-array" count="21">

0.000000 0.033333 0.066667 0.100000 0.133333 0.166667 0.200000 0.233333 0.266667 0.300000 0.333333 0.366667 0.400000 0.433333 0.466667 0.500000
0.533333 0.566667 0.600000 0.633333 0.666667</float_array><technique_common><accessor source="#front02_jnt-Matrix-animation-input-array" count="21"><param name="TIME" type="float"/></accessor></technique_common></source><source id="front02_jnt-Matrix-animation-output-transform"><float_array id="front02_jnt-Matrix-animation-output-transform-array" count="336">

1.000000 -0.000000 -0.000000 -0.000000 0.000000 0.954184 0.299221 0.477063 0.000000 -0.299221 0.954184 0.838615 0.000000 0.000000 0.000000 1.000000
1.000000 -0.000000 -0.000000 -0.000000 0.000000 0.974563 0.224115 0.387468 0.000000 -0.224115 0.974563 0.864064 0.000000 0.000000 0.000000 1.000000
1.000000 0.000000 0.000000 -0.000000 0.000000 0.999183 0.040403 0.173819 0.000000 -0.040403 0.999183 0.924750 0.000000 0.000000 0.000000 1.000000
1.000000 0.000000 0.000000 -0.000000 -0.000000 0.983640 -0.180145 -0.081181 0.000000 0.180145 0.983640 0.997181 0.000000 0.000000 0.000000 1.000000
1.000000 -0.000000 0.000000 -0.000000 -0.000000 0.933496 -0.358588 -0.294830 0.000000 0.358588 0.933496 1.057867 0.000000 0.000000 0.000000 1.000000
1.000000 0.000000 0.000000 -0.000000 0.000000 0.902785 -0.430093 -0.384425 -0.000000 0.430093 0.902785 1.083316 0.000000 0.000000 0.000000 1.000000
1.000000 0.000000 0.000000 -0.000000 0.000000 0.905206 -0.424972 -0.379527 0.000000 0.424972 0.905206 1.082104 0.000000 0.000000 0.000000 1.000000
1.000000 -0.000000 0.000000 -0.000000 -0.000000 0.911865 -0.410490 -0.365744 0.000000 0.410490 0.911865 1.078695 0.000000 0.000000 0.000000 1.000000
1.000000 -0.000000 0.000000 -0.000000 0.000000 0.921699 -0.387905 -0.344444 -0.000000 0.387905 0.921699 1.073425 0.000000 0.000000 0.000000 1.000000
1.000000 -0.000000 0.000000 -0.000000 0.000000 0.933548 -0.358453 -0.316994 -0.000000 0.358453 0.933548 1.066635 0.000000 0.000000 0.000000 1.000000
1.000000 -0.000000 0.000000 -0.000000 0.000000 0.946259 -0.323409 -0.284759 0.000000 0.323409 0.946259 1.058660 0.000000 0.000000 0.000000 1.000000
1.000000 0.000000 0.000000 -0.000000 -0.000000 0.958786 -0.284129 -0.249107 0.000000 0.284129 0.958786 1.049841 0.000000 0.000000 0.000000 1.000000
1.000000 0.000000 0.000000 -0.000000 0.000000 0.970260 -0.242066 -0.211405 0.000000 0.242066 0.970260 1.040514 0.000000 0.000000 0.000000 1.000000
1.000000 -0.000000 0.000000 -0.000000 0.000000 0.980046 -0.198768 -0.173020 -0.000000 0.198768 0.980046 1.031018 0.000000 0.000000 0.000000 1.000000
1.000000 0.000000 0.000000 -0.000000 0.000000 0.987779 -0.155860 -0.135317 0.000000 0.155860 0.987779 1.021691 0.000000 0.000000 0.000000 1.000000
1.000000 -0.000000 0.000000 -0.000000 0.000000 0.993364 -0.115011 -0.099666 -0.000000 0.115011 0.993364 1.012872 0.000000 0.000000 0.000000 1.000000
1.000000 0.000000 0.000000 -0.000000 0.000000 0.996961 -0.077906 -0.067431 -0.000000 0.077906 0.996961 1.004897 0.000000 0.000000 0.000000 1.000000
1.000000 0.000000 -0.000000 -0.000000 0.000000 0.998931 -0.046221 -0.039980 0.000000 0.046221 0.998931 0.998107 0.000000 0.000000 0.000000 1.000000
1.000000 -0.000000 -0.000000 -0.000000 0.000000 0.999767 -0.021602 -0.018680 0.000000 0.021602 0.999767 0.992837 0.000000 0.000000 0.000000 1.000000
1.000000 0.000000 0.000000 -0.000000 0.000000 0.999984 -0.005664 -0.004898 0.000000 0.005664 0.999984 0.989428 0.000000 0.000000 0.000000 1.000000
1.000000 0.000000 -0.000000 -0.000000 0.000000 1.000000 0.000000 -0.000000 0.000000 -0.000000 1.000000 0.988216 0.000000 0.000000 0.000000 1.000000</float_array><technique_common><accessor source="#front02_jnt-Matrix-animation-output-transform-array" count="21" stride="16"><param type="float4x4"/></accessor></technique_common></source><source id="front02_jnt-Interpolations"><Name_array id="front02_jnt-Interpolations-array" count="21">
 LINEAR LINEAR LINEAR LINEAR LINEAR LINEAR LINEAR LINEAR LINEAR LINEAR LINEAR
LINEAR LINEAR LINEAR LINEAR LINEAR LINEAR LINEAR LINEAR LINEAR LINEAR</Name_array><technique_common><accessor source="#front02_jnt-Interpolations-array" count="21"><param type="name"/></accessor></technique_common></source><sampler id="front02_jnt-Matrix-animation-transform"><input semantic="INPUT" source="#front02_jnt-Matrix-animation-input"/><input semantic="OUTPUT" source="#front02_jnt-Matrix-animation-output-transform"/><input semantic="INTERPOLATION" source="#front02_jnt-Interpolations"/></sampler><channel source="#front02_jnt-Matrix-animation-transform" target="front02_jnt/matrix"/></animation></animation>
    <animation id="back01_jnt-anim" name="back01_jnt"><animation><source id="back01_jnt-Matrix-animation-input"><float_array id="back01_jnt-Matrix-animation-input-array" count="21">

0.000000 0.033333 0.066667 0.100000 0.133333 0.166667 0.200000 0.233333 0.266667 0.300000 0.333333 0.366667 0.400000 0.433333 0.466667 0.500000
0.533333 0.566667 0.600000 0.633333 0.666667</float_array><technique_common><accessor source="#back01_jnt-Matrix-animation-input-array" count="21"><param name="TIME" type="float"/></accessor></technique_common></source><source id="back01_jnt-Matrix-animation-output-transform"><float_array id="back01_jnt-Matrix-animation-output-transform-array" count="336">

1.000000 -0.000000 -0.000000 0.000000 0.000000 1.000000 -0.000000 0.000358 0.000000 -0.000000 1.000000 -1.254629 0.000000 0.000000 0.000000 1.000000
1.000000 -0.000000 -0.000000 0.000000 0.000000 1.000000 -0.000000 0.000358 0.000000 -0.000000 1.000000 -1.254629 0.000000 0.000000 0.000000 1.000000
1.000000 -0.000000 -0.000000 0.000000 0.000000 1.000000 -0.000000 0.000358 0.000000 -0.000000 1.000000 -1.254629 0.000000 0.000000 0.000000 1.000000
1.000000 -0.000000 -0.000000 0.000000 0.000000 1.000000 -0.000000 0.000358 0.000000 -0.000000 1.000000 -1.254629 0.000000 0.000000 0.000000 1.000000
1.000000 -0.000000 -0.000000 0.000000 0.000000 1.000000 -0.000000 0.000358 0.000000 -0.000000 1.000000 -1.254629 0.000000 0.000000 0.000000 1.000000
1.000000 -0.000000 -0.000000 0.000000 0.000000 1.000000 -0.000000 0.000358 0.000000 -0.000000 1.000000 -1.254629 0.000000 0.000000 0.000000 1.000000
1.000000 -0.000000 -0.000000 0.000000 0.000000 1.000000 -0.000000 0.000358 0.000000 -0.000000 1.000000 -1.254629 0.000000 0.000000 0.000000 1.000000
1.000000 -0.000000 -0.000000 0.000000 0.000000 1.000000 -0.000000 0.000358 0.000000 -0.000000 1.000000 -1.254629 0.000000 0.000000 0.000000 1.000000
1.000000 -0.000000 -0.000000 0.000000 0.000000 1.000000 -0.000000 0.000358 0.000000 -0.000000 1.000000 -1.254629 0.000000 0.000000 0.000000 1.000000
1.000000 -0.000000 -0.000000 0.000000 0.000000 1.000000 -0.000000 0.000358 0.000000 -0.000000 1.000000 -1.254629 0.000000 0.000000 0.000000 1.000000
1.000000 -0.000000 -0.000000 0.000000 0.000000 1.000000 -0.000000 0.000358 0.000000 -0.000000 1.000000 -1.254629 0.000000 0.000000 0.000000 1.000000
1.000000 -0.000000 -0.000000 0.000000 0.000000 1.000000 -0.000000 0.000358 0.000000 -0.000000 1.000000 -1.254629 0.000000 0.000000 0.000000 1.000000
1.000000 -0.000000 -0.000000 0.000000 0.000000 1.000000 -0.000000 0.000358 0.000000 -0.000000 1.000000 -1.254629 0.000000 0.000000 0.000000 1.000000
1.000000 -0.000000 -0.000000 0.000000 0.000000 1.000000 -0.000000 0.000358 0.000000 -0.000000 1.000000 -1.254629 0.000000 0.000000 0.000000 1.000000
1.000000 -0.000000 -0.000000 0.000000 0.000000 1.000000 -0.000000 0.000358 0.000000 -0.000000 1.000000 -1.254629 0.000000 0.000000 0.000000 1.000000
1.000000 -0.000000 -0.000000 0.000000 0.000000 1.000000 -0.000000 0.000358 0.000000 -0.000000 1.000000 -1.254629 0.000000 0.000000 0.000000 1.000000
1.000000 -0.000000 -0.000000 0.000000 0.000000 1.000000 -0.000000 0.000358 0.000000 -0.000000 1.000000 -1.254629 0.000000 0.000000 0.000000 1.000000
1.000000 -0.000000 -0.000000 0.000000 0.000000 1.000000 -0.000000 0.000358 0.000000 -0.000000 1.000000 -1.254629 0.000000 0.000000 0.000000 1.000000
1.000000 -0.000000 -0.000000 0.000000 0.000000 1.000000 -0.000000 0.000358 0.000000 -0.000000 1.000000 -1.254629 0.000000 0.000000 0.000000 1.000000
1.000000 -0.000000 -0.000000 0.000000 0.000000 1.000000 -0.000000 0.000358 0.000000 -0.000000 1.000000 -1.254629 0.000000 0.000000 0.000000 1.000000
1.000000 -0.000000 -0.000000 0.000000 0.000000 1.000000 -0.000000 0.000358 0.000000 -0.000000 1.000000 -1.254629 0.000000 0.000000 0.000000 1.000000</float_array><technique_common><accessor source="#back01_jnt-Matrix-animation-output-transform-array" count="21" stride="16"><param type="float4x4"/></accessor></technique_common></source><source id="back01_jnt-Interpolations"><Name_array id="back01_jnt-Interpolations-array" count="21">
 LINEAR LINEAR LINEAR LINEAR LINEAR LINEAR LINEAR LINEAR LINEAR LINEAR LINEAR
LINEAR LINEAR LINEAR LINEAR LINEAR LINEAR LINEAR LINEAR LINEAR LINEAR</Name_array><technique_common><accessor source="#back01_jnt-Interpolations-array" count="21"><param type="name"/></accessor></technique_common></source><sampler id="back01_jnt-Matrix-animation-transform"><input semantic="INPUT" source="#back01_jnt-Matrix-animation-input"/><input semantic="OUTPUT" source="#back01_jnt-Matrix-animation-output-transform"/><input semantic="INTERPOLATION" source="#back01_jnt-Interpolations"/></sampler><channel source="#back01_jnt-Matrix-animation-transform" target="back01_jnt/matrix"/></animation></animation>
    <animation id="back02_jnt-anim" name="back02_jnt"><animation><source id="back02_jnt-Matrix-animation-input"><float_array id="back02_jnt-Matrix-animation-input-array" count="21">

0.000000 0.033333 0.066667 0.100000 0.133333 0.166667 0.200000 0.233333 0.266667 0.300000 0.333333 0.366667 0.400000 0.433333 0.466667 0.500000
0.533333 0.566667 0.600000 0.633333 0.666667</float_array><technique_common><accessor source="#back02_jnt-Matrix-animation-input-array" count="21"><param name="TIME" type="float"/></accessor></technique_common></source><source id="back02_jnt-Matrix-animation-output-transform"><float_array id="back02_jnt-Matrix-animation-output-transform-array" count="336">

1.000000 -0.000000 -0.000000 0.000000 -0.000000 0.828944 -0.559331 0.264901 0.000000 0.559331 0.828944 -0.766628 0.000000 0.000000 0.000000 1.000000
1.000000 0.000000 0.000000 -0.000000 0.000000 0.885839 -0.463992 0.188395 -0.000000 0.463992 0.885839 -0.756238 0.000000 0.000000 0.000000 1.000000
1.000000 -0.000000 -0.000000 -0.000000 0.000000 0.976417 -0.215895 0.005956 0.000000 0.215895 0.976417 -0.731462 0.000000 0.000000 0.000000 1.000000
1.000000 0.000000 -0.000000 -0.000000 0.000000 0.995148 0.098389 -0.211793 0.000000 -0.098389 0.995148 -0.701890 0.000000 0.000000 0.000000 1.000000
1.000000 0.000000 -0.000000 -0.000000 0.000000 0.934680 0.355489 -0.394231 0.000000 -0.355489 0.934680 -0.677114 0.000000 0.000000 0.000000 1.000000
1.000000 0.000000 -0.000000 -0.000000 0.000000 0.889512 0.456911 -0.470738 0.000000 -0.456911 0.889512 -0.666724 0.000000 0.000000 0.000000 1.000000
1.000000 0.000000 -0.000000 -0.000000 0.000000 0.905212 0.424959 -0.444051 0.000000 -0.424959 0.905212 -0.666762 0.000000 0.000000 0.000000 1.000000
1.000000 0.000000 -0.000000 -0.000000 0.000000 0.941056 0.338250 -0.373695 0.000000 -0.338250 0.941056 -0.667026 0.000000 0.000000 0.000000 1.000000
1.000000 0.000000 -0.000000 -0.000000 0.000000 0.977537 0.210764 -0.274227 0.000000 -0.210764 0.977537 -0.667745 0.000000 0.000000 0.000000 1.000000
1.000000 0.000000 -0.000000 -0.000000 -0.000000 0.998186 0.060201 -0.160202 0.000000 -0.060201 0.998186 -0.669144 0.000000 0.000000 0.000000 1.000000
1.000000 0.000000 -0.000000 0.000000 0.000000 0.995782 -0.091752 -0.046177 0.000000 0.091752 0.995782 -0.671450 0.000000 0.000000 0.000000 1.000000
1.000000 -0.000000 -0.000000 0.000000 0.000000 0.974887 -0.222698 0.053292 0.000000 0.222698 0.974887 -0.674891 0.000000 0.000000 0.000000 1.000000
1.000000 0.000000 -0.000000 -0.000000 0.000000 0.949724 -0.313087 0.123647 0.000000 0.313087 0.949724 -0.679693 0.000000 0.000000 0.000000 1.000000
1.000000 -0.000000 0.000000 0.000000 0.000000 0.937978 -0.346694 0.150334 -0.000000 0.346694 0.937978 -0.686083 0.000000 0.000000 0.000000 1.000000
1.000000 -0.000000 -0.000000 0.000000 0.000000 0.944597 -0.328233 0.142007 0.000000 0.328233 0.944597 -0.705779 0.000000 0.000000 0.000000 1.000000
1.000000 -0.000000 -0.000000 0.000000 0.000000 0.959983 -0.280058 0.120530 0.000000 0.280058 0.959983 -0.744895 0.000000 0.000000 0.000000 1.000000
1.000000 0.000000 -0.000000 0.000000 0.000000 0.977041 -0.213052 0.091165 0.000000 0.213052 0.977041 -0.795246 0.000000 0.000000 0.000000 1.000000
1.000000 0.000000 -0.000000 0.000000 0.000000 0.990307 -0.138896 0.059169 0.000000 0.138896 0.990307 -0.848652 0.000000 0.000000 0.000000 1.000000
1.000000 0.000000 -0.000000 0.000000 0.000000 0.997538 -0.070132 0.029804 0.000000 0.070132 0.997538 -0.896930 0.000000 0.000000 0.000000 1.000000
1.000000 0.000000 -0.000000 0.000000 0.000000 0.999808 -0.019611 0.008328 0.000000 0.019611 0.999808 -0.931897 0.000000 0.000000 0.000000 1.000000
1.000000 0.000000 -0.000000 0.000000 0.000000 1.000000 0.000000 0.000000 0.000000 -0.000000 1.000000 -0.945371 0.000000 0.000000 0.000000 1.000000</float_array><technique_common><accessor source="#back02_jnt-Matrix-animation-output-transform-array" count="21" stride="16"><param type="float4x4"/></accessor></technique_common></source><source id="back02_jnt-Interpolations"><Name_array id="back02_jnt-Interpolations-array" count="21">
 LINEAR LINEAR LINEAR LINEAR LINEAR LINEAR LINEAR LINEAR LINEAR LINEAR LINEAR
LINEAR LINEAR LINEAR LINEAR LINEAR LINEAR LINEAR LINEAR LINEAR LINEAR</Name_array><technique_common><accessor source="#back02_jnt-Interpolations-array" count="21"><param type="name"/></accessor></technique_common></source><sampler id="back02_jnt-Matrix-animation-transform"><input semantic="INPUT" source="#back02_jnt-Matrix-animation-input"/><input semantic="OUTPUT" source="#back02_jnt-Matrix-animation-output-transform"/><input semantic="INTERPOLATION" source="#back02_jnt-Interpolations"/></sampler><channel source="#back02_jnt-Matrix-animation-transform" target="back02_jnt/matrix"/></animation></animation>
    <animation id="sausage_jnt-anim" name="sausage_jnt"><animation><source id="sausage_jnt-Matrix-animation-input"><float_array id="sausage_jnt-Matrix-animation-input-array" count="21">

0.000000 0.033333 0.066667 0.100000 0.133333 0.166667 0.200000 0.233333 0.266667 0.300000 0.333333 0.366667 0.400000 0.433333 0.466667 0.500000
0.533333 0.566667 0.600000 0.633333 0.666667</float_array><technique_common><accessor source="#sausage_jnt-Matrix-animation-input-array" count="21"><param name="TIME" type="float"/></accessor></technique_common></source><source id="sausage_jnt-Matrix-animation-output-transform"><float_array id="sausage_jnt-Matrix-animation-output-transform-array" count="336">

1.000000 -0.000000 -0.000000 0.000000 0.000000 1.000000 -0.000000 0.907344 0.000000 -0.000000 1.000000 0.000000 0.000000 0.000000 0.000000 1.000000
1.000000 -0.000000 -0.000000 0.000000 0.000000 1.000000 -0.000000 0.907344 0.000000 -0.000000 1.000000 0.000000 0.000000 0.000000 0.000000 1.000000
1.000000 -0.000000 -0.000000 0.000000 0.000000 1.000000 -0.000000 0.907344 0.000000 -0.000000 1.000000 0.000000 0.000000 0.000000 0.000000 1.000000
1.000000 -0.000000 -0.000000 0.000000 0.000000 1.000000 -0.000000 0.907344 0.000000 -0.000000 1.000000 0.000000 0.000000 0.000000 0.000000 1.000000
1.000000 -0.000000 -0.000000 0.000000 0.000000 1.000000 -0.000000 0.907344 0.000000 -0.000000 1.000000 0.000000 0.000000 0.000000 0.000000 1.000000
1.000000 -0.000000 -0.000000 0.000000 0.000000 1.000000 -0.000000 0.907344 0.000000 -0.000000 1.000000 0.000000 0.000000 0.000000 0.000000 1.000000
1.000000 -0.000000 -0.000000 0.000000 0.000000 1.000000 -0.000000 0.907344 0.000000 -0.000000 1.000000 0.000000 0.000000 0.000000 0.000000 1.000000
1.000000 -0.000000 -0.000000 0.000000 0.000000 1.000000 -0.000000 0.907344 0.000000 -0.000000 1.000000 0.000000 0.000000 0.000000 0.000000 1.000000
1.000000 -0.000000 -0.000000 0.000000 0.000000 1.000000 -0.000000 0.907344 0.000000 -0.000000 1.000000 0.000000 0.000000 0.000000 0.000000 1.000000
1.000000 -0.000000 -0.000000 0.000000 0.000000 1.000000 -0.000000 0.907344 0.000000 -0.000000 1.000000 0.000000 0.000000 0.000000 0.000000 1.000000
1.000000 -0.000000 -0.000000 0.000000 0.000000 1.000000 -0.000000 0.907344 0.000000 -0.000000 1.000000 0.000000 0.000000 0.000000 0.000000 1.000000
1.000000 -0.000000 -0.000000 0.000000 0.000000 1.000000 -0.000000 0.907344 0.000000 -0.000000 1.000000 0.000000 0.000000 0.000000 0.000000 1.000000
1.000000 -0.000000 -0.000000 0.000000 0.000000 1.000000 -0.000000 0.907344 0.000000 -0.000000 1.000000 0.000000 0.000000 0.000000 0.000000 1.000000
1.000000 -0.000000 -0.000000 0.000000 0.000000 1.000000 -0.000000 0.907344 0.000000 -0.000000 1.000000 0.000000 0.000000 0.000000 0.000000 1.000000
1.000000 -0.000000 -0.000000 0.000000 0.000000 1.000000 -0.000000 0.907344 0.000000 -0.000000 1.000000 0.000000 0.000000 0.000000 0.000000 1.000000
1.000000 -0.000000 -0.000000 0.000000 0.000000 1.000000 -0.000000 0.907344 0.000000 -0.000000 1.000000 0.000000 0.000000 0.000000 0.000000 1.000000
1.000000 -0.000000 -0.000000 0.000000 0.000000 1.000000 -0.000000 0.907344 0.000000 -0.000000 1.000000 0.000000 0.000000 0.000000 0.000000 1.000000
1.000000 -0.000000 -0.000000 0.000000 0.000000 1.000000 -0.000000 0.907344 0.000000 -0.000000 1.000000 0.000000 0.000000 0.000000 0.000000 1.000000
1.000000 -0.000000 -0.000000 0.000000 0.000000 1.000000 -0.000000 0.907344 0.000000 -0.000000 1.000000 0.000000 0.000000 0.000000 0.000000 1.000000
1.000000 -0.000000 -0.000000 0.000000 0.000000 1.000000 -0.000000 0.907344 0.000000 -0.000000 1.000000 0.000000 0.000000 0.000000 0.000000 1.000000
1.000000 -0.000000 -0.000000 0.000000 0.000000 1.000000 -0.000000 0.907344 0.000000 -0.000000 1.000000 0.000000 0.000000 0.000000 0.000000 1.000000</float_array><technique_common><accessor source="#sausage_jnt-Matrix-animation-output-transform-array" count="21" stride="16"><param type="float4x4"/></accessor></technique_common></source><source id="sausage_jnt-Interpolations"><Name_array id="sausage_jnt-Interpolations-array" count="21">
 LINEAR LINEAR LINEAR LINEAR LINEAR LINEAR LINEAR LINEAR LINEAR LINEAR LINEAR
LINEAR LINEAR LINEAR LINEAR LINEAR LINEAR LINEAR LINEAR LINEAR LINEAR</Name_array><technique_common><accessor source="#sausage_jnt-Interpolations-array" count="21"><param type="name"/></accessor></technique_common></source><sampler id="sausage_jnt-Matrix-animation-transform"><input semantic="INPUT" source="#sausage_jnt-Matrix-animation-input"/><input semantic="OUTPUT" source="#sausage_jnt-Matrix-animation-output-transform"/><input semantic="INTERPOLATION" source="#sausage_jnt-Interpolations"/></sampler><channel source="#sausage_jnt-Matrix-animation-transform" target="sausage_jnt/matrix"/></animation></animation>
  </library_animations>
  <library_visual_scenes>
    <visual_scene id="ani_char_longsandwich_tp_jump_land" name="ani_char_longsandwich_tp_jump_land">
      <node name="jnt_right_weapon" id="jnt_right_weapon" sid="jnt_right_weapon" type="JOINT"><matrix sid="matrix">1.000000 0.000000 0.000000 0.000000 0.000000 1.000000 0.000000 0.000000 0.000000 0.000000 1.000000 0.000000 0.000000 0.000000 0.000000 1.000000</matrix><extra><technique profile="FCOLLADA"><visibility>0.000000</visibility></technique></extra><node name="root_longsandwich" id="root_longsandwich" sid="root_longsandwich" type="JOINT"><matrix sid="matrix">0.183038 0.930315 -0.317824 0.681000 -0.224594 0.354306 0.907758 -1.020000 0.957107 -0.094773 0.273795 -0.269000 0.000000 0.000000 0.000000 1.000000</matrix><extra><technique profile="FCOLLADA"><visibility>1.000000</visibility></technique></extra><node name="front01_jnt" id="front01_jnt" sid="front01_jnt" type="JOINT"><matrix sid="matrix">1.000000 -0.000000 -0.000000 -0.000000 0.000000 0.954184 0.299221 0.481784 0.000000 -0.299221 0.954184 1.062306 0.000000 0.000000 0.000000 1.000000</matrix><extra><technique profile="FCOLLADA"><visibility>1.000000</visibility></technique></extra><node name="front02_jnt" id="front02_jnt" sid="front02_jnt" type="JOINT"><matrix sid="matrix">1.000000 -0.000000 -0.000000 -0.000000 0.000000 0.954184 0.299221 0.477063 0.000000 -0.299221 0.954184 0.838615 0.000000 0.000000 0.000000 1.000000</matrix><extra><technique profile="FCOLLADA"><visibility>1.000000</visibility></technique></extra></node></node><node name="back01_jnt" id="back01_jnt" sid="back01_jnt" type="JOINT"><matrix sid="matrix">1.000000 -0.000000 -0.000000 0.000000 0.000000 1.000000 -0.000000 0.000358 0.000000 -0.000000 1.000000 -1.254629 0.000000 0.000000 0.000000 1.000000</matrix><extra><technique profile="FCOLLADA"><visibility>1.000000</visibility></technique></extra><node name="back02_jnt" id="back02_jnt" sid="back02_jnt" type="JOINT"><matrix sid="matrix">1.000000 -0.000000 -0.000000 0.000000 -0.000000 0.828944 -0.559331 0.264901 0.000000 0.559331 0.828944 -0.766628 0.000000 0.000000 0.000000 1.000000</matrix><extra><technique profile="FCOLLADA"><visibility>1.000000</visibility></technique></extra></node></node><node name="sausage_jnt" id="sausage_jnt" sid="sausage_jnt" type="JOINT"><matrix sid="matrix">1.000000 -0.000000 -0.000000 0.000000 0.000000 1.000000 -0.000000 0.907344 0.000000 -0.000000 1.000000 0.000000 0.000000 0.000000 0.000000 1.000000</matrix><extra><technique profile="FCOLLADA"><visibility>1.000000</visibility></technique></extra></node></node></node>
      <node name="Donttouch_grp" id="Donttouch_grp" sid="Donttouch_grp"><matrix sid="matrix">1.000000 0.000000 0.000000 0.000000 0.000000 1.000000 0.000000 0.000000 0.000000 0.000000 1.000000 0.000000 0.000000 0.000000 0.000000 1.000000</matrix><extra><technique profile="FCOLLADA"><visibility>0.000000</visibility></technique></extra><node name="rig_jnt_right_weapon" id="rig_jnt_right_weapon" sid="rig_jnt_right_weapon" type="JOINT"><matrix sid="matrix">1.000000 0.000000 0.000000 0.000000 0.000000 1.000000 0.000000 0.000000 0.000000 0.000000 1.000000 0.000000 0.000000 0.000000 0.000000 1.000000</matrix><extra><technique profile="FCOLLADA"><visibility>1.000000</visibility></technique></extra></node></node>
      <extra><technique profile="MAX3D"><frame_rate>30.000000</frame_rate></technique><technique profile="FCOLLADA"><start_time>0.000000</start_time><end_time>11.000000</end_time></technique></extra>
    </visual_scene>
  </library_visual_scenes>
  <scene>
    <instance_visual_scene url="#ani_char_longsandwich_tp_jump_land"></instance_visual_scene>
  </scene>
</COLLADA>
