<?xml version="1.0" encoding="utf-8"?>
<COLLADA xmlns="http://www.collada.org/2005/11/COLLADASchema" version="1.4.1">
  <asset><contributor><author></author><authoring_tool>FBX COLLADA exporter</authoring_tool><comments></comments></contributor><created>2020-02-12T09:55:49Z</created><keywords></keywords><modified>2020-02-12T09:55:49Z</modified><revision></revision><subject></subject><title></title><unit meter="0.010000" name="centimeter"></unit><up_axis>Y_UP</up_axis></asset>
  <library_animations>
    <animation id="root_jnt-anim" name="root_jnt"><animation><source id="root_jnt-Matrix-animation-input"><float_array id="root_jnt-Matrix-animation-input-array" count="21">

0.000000 0.033333 0.066667 0.100000 0.133333 0.166667 0.200000 0.233333 0.266667 0.300000 0.333333 0.366667 0.400000 0.433333 0.466667 0.500000
0.533333 0.566667 0.600000 0.633333 0.666667</float_array><technique_common><accessor source="#root_jnt-Matrix-animation-input-array" count="21"><param name="TIME" type="float"/></accessor></technique_common></source><source id="root_jnt-Matrix-animation-output-transform"><float_array id="root_jnt-Matrix-animation-output-transform-array" count="336">

1.000000 0.000000 0.000000 0.000000 0.000000 1.000000 0.000000 0.000000 0.000000 0.000000 1.000000 0.000000 0.000000 0.000000 0.000000 1.000000
1.000000 0.000000 0.000000 0.000000 0.000000 1.000000 0.000000 0.000000 0.000000 0.000000 1.000000 0.000000 0.000000 0.000000 0.000000 1.000000
1.000000 0.000000 0.000000 0.000000 0.000000 1.000000 0.000000 0.000000 0.000000 0.000000 1.000000 0.000000 0.000000 0.000000 0.000000 1.000000
1.000000 0.000000 0.000000 0.000000 0.000000 1.000000 0.000000 0.000000 0.000000 0.000000 1.000000 0.000000 0.000000 0.000000 0.000000 1.000000
1.000000 0.000000 0.000000 0.000000 0.000000 1.000000 0.000000 0.000000 0.000000 0.000000 1.000000 0.000000 0.000000 0.000000 0.000000 1.000000
1.000000 0.000000 0.000000 0.000000 0.000000 1.000000 0.000000 0.000000 0.000000 0.000000 1.000000 0.000000 0.000000 0.000000 0.000000 1.000000
1.000000 0.000000 0.000000 0.000000 0.000000 1.000000 0.000000 0.000000 0.000000 0.000000 1.000000 0.000000 0.000000 0.000000 0.000000 1.000000
1.000000 0.000000 0.000000 0.000000 0.000000 1.000000 0.000000 0.000000 0.000000 0.000000 1.000000 0.000000 0.000000 0.000000 0.000000 1.000000
1.000000 0.000000 0.000000 0.000000 0.000000 1.000000 0.000000 0.000000 0.000000 0.000000 1.000000 0.000000 0.000000 0.000000 0.000000 1.000000
1.000000 0.000000 0.000000 0.000000 0.000000 1.000000 0.000000 0.000000 0.000000 0.000000 1.000000 0.000000 0.000000 0.000000 0.000000 1.000000
1.000000 0.000000 0.000000 0.000000 0.000000 1.000000 0.000000 0.000000 0.000000 0.000000 1.000000 0.000000 0.000000 0.000000 0.000000 1.000000
1.000000 0.000000 0.000000 0.000000 0.000000 1.000000 0.000000 0.000000 0.000000 0.000000 1.000000 0.000000 0.000000 0.000000 0.000000 1.000000
1.000000 0.000000 0.000000 0.000000 0.000000 1.000000 0.000000 0.000000 0.000000 0.000000 1.000000 0.000000 0.000000 0.000000 0.000000 1.000000
1.000000 0.000000 0.000000 0.000000 0.000000 1.000000 0.000000 0.000000 0.000000 0.000000 1.000000 0.000000 0.000000 0.000000 0.000000 1.000000
1.000000 0.000000 0.000000 0.000000 0.000000 1.000000 0.000000 0.000000 0.000000 0.000000 1.000000 0.000000 0.000000 0.000000 0.000000 1.000000
1.000000 0.000000 0.000000 0.000000 0.000000 1.000000 0.000000 0.000000 0.000000 0.000000 1.000000 0.000000 0.000000 0.000000 0.000000 1.000000
1.000000 0.000000 0.000000 0.000000 0.000000 1.000000 0.000000 0.000000 0.000000 0.000000 1.000000 0.000000 0.000000 0.000000 0.000000 1.000000
1.000000 0.000000 0.000000 0.000000 0.000000 1.000000 0.000000 0.000000 0.000000 0.000000 1.000000 0.000000 0.000000 0.000000 0.000000 1.000000
1.000000 0.000000 0.000000 0.000000 0.000000 1.000000 0.000000 0.000000 0.000000 0.000000 1.000000 0.000000 0.000000 0.000000 0.000000 1.000000
1.000000 0.000000 0.000000 0.000000 0.000000 1.000000 0.000000 0.000000 0.000000 0.000000 1.000000 0.000000 0.000000 0.000000 0.000000 1.000000
1.000000 0.000000 0.000000 0.000000 0.000000 1.000000 0.000000 0.000000 0.000000 0.000000 1.000000 0.000000 0.000000 0.000000 0.000000 1.000000</float_array><technique_common><accessor source="#root_jnt-Matrix-animation-output-transform-array" count="21" stride="16"><param type="float4x4"/></accessor></technique_common></source><source id="root_jnt-Interpolations"><Name_array id="root_jnt-Interpolations-array" count="21">
 LINEAR LINEAR LINEAR LINEAR LINEAR LINEAR LINEAR LINEAR LINEAR LINEAR LINEAR
LINEAR LINEAR LINEAR LINEAR LINEAR LINEAR LINEAR LINEAR LINEAR LINEAR</Name_array><technique_common><accessor source="#root_jnt-Interpolations-array" count="21"><param type="name"/></accessor></technique_common></source><sampler id="root_jnt-Matrix-animation-transform"><input semantic="INPUT" source="#root_jnt-Matrix-animation-input"/><input semantic="OUTPUT" source="#root_jnt-Matrix-animation-output-transform"/><input semantic="INTERPOLATION" source="#root_jnt-Interpolations"/></sampler><channel source="#root_jnt-Matrix-animation-transform" target="root_jnt/matrix"/></animation></animation>
    <animation id="jnt_hips-anim" name="jnt_hips"><animation><source id="jnt_hips-Matrix-animation-input"><float_array id="jnt_hips-Matrix-animation-input-array" count="21">

0.000000 0.033333 0.066667 0.100000 0.133333 0.166667 0.200000 0.233333 0.266667 0.300000 0.333333 0.366667 0.400000 0.433333 0.466667 0.500000
0.533333 0.566667 0.600000 0.633333 0.666667</float_array><technique_common><accessor source="#jnt_hips-Matrix-animation-input-array" count="21"><param name="TIME" type="float"/></accessor></technique_common></source><source id="jnt_hips-Matrix-animation-output-transform"><float_array id="jnt_hips-Matrix-animation-output-transform-array" count="336">

0.961460 -0.010974 -0.274724 0.005653 -0.002571 0.998800 -0.048898 1.940700 0.274931 0.047720 0.960279 -0.246249 0.000000 0.000000 0.000000 1.000000
0.961460 -0.010974 -0.274724 0.005648 -0.002571 0.998800 -0.048898 1.940701 0.274931 0.047720 0.960279 -0.246220 0.000000 0.000000 0.000000 1.000000
0.961460 -0.010974 -0.274724 0.005633 -0.002571 0.998800 -0.048898 1.940704 0.274931 0.047720 0.960279 -0.246136 0.000000 0.000000 0.000000 1.000000
0.961460 -0.010974 -0.274724 0.005611 -0.002571 0.998800 -0.048898 1.940709 0.274931 0.047720 0.960279 -0.246004 0.000000 0.000000 0.000000 1.000000
0.961460 -0.010974 -0.274724 0.005581 -0.002571 0.998800 -0.048898 1.940716 0.274931 0.047720 0.960279 -0.245829 0.000000 0.000000 0.000000 1.000000
0.961460 -0.010974 -0.274724 0.005544 -0.002571 0.998800 -0.048898 1.940724 0.274931 0.047720 0.960279 -0.245617 0.000000 0.000000 0.000000 1.000000
0.961460 -0.010974 -0.274724 0.005503 -0.002571 0.998800 -0.048898 1.940734 0.274931 0.047720 0.960279 -0.245375 0.000000 0.000000 0.000000 1.000000
0.961460 -0.010974 -0.274724 0.005458 -0.002571 0.998800 -0.048898 1.940745 0.274931 0.047720 0.960279 -0.245109 0.000000 0.000000 0.000000 1.000000
0.961460 -0.010974 -0.274724 0.005409 -0.002571 0.998800 -0.048898 1.940756 0.274931 0.047720 0.960279 -0.244825 0.000000 0.000000 0.000000 1.000000
0.961460 -0.010974 -0.274724 0.005358 -0.002571 0.998800 -0.048898 1.940768 0.274931 0.047720 0.960279 -0.244529 0.000000 0.000000 0.000000 1.000000
0.961460 -0.010974 -0.274724 0.005306 -0.002571 0.998800 -0.048898 1.940780 0.274931 0.047720 0.960279 -0.244226 0.000000 0.000000 0.000000 1.000000
0.961460 -0.010974 -0.274724 0.005255 -0.002571 0.998800 -0.048898 1.940791 0.274931 0.047720 0.960279 -0.243924 0.000000 0.000000 0.000000 1.000000
0.961460 -0.010974 -0.274724 0.005204 -0.002571 0.998800 -0.048898 1.940803 0.274931 0.047720 0.960279 -0.243628 0.000000 0.000000 0.000000 1.000000
0.961460 -0.010974 -0.274724 0.005155 -0.002571 0.998800 -0.048898 1.940814 0.274931 0.047720 0.960279 -0.243343 0.000000 0.000000 0.000000 1.000000
0.961460 -0.010974 -0.274724 0.005110 -0.002571 0.998800 -0.048898 1.940825 0.274931 0.047720 0.960279 -0.243077 0.000000 0.000000 0.000000 1.000000
0.961460 -0.010974 -0.274724 0.005068 -0.002571 0.998800 -0.048898 1.940835 0.274931 0.047720 0.960279 -0.242836 0.000000 0.000000 0.000000 1.000000
0.961460 -0.010974 -0.274724 0.005032 -0.002571 0.998800 -0.048898 1.940843 0.274931 0.047720 0.960279 -0.242624 0.000000 0.000000 0.000000 1.000000
0.961460 -0.010974 -0.274724 0.005002 -0.002571 0.998800 -0.048898 1.940850 0.274931 0.047720 0.960279 -0.242449 0.000000 0.000000 0.000000 1.000000
0.961460 -0.010974 -0.274724 0.004979 -0.002571 0.998800 -0.048898 1.940855 0.274931 0.047720 0.960279 -0.242317 0.000000 0.000000 0.000000 1.000000
0.961460 -0.010974 -0.274724 0.004965 -0.002571 0.998800 -0.048898 1.940858 0.274931 0.047720 0.960279 -0.242233 0.000000 0.000000 0.000000 1.000000
0.961460 -0.010974 -0.274724 0.004960 -0.002571 0.998800 -0.048898 1.940860 0.274931 0.047720 0.960279 -0.242203 0.000000 0.000000 0.000000 1.000000</float_array><technique_common><accessor source="#jnt_hips-Matrix-animation-output-transform-array" count="21" stride="16"><param type="float4x4"/></accessor></technique_common></source><source id="jnt_hips-Interpolations"><Name_array id="jnt_hips-Interpolations-array" count="21">
 LINEAR LINEAR LINEAR LINEAR LINEAR LINEAR LINEAR LINEAR LINEAR LINEAR LINEAR
LINEAR LINEAR LINEAR LINEAR LINEAR LINEAR LINEAR LINEAR LINEAR LINEAR</Name_array><technique_common><accessor source="#jnt_hips-Interpolations-array" count="21"><param type="name"/></accessor></technique_common></source><sampler id="jnt_hips-Matrix-animation-transform"><input semantic="INPUT" source="#jnt_hips-Matrix-animation-input"/><input semantic="OUTPUT" source="#jnt_hips-Matrix-animation-output-transform"/><input semantic="INTERPOLATION" source="#jnt_hips-Interpolations"/></sampler><channel source="#jnt_hips-Matrix-animation-transform" target="jnt_hips/matrix"/></animation></animation>
    <animation id="jnt_spine1-anim" name="jnt_spine1"><animation><source id="jnt_spine1-Matrix-animation-input"><float_array id="jnt_spine1-Matrix-animation-input-array" count="21">

0.000000 0.033333 0.066667 0.100000 0.133333 0.166667 0.200000 0.233333 0.266667 0.300000 0.333333 0.366667 0.400000 0.433333 0.466667 0.500000
0.533333 0.566667 0.600000 0.633333 0.666667</float_array><technique_common><accessor source="#jnt_spine1-Matrix-animation-input-array" count="21"><param name="TIME" type="float"/></accessor></technique_common></source><source id="jnt_spine1-Matrix-animation-output-transform"><float_array id="jnt_spine1-Matrix-animation-output-transform-array" count="336">

0.001151 0.049327 0.998782 -0.000000 0.999132 -0.041642 0.000905 0.212132 0.041636 0.997914 -0.049332 0.023482 0.000000 0.000000 0.000000 1.000000
0.001524 0.046729 0.998906 -0.000000 0.999059 -0.043372 0.000504 0.212132 0.043348 0.997966 -0.046751 0.023482 0.000000 0.000000 0.000000 1.000000
0.001825 0.042749 0.999084 -0.000000 0.999310 -0.037139 -0.000236 0.212132 0.037095 0.998395 -0.042787 0.023482 0.000000 0.000000 0.000000 1.000000
0.001511 0.038232 0.999268 -0.000000 0.999709 -0.024099 -0.000589 0.212132 0.024058 0.998978 -0.038257 0.023482 0.000000 0.000000 0.000000 1.000000
0.000706 0.033988 0.999422 0.000000 0.999954 -0.009561 -0.000381 0.212132 0.009543 0.999377 -0.033993 0.023482 0.000000 0.000000 0.000000 1.000000
-0.000211 0.031054 0.999518 0.000000 0.999997 0.002425 0.000136 0.212132 -0.002420 0.999515 -0.031054 0.023482 0.000000 0.000000 0.000000 1.000000
-0.000409 0.029590 0.999562 0.000000 0.999982 0.006065 0.000229 0.212132 -0.006055 0.999544 -0.029592 0.023482 0.000000 0.000000 0.000000 1.000000
-0.000290 0.030686 0.999529 -0.000000 0.999993 0.003620 0.000179 0.212132 -0.003613 0.999523 -0.030687 0.023482 0.000000 0.000000 0.000000 1.000000
0.000241 0.032966 0.999456 0.000000 0.999990 -0.004406 -0.000096 0.212132 0.004400 0.999447 -0.032967 0.023482 0.000000 0.000000 0.000000 1.000000
0.000903 0.036344 0.999339 0.000000 0.999874 -0.015862 -0.000327 0.212132 0.015840 0.999213 -0.036354 0.023482 0.000000 0.000000 0.000000 1.000000
0.001329 0.040191 0.999191 0.000000 0.999619 -0.027602 -0.000219 0.212132 0.027571 0.998811 -0.040213 0.023482 0.000000 0.000000 0.000000 1.000000
0.001343 0.043989 0.999031 0.000000 0.999330 -0.036606 0.000268 0.212132 0.036582 0.998361 -0.044009 0.023482 0.000000 0.000000 0.000000 1.000000
0.001089 0.047263 0.998882 -0.000000 0.999190 -0.040227 0.000814 0.212132 0.040221 0.998072 -0.047269 0.023482 0.000000 0.000000 0.000000 1.000000
0.000956 0.049330 0.998782 0.000000 0.999205 -0.039857 0.001013 0.212132 0.039858 0.997987 -0.049329 0.023482 0.000000 0.000000 0.000000 1.000000
0.000107 0.050352 0.998732 0.000000 0.999457 -0.032918 0.001552 0.212132 0.032954 0.998189 -0.050328 0.023482 0.000000 0.000000 0.000000 1.000000
-0.001254 0.050697 0.998713 0.000000 0.999537 -0.030290 0.002792 0.212132 0.030392 0.998255 -0.050635 0.023482 0.000000 0.000000 0.000000 1.000000
-0.002895 0.050542 0.998718 0.000000 0.999483 -0.031823 0.004508 0.212132 0.032010 0.998215 -0.050423 0.023482 0.000000 0.000000 0.000000 1.000000
-0.004601 0.050095 0.998734 0.000000 0.999360 -0.035211 0.006370 0.212132 0.035485 0.998124 -0.049900 0.023482 0.000000 0.000000 0.000000 1.000000
-0.006114 0.049541 0.998753 0.000000 0.999207 -0.038998 0.008051 0.212132 0.039348 0.998010 -0.049263 0.023482 0.000000 0.000000 0.000000 1.000000
-0.007157 0.048932 0.998776 0.000000 0.999090 -0.041645 0.009200 0.212132 0.042044 0.997934 -0.048589 0.023482 0.000000 0.000000 0.000000 1.000000
-0.007631 0.048909 0.998774 0.000000 0.999080 -0.041772 0.009678 0.212132 0.042194 0.997929 -0.048545 0.023482 0.000000 0.000000 0.000000 1.000000</float_array><technique_common><accessor source="#jnt_spine1-Matrix-animation-output-transform-array" count="21" stride="16"><param type="float4x4"/></accessor></technique_common></source><source id="jnt_spine1-Interpolations"><Name_array id="jnt_spine1-Interpolations-array" count="21">
 LINEAR LINEAR LINEAR LINEAR LINEAR LINEAR LINEAR LINEAR LINEAR LINEAR LINEAR
LINEAR LINEAR LINEAR LINEAR LINEAR LINEAR LINEAR LINEAR LINEAR LINEAR</Name_array><technique_common><accessor source="#jnt_spine1-Interpolations-array" count="21"><param type="name"/></accessor></technique_common></source><sampler id="jnt_spine1-Matrix-animation-transform"><input semantic="INPUT" source="#jnt_spine1-Matrix-animation-input"/><input semantic="OUTPUT" source="#jnt_spine1-Matrix-animation-output-transform"/><input semantic="INTERPOLATION" source="#jnt_spine1-Interpolations"/></sampler><channel source="#jnt_spine1-Matrix-animation-transform" target="jnt_spine1/matrix"/></animation></animation>
    <animation id="jnt_spine2-anim" name="jnt_spine2"><animation><source id="jnt_spine2-Matrix-animation-input"><float_array id="jnt_spine2-Matrix-animation-input-array" count="21">

0.000000 0.033333 0.066667 0.100000 0.133333 0.166667 0.200000 0.233333 0.266667 0.300000 0.333333 0.366667 0.400000 0.433333 0.466667 0.500000
0.533333 0.566667 0.600000 0.633333 0.666667</float_array><technique_common><accessor source="#jnt_spine2-Matrix-animation-input-array" count="21"><param name="TIME" type="float"/></accessor></technique_common></source><source id="jnt_spine2-Matrix-animation-output-transform"><float_array id="jnt_spine2-Matrix-animation-output-transform-array" count="336">

0.999722 0.023557 -0.000095 0.426849 -0.023527 0.998228 -0.054659 0.000000 -0.001192 0.054646 0.998505 -0.000000 0.000000 0.000000 0.000000 1.000000
0.999544 0.030168 -0.000939 0.426849 -0.030177 0.998313 -0.049594 0.000000 -0.000558 0.049600 0.998769 -0.000000 0.000000 0.000000 0.000000 1.000000
0.999299 0.037391 -0.002071 0.426848 -0.037445 0.998423 -0.041817 -0.000000 0.000504 0.041865 0.999123 -0.000000 0.000000 0.000000 0.000000 1.000000
0.999092 0.042450 -0.003496 0.426849 -0.042542 0.998550 -0.032986 0.000000 0.002091 0.033105 0.999450 -0.000000 0.000000 0.000000 0.000000 1.000000
0.998917 0.046243 -0.005077 0.426848 -0.046354 0.998620 -0.024694 0.000000 0.003928 0.024903 0.999682 -0.000000 0.000000 0.000000 0.000000 1.000000
0.998804 0.048473 -0.006407 0.426848 -0.048587 0.998639 -0.018968 0.000000 0.005478 0.019257 0.999800 -0.000000 0.000000 0.000000 0.000000 1.000000
0.998701 0.050486 -0.006835 0.426848 -0.050591 0.998590 -0.016100 0.000000 0.006012 0.016424 0.999847 0.000000 0.000000 0.000000 0.000000 1.000000
0.998778 0.048981 -0.006516 0.426849 -0.049092 0.998628 -0.018245 0.000000 0.005613 0.018543 0.999812 -0.000000 0.000000 0.000000 0.000000 1.000000
0.998907 0.046414 -0.005584 0.426848 -0.046530 0.998659 -0.022692 -0.000000 0.004524 0.022927 0.999727 -0.000000 0.000000 0.000000 0.000000 1.000000
0.999054 0.043283 -0.004298 0.426849 -0.043390 0.998629 -0.029290 -0.000000 0.003024 0.029449 0.999562 0.000000 0.000000 0.000000 0.000000 1.000000
0.999226 0.039212 -0.002991 0.426849 -0.039296 0.998549 -0.036807 0.000000 0.001543 0.036896 0.999318 -0.000000 0.000000 0.000000 0.000000 1.000000
0.999422 0.033937 -0.001842 0.426849 -0.033986 0.998443 -0.044232 -0.000000 0.000338 0.044269 0.999020 -0.000000 0.000000 0.000000 0.000000 1.000000
0.999621 0.027518 -0.000810 0.426849 -0.027524 0.998339 -0.050621 -0.000000 -0.000584 0.050624 0.998718 -0.000000 0.000000 0.000000 0.000000 1.000000
0.999722 0.023557 -0.000095 0.426849 -0.023527 0.998228 -0.054658 -0.000000 -0.001192 0.054646 0.998505 -0.000000 0.000000 0.000000 0.000000 1.000000
0.999848 0.017445 0.000234 0.426848 -0.017403 0.998241 -0.056669 0.000000 -0.001222 0.056656 0.998393 0.000000 0.000000 0.000000 0.000000 1.000000
0.999891 0.014783 -0.000029 0.426848 -0.014760 0.998238 -0.057471 0.000000 -0.000821 0.057466 0.998347 -0.000000 0.000000 0.000000 0.000000 1.000000
0.999873 0.015905 -0.000833 0.426849 -0.015927 0.998225 -0.057385 -0.000000 -0.000082 0.057391 0.998352 0.000000 0.000000 0.000000 0.000000 1.000000
0.999828 0.018472 -0.001846 0.426849 -0.018547 0.998216 -0.056747 -0.000000 0.000795 0.056772 0.998387 0.000000 0.000000 0.000000 0.000000 1.000000
0.999767 0.021415 -0.002817 0.426849 -0.021539 0.998206 -0.055869 -0.000000 0.001615 0.055917 0.998434 0.000000 0.000000 0.000000 0.000000 1.000000
0.999719 0.023460 -0.003492 0.426848 -0.023617 0.998218 -0.054804 -0.000000 0.002200 0.054871 0.998491 -0.000000 0.000000 0.000000 0.000000 1.000000
0.999718 0.023455 -0.003692 0.426849 -0.023622 0.998217 -0.054812 -0.000000 0.002399 0.054884 0.998490 0.000000 0.000000 0.000000 0.000000 1.000000</float_array><technique_common><accessor source="#jnt_spine2-Matrix-animation-output-transform-array" count="21" stride="16"><param type="float4x4"/></accessor></technique_common></source><source id="jnt_spine2-Interpolations"><Name_array id="jnt_spine2-Interpolations-array" count="21">
 LINEAR LINEAR LINEAR LINEAR LINEAR LINEAR LINEAR LINEAR LINEAR LINEAR LINEAR
LINEAR LINEAR LINEAR LINEAR LINEAR LINEAR LINEAR LINEAR LINEAR LINEAR</Name_array><technique_common><accessor source="#jnt_spine2-Interpolations-array" count="21"><param type="name"/></accessor></technique_common></source><sampler id="jnt_spine2-Matrix-animation-transform"><input semantic="INPUT" source="#jnt_spine2-Matrix-animation-input"/><input semantic="OUTPUT" source="#jnt_spine2-Matrix-animation-output-transform"/><input semantic="INTERPOLATION" source="#jnt_spine2-Interpolations"/></sampler><channel source="#jnt_spine2-Matrix-animation-transform" target="jnt_spine2/matrix"/></animation></animation>
    <animation id="jnt_spine3-anim" name="jnt_spine3"><animation><source id="jnt_spine3-Matrix-animation-input"><float_array id="jnt_spine3-Matrix-animation-input-array" count="21">

0.000000 0.033333 0.066667 0.100000 0.133333 0.166667 0.200000 0.233333 0.266667 0.300000 0.333333 0.366667 0.400000 0.433333 0.466667 0.500000
0.533333 0.566667 0.600000 0.633333 0.666667</float_array><technique_common><accessor source="#jnt_spine3-Matrix-animation-input-array" count="21"><param name="TIME" type="float"/></accessor></technique_common></source><source id="jnt_spine3-Matrix-animation-output-transform"><float_array id="jnt_spine3-Matrix-animation-output-transform-array" count="336">

0.999365 0.035604 0.001497 0.555067 -0.035469 0.997878 -0.054607 -0.000000 -0.003438 0.054520 0.998507 -0.000000 0.000000 0.000000 0.000000 1.000000
0.999111 0.042159 0.000385 0.555067 -0.042088 0.997883 -0.049583 -0.000000 -0.002475 0.049523 0.998770 0.000000 0.000000 0.000000 0.000000 1.000000
0.998783 0.049306 -0.000782 0.555067 -0.049295 0.997906 -0.041865 -0.000000 -0.001283 0.041853 0.999123 0.000000 0.000000 0.000000 0.000000 1.000000
0.998525 0.054254 -0.002022 0.555067 -0.054291 0.997976 -0.033113 -0.000000 0.000221 0.033174 0.999450 -0.000000 0.000000 0.000000 0.000000 1.000000
0.998316 0.057913 -0.003382 0.555067 -0.057979 0.998007 -0.024920 -0.000000 0.001932 0.025074 0.999684 -0.000000 0.000000 0.000000 0.000000 1.000000
0.998186 0.060032 -0.004523 0.555067 -0.060108 0.998006 -0.019288 -0.000000 0.003356 0.019524 0.999804 0.000000 0.000000 0.000000 0.000000 1.000000
0.998064 0.061994 -0.004930 0.555067 -0.062067 0.997936 -0.016449 -0.000000 0.003900 0.016723 0.999853 0.000000 0.000000 0.000000 0.000000 1.000000
0.998156 0.060526 -0.004627 0.555067 -0.060602 0.997989 -0.018572 -0.000000 0.003493 0.018818 0.999817 -0.000000 0.000000 0.000000 0.000000 1.000000
0.998307 0.058046 -0.003817 0.555067 -0.058119 0.998046 -0.022953 -0.000000 0.002477 0.023136 0.999729 -0.000000 0.000000 0.000000 0.000000 1.000000
0.998481 0.055028 -0.002697 0.555067 -0.055083 0.998047 -0.029466 0.000000 0.001070 0.029570 0.999562 -0.000000 0.000000 0.000000 0.000000 1.000000
0.998694 0.051065 -0.001559 0.555067 -0.051088 0.998012 -0.036904 0.000000 -0.000329 0.036936 0.999318 -0.000000 0.000000 0.000000 0.000000 1.000000
0.998947 0.045874 -0.000499 0.555067 -0.045851 0.997967 -0.044265 -0.000000 -0.001533 0.044242 0.999020 -0.000000 0.000000 0.000000 0.000000 1.000000
0.999219 0.039520 0.000624 0.555067 -0.039438 0.997940 -0.050602 0.000000 -0.002622 0.050537 0.998719 -0.000000 0.000000 0.000000 0.000000 1.000000
0.999365 0.035604 0.001497 0.555067 -0.035469 0.997878 -0.054607 -0.000000 -0.003438 0.054520 0.998507 -0.000000 0.000000 0.000000 0.000000 1.000000
0.999562 0.029522 0.002206 0.555067 -0.029350 0.997965 -0.056600 0.000000 -0.003872 0.056510 0.998395 0.000000 0.000000 0.000000 0.000000 1.000000
0.999637 0.026851 0.002097 0.555067 -0.026686 0.997994 -0.057409 -0.000000 -0.003634 0.057332 0.998349 -0.000000 0.000000 0.000000 0.000000 1.000000
0.999609 0.027922 0.001207 0.555067 -0.027807 0.997967 -0.057350 -0.000000 -0.002806 0.057294 0.998353 -0.000000 0.000000 0.000000 0.000000 1.000000
0.999537 0.030423 0.000011 0.555067 -0.030373 0.997927 -0.056742 -0.000000 -0.001737 0.056715 0.998389 0.000000 0.000000 0.000000 0.000000 1.000000
0.999445 0.033298 -0.001164 0.555067 -0.033311 0.997881 -0.055888 -0.000000 -0.000699 0.055896 0.998436 -0.000000 0.000000 0.000000 0.000000 1.000000
0.999375 0.035294 -0.001993 0.555067 -0.035351 0.997869 -0.054837 -0.000000 0.000053 0.054873 0.998493 0.000000 0.000000 0.000000 0.000000 1.000000
0.999375 0.035276 -0.002197 0.555067 -0.035344 0.997869 -0.054850 0.000000 0.000258 0.054894 0.998492 0.000000 0.000000 0.000000 0.000000 1.000000</float_array><technique_common><accessor source="#jnt_spine3-Matrix-animation-output-transform-array" count="21" stride="16"><param type="float4x4"/></accessor></technique_common></source><source id="jnt_spine3-Interpolations"><Name_array id="jnt_spine3-Interpolations-array" count="21">
 LINEAR LINEAR LINEAR LINEAR LINEAR LINEAR LINEAR LINEAR LINEAR LINEAR LINEAR
LINEAR LINEAR LINEAR LINEAR LINEAR LINEAR LINEAR LINEAR LINEAR LINEAR</Name_array><technique_common><accessor source="#jnt_spine3-Interpolations-array" count="21"><param type="name"/></accessor></technique_common></source><sampler id="jnt_spine3-Matrix-animation-transform"><input semantic="INPUT" source="#jnt_spine3-Matrix-animation-input"/><input semantic="OUTPUT" source="#jnt_spine3-Matrix-animation-output-transform"/><input semantic="INTERPOLATION" source="#jnt_spine3-Interpolations"/></sampler><channel source="#jnt_spine3-Matrix-animation-transform" target="jnt_spine3/matrix"/></animation></animation>
    <animation id="jnt_neck-anim" name="jnt_neck"><animation><source id="jnt_neck-Matrix-animation-input"><float_array id="jnt_neck-Matrix-animation-input-array" count="21">

0.000000 0.033333 0.066667 0.100000 0.133333 0.166667 0.200000 0.233333 0.266667 0.300000 0.333333 0.366667 0.400000 0.433333 0.466667 0.500000
0.533333 0.566667 0.600000 0.633333 0.666667</float_array><technique_common><accessor source="#jnt_neck-Matrix-animation-input-array" count="21"><param name="TIME" type="float"/></accessor></technique_common></source><source id="jnt_neck-Matrix-animation-output-transform"><float_array id="jnt_neck-Matrix-animation-output-transform-array" count="336">

0.939478 -0.342505 -0.008491 0.867454 0.341153 0.937476 -0.068942 0.171572 0.031573 0.061873 0.997585 -0.000000 0.000000 0.000000 0.000000 1.000000
0.954392 -0.298537 -0.003470 0.867457 0.297482 0.951876 -0.073733 0.171573 0.025316 0.069338 0.997272 -0.000000 0.000000 0.000000 0.000000 1.000000
0.967240 -0.253863 0.001069 0.867456 0.253149 0.964186 -0.079121 0.171572 0.019055 0.076800 0.996864 -0.000000 0.000000 0.000000 0.000000 1.000000
0.966506 -0.256644 0.000859 0.867460 0.255909 0.963470 -0.078971 0.171573 0.019440 0.076546 0.996877 0.000000 0.000000 0.000000 0.000000 1.000000
0.964472 -0.264185 0.000283 0.867461 0.263390 0.961485 -0.078562 0.171572 0.020483 0.075845 0.996909 0.000000 0.000000 0.000000 0.000000 1.000000
0.961369 -0.275263 -0.000584 0.867452 0.274381 0.958456 -0.077960 0.171571 0.022020 0.074788 0.996956 -0.000000 0.000000 0.000000 0.000000 1.000000
0.957429 -0.288664 -0.001667 0.867450 0.287679 0.954608 -0.077234 0.171571 0.023886 0.073466 0.997012 0.000000 0.000000 0.000000 0.000000 1.000000
0.952926 -0.303188 -0.002886 0.867461 0.302092 0.950209 -0.076440 0.171573 0.025918 0.071970 0.997070 -0.000000 0.000000 0.000000 0.000000 1.000000
0.948207 -0.317627 -0.004155 0.867450 0.316422 0.945599 -0.075622 0.171571 0.027948 0.070391 0.997128 -0.000000 0.000000 0.000000 0.000000 1.000000
0.943673 -0.330835 -0.005383 0.867458 0.329533 0.941176 -0.074807 0.171572 0.029816 0.068820 0.997183 -0.000000 0.000000 0.000000 0.000000 1.000000
0.939803 -0.341655 -0.006473 0.867450 0.340275 0.937409 -0.074005 0.171571 0.031352 0.067348 0.997237 -0.000000 0.000000 0.000000 0.000000 1.000000
0.937103 -0.348975 -0.007323 0.867459 0.347545 0.934800 -0.073216 0.171572 0.032396 0.066066 0.997289 0.000000 0.000000 0.000000 0.000000 1.000000
0.936097 -0.351655 -0.007825 0.867453 0.350211 0.933866 -0.072436 0.171572 0.032780 0.065067 0.997342 -0.000000 0.000000 0.000000 0.000000 1.000000
0.936243 -0.351261 -0.008077 0.867455 0.349827 0.934067 -0.071692 0.171571 0.032727 0.064295 0.997394 0.000000 0.000000 0.000000 0.000000 1.000000
0.936632 -0.350218 -0.008260 0.867460 0.348796 0.934504 -0.071018 0.171572 0.032590 0.063636 0.997441 0.000000 0.000000 0.000000 0.000000 1.000000
0.937183 -0.348739 -0.008381 0.867450 0.347332 0.935094 -0.070421 0.171571 0.032395 0.063086 0.997482 -0.000000 0.000000 0.000000 0.000000 1.000000
0.937804 -0.347061 -0.008452 0.867457 0.345670 0.935748 -0.069912 0.171572 0.032173 0.062642 0.997517 -0.000000 0.000000 0.000000 0.000000 1.000000
0.938430 -0.345365 -0.008486 0.867450 0.343989 0.936398 -0.069500 0.171572 0.031949 0.062302 0.997546 -0.000000 0.000000 0.000000 0.000000 1.000000
0.938967 -0.343902 -0.008495 0.867458 0.342538 0.936952 -0.069195 0.171572 0.031756 0.062062 0.997567 -0.000000 0.000000 0.000000 0.000000 1.000000
0.939351 -0.342852 -0.008491 0.867451 0.341496 0.937347 -0.069006 0.171572 0.031618 0.061921 0.997580 -0.000000 0.000000 0.000000 0.000000 1.000000
0.939495 -0.342456 -0.008487 0.867450 0.341104 0.937494 -0.068940 0.171572 0.031566 0.061874 0.997585 -0.000000 0.000000 0.000000 0.000000 1.000000</float_array><technique_common><accessor source="#jnt_neck-Matrix-animation-output-transform-array" count="21" stride="16"><param type="float4x4"/></accessor></technique_common></source><source id="jnt_neck-Interpolations"><Name_array id="jnt_neck-Interpolations-array" count="21">
 LINEAR LINEAR LINEAR LINEAR LINEAR LINEAR LINEAR LINEAR LINEAR LINEAR LINEAR
LINEAR LINEAR LINEAR LINEAR LINEAR LINEAR LINEAR LINEAR LINEAR LINEAR</Name_array><technique_common><accessor source="#jnt_neck-Interpolations-array" count="21"><param type="name"/></accessor></technique_common></source><sampler id="jnt_neck-Matrix-animation-transform"><input semantic="INPUT" source="#jnt_neck-Matrix-animation-input"/><input semantic="OUTPUT" source="#jnt_neck-Matrix-animation-output-transform"/><input semantic="INTERPOLATION" source="#jnt_neck-Interpolations"/></sampler><channel source="#jnt_neck-Matrix-animation-transform" target="jnt_neck/matrix"/></animation></animation>
    <animation id="jnt_head-anim" name="jnt_head"><animation><source id="jnt_head-Matrix-animation-input"><float_array id="jnt_head-Matrix-animation-input-array" count="21">

0.000000 0.033333 0.066667 0.100000 0.133333 0.166667 0.200000 0.233333 0.266667 0.300000 0.333333 0.366667 0.400000 0.433333 0.466667 0.500000
0.533333 0.566667 0.600000 0.633333 0.666667</float_array><technique_common><accessor source="#jnt_head-Matrix-animation-input-array" count="21"><param name="TIME" type="float"/></accessor></technique_common></source><source id="jnt_head-Matrix-animation-output-transform"><float_array id="jnt_head-Matrix-animation-output-transform-array" count="336">

0.991330 0.127147 -0.033147 0.273591 -0.129012 0.989703 -0.062004 0.000000 0.024922 0.065743 0.997525 -0.000000 0.000000 0.000000 0.000000 1.000000
0.984337 0.173191 -0.032961 0.273593 -0.175065 0.982297 -0.066677 -0.000000 0.020829 0.071403 0.997230 -0.000000 0.000000 0.000000 0.000000 1.000000
0.975189 0.218859 -0.033290 0.273591 -0.220743 0.972709 -0.071486 0.000000 0.016736 0.077060 0.996886 -0.000000 0.000000 0.000000 0.000000 1.000000
0.975817 0.216044 -0.033272 0.273591 -0.217932 0.973350 -0.071376 0.000000 0.016964 0.076901 0.996894 0.000000 0.000000 0.000000 0.000000 1.000000
0.977480 0.208396 -0.033225 0.273591 -0.210294 0.975051 -0.071072 0.000001 0.017585 0.076458 0.996918 0.000000 0.000000 0.000000 0.000000 1.000000
0.979822 0.197102 -0.033164 0.273591 -0.199015 0.977449 -0.070613 0.000000 0.018498 0.075788 0.996952 -0.000000 0.000000 0.000000 0.000000 1.000000
0.982489 0.183354 -0.033106 0.273591 -0.185284 0.980186 -0.070037 0.000001 0.019608 0.074945 0.996995 0.000000 0.000000 0.000000 0.000000 1.000000
0.985172 0.168352 -0.033061 0.273591 -0.170300 0.982946 -0.069382 0.000001 0.020816 0.073984 0.997042 0.000000 0.000000 0.000000 0.000000 1.000000
0.987625 0.153314 -0.033034 0.273590 -0.155278 0.985480 -0.068680 0.000001 0.022025 0.072960 0.997092 0.000000 0.000000 0.000000 0.000000 1.000000
0.989676 0.139466 -0.033024 0.273591 -0.141442 0.987611 -0.067958 0.000001 0.023137 0.071928 0.997141 0.000000 0.000000 0.000000 0.000000 1.000000
0.991218 0.128045 -0.033019 0.273591 -0.130028 0.989228 -0.067240 0.000001 0.024054 0.070943 0.997190 0.000000 0.000000 0.000000 0.000000 1.000000
0.992190 0.120293 -0.033004 0.273591 -0.122273 0.990263 -0.066545 0.000001 0.024678 0.070061 0.997237 -0.000000 0.000000 0.000000 0.000000 1.000000
0.992532 0.117448 -0.032959 0.273591 -0.119414 0.990656 -0.065892 0.000000 0.024912 0.069336 0.997282 -0.000000 0.000000 0.000000 0.000000 1.000000
0.992482 0.117880 -0.032917 0.273592 -0.119826 0.990649 -0.065247 0.000000 0.024918 0.068701 0.997326 -0.000000 0.000000 0.000000 0.000000 1.000000
0.992350 0.118984 -0.032917 0.273592 -0.120912 0.990560 -0.064582 0.000000 0.024922 0.068068 0.997369 0.000000 0.000000 0.000000 0.000000 1.000000
0.992162 0.120537 -0.032947 0.273590 -0.122447 0.990414 -0.063930 0.000000 0.024925 0.067464 0.997410 -0.000000 0.000000 0.000000 0.000000 1.000000
0.991943 0.122312 -0.032995 0.273592 -0.124207 0.990234 -0.063325 0.000000 0.024927 0.066913 0.997447 -0.000000 0.000000 0.000000 0.000000 1.000000
0.991721 0.124083 -0.033050 0.273591 -0.125966 0.990045 -0.062797 0.000000 0.024929 0.066440 0.997479 -0.000000 0.000000 0.000000 0.000000 1.000000
0.991525 0.125628 -0.033101 0.273592 -0.127501 0.989875 -0.062379 0.000000 0.024929 0.066071 0.997503 -0.000000 0.000000 0.000000 0.000000 1.000000
0.991385 0.126719 -0.033139 0.273590 -0.128586 0.989752 -0.062105 0.000001 0.024930 0.065831 0.997519 -0.000000 0.000000 0.000000 0.000000 1.000000
0.991331 0.127133 -0.033154 0.273591 -0.128998 0.989704 -0.062006 0.000000 0.024930 0.065745 0.997525 -0.000000 0.000000 0.000000 0.000000 1.000000</float_array><technique_common><accessor source="#jnt_head-Matrix-animation-output-transform-array" count="21" stride="16"><param type="float4x4"/></accessor></technique_common></source><source id="jnt_head-Interpolations"><Name_array id="jnt_head-Interpolations-array" count="21">
 LINEAR LINEAR LINEAR LINEAR LINEAR LINEAR LINEAR LINEAR LINEAR LINEAR LINEAR
LINEAR LINEAR LINEAR LINEAR LINEAR LINEAR LINEAR LINEAR LINEAR LINEAR</Name_array><technique_common><accessor source="#jnt_head-Interpolations-array" count="21"><param type="name"/></accessor></technique_common></source><sampler id="jnt_head-Matrix-animation-transform"><input semantic="INPUT" source="#jnt_head-Matrix-animation-input"/><input semantic="OUTPUT" source="#jnt_head-Matrix-animation-output-transform"/><input semantic="INTERPOLATION" source="#jnt_head-Interpolations"/></sampler><channel source="#jnt_head-Matrix-animation-transform" target="jnt_head/matrix"/></animation></animation>
    <animation id="jnt_left_shoulder-anim" name="jnt_left_shoulder"><animation><source id="jnt_left_shoulder-Matrix-animation-input"><float_array id="jnt_left_shoulder-Matrix-animation-input-array" count="21">

0.000000 0.033333 0.066667 0.100000 0.133333 0.166667 0.200000 0.233333 0.266667 0.300000 0.333333 0.366667 0.400000 0.433333 0.466667 0.500000
0.533333 0.566667 0.600000 0.633333 0.666667</float_array><technique_common><accessor source="#jnt_left_shoulder-Matrix-animation-input-array" count="21"><param name="TIME" type="float"/></accessor></technique_common></source><source id="jnt_left_shoulder-Matrix-animation-output-transform"><float_array id="jnt_left_shoulder-Matrix-animation-output-transform-array" count="336">

0.061960 0.111511 -0.991830 0.635987 -0.254853 -0.959029 -0.123744 0.114392 -0.964993 0.260438 -0.031003 0.266187 0.000000 0.000000 0.000000 1.000000
0.024956 0.110364 -0.993578 0.635987 -0.256660 -0.959865 -0.113066 0.114391 -0.966179 0.257834 0.004372 0.266187 0.000000 0.000000 0.000000 1.000000
-0.044449 0.107650 -0.993195 0.635987 -0.256881 -0.961980 -0.092771 0.114392 -0.965420 0.251010 0.070412 0.266187 0.000000 0.000000 0.000000 1.000000
-0.084143 0.104846 -0.990922 0.635987 -0.244403 -0.966244 -0.081481 0.114391 -0.966016 0.235328 0.106927 0.266187 0.000000 0.000000 0.000000 1.000000
-0.087202 0.103091 -0.990842 0.635987 -0.218706 -0.972346 -0.081919 0.114391 -0.971887 0.209560 0.107337 0.266187 0.000000 0.000000 0.000000 1.000000
-0.088365 0.101398 -0.990914 0.635987 -0.189383 -0.978370 -0.083226 0.114392 -0.977919 0.180308 0.105656 0.266187 0.000000 0.000000 0.000000 1.000000
-0.087698 0.099966 -0.991118 0.635987 -0.157047 -0.983897 -0.085341 0.114391 -0.983690 0.148168 0.101986 0.266187 0.000000 0.000000 0.000000 1.000000
-0.085299 0.098999 -0.991425 0.635987 -0.122344 -0.988562 -0.088187 0.114392 -0.988815 0.113773 0.096435 0.266187 0.000000 0.000000 0.000000 1.000000
-0.081298 0.098680 -0.991793 0.635988 -0.085951 -0.992074 -0.091663 0.114392 -0.992977 0.077793 0.089135 0.266187 0.000000 0.000000 0.000000 1.000000
-0.075876 0.099155 -0.992175 0.635987 -0.048565 -0.994230 -0.095647 0.114392 -0.995934 0.040928 0.080254 0.266187 0.000000 0.000000 0.000000 1.000000
-0.069260 0.100516 -0.992522 0.635987 -0.010905 -0.994928 -0.099999 0.114392 -0.997539 0.003897 0.070005 0.266187 0.000000 0.000000 0.000000 1.000000
-0.061717 0.102787 -0.992787 0.635987 0.026310 -0.994170 -0.104566 0.114391 -0.997747 -0.032574 0.058653 0.266187 0.000000 0.000000 0.000000 1.000000
-0.053553 0.105921 -0.992931 0.635987 0.062361 -0.992063 -0.109192 0.114392 -0.996616 -0.067768 0.046523 0.266187 0.000000 0.000000 0.000000 1.000000
-0.045096 0.109792 -0.992931 0.635987 0.096547 -0.988810 -0.113722 0.114392 -0.994306 -0.100993 0.033992 0.266187 0.000000 0.000000 0.000000 1.000000
-0.036689 0.114197 -0.992780 0.635987 0.128186 -0.984705 -0.118005 0.114392 -0.991071 -0.131590 0.021490 0.266187 0.000000 0.000000 0.000000 1.000000
-0.028681 0.118869 -0.992496 0.635987 0.156622 -0.980106 -0.121912 0.114392 -0.987242 -0.158943 0.009492 0.266187 0.000000 0.000000 0.000000 1.000000
-0.021412 0.123488 -0.992115 0.635987 0.181227 -0.975424 -0.125321 0.114392 -0.983208 -0.182482 -0.001494 0.266187 0.000000 0.000000 0.000000 1.000000
-0.015217 0.127694 -0.991697 0.635987 0.201395 -0.971093 -0.128131 0.114392 -0.979392 -0.201673 -0.010940 0.266187 0.000000 0.000000 0.000000 1.000000
-0.010416 0.131116 -0.991312 0.635987 0.216535 -0.967547 -0.130248 0.114392 -0.976219 -0.216010 -0.018314 0.266187 0.000000 0.000000 0.000000 1.000000
-0.007317 0.133397 -0.991036 0.635987 0.226059 -0.965185 -0.131586 0.114392 -0.974086 -0.224995 -0.023093 0.266187 0.000000 0.000000 0.000000 1.000000
-0.006219 0.134217 -0.990932 0.635987 0.229370 -0.964340 -0.132054 0.114392 -0.973319 -0.228111 -0.024788 0.266187 0.000000 0.000000 0.000000 1.000000</float_array><technique_common><accessor source="#jnt_left_shoulder-Matrix-animation-output-transform-array" count="21" stride="16"><param type="float4x4"/></accessor></technique_common></source><source id="jnt_left_shoulder-Interpolations"><Name_array id="jnt_left_shoulder-Interpolations-array" count="21">
 LINEAR LINEAR LINEAR LINEAR LINEAR LINEAR LINEAR LINEAR LINEAR LINEAR LINEAR
LINEAR LINEAR LINEAR LINEAR LINEAR LINEAR LINEAR LINEAR LINEAR LINEAR</Name_array><technique_common><accessor source="#jnt_left_shoulder-Interpolations-array" count="21"><param type="name"/></accessor></technique_common></source><sampler id="jnt_left_shoulder-Matrix-animation-transform"><input semantic="INPUT" source="#jnt_left_shoulder-Matrix-animation-input"/><input semantic="OUTPUT" source="#jnt_left_shoulder-Matrix-animation-output-transform"/><input semantic="INTERPOLATION" source="#jnt_left_shoulder-Interpolations"/></sampler><channel source="#jnt_left_shoulder-Matrix-animation-transform" target="jnt_left_shoulder/matrix"/></animation></animation>
    <animation id="jnt_left_arm-anim" name="jnt_left_arm"><animation><source id="jnt_left_arm-Matrix-animation-input"><float_array id="jnt_left_arm-Matrix-animation-input-array" count="21">

0.000000 0.033333 0.066667 0.100000 0.133333 0.166667 0.200000 0.233333 0.266667 0.300000 0.333333 0.366667 0.400000 0.433333 0.466667 0.500000
0.533333 0.566667 0.600000 0.633333 0.666667</float_array><technique_common><accessor source="#jnt_left_arm-Matrix-animation-input-array" count="21"><param name="TIME" type="float"/></accessor></technique_common></source><source id="jnt_left_arm-Matrix-animation-output-transform"><float_array id="jnt_left_arm-Matrix-animation-output-transform-array" count="336">

0.679197 -0.613944 0.402200 -0.525417 0.179768 0.670452 0.719845 -0.032448 -0.711600 -0.416614 0.565737 0.009491 0.000000 0.000000 0.000000 1.000000
0.595247 -0.592495 0.542799 -0.525417 0.120824 0.733823 0.668510 -0.032447 -0.794407 -0.332345 0.508394 0.009492 0.000000 0.000000 0.000000 1.000000
0.408842 -0.513021 0.754756 -0.525417 0.044203 0.837197 0.545113 -0.032447 -0.911534 -0.189502 0.364958 0.009491 0.000000 0.000000 0.000000 1.000000
0.292440 -0.455016 0.841094 -0.525417 0.041082 0.884710 0.464327 -0.032447 -0.955401 -0.101234 0.277418 0.009492 0.000000 0.000000 0.000000 1.000000
