<?xml version="1.0" encoding="utf-8"?>
<COLLADA xmlns="http://www.collada.org/2005/11/COLLADASchema" version="1.4.1">
  <asset><contributor><author></author><authoring_tool>FBX COLLADA exporter</authoring_tool><comments></comments></contributor><created>2020-02-12T09:55:31Z</created><keywords></keywords><modified>2020-02-12T09:55:31Z</modified><revision></revision><subject></subject><title></title><unit meter="0.010000" name="centimeter"></unit><up_axis>Y_UP</up_axis></asset>
  <library_animations>
    <animation id="root_jnt-anim" name="root_jnt"><animation><source id="root_jnt-Matrix-animation-input"><float_array id="root_jnt-Matrix-animation-input-array" count="15">

0.000000 0.033333 0.066667 0.100000 0.133333 0.166667 0.200000 0.233333 0.266667 0.300000 0.333333 0.366667 0.400000 0.433333 0.466667</float_array><technique_common><accessor source="#root_jnt-Matrix-animation-input-array" count="15"><param name="TIME" type="float"/></accessor></technique_common></source><source id="root_jnt-Matrix-animation-output-transform"><float_array id="root_jnt-Matrix-animation-output-transform-array" count="240">

1.000000 0.000000 0.000000 0.000000 0.000000 1.000000 0.000000 0.000000 0.000000 0.000000 1.000000 0.000000 0.000000 0.000000 0.000000 1.000000
1.000000 0.000000 0.000000 0.000000 0.000000 1.000000 0.000000 0.000000 0.000000 0.000000 1.000000 0.000000 0.000000 0.000000 0.000000 1.000000
1.000000 0.000000 0.000000 0.000000 0.000000 1.000000 0.000000 0.000000 0.000000 0.000000 1.000000 0.000000 0.000000 0.000000 0.000000 1.000000
1.000000 0.000000 0.000000 0.000000 0.000000 1.000000 0.000000 0.000000 0.000000 0.000000 1.000000 0.000000 0.000000 0.000000 0.000000 1.000000
1.000000 0.000000 0.000000 0.000000 0.000000 1.000000 0.000000 0.000000 0.000000 0.000000 1.000000 0.000000 0.000000 0.000000 0.000000 1.000000
1.000000 0.000000 0.000000 0.000000 0.000000 1.000000 0.000000 0.000000 0.000000 0.000000 1.000000 0.000000 0.000000 0.000000 0.000000 1.000000
1.000000 0.000000 0.000000 0.000000 0.000000 1.000000 0.000000 0.000000 0.000000 0.000000 1.000000 0.000000 0.000000 0.000000 0.000000 1.000000
1.000000 0.000000 0.000000 0.000000 0.000000 1.000000 0.000000 0.000000 0.000000 0.000000 1.000000 0.000000 0.000000 0.000000 0.000000 1.000000
1.000000 0.000000 0.000000 0.000000 0.000000 1.000000 0.000000 0.000000 0.000000 0.000000 1.000000 0.000000 0.000000 0.000000 0.000000 1.000000
1.000000 0.000000 0.000000 0.000000 0.000000 1.000000 0.000000 0.000000 0.000000 0.000000 1.000000 0.000000 0.000000 0.000000 0.000000 1.000000
1.000000 0.000000 0.000000 0.000000 0.000000 1.000000 0.000000 0.000000 0.000000 0.000000 1.000000 0.000000 0.000000 0.000000 0.000000 1.000000
1.000000 0.000000 0.000000 0.000000 0.000000 1.000000 0.000000 0.000000 0.000000 0.000000 1.000000 0.000000 0.000000 0.000000 0.000000 1.000000
1.000000 0.000000 0.000000 0.000000 0.000000 1.000000 0.000000 0.000000 0.000000 0.000000 1.000000 0.000000 0.000000 0.000000 0.000000 1.000000
1.000000 0.000000 0.000000 0.000000 0.000000 1.000000 0.000000 0.000000 0.000000 0.000000 1.000000 0.000000 0.000000 0.000000 0.000000 1.000000
1.000000 0.000000 0.000000 0.000000 0.000000 1.000000 0.000000 0.000000 0.000000 0.000000 1.000000 0.000000 0.000000 0.000000 0.000000 1.000000</float_array><technique_common><accessor source="#root_jnt-Matrix-animation-output-transform-array" count="15" stride="16"><param type="float4x4"/></accessor></technique_common></source><source id="root_jnt-Interpolations"><Name_array id="root_jnt-Interpolations-array" count="15">
 LINEAR LINEAR LINEAR LINEAR LINEAR LINEAR LINEAR LINEAR LINEAR LINEAR LINEAR
LINEAR LINEAR LINEAR LINEAR</Name_array><technique_common><accessor source="#root_jnt-Interpolations-array" count="15"><param type="name"/></accessor></technique_common></source><sampler id="root_jnt-Matrix-animation-transform"><input semantic="INPUT" source="#root_jnt-Matrix-animation-input"/><input semantic="OUTPUT" source="#root_jnt-Matrix-animation-output-transform"/><input semantic="INTERPOLATION" source="#root_jnt-Interpolations"/></sampler><channel source="#root_jnt-Matrix-animation-transform" target="root_jnt/matrix"/></animation></animation>
    <animation id="jnt_hips-anim" name="jnt_hips"><animation><source id="jnt_hips-Matrix-animation-input"><float_array id="jnt_hips-Matrix-animation-input-array" count="15">

0.000000 0.033333 0.066667 0.100000 0.133333 0.166667 0.200000 0.233333 0.266667 0.300000 0.333333 0.366667 0.400000 0.433333 0.466667</float_array><technique_common><accessor source="#jnt_hips-Matrix-animation-input-array" count="15"><param name="TIME" type="float"/></accessor></technique_common></source><source id="jnt_hips-Matrix-animation-output-transform"><float_array id="jnt_hips-Matrix-animation-output-transform-array" count="240">

0.962594 0.027123 -0.269588 0.056394 -0.108833 0.949888 -0.293034 1.872555 0.248130 0.311412 0.917308 -0.004831 0.000000 0.000000 0.000000 1.000000
0.923581 0.027633 -0.382407 0.069128 -0.152532 0.941553 -0.300354 1.848771 0.351756 0.335731 0.873815 -0.000257 0.000000 0.000000 0.000000 1.000000
0.893558 0.039483 -0.447208 0.058026 -0.194537 0.931800 -0.306436 1.797541 0.404609 0.360817 0.840299 0.002255 0.000000 0.000000 0.000000 1.000000
0.912170 0.012534 -0.409620 0.057778 -0.164411 0.926760 -0.337764 1.829048 0.375386 0.375444 0.847424 0.006614 0.000000 0.000000 0.000000 1.000000
0.959300 -0.031959 -0.280574 0.029626 -0.076510 0.926998 -0.367180 1.896291 0.271826 0.373703 0.886824 0.003407 0.000000 0.000000 0.000000 1.000000
0.990087 -0.049110 -0.131592 -0.018684 -0.002560 0.930419 -0.366489 1.939299 0.140434 0.363192 0.921070 0.000765 0.000000 0.000000 0.000000 1.000000
0.999464 -0.032599 -0.003029 -0.035954 0.029379 0.933866 -0.356414 1.915781 0.014448 0.356134 0.934323 -0.000591 0.000000 0.000000 0.000000 1.000000
0.992720 -0.011636 0.119883 -0.042886 0.054250 0.931843 -0.358783 1.882536 -0.107538 0.362674 0.925691 0.000506 0.000000 0.000000 0.000000 1.000000
0.975040 -0.001565 0.222023 -0.038639 0.086379 0.923869 -0.372833 1.841803 -0.204537 0.382705 0.900945 0.003797 0.000000 0.000000 0.000000 1.000000
0.971252 0.011097 0.237795 -0.028226 0.083851 0.918946 -0.385365 1.824012 -0.222797 0.394226 0.891598 0.005480 0.000000 0.000000 0.000000 1.000000
0.989460 0.032696 0.141070 -0.011517 0.023008 0.926307 -0.376066 1.855268 -0.142970 0.375348 0.915791 0.002343 0.000000 0.000000 0.000000 1.000000
0.999144 0.041358 0.001313 0.026987 -0.038504 0.940899 -0.336493 1.893470 -0.015152 0.336154 0.941685 -0.003127 0.000000 0.000000 0.000000 1.000000
0.994481 0.024583 -0.101993 0.053148 -0.054247 0.952606 -0.299330 1.880422 0.089801 0.303211 0.948683 -0.007090 0.000000 0.000000 0.000000 1.000000
0.984845 0.004794 -0.173371 0.057789 -0.054467 0.957595 -0.282922 1.841447 0.164663 0.288077 0.943344 -0.008546 0.000000 0.000000 0.000000 1.000000
0.962594 0.027123 -0.269588 0.056394 -0.108833 0.949888 -0.293034 1.872555 0.248130 0.311412 0.917308 -0.004831 0.000000 0.000000 0.000000 1.000000</float_array><technique_common><accessor source="#jnt_hips-Matrix-animation-output-transform-array" count="15" stride="16"><param type="float4x4"/></accessor></technique_common></source><source id="jnt_hips-Interpolations"><Name_array id="jnt_hips-Interpolations-array" count="15">
 LINEAR LINEAR LINEAR LINEAR LINEAR LINEAR LINEAR LINEAR LINEAR LINEAR LINEAR
LINEAR LINEAR LINEAR LINEAR</Name_array><technique_common><accessor source="#jnt_hips-Interpolations-array" count="15"><param type="name"/></accessor></technique_common></source><sampler id="jnt_hips-Matrix-animation-transform"><input semantic="INPUT" source="#jnt_hips-Matrix-animation-input"/><input semantic="OUTPUT" source="#jnt_hips-Matrix-animation-output-transform"/><input semantic="INTERPOLATION" source="#jnt_hips-Interpolations"/></sampler><channel source="#jnt_hips-Matrix-animation-transform" target="jnt_hips/matrix"/></animation></animation>
    <animation id="jnt_spine1-anim" name="jnt_spine1"><animation><source id="jnt_spine1-Matrix-animation-input"><float_array id="jnt_spine1-Matrix-animation-input-array" count="15">

0.000000 0.033333 0.066667 0.100000 0.133333 0.166667 0.200000 0.233333 0.266667 0.300000 0.333333 0.366667 0.400000 0.433333 0.466667</float_array><technique_common><accessor source="#jnt_spine1-Matrix-animation-input-array" count="15"><param name="TIME" type="float"/></accessor></technique_common></source><source id="jnt_spine1-Matrix-animation-output-transform"><float_array id="jnt_spine1-Matrix-animation-output-transform-array" count="240">

-0.104420 -0.030072 0.994079 -0.000000 0.980472 -0.170597 0.097830 0.212132 0.166645 0.984882 0.047299 0.023482 0.000000 0.000000 0.000000 1.000000
-0.119899 0.057585 0.991115 0.000000 0.978144 -0.163970 0.127857 0.212132 0.169876 0.984783 -0.036667 0.023482 0.000000 0.000000 0.000000 1.000000
-0.118978 0.163285 0.979378 -0.000000 0.980597 -0.135452 0.141709 0.212132 0.155798 0.977236 -0.144001 0.023482 0.000000 0.000000 0.000000 1.000000
-0.085214 0.220454 0.971668 0.000000 0.985832 -0.122757 0.114307 0.212132 0.144478 0.967642 -0.206870 0.023482 0.000000 0.000000 0.000000 1.000000
-0.019435 0.221160 0.975044 -0.000000 0.989608 -0.134716 0.050281 0.212132 0.142474 0.965888 -0.216243 0.023482 0.000000 0.000000 0.000000 1.000000
0.040793 0.196601 0.979635 0.000000 0.987188 -0.159300 -0.009138 0.212132 0.154259 0.967456 -0.200580 0.023482 0.000000 0.000000 0.000000 1.000000
0.073110 0.160545 0.984317 0.000000 0.983175 -0.177260 -0.044113 0.212132 0.167398 0.970981 -0.170803 0.023482 0.000000 0.000000 0.000000 1.000000
0.081633 0.092328 0.992377 -0.000000 0.983163 -0.170784 -0.064986 0.212132 0.163482 0.980973 -0.104715 0.023482 0.000000 0.000000 0.000000 1.000000
0.074763 -0.006999 0.997177 -0.000000 0.987043 -0.141852 -0.074999 0.212132 0.141976 0.989863 -0.003697 0.023482 0.000000 0.000000 0.000000 1.000000
0.045950 -0.089021 0.994969 -0.000000 0.991881 -0.114164 -0.056022 0.212132 0.118577 0.989465 0.083052 0.023482 0.000000 0.000000 0.000000 1.000000
-0.004936 -0.117700 0.993037 0.000000 0.994019 -0.108916 -0.007968 0.212132 0.109096 0.987058 0.117533 0.023482 0.000000 0.000000 0.000000 1.000000
-0.051367 -0.115104 0.992024 0.000000 0.991443 -0.125248 0.036805 0.212132 0.120012 0.985426 0.120552 0.023482 0.000000 0.000000 0.000000 1.000000
-0.071553 -0.112670 0.991053 0.000000 0.987717 -0.146378 0.054671 0.212132 0.138908 0.982791 0.121760 0.023482 0.000000 0.000000 0.000000 1.000000
-0.077503 -0.101957 0.991765 0.000000 0.985084 -0.161121 0.060418 0.212132 0.153634 0.981654 0.112923 0.023483 0.000000 0.000000 0.000000 1.000000
-0.104420 -0.030072 0.994079 -0.000000 0.980472 -0.170597 0.097830 0.212132 0.166645 0.984882 0.047299 0.023482 0.000000 0.000000 0.000000 1.000000</float_array><technique_common><accessor source="#jnt_spine1-Matrix-animation-output-transform-array" count="15" stride="16"><param type="float4x4"/></accessor></technique_common></source><source id="jnt_spine1-Interpolations"><Name_array id="jnt_spine1-Interpolations-array" count="15">
 LINEAR LINEAR LINEAR LINEAR LINEAR LINEAR LINEAR LINEAR LINEAR LINEAR LINEAR
LINEAR LINEAR LINEAR LINEAR</Name_array><technique_common><accessor source="#jnt_spine1-Interpolations-array" count="15"><param type="name"/></accessor></technique_common></source><sampler id="jnt_spine1-Matrix-animation-transform"><input semantic="INPUT" source="#jnt_spine1-Matrix-animation-input"/><input semantic="OUTPUT" source="#jnt_spine1-Matrix-animation-output-transform"/><input semantic="INTERPOLATION" source="#jnt_spine1-Interpolations"/></sampler><channel source="#jnt_spine1-Matrix-animation-transform" target="jnt_spine1/matrix"/></animation></animation>
    <animation id="jnt_spine2-anim" name="jnt_spine2"><animation><source id="jnt_spine2-Matrix-animation-input"><float_array id="jnt_spine2-Matrix-animation-input-array" count="15">

0.000000 0.033333 0.066667 0.100000 0.133333 0.166667 0.200000 0.233333 0.266667 0.300000 0.333333 0.366667 0.400000 0.433333 0.466667</float_array><technique_common><accessor source="#jnt_spine2-Matrix-animation-input-array" count="15"><param name="TIME" type="float"/></accessor></technique_common></source><source id="jnt_spine2-Matrix-animation-output-transform"><float_array id="jnt_spine2-Matrix-animation-output-transform-array" count="240">

0.997851 -0.063559 0.015915 0.426849 0.063413 0.997942 0.009555 0.000000 -0.016490 -0.008525 0.999828 0.000000 0.000000 0.000000 0.000000 1.000000
0.998011 -0.060463 0.017845 0.426849 0.060925 0.997789 -0.026560 -0.000000 -0.016200 0.027594 0.999488 -0.000000 0.000000 0.000000 0.000000 1.000000
0.997803 -0.063565 0.018667 0.426849 0.064654 0.995784 -0.065077 -0.000000 -0.014452 0.066141 0.997706 -0.000000 0.000000 0.000000 0.000000 1.000000
0.998394 -0.056338 0.005916 0.426848 0.056639 0.994654 -0.086349 0.000000 -0.001020 0.086546 0.996247 -0.000000 0.000000 0.000000 0.000000 1.000000
0.998530 -0.052052 -0.015132 0.426849 0.050479 0.994631 -0.090339 0.000000 0.019753 0.089442 0.995796 -0.000000 0.000000 0.000000 0.000000 1.000000
0.997802 -0.057494 -0.032955 0.426849 0.054448 0.994731 -0.086870 0.000000 0.037776 0.084884 0.995674 0.000000 0.000000 0.000000 0.000000 1.000000
0.996930 -0.065783 -0.042474 0.426848 0.062428 0.995152 -0.075992 0.000000 0.047267 0.073107 0.996203 -0.000000 0.000000 0.000000 0.000000 1.000000
0.996702 -0.067552 -0.044958 0.426849 0.065346 0.996667 -0.048840 -0.000000 0.048107 0.045741 0.997794 -0.000000 0.000000 0.000000 0.000000 1.000000
0.997321 -0.060495 -0.041132 0.426849 0.060180 0.998148 -0.008862 -0.000000 0.041592 0.006363 0.999114 0.000000 0.000000 0.000000 0.000000 1.000000
0.998413 -0.047687 -0.029964 0.426848 0.048400 0.998551 0.023520 0.000000 0.028799 -0.024933 0.999274 -0.000000 0.000000 0.000000 0.000000 1.000000
0.999010 -0.042098 -0.014377 0.426849 0.042572 0.998501 0.034402 0.000000 0.012908 -0.034980 0.999305 -0.000000 0.000000 0.000000 0.000000 1.000000
0.998724 -0.050461 -0.001859 0.426848 0.050494 0.998163 0.033473 0.000000 0.000167 -0.033524 0.999438 -0.000000 0.000000 0.000000 0.000000 1.000000
0.998091 -0.061523 0.005447 0.426848 0.061310 0.997568 0.033154 0.000000 -0.007473 -0.032757 0.999435 -0.000000 0.000000 0.000000 0.000000 1.000000
0.997603 -0.068221 0.011622 0.426849 0.067850 0.997251 0.029766 -0.000000 -0.013620 -0.028907 0.999489 0.000000 0.000000 0.000000 0.000000 1.000000
0.997851 -0.063559 0.015915 0.426849 0.063413 0.997942 0.009555 0.000000 -0.016490 -0.008525 0.999828 0.000000 0.000000 0.000000 0.000000 1.000000</float_array><technique_common><accessor source="#jnt_spine2-Matrix-animation-output-transform-array" count="15" stride="16"><param type="float4x4"/></accessor></technique_common></source><source id="jnt_spine2-Interpolations"><Name_array id="jnt_spine2-Interpolations-array" count="15">
 LINEAR LINEAR LINEAR LINEAR LINEAR LINEAR LINEAR LINEAR LINEAR LINEAR LINEAR
LINEAR LINEAR LINEAR LINEAR</Name_array><technique_common><accessor source="#jnt_spine2-Interpolations-array" count="15"><param type="name"/></accessor></technique_common></source><sampler id="jnt_spine2-Matrix-animation-transform"><input semantic="INPUT" source="#jnt_spine2-Matrix-animation-input"/><input semantic="OUTPUT" source="#jnt_spine2-Matrix-animation-output-transform"/><input semantic="INTERPOLATION" source="#jnt_spine2-Interpolations"/></sampler><channel source="#jnt_spine2-Matrix-animation-transform" target="jnt_spine2/matrix"/></animation></animation>
    <animation id="jnt_spine3-anim" name="jnt_spine3"><animation><source id="jnt_spine3-Matrix-animation-input"><float_array id="jnt_spine3-Matrix-animation-input-array" count="15">

0.000000 0.033333 0.066667 0.100000 0.133333 0.166667 0.200000 0.233333 0.266667 0.300000 0.333333 0.366667 0.400000 0.433333 0.466667</float_array><technique_common><accessor source="#jnt_spine3-Matrix-animation-input-array" count="15"><param name="TIME" type="float"/></accessor></technique_common></source><source id="jnt_spine3-Matrix-animation-output-transform"><float_array id="jnt_spine3-Matrix-animation-output-transform-array" count="240">

0.998497 -0.052918 0.014250 0.555067 0.052765 0.998547 0.010938 0.000000 -0.014808 -0.010170 0.999839 -0.000000 0.000000 0.000000 0.000000 1.000000
0.998564 -0.049828 0.019691 0.555067 0.050312 0.998423 -0.024911 0.000000 -0.018419 0.025866 0.999496 -0.000000 0.000000 0.000000 0.000000 1.000000
0.998297 -0.052709 0.024982 0.555067 0.054199 0.996522 -0.063292 0.000000 -0.021559 0.064539 0.997682 -0.000000 0.000000 0.000000 0.000000 1.000000
0.998872 -0.045250 0.014417 0.555067 0.046322 0.995248 -0.085643 0.000000 -0.010473 0.086215 0.996222 -0.000000 0.000000 0.000000 0.000000 1.000000
0.999147 -0.040826 -0.006161 0.555067 0.040091 0.994988 -0.091605 0.000000 0.009870 0.091280 0.995776 -0.000000 0.000000 0.000000 0.000000 1.000000
0.998651 -0.046012 -0.024070 0.555067 0.043674 0.994984 -0.090002 -0.000000 0.028091 0.088830 0.995651 -0.000000 0.000000 0.000000 0.000000 1.000000
0.997921 -0.054224 -0.034845 0.555067 0.051293 0.995465 -0.080120 -0.000000 0.039031 0.078166 0.996176 -0.000000 0.000000 0.000000 0.000000 1.000000
0.997597 -0.056283 -0.040403 0.555067 0.054108 0.997125 -0.053040 0.000000 0.043272 0.050727 0.997775 0.000000 0.000000 0.000000 0.000000 1.000000
0.997958 -0.049346 -0.040550 0.555067 0.048874 0.998726 -0.012546 -0.000000 0.041118 0.010539 0.999099 0.000000 0.000000 0.000000 0.000000 1.000000
0.998816 -0.036275 -0.032406 0.555067 0.036966 0.999096 0.020983 -0.000000 0.031615 -0.022156 0.999255 0.000000 0.000000 0.000000 0.000000 1.000000
0.999372 -0.030625 -0.017824 0.555067 0.031206 0.998957 0.033328 -0.000000 0.016784 -0.033864 0.999286 0.000000 0.000000 0.000000 0.000000 1.000000
0.999219 -0.039125 -0.005485 0.555067 0.039287 0.998666 0.033500 -0.000000 0.004167 -0.033690 0.999424 0.000000 0.000000 0.000000 0.000000 1.000000
0.998729 -0.050380 0.001588 0.555067 0.050297 0.998161 0.033821 0.000000 -0.003289 -0.033699 0.999427 -0.000000 0.000000 0.000000 0.000000 1.000000
0.998321 -0.057381 0.007897 0.555067 0.057112 0.997889 0.030929 0.000000 -0.009655 -0.030426 0.999490 0.000000 0.000000 0.000000 0.000000 1.000000
0.998497 -0.052918 0.014250 0.555067 0.052765 0.998547 0.010938 0.000000 -0.014808 -0.010170 0.999839 -0.000000 0.000000 0.000000 0.000000 1.000000</float_array><technique_common><accessor source="#jnt_spine3-Matrix-animation-output-transform-array" count="15" stride="16"><param type="float4x4"/></accessor></technique_common></source><source id="jnt_spine3-Interpolations"><Name_array id="jnt_spine3-Interpolations-array" count="15">
 LINEAR LINEAR LINEAR LINEAR LINEAR LINEAR LINEAR LINEAR LINEAR LINEAR LINEAR
LINEAR LINEAR LINEAR LINEAR</Name_array><technique_common><accessor source="#jnt_spine3-Interpolations-array" count="15"><param type="name"/></accessor></technique_common></source><sampler id="jnt_spine3-Matrix-animation-transform"><input semantic="INPUT" source="#jnt_spine3-Matrix-animation-input"/><input semantic="OUTPUT" source="#jnt_spine3-Matrix-animation-output-transform"/><input semantic="INTERPOLATION" source="#jnt_spine3-Interpolations"/></sampler><channel source="#jnt_spine3-Matrix-animation-transform" target="jnt_spine3/matrix"/></animation></animation>
    <animation id="jnt_neck-anim" name="jnt_neck"><animation><source id="jnt_neck-Matrix-animation-input"><float_array id="jnt_neck-Matrix-animation-input-array" count="15">

0.000000 0.033333 0.066667 0.100000 0.133333 0.166667 0.200000 0.233333 0.266667 0.300000 0.333333 0.366667 0.400000 0.433333 0.466667</float_array><technique_common><accessor source="#jnt_neck-Matrix-animation-input-array" count="15"><param name="TIME" type="float"/></accessor></technique_common></source><source id="jnt_neck-Matrix-animation-output-transform"><float_array id="jnt_neck-Matrix-animation-output-transform-array" count="240">

0.992515 -0.074416 -0.096832 0.867453 0.062730 0.990960 -0.118586 0.171572 0.104781 0.111624 0.988211 -0.000000 0.000000 0.000000 0.000000 1.000000
0.993640 -0.071101 -0.087322 0.867451 0.062090 0.992856 -0.101891 0.171571 0.093943 0.095821 0.990956 0.000000 0.000000 0.000000 0.000000 1.000000
0.995994 -0.064041 -0.062410 0.867453 0.060387 0.996443 -0.058780 0.171574 0.065952 0.054775 0.996318 -0.000001 0.000000 0.000000 0.000000 1.000000
0.997936 -0.057956 -0.027649 0.867454 0.057984 0.998318 0.000185 0.171573 0.027592 -0.001788 0.999618 -0.000000 0.000000 0.000000 0.000000 1.000000
0.998370 -0.056070 0.010685 0.867450 0.055273 0.996404 0.064223 0.171570 -0.014248 -0.063528 0.997878 0.000000 0.000000 0.000000 0.000000 1.000000
0.997224 -0.058681 0.045844 0.867450 0.052683 0.991058 0.122587 0.171573 -0.052627 -0.119832 0.991398 0.000000 0.000000 0.000000 0.000000 1.000000
0.995449 -0.063226 0.071294 0.867457 0.050752 0.985003 0.164902 0.171573 -0.080651 -0.160533 0.983730 0.000000 0.000000 0.000000 0.000000 1.000000
0.994549 -0.065588 0.081059 0.867450 0.050003 0.982173 0.181207 0.171570 -0.091499 -0.176166 0.980099 -0.000000 0.000000 0.000000 0.000000 1.000000
0.995449 -0.063233 0.071291 0.867450 0.050760 0.985003 0.164902 0.171571 -0.080649 -0.160533 0.983730 0.000000 0.000000 0.000000 0.000000 1.000000
0.997224 -0.058681 0.045846 0.867458 0.052682 0.991058 0.122587 0.171573 -0.052629 -0.119832 0.991398 0.000000 0.000000 0.000000 0.000000 1.000000
0.998370 -0.056069 0.010686 0.867450 0.055272 0.996404 0.064223 0.171570 -0.014248 -0.063528 0.997878 0.000000 0.000000 0.000000 0.000000 1.000000
0.997936 -0.057964 -0.027649 0.867459 0.057991 0.998317 0.000185 0.171572 0.027591 -0.001788 0.999618 -0.000000 0.000000 0.000000 0.000000 1.000000
0.995994 -0.064046 -0.062407 0.867455 0.060392 0.996443 -0.058779 0.171572 0.065950 0.054775 0.996318 -0.000000 0.000000 0.000000 0.000000 1.000000
0.993639 -0.071111 -0.087321 0.867454 0.062100 0.992855 -0.101891 0.171568 0.093943 0.095821 0.990956 0.000000 0.000000 0.000000 0.000000 1.000000
0.992515 -0.074416 -0.096832 0.867453 0.062730 0.990960 -0.118586 0.171572 0.104781 0.111624 0.988211 -0.000000 0.000000 0.000000 0.000000 1.000000</float_array><technique_common><accessor source="#jnt_neck-Matrix-animation-output-transform-array" count="15" stride="16"><param type="float4x4"/></accessor></technique_common></source><source id="jnt_neck-Interpolations"><Name_array id="jnt_neck-Interpolations-array" count="15">
 LINEAR LINEAR LINEAR LINEAR LINEAR LINEAR LINEAR LINEAR LINEAR LINEAR LINEAR
LINEAR LINEAR LINEAR LINEAR</Name_array><technique_common><accessor source="#jnt_neck-Interpolations-array" count="15"><param type="name"/></accessor></technique_common></source><sampler id="jnt_neck-Matrix-animation-transform"><input semantic="INPUT" source="#jnt_neck-Matrix-animation-input"/><input semantic="OUTPUT" source="#jnt_neck-Matrix-animation-output-transform"/><input semantic="INTERPOLATION" source="#jnt_neck-Interpolations"/></sampler><channel source="#jnt_neck-Matrix-animation-transform" target="jnt_neck/matrix"/></animation></animation>
    <animation id="jnt_head-anim" name="jnt_head"><animation><source id="jnt_head-Matrix-animation-input"><float_array id="jnt_head-Matrix-animation-input-array" count="15">

0.000000 0.033333 0.066667 0.100000 0.133333 0.166667 0.200000 0.233333 0.266667 0.300000 0.333333 0.366667 0.400000 0.433333 0.466667</float_array><technique_common><accessor source="#jnt_head-Matrix-animation-input-array" count="15"><param name="TIME" type="float"/></accessor></technique_common></source><source id="jnt_head-Matrix-animation-output-transform"><float_array id="jnt_head-Matrix-animation-output-transform-array" count="240">

0.910516 0.386271 -0.147498 0.273591 -0.405437 0.904072 -0.135186 0.000000 0.081131 0.182890 0.979780 -0.000000 0.000000 0.000000 0.000000 1.000000
0.910967 0.389589 -0.135498 0.273591 -0.405440 0.906159 -0.120394 0.000001 0.075879 0.164611 0.983436 -0.000000 0.000000 0.000000 0.000000 1.000000
0.912014 0.396694 -0.104231 0.273592 -0.405396 0.910447 -0.082104 -0.000000 0.062327 0.117135 0.991158 -0.000000 0.000000 0.000000 0.000000 1.000000
0.913173 0.402992 -0.060927 0.273592 -0.405214 0.913745 -0.029514 0.000000 0.043778 0.051639 0.997706 -0.000000 0.000000 0.000000 0.000000 1.000000
0.914078 0.405318 -0.013384 0.273591 -0.404854 0.913955 0.027925 0.000000 0.023551 -0.020107 0.999520 -0.000000 0.000000 0.000000 0.000000 1.000000
0.914578 0.403278 0.030213 0.273591 -0.404378 0.911034 0.080596 0.000001 0.004978 -0.085929 0.996289 -0.000000 0.000000 0.000000 0.000000 1.000000
0.914745 0.399268 0.061870 0.273592 -0.403941 0.907013 0.118993 0.000001 -0.008607 -0.133840 0.990966 0.000000 0.000000 0.000000 0.000000 1.000000
0.914763 0.397143 0.074061 0.273591 -0.403752 0.905026 0.133838 -0.000000 -0.013874 -0.152332 0.988232 0.000000 0.000000 0.000000 0.000000 1.000000
0.914744 0.399268 0.061870 0.273591 -0.403941 0.907013 0.118993 0.000000 -0.008607 -0.133840 0.990966 -0.000000 0.000000 0.000000 0.000000 1.000000
0.914578 0.403278 0.030213 0.273591 -0.404378 0.911034 0.080596 0.000001 0.004978 -0.085929 0.996289 0.000000 0.000000 0.000000 0.000000 1.000000
0.914078 0.405318 -0.013384 0.273591 -0.404854 0.913955 0.027925 0.000000 0.023551 -0.020107 0.999520 0.000000 0.000000 0.000000 0.000000 1.000000
0.913173 0.402992 -0.060927 0.273591 -0.405214 0.913746 -0.029514 0.000000 0.043778 0.051639 0.997706 0.000000 0.000000 0.000000 0.000000 1.000000
0.912014 0.396694 -0.104231 0.273592 -0.405396 0.910447 -0.082104 0.000000 0.062327 0.117135 0.991158 -0.000000 0.000000 0.000000 0.000000 1.000000
0.910967 0.389589 -0.135498 0.273591 -0.405440 0.906159 -0.120394 0.000000 0.075879 0.164611 0.983436 -0.000000 0.000000 0.000000 0.000000 1.000000
0.910516 0.386271 -0.147498 0.273591 -0.405437 0.904072 -0.135186 0.000000 0.081131 0.182890 0.979780 -0.000000 0.000000 0.000000 0.000000 1.000000</float_array><technique_common><accessor source="#jnt_head-Matrix-animation-output-transform-array" count="15" stride="16"><param type="float4x4"/></accessor></technique_common></source><source id="jnt_head-Interpolations"><Name_array id="jnt_head-Interpolations-array" count="15">
 LINEAR LINEAR LINEAR LINEAR LINEAR LINEAR LINEAR LINEAR LINEAR LINEAR LINEAR
LINEAR LINEAR LINEAR LINEAR</Name_array><technique_common><accessor source="#jnt_head-Interpolations-array" count="15"><param type="name"/></accessor></technique_common></source><sampler id="jnt_head-Matrix-animation-transform"><input semantic="INPUT" source="#jnt_head-Matrix-animation-input"/><input semantic="OUTPUT" source="#jnt_head-Matrix-animation-output-transform"/><input semantic="INTERPOLATION" source="#jnt_head-Interpolations"/></sampler><channel source="#jnt_head-Matrix-animation-transform" target="jnt_head/matrix"/></animation></animation>
    <animation id="jnt_left_shoulder-anim" name="jnt_left_shoulder"><animation><source id="jnt_left_shoulder-Matrix-animation-input"><float_array id="jnt_left_shoulder-Matrix-animation-input-array" count="15">

0.000000 0.033333 0.066667 0.100000 0.133333 0.166667 0.200000 0.233333 0.266667 0.300000 0.333333 0.366667 0.400000 0.433333 0.466667</float_array><technique_common><accessor source="#jnt_left_shoulder-Matrix-animation-input-array" count="15"><param name="TIME" type="float"/></accessor></technique_common></source><source id="jnt_left_shoulder-Matrix-animation-output-transform"><float_array id="jnt_left_shoulder-Matrix-animation-output-transform-array" count="240">

0.098077 0.135462 -0.985916 0.635987 0.188136 -0.975352 -0.115295 0.114392 -0.977234 -0.174178 -0.121145 0.266187 0.000000 0.000000 0.000000 1.000000
0.123094 0.210145 -0.969890 0.635987 0.247834 -0.952865 -0.175002 0.114392 -0.960951 -0.218830 -0.169373 0.266187 0.000000 0.000000 0.000000 1.000000
0.061162 0.248416 -0.966720 0.635987 0.246451 -0.942304 -0.226550 0.114392 -0.967223 -0.224393 -0.118856 0.266187 0.000000 0.000000 0.000000 1.000000
0.027604 0.265829 -0.963625 0.635987 0.221466 -0.941662 -0.253426 0.114391 -0.974777 -0.206415 -0.084866 0.266187 0.000000 0.000000 0.000000 1.000000
0.029412 0.272191 -0.961794 0.635987 0.196270 -0.945051 -0.261451 0.114392 -0.980109 -0.181082 -0.081219 0.266187 0.000000 0.000000 0.000000 1.000000
0.087914 0.265368 -0.960131 0.635987 0.184477 -0.951527 -0.246098 0.114391 -0.978897 -0.155487 -0.132607 0.266187 0.000000 0.000000 0.000000 1.000000
0.173568 0.236578 -0.955984 0.635987 0.177712 -0.962306 -0.205877 0.114392 -0.968655 -0.134156 -0.209068 0.266187 0.000000 0.000000 0.000000 1.000000
0.221415 0.172102 -0.959873 0.635987 0.157534 -0.977688 -0.138958 0.114392 -0.962371 -0.120445 -0.243586 0.266187 0.000000 0.000000 0.000000 1.000000
0.194588 0.074466 -0.978054 0.635987 0.123843 -0.991000 -0.050813 0.114392 -0.973036 -0.111237 -0.202059 0.266187 0.000000 0.000000 0.000000 1.000000
0.123200 -0.020392 -0.992172 0.635987 0.097189 -0.994735 0.032513 0.114392 -0.987611 -0.100434 -0.120569 0.266187 0.000000 0.000000 0.000000 1.000000
0.074694 -0.064573 -0.995114 0.635987 0.098260 -0.992568 0.071783 0.114391 -0.992354 -0.103142 -0.067794 0.266187 0.000000 0.000000 0.000000 1.000000
0.078706 -0.034014 -0.996317 0.635988 0.122654 -0.991494 0.043538 0.114391 -0.989324 -0.125629 -0.073864 0.266187 0.000000 0.000000 0.000000 1.000000
0.101907 0.047503 -0.993659 0.635987 0.148971 -0.988325 -0.031969 0.114391 -0.983576 -0.144768 -0.107794 0.266187 0.000000 0.000000 0.000000 1.000000
0.108015 0.126758 -0.986035 0.635987 0.167085 -0.980044 -0.107685 0.114392 -0.980008 -0.153120 -0.127039 0.266187 0.000000 0.000000 0.000000 1.000000
0.098077 0.135462 -0.985916 0.635987 0.188136 -0.975352 -0.115295 0.114392 -0.977234 -0.174178 -0.121145 0.266187 0.000000 0.000000 0.000000 1.000000</float_array><technique_common><accessor source="#jnt_left_shoulder-Matrix-animation-output-transform-array" count="15" stride="16"><param type="float4x4"/></accessor></technique_common></source><source id="jnt_left_shoulder-Interpolations"><Name_array id="jnt_left_shoulder-Interpolations-array" count="15">
 LINEAR LINEAR LINEAR LINEAR LINEAR LINEAR LINEAR LINEAR LINEAR LINEAR LINEAR
LINEAR LINEAR LINEAR LINEAR</Name_array><technique_common><accessor source="#jnt_left_shoulder-Interpolations-array" count="15"><param type="name"/></accessor></technique_common></source><sampler id="jnt_left_shoulder-Matrix-animation-transform"><input semantic="INPUT" source="#jnt_left_shoulder-Matrix-animation-input"/><input semantic="OUTPUT" source="#jnt_left_shoulder-Matrix-animation-output-transform"/><input semantic="INTERPOLATION" source="#jnt_left_shoulder-Interpolations"/></sampler><channel source="#jnt_left_shoulder-Matrix-animation-transform" target="jnt_left_shoulder/matrix"/></animation></animation>
    <animation id="jnt_left_arm-anim" name="jnt_left_arm"><animation><source id="jnt_left_arm-Matrix-animation-input"><float_array id="jnt_left_arm-Matrix-animation-input-array" count="15">

0.000000 0.033333 0.066667 0.100000 0.133333 0.166667 0.200000 0.233333 0.266667 0.300000 0.333333 0.366667 0.400000 0.433333 0.466667</float_array><technique_common><accessor source="#jnt_left_arm-Matrix-animation-input-array" count="15"><param name="TIME" type="float"/></accessor></technique_common></source><source id="jnt_left_arm-Matrix-animation-output-transform"><float_array id="jnt_left_arm-Matrix-animation-output-transform-array" count="240">

0.561443 -0.332653 0.757710 -0.525417 0.381073 0.916712 0.120093 -0.032447 -0.734551 0.221318 0.641447 0.009492 0.000000 0.000000 0.000000 1.000000
0.441007 -0.404192 0.801338 -0.525417 0.510877 0.847141 0.146140 -0.032447 -0.737915 0.344936 0.580087 0.009492 0.000000 0.000000 0.000000 1.000000
0.247595 -0.399289 0.882760 -0.525417 0.657406 0.738525 0.149661 -0.032447 -0.711698 0.543276 0.445350 0.009491 0.000000 0.000000 0.000000 1.000000
0.073604 -0.388539 0.918488 -0.525416 0.784524 0.591165 0.187206 -0.032447 -0.615714 0.706797 0.348330 0.009491 0.000000 0.000000 0.000000 1.000000
-0.065537 -0.390176 0.918405 -0.525417 0.868737 0.430496 0.244886 -0.032448 -0.490919 0.813901 0.310747 0.009492 0.000000 0.000000 0.000000 1.000000
-0.147926 -0.490194 0.858969 -0.525417 0.905614 0.281913 0.316841 -0.032447 -0.397468 0.824763 0.402225 0.009491 0.000000 0.000000 0.000000 1.000000
-0.147092 -0.698277 0.700552 -0.525417 0.908798 0.184170 0.374389 -0.032447 -0.390448 0.691730 0.607503 0.009492 0.000000 0.000000 0.000000 1.000000
-0.063784 -0.815829 0.574765 -0.525417 0.874529 0.231759 0.426013 -0.032447 -0.480761 0.529822 0.698683 0.009491 0.000000 0.000000 0.000000 1.000000
0.054492 -0.822568 0.566050 -0.525418 0.783010 0.386981 0.486972 -0.032447 -0.619618 0.416686 0.665166 0.009491 0.000000 0.000000 0.000000 1.000000
0.178064 -0.750229 0.636749 -0.525417 0.640910 0.579437 0.503475 -0.032447 -0.746677 0.318449 0.584006 0.009491 0.000000 0.000000 0.000000 1.000000
0.307612 -0.647401 0.697314 -0.525417 0.511830 0.730375 0.452308 -0.032447 -0.802126 0.217771 0.556031 0.009491 0.000000 0.000000 0.000000 1.000000
0.434481 -0.599201 0.672446 -0.525417 0.440153 0.792631 0.421903 -0.032447 -0.785806 0.112670 0.608123 0.009492 0.000000 0.000000 0.000000 1.000000
0.530430 -0.545836 0.648619 -0.525417 0.405388 0.835294 0.371409 -0.032448 -0.744516 0.065936 0.664340 0.009492 0.000000 0.000000 0.000000 1.000000
0.579124 -0.429721 0.692788 -0.525417 0.390303 0.892223 0.227159 -0.032448 -0.715737 0.138844 0.684429 0.009492 0.000000 0.000000 0.000000 1.000000
0.561445 -0.332650 0.757709 -0.525417 0.381070 0.916713 0.120092 -0.032447 -0.734551 0.221315 0.641447 0.009492 0.000000 0.000000 0.000000 1.000000</float_array><technique_common><accessor source="#jnt_left_arm-Matrix-animation-output-transform-array" count="15" stride="16"><param type="float4x4"/></accessor></technique_common></source><source id="jnt_left_arm-Interpolations"><Name_array id="jnt_left_arm-Interpolations-array" count="15">
 LINEAR LINEAR LINEAR LINEAR LINEAR LINEAR LINEAR LINEAR LINEAR LINEAR LINEAR
LINEAR LINEAR LINEAR LINEAR</Name_array><technique_common><accessor source="#jnt_left_arm-Interpolations-array" count="15"><param type="name"/></accessor></technique_common></source><sampler id="jnt_left_arm-Matrix-animation-transform"><input semantic="INPUT" source="#jnt_left_arm-Matrix-animation-input"/><input semantic="OUTPUT" source="#jnt_left_arm-Matrix-animation-output-transform"/><input semantic="INTERPOLATION" source="#jnt_left_arm-Interpolations"/></sampler><channel source="#jnt_left_arm-Matrix-animation-transform" target="jnt_left_arm/matrix"/></animation></animation>
    <animation id="jnt_left_armroll-anim" name="jnt_left_armroll"><animation><source id="jnt_left_armroll-Matrix-animation-input"><float_array id="jnt_left_armroll-Matrix-animation-input-array" count="15">

0.000000 0.033333 0.066667 0.100000 0.133333 0.166667 0.200000 0.233333 0.266667 0.300000 0.333333 0.366667 0.400000 0.433333 0.466667</float_array><technique_common><accessor source="#jnt_left_armroll-Matrix-animation-input-array" count="15"><param name="TIME" type="float"/></accessor></technique_common></source><source id="jnt_left_armroll-Matrix-animation-output-transform"><float_array id="jnt_left_armroll-Matrix-animation-output-transform-array" count="240">

1.000000 0.000012 -0.000002 -0.421995 -0.000010 0.729253 -0.684244 0.000001 -0.000006 0.684244 0.729253 -0.000004 0.000000 0.000000 0.000000 1.000000
1.000000 0.000010 -0.000001 -0.421995 -0.000009 0.784271 -0.620418 0.000002 -0.000005 0.620418 0.784271 -0.000004 0.000000 0.000000 0.000000 1.000000
1.000000 0.000008 -0.000000 -0.421995 -0.000007 0.863565 -0.504238 0.000001 -0.000004 0.504238 0.863565 -0.000004 0.000000 0.000000 0.000000 1.000000
1.000000 0.000006 0.000000 -0.421995 -0.000006 0.912441 -0.409209 0.000001 -0.000003 0.409209 0.912441 -0.000004 0.000000 0.000000 0.000000 1.000000
1.000000 0.000006 0.000001 -0.421995 -0.000005 0.919183 -0.393830 0.000001 -0.000003 0.393830 0.919183 -0.000004 0.000000 0.000000 0.000000 1.000000
1.000000 0.000008 0.000000 -0.421995 -0.000007 0.868318 -0.496007 0.000001 -0.000004 0.496007 0.868318 -0.000004 0.000000 0.000000 0.000000 1.000000
1.000000 0.000011 -0.000002 -0.421995 -0.000010 0.750470 -0.660904 0.000001 -0.000006 0.660904 0.750470 -0.000004 0.000000 0.000000 0.000000 1.000000
1.000000 0.000013 -0.000003 -0.421995 -0.000011 0.665603 -0.746306 0.000001 -0.000007 0.746306 0.665603 -0.000004 0.000000 0.000000 0.000000 1.000000
1.000000 0.000013 -0.000004 -0.421995 -0.000011 0.641502 -0.767122 0.000001 -0.000008 0.767122 0.641502 -0.000004 0.000000 0.000000 0.000000 1.000000
1.000000 0.000013 -0.000004 -0.421995 -0.000011 0.631944 -0.775014 0.000001 -0.000008 0.775014 0.631944 -0.000004 0.000000 0.000000 0.000000 1.000000
1.000000 0.000014 -0.000004 -0.421995 -0.000011 0.624543 -0.780990 0.000001 -0.000008 0.780990 0.624543 -0.000004 0.000000 0.000000 0.000000 1.000000
1.000000 0.000014 -0.000004 -0.421995 -0.000011 0.607962 -0.793966 0.000001 -0.000008 0.793966 0.607962 -0.000004 0.000000 0.000000 0.000000 1.000000
1.000000 0.000014 -0.000004 -0.421995 -0.000012 0.614180 -0.789166 0.000002 -0.000008 0.789166 0.614180 -0.000004 0.000000 0.000000 0.000000 1.000000
1.000000 0.000013 -0.000003 -0.421995 -0.000011 0.670302 -0.742089 0.000001 -0.000007 0.742089 0.670302 -0.000004 0.000000 0.000000 0.000000 1.000000
1.000000 0.000012 -0.000002 -0.421995 -0.000010 0.729254 -0.684244 0.000001 -0.000006 0.684244 0.729254 -0.000004 0.000000 0.000000 0.000000 1.000000</float_array><technique_common><accessor source="#jnt_left_armroll-Matrix-animation-output-transform-array" count="15" stride="16"><param type="float4x4"/></accessor></technique_common></source><source id="jnt_left_armroll-Interpolations"><Name_array id="jnt_left_armroll-Interpolations-array" count="15">
 LINEAR LINEAR LINEAR LINEAR LINEAR LINEAR LINEAR LINEAR LINEAR LINEAR LINEAR
LINEAR LINEAR LINEAR LINEAR</Name_array><technique_common><accessor source="#jnt_left_armroll-Interpolations-array" count="15"><param type="name"/></accessor></technique_common></source><sampler id="jnt_left_armroll-Matrix-animation-transform"><input semantic="INPUT" source="#jnt_left_armroll-Matrix-animation-input"/><input semantic="OUTPUT" source="#jnt_left_armroll-Matrix-animation-output-transform"/><input semantic="INTERPOLATION" source="#jnt_left_armroll-Interpolations"/></sampler><channel source="#jnt_left_armroll-Matrix-animation-transform" target="jnt_left_armroll/matrix"/></animation></animation>
    <animation id="jnt_left_forearm-anim" name="jnt_left_forearm"><animation><source id="jnt_left_forearm-Matrix-animation-input"><float_array id="jnt_left_forearm-Matrix-animation-input-array" count="15">

0.000000 0.033333 0.066667 0.100000 0.133333 0.166667 0.200000 0.233333 0.266667 0.300000 0.333333 0.366667 0.400000 0.433333 0.466667</float_array><technique_common><accessor source="#jnt_left_forearm-Matrix-animation-input-array" count="15"><param name="TIME" type="float"/></accessor></technique_common></source><source id="jnt_left_forearm-Matrix-animation-output-transform"><float_array id="jnt_left_forearm-Matrix-animation-output-transform-array" count="240">

-0.164492 -0.930126 0.328340 -0.843982 0.929479 -0.034741 0.367237 0.000004 -0.330170 0.365593 0.870247 0.000005 0.000000 0.000000 0.000000 1.000000
-0.086158 -0.941684 0.325281 -0.843982 0.959965 0.008882 0.279980 0.000004 -0.266542 0.336381 0.903218 0.000006 0.000000 0.000000 0.000000 1.000000
0.072104 -0.931242 0.357195 -0.843982 0.950415 0.172771 0.258577 0.000011 -0.302511 0.320839 0.897524 0.000045 0.000000 0.000000 0.000000 1.000000
0.256758 -0.880501 0.398488 -0.843981 0.910271 0.358870 0.206444 0.000001 -0.324780 0.309726 0.893637 0.000004 0.000000 0.000000 0.000000 1.000000
0.435801 -0.796053 0.419974 -0.843982 0.839557 0.527715 0.129077 0.000001 -0.324379 0.296340 0.898310 0.000003 0.000000 0.000000 0.000000 1.000000
