<?xml version="1.0" encoding="utf-8"?>
<COLLADA xmlns="http://www.collada.org/2005/11/COLLADASchema" version="1.4.1">
  <asset><contributor><author></author><authoring_tool>FBX COLLADA exporter</authoring_tool><comments></comments></contributor><created>2020-02-12T09:59:55Z</created><keywords></keywords><modified>2020-02-12T09:59:55Z</modified><revision></revision><subject></subject><title></title><unit meter="0.010000" name="centimeter"></unit><up_axis>Y_UP</up_axis></asset>
  <library_animations>
    <animation id="root_jnt-anim" name="root_jnt"><animation><source id="root_jnt-Matrix-animation-input"><float_array id="root_jnt-Matrix-animation-input-array" count="31">

0.000000 0.033333 0.066667 0.100000 0.133333 0.166667 0.200000 0.233333 0.266667 0.300000 0.333333 0.366667 0.400000 0.433333 0.466667 0.500000
0.533333 0.566667 0.600000 0.633333 0.666667 0.700000 0.733333 0.766667 0.800000 0.833333 0.866667 0.900000 0.933333 0.966667 1.000000</float_array><technique_common><accessor source="#root_jnt-Matrix-animation-input-array" count="31"><param name="TIME" type="float"/></accessor></technique_common></source><source id="root_jnt-Matrix-animation-output-transform"><float_array id="root_jnt-Matrix-animation-output-transform-array" count="496">

1.000000 0.000000 0.000000 0.000000 0.000000 1.000000 0.000000 0.000000 0.000000 0.000000 1.000000 0.000000 0.000000 0.000000 0.000000 1.000000
1.000000 0.000000 0.000000 0.000000 0.000000 1.000000 0.000000 0.000000 0.000000 0.000000 1.000000 0.000000 0.000000 0.000000 0.000000 1.000000
1.000000 0.000000 0.000000 0.000000 0.000000 1.000000 0.000000 0.000000 0.000000 0.000000 1.000000 0.000000 0.000000 0.000000 0.000000 1.000000
1.000000 0.000000 0.000000 0.000000 0.000000 1.000000 0.000000 0.000000 0.000000 0.000000 1.000000 0.000000 0.000000 0.000000 0.000000 1.000000
1.000000 0.000000 0.000000 0.000000 0.000000 1.000000 0.000000 0.000000 0.000000 0.000000 1.000000 0.000000 0.000000 0.000000 0.000000 1.000000
1.000000 0.000000 0.000000 0.000000 0.000000 1.000000 0.000000 0.000000 0.000000 0.000000 1.000000 0.000000 0.000000 0.000000 0.000000 1.000000
1.000000 0.000000 0.000000 0.000000 0.000000 1.000000 0.000000 0.000000 0.000000 0.000000 1.000000 0.000000 0.000000 0.000000 0.000000 1.000000
1.000000 0.000000 0.000000 0.000000 0.000000 1.000000 0.000000 0.000000 0.000000 0.000000 1.000000 0.000000 0.000000 0.000000 0.000000 1.000000
1.000000 0.000000 0.000000 0.000000 0.000000 1.000000 0.000000 0.000000 0.000000 0.000000 1.000000 0.000000 0.000000 0.000000 0.000000 1.000000
1.000000 0.000000 0.000000 0.000000 0.000000 1.000000 0.000000 0.000000 0.000000 0.000000 1.000000 0.000000 0.000000 0.000000 0.000000 1.000000
1.000000 0.000000 0.000000 0.000000 0.000000 1.000000 0.000000 0.000000 0.000000 0.000000 1.000000 0.000000 0.000000 0.000000 0.000000 1.000000
1.000000 0.000000 0.000000 0.000000 0.000000 1.000000 0.000000 0.000000 0.000000 0.000000 1.000000 0.000000 0.000000 0.000000 0.000000 1.000000
1.000000 0.000000 0.000000 0.000000 0.000000 1.000000 0.000000 0.000000 0.000000 0.000000 1.000000 0.000000 0.000000 0.000000 0.000000 1.000000
1.000000 0.000000 0.000000 0.000000 0.000000 1.000000 0.000000 0.000000 0.000000 0.000000 1.000000 0.000000 0.000000 0.000000 0.000000 1.000000
1.000000 0.000000 0.000000 0.000000 0.000000 1.000000 0.000000 0.000000 0.000000 0.000000 1.000000 0.000000 0.000000 0.000000 0.000000 1.000000
1.000000 0.000000 0.000000 0.000000 0.000000 1.000000 0.000000 0.000000 0.000000 0.000000 1.000000 0.000000 0.000000 0.000000 0.000000 1.000000
1.000000 0.000000 0.000000 0.000000 0.000000 1.000000 0.000000 0.000000 0.000000 0.000000 1.000000 0.000000 0.000000 0.000000 0.000000 1.000000
1.000000 0.000000 0.000000 0.000000 0.000000 1.000000 0.000000 0.000000 0.000000 0.000000 1.000000 0.000000 0.000000 0.000000 0.000000 1.000000
1.000000 0.000000 0.000000 0.000000 0.000000 1.000000 0.000000 0.000000 0.000000 0.000000 1.000000 0.000000 0.000000 0.000000 0.000000 1.000000
1.000000 0.000000 0.000000 0.000000 0.000000 1.000000 0.000000 0.000000 0.000000 0.000000 1.000000 0.000000 0.000000 0.000000 0.000000 1.000000
1.000000 0.000000 0.000000 0.000000 0.000000 1.000000 0.000000 0.000000 0.000000 0.000000 1.000000 0.000000 0.000000 0.000000 0.000000 1.000000
1.000000 0.000000 0.000000 0.000000 0.000000 1.000000 0.000000 0.000000 0.000000 0.000000 1.000000 0.000000 0.000000 0.000000 0.000000 1.000000
1.000000 0.000000 0.000000 0.000000 0.000000 1.000000 0.000000 0.000000 0.000000 0.000000 1.000000 0.000000 0.000000 0.000000 0.000000 1.000000
1.000000 0.000000 0.000000 0.000000 0.000000 1.000000 0.000000 0.000000 0.000000 0.000000 1.000000 0.000000 0.000000 0.000000 0.000000 1.000000
1.000000 0.000000 0.000000 0.000000 0.000000 1.000000 0.000000 0.000000 0.000000 0.000000 1.000000 0.000000 0.000000 0.000000 0.000000 1.000000
1.000000 0.000000 0.000000 0.000000 0.000000 1.000000 0.000000 0.000000 0.000000 0.000000 1.000000 0.000000 0.000000 0.000000 0.000000 1.000000
1.000000 0.000000 0.000000 0.000000 0.000000 1.000000 0.000000 0.000000 0.000000 0.000000 1.000000 0.000000 0.000000 0.000000 0.000000 1.000000
1.000000 0.000000 0.000000 0.000000 0.000000 1.000000 0.000000 0.000000 0.000000 0.000000 1.000000 0.000000 0.000000 0.000000 0.000000 1.000000
1.000000 0.000000 0.000000 0.000000 0.000000 1.000000 0.000000 0.000000 0.000000 0.000000 1.000000 0.000000 0.000000 0.000000 0.000000 1.000000
1.000000 0.000000 0.000000 0.000000 0.000000 1.000000 0.000000 0.000000 0.000000 0.000000 1.000000 0.000000 0.000000 0.000000 0.000000 1.000000
1.000000 0.000000 0.000000 0.000000 0.000000 1.000000 0.000000 0.000000 0.000000 0.000000 1.000000 0.000000 0.000000 0.000000 0.000000 1.000000</float_array><technique_common><accessor source="#root_jnt-Matrix-animation-output-transform-array" count="31" stride="16"><param type="float4x4"/></accessor></technique_common></source><source id="root_jnt-Interpolations"><Name_array id="root_jnt-Interpolations-array" count="31">
 LINEAR LINEAR LINEAR LINEAR LINEAR LINEAR LINEAR LINEAR LINEAR LINEAR LINEAR
LINEAR LINEAR LINEAR LINEAR LINEAR LINEAR LINEAR LINEAR LINEAR LINEAR LINEAR LINEAR
LINEAR LINEAR LINEAR LINEAR LINEAR LINEAR LINEAR LINEAR</Name_array><technique_common><accessor source="#root_jnt-Interpolations-array" count="31"><param type="name"/></accessor></technique_common></source><sampler id="root_jnt-Matrix-animation-transform"><input semantic="INPUT" source="#root_jnt-Matrix-animation-input"/><input semantic="OUTPUT" source="#root_jnt-Matrix-animation-output-transform"/><input semantic="INTERPOLATION" source="#root_jnt-Interpolations"/></sampler><channel source="#root_jnt-Matrix-animation-transform" target="root_jnt/matrix"/></animation></animation>
    <animation id="jnt_hips-anim" name="jnt_hips"><animation><source id="jnt_hips-Matrix-animation-input"><float_array id="jnt_hips-Matrix-animation-input-array" count="31">

0.000000 0.033333 0.066667 0.100000 0.133333 0.166667 0.200000 0.233333 0.266667 0.300000 0.333333 0.366667 0.400000 0.433333 0.466667 0.500000
0.533333 0.566667 0.600000 0.633333 0.666667 0.700000 0.733333 0.766667 0.800000 0.833333 0.866667 0.900000 0.933333 0.966667 1.000000</float_array><technique_common><accessor source="#jnt_hips-Matrix-animation-input-array" count="31"><param name="TIME" type="float"/></accessor></technique_common></source><source id="jnt_hips-Matrix-animation-output-transform"><float_array id="jnt_hips-Matrix-animation-output-transform-array" count="496">

0.961460 -0.010974 -0.274724 0.004959 -0.268067 0.184653 -0.945539 1.888889 0.061105 0.982743 0.174594 -0.104416 0.000000 0.000000 0.000000 1.000000
0.961460 -0.010974 -0.274724 0.004959 -0.268067 0.184653 -0.945539 1.888889 0.061105 0.982743 0.174594 -0.104416 0.000000 0.000000 0.000000 1.000000
0.961460 -0.010974 -0.274724 0.004959 -0.268067 0.184653 -0.945539 1.888889 0.061105 0.982743 0.174594 -0.104416 0.000000 0.000000 0.000000 1.000000
0.961460 -0.010974 -0.274724 0.004959 -0.268067 0.184653 -0.945539 1.888889 0.061105 0.982743 0.174594 -0.104416 0.000000 0.000000 0.000000 1.000000
0.961460 -0.010974 -0.274724 0.004959 -0.268067 0.184653 -0.945539 1.888889 0.061105 0.982743 0.174594 -0.104416 0.000000 0.000000 0.000000 1.000000
0.961460 -0.010974 -0.274724 0.004959 -0.268067 0.184653 -0.945539 1.888889 0.061105 0.982743 0.174594 -0.104416 0.000000 0.000000 0.000000 1.000000
0.961460 -0.010974 -0.274724 0.004959 -0.268067 0.184653 -0.945539 1.888889 0.061105 0.982743 0.174594 -0.104416 0.000000 0.000000 0.000000 1.000000
0.961460 -0.010974 -0.274724 0.004959 -0.268067 0.184653 -0.945539 1.888889 0.061105 0.982743 0.174594 -0.104416 0.000000 0.000000 0.000000 1.000000
0.961460 -0.010974 -0.274724 0.004959 -0.268067 0.184653 -0.945539 1.888889 0.061105 0.982743 0.174594 -0.104416 0.000000 0.000000 0.000000 1.000000
0.961460 -0.010974 -0.274724 0.004959 -0.268067 0.184653 -0.945539 1.888889 0.061105 0.982743 0.174594 -0.104416 0.000000 0.000000 0.000000 1.000000
0.961460 -0.010974 -0.274724 0.004959 -0.268067 0.184653 -0.945539 1.888889 0.061105 0.982743 0.174594 -0.104416 0.000000 0.000000 0.000000 1.000000
0.961460 -0.010974 -0.274724 0.004959 -0.268067 0.184653 -0.945539 1.888889 0.061105 0.982743 0.174594 -0.104416 0.000000 0.000000 0.000000 1.000000
0.961460 -0.010974 -0.274724 0.004959 -0.268067 0.184653 -0.945539 1.888889 0.061105 0.982743 0.174594 -0.104416 0.000000 0.000000 0.000000 1.000000
0.961460 -0.010974 -0.274724 0.004959 -0.268067 0.184653 -0.945539 1.888889 0.061105 0.982743 0.174594 -0.104416 0.000000 0.000000 0.000000 1.000000
0.961460 -0.010974 -0.274724 0.004959 -0.268067 0.184653 -0.945539 1.888889 0.061105 0.982743 0.174594 -0.104416 0.000000 0.000000 0.000000 1.000000
0.961460 -0.010974 -0.274724 0.004959 -0.268067 0.184653 -0.945539 1.888889 0.061105 0.982743 0.174594 -0.104416 0.000000 0.000000 0.000000 1.000000
0.961460 -0.010974 -0.274724 0.004959 -0.268067 0.184653 -0.945539 1.888889 0.061105 0.982743 0.174594 -0.104416 0.000000 0.000000 0.000000 1.000000
0.961460 -0.010974 -0.274724 0.004959 -0.268067 0.184653 -0.945539 1.888889 0.061105 0.982743 0.174594 -0.104416 0.000000 0.000000 0.000000 1.000000
0.961460 -0.010974 -0.274724 0.004959 -0.268067 0.184653 -0.945539 1.888889 0.061105 0.982743 0.174594 -0.104416 0.000000 0.000000 0.000000 1.000000
0.961460 -0.010974 -0.274724 0.004959 -0.268067 0.184653 -0.945539 1.888889 0.061105 0.982743 0.174594 -0.104416 0.000000 0.000000 0.000000 1.000000
0.961460 -0.010974 -0.274724 0.004959 -0.268067 0.184653 -0.945539 1.888889 0.061105 0.982743 0.174594 -0.104416 0.000000 0.000000 0.000000 1.000000
0.961460 -0.010974 -0.274724 0.004959 -0.268067 0.184653 -0.945539 1.888889 0.061105 0.982743 0.174594 -0.104416 0.000000 0.000000 0.000000 1.000000
0.961460 -0.010974 -0.274724 0.004959 -0.268067 0.184653 -0.945539 1.888889 0.061105 0.982743 0.174594 -0.104416 0.000000 0.000000 0.000000 1.000000
0.961460 -0.010974 -0.274724 0.004959 -0.268067 0.184653 -0.945539 1.888889 0.061105 0.982743 0.174594 -0.104416 0.000000 0.000000 0.000000 1.000000
0.961460 -0.010974 -0.274724 0.004959 -0.268067 0.184653 -0.945539 1.888889 0.061105 0.982743 0.174594 -0.104416 0.000000 0.000000 0.000000 1.000000
0.961460 -0.010974 -0.274724 0.004959 -0.268067 0.184653 -0.945539 1.888889 0.061105 0.982743 0.174594 -0.104416 0.000000 0.000000 0.000000 1.000000
0.961460 -0.010974 -0.274724 0.004959 -0.268067 0.184653 -0.945539 1.888889 0.061105 0.982743 0.174594 -0.104416 0.000000 0.000000 0.000000 1.000000
0.961460 -0.010974 -0.274724 0.004959 -0.268067 0.184653 -0.945539 1.888889 0.061105 0.982743 0.174594 -0.104416 0.000000 0.000000 0.000000 1.000000
0.961460 -0.010974 -0.274724 0.004959 -0.268067 0.184653 -0.945539 1.888889 0.061105 0.982743 0.174594 -0.104416 0.000000 0.000000 0.000000 1.000000
0.961460 -0.010974 -0.274724 0.004959 -0.268067 0.184653 -0.945539 1.888889 0.061105 0.982743 0.174594 -0.104416 0.000000 0.000000 0.000000 1.000000
0.961460 -0.010974 -0.274724 0.004959 -0.268067 0.184653 -0.945539 1.888889 0.061105 0.982743 0.174594 -0.104416 0.000000 0.000000 0.000000 1.000000</float_array><technique_common><accessor source="#jnt_hips-Matrix-animation-output-transform-array" count="31" stride="16"><param type="float4x4"/></accessor></technique_common></source><source id="jnt_hips-Interpolations"><Name_array id="jnt_hips-Interpolations-array" count="31">
 LINEAR LINEAR LINEAR LINEAR LINEAR LINEAR LINEAR LINEAR LINEAR LINEAR LINEAR
LINEAR LINEAR LINEAR LINEAR LINEAR LINEAR LINEAR LINEAR LINEAR LINEAR LINEAR LINEAR
LINEAR LINEAR LINEAR LINEAR LINEAR LINEAR LINEAR LINEAR</Name_array><technique_common><accessor source="#jnt_hips-Interpolations-array" count="31"><param type="name"/></accessor></technique_common></source><sampler id="jnt_hips-Matrix-animation-transform"><input semantic="INPUT" source="#jnt_hips-Matrix-animation-input"/><input semantic="OUTPUT" source="#jnt_hips-Matrix-animation-output-transform"/><input semantic="INTERPOLATION" source="#jnt_hips-Interpolations"/></sampler><channel source="#jnt_hips-Matrix-animation-transform" target="jnt_hips/matrix"/></animation></animation>
    <animation id="jnt_spine1-anim" name="jnt_spine1"><animation><source id="jnt_spine1-Matrix-animation-input"><float_array id="jnt_spine1-Matrix-animation-input-array" count="31">

0.000000 0.033333 0.066667 0.100000 0.133333 0.166667 0.200000 0.233333 0.266667 0.300000 0.333333 0.366667 0.400000 0.433333 0.466667 0.500000
0.533333 0.566667 0.600000 0.633333 0.666667 0.700000 0.733333 0.766667 0.800000 0.833333 0.866667 0.900000 0.933333 0.966667 1.000000</float_array><technique_common><accessor source="#jnt_spine1-Matrix-animation-input-array" count="31"><param name="TIME" type="float"/></accessor></technique_common></source><source id="jnt_spine1-Matrix-animation-output-transform"><float_array id="jnt_spine1-Matrix-animation-output-transform-array" count="496">

0.004134 0.047668 0.998855 0.000000 0.999646 -0.026443 -0.002875 0.212132 0.026276 0.998513 -0.047761 0.023482 0.000000 0.000000 0.000000 1.000000
0.004134 0.047668 0.998855 0.000000 0.999646 -0.026443 -0.002875 0.212132 0.026276 0.998513 -0.047761 0.023482 0.000000 0.000000 0.000000 1.000000
0.003062 0.047705 0.998857 0.000000 0.999741 -0.022668 -0.001982 0.212132 0.022547 0.998604 -0.047762 0.023482 0.000000 0.000000 0.000000 1.000000
0.001970 0.047740 0.998858 0.000000 0.999822 -0.018816 -0.001073 0.212132 0.018743 0.998683 -0.047768 0.023482 0.000000 0.000000 0.000000 1.000000
0.000738 0.047775 0.998858 0.000000 0.999895 -0.014473 -0.000047 0.212132 0.014455 0.998753 -0.047780 0.023482 0.000000 0.000000 0.000000 1.000000
-0.000576 0.047805 0.998856 0.000000 0.999951 -0.009837 0.001048 0.212132 0.009876 0.998808 -0.047797 0.023482 0.000000 0.000000 0.000000 1.000000
-0.002029 0.047833 0.998853 0.000000 0.999986 -0.004715 0.002257 0.212132 0.004818 0.998844 -0.047822 0.023482 0.000000 0.000000 0.000000 1.000000
-0.003609 0.047854 0.998848 0.000000 0.999993 0.000858 0.003572 0.212132 -0.000686 0.998854 -0.047857 0.023482 0.000000 0.000000 0.000000 1.000000
-0.005023 0.047865 0.998841 0.000000 0.999972 0.005845 0.004749 0.212132 -0.005611 0.998837 -0.047893 0.023482 0.000000 0.000000 0.000000 1.000000
-0.006636 0.047871 0.998831 0.000000 0.999915 0.011533 0.006090 0.212132 -0.011228 0.998787 -0.047943 0.023482 0.000000 0.000000 0.000000 1.000000
-0.007810 0.047868 0.998823 0.000000 0.999852 0.015672 0.007067 0.212132 -0.015315 0.998731 -0.047983 0.023482 0.000000 0.000000 0.000000 1.000000
-0.009129 0.047860 0.998812 0.000000 0.999760 0.020326 0.008164 0.212132 -0.019911 0.998647 -0.048034 0.023482 0.000000 0.000000 0.000000 1.000000
-0.010047 0.047850 0.998804 0.000000 0.999682 0.023564 0.008927 0.212132 -0.023108 0.998577 -0.048071 0.023482 0.000000 0.000000 0.000000 1.000000
-0.010809 0.047839 0.998797 0.000000 0.999610 0.026251 0.009561 0.212132 -0.025762 0.998510 -0.048104 0.023482 0.000000 0.000000 0.000000 1.000000
-0.011214 0.047833 0.998792 0.000000 0.999568 0.027677 0.009897 0.212132 -0.027170 0.998472 -0.048123 0.023482 0.000000 0.000000 0.000000 1.000000
-0.011403 0.047830 0.998790 0.000000 0.999548 0.028345 0.010054 0.212132 -0.027830 0.998453 -0.048131 0.023482 0.000000 0.000000 0.000000 1.000000
-0.011223 0.047833 0.998792 0.000000 0.999567 0.027711 0.009905 0.212132 -0.027204 0.998471 -0.048123 0.023482 0.000000 0.000000 0.000000 1.000000
-0.010714 0.047840 0.998798 0.000000 0.999619 0.025917 0.009482 0.212132 -0.025432 0.998519 -0.048100 0.023482 0.000000 0.000000 0.000000 1.000000
-0.010044 0.047850 0.998804 -0.000000 0.999683 0.023553 0.008925 0.212132 -0.023098 0.998577 -0.048071 0.023482 0.000000 0.000000 0.000000 1.000000
-0.009091 0.047860 0.998813 0.000000 0.999763 0.020190 0.008132 0.212132 -0.019777 0.998650 -0.048032 0.023482 0.000000 0.000000 0.000000 1.000000
-0.007782 0.047868 0.998823 0.000000 0.999854 0.015573 0.007043 0.212132 -0.015218 0.998732 -0.047982 0.023482 0.000000 0.000000 0.000000 1.000000
-0.006626 0.047871 0.998832 0.000000 0.999915 0.011499 0.006082 0.212132 -0.011194 0.998787 -0.047943 0.023482 0.000000 0.000000 0.000000 1.000000
-0.005072 0.047866 0.998841 0.000000 0.999970 0.006017 0.004789 0.212132 -0.005781 0.998836 -0.047895 0.023482 0.000000 0.000000 0.000000 1.000000
-0.003570 0.047854 0.998848 0.000000 0.999993 0.000721 0.003540 0.212132 -0.000550 0.998854 -0.047856 0.023482 0.000000 0.000000 0.000000 1.000000
-0.002177 0.047835 0.998853 -0.000000 0.999988 -0.004191 0.002380 0.212132 0.004300 0.998846 -0.047826 0.023482 0.000000 0.000000 0.000000 1.000000
-0.000579 0.047805 0.998856 0.000000 0.999951 -0.009826 0.001050 0.212132 0.009865 0.998808 -0.047797 0.023482 0.000000 0.000000 0.000000 1.000000
0.000730 0.047775 0.998858 -0.000000 0.999896 -0.014444 -0.000040 0.212132 0.014426 0.998754 -0.047780 0.023482 0.000000 0.000000 0.000000 1.000000
0.001956 0.047741 0.998858 0.000000 0.999823 -0.018769 -0.001061 0.212132 0.018697 0.998683 -0.047769 0.023482 0.000000 0.000000 0.000000 1.000000
0.003084 0.047704 0.998857 0.000000 0.999739 -0.022747 -0.002001 0.212132 0.022626 0.998602 -0.047762 0.023482 0.000000 0.000000 0.000000 1.000000
0.004133 0.047668 0.998855 -0.000000 0.999646 -0.026444 -0.002875 0.212132 0.026276 0.998513 -0.047761 0.023482 0.000000 0.000000 0.000000 1.000000
0.004133 0.047668 0.998855 0.000000 0.999646 -0.026444 -0.002875 0.212132 0.026276 0.998513 -0.047761 0.023482 0.000000 0.000000 0.000000 1.000000</float_array><technique_common><accessor source="#jnt_spine1-Matrix-animation-output-transform-array" count="31" stride="16"><param type="float4x4"/></accessor></technique_common></source><source id="jnt_spine1-Interpolations"><Name_array id="jnt_spine1-Interpolations-array" count="31">
 LINEAR LINEAR LINEAR LINEAR LINEAR LINEAR LINEAR LINEAR LINEAR LINEAR LINEAR
LINEAR LINEAR LINEAR LINEAR LINEAR LINEAR LINEAR LINEAR LINEAR LINEAR LINEAR LINEAR
LINEAR LINEAR LINEAR LINEAR LINEAR LINEAR LINEAR LINEAR</Name_array><technique_common><accessor source="#jnt_spine1-Interpolations-array" count="31"><param type="name"/></accessor></technique_common></source><sampler id="jnt_spine1-Matrix-animation-transform"><input semantic="INPUT" source="#jnt_spine1-Matrix-animation-input"/><input semantic="OUTPUT" source="#jnt_spine1-Matrix-animation-output-transform"/><input semantic="INTERPOLATION" source="#jnt_spine1-Interpolations"/></sampler><channel source="#jnt_spine1-Matrix-animation-transform" target="jnt_spine1/matrix"/></animation></animation>
    <animation id="jnt_spine2-anim" name="jnt_spine2"><animation><source id="jnt_spine2-Matrix-animation-input"><float_array id="jnt_spine2-Matrix-animation-input-array" count="31">

0.000000 0.033333 0.066667 0.100000 0.133333 0.166667 0.200000 0.233333 0.266667 0.300000 0.333333 0.366667 0.400000 0.433333 0.466667 0.500000
0.533333 0.566667 0.600000 0.633333 0.666667 0.700000 0.733333 0.766667 0.800000 0.833333 0.866667 0.900000 0.933333 0.966667 1.000000</float_array><technique_common><accessor source="#jnt_spine2-Matrix-animation-input-array" count="31"><param name="TIME" type="float"/></accessor></technique_common></source><source id="jnt_spine2-Matrix-animation-output-transform"><float_array id="jnt_spine2-Matrix-animation-output-transform-array" count="496">

0.980240 0.197241 0.015031 0.426848 -0.196104 0.978929 -0.056940 0.000000 -0.025945 0.052867 0.998264 -0.000000 0.000000 0.000000 0.000000 1.000000
0.980240 0.197241 0.015031 0.426848 -0.196104 0.978929 -0.056940 0.000000 -0.025945 0.052867 0.998264 -0.000000 0.000000 0.000000 0.000000 1.000000
0.980910 0.193928 0.014437 0.426848 -0.192829 0.979584 -0.056853 0.000000 -0.025168 0.052984 0.998278 -0.000000 0.000000 0.000000 0.000000 1.000000
0.981576 0.190572 0.013835 0.426849 -0.189512 0.980236 -0.056771 -0.000000 -0.024380 0.053103 0.998291 -0.000000 0.000000 0.000000 0.000000 1.000000
0.982315 0.186776 0.013153 0.426848 -0.185759 0.980959 -0.056680 0.000000 -0.023490 0.053235 0.998306 -0.000000 0.000000 0.000000 0.000000 1.000000
0.983087 0.182718 0.012425 0.426849 -0.181748 0.981716 -0.056586 -0.000000 -0.022538 0.053371 0.998320 -0.000000 0.000000 0.000000 0.000000 1.000000
0.983920 0.178230 0.011620 0.426849 -0.177312 0.982532 -0.056486 -0.000000 -0.021485 0.053518 0.998336 -0.000000 0.000000 0.000000 0.000000 1.000000
0.984803 0.173343 0.010744 0.426849 -0.172481 0.983398 -0.056383 -0.000000 -0.020339 0.053673 0.998351 0.000000 0.000000 0.000000 0.000000 1.000000
0.985572 0.168966 0.009959 0.426848 -0.168153 0.984152 -0.056293 0.000000 -0.019312 0.053806 0.998365 0.000000 0.000000 0.000000 0.000000 1.000000
0.986426 0.163954 0.009061 0.426849 -0.163199 0.984991 -0.056195 -0.000000 -0.018138 0.053954 0.998379 -0.000000 0.000000 0.000000 0.000000 1.000000
0.987028 0.160330 0.008411 0.426849 -0.159617 0.985582 -0.056126 0.000000 -0.017289 0.054055 0.998388 -0.000000 0.000000 0.000000 0.000000 1.000000
0.987692 0.156220 0.007675 0.426848 -0.155554 0.986236 -0.056052 0.000000 -0.016326 0.054169 0.998398 -0.000000 0.000000 0.000000 0.000000 1.000000
0.988141 0.153383 0.007167 0.426848 -0.152749 0.986677 -0.056002 0.000000 -0.015661 0.054243 0.998405 0.000000 0.000000 0.000000 0.000000 1.000000
0.988508 0.151015 0.006742 0.426849 -0.150409 0.987039 -0.055962 0.000000 -0.015106 0.054305 0.998410 0.000000 0.000000 0.000000 0.000000 1.000000
0.988701 0.149760 0.006518 0.426848 -0.149168 0.987228 -0.055940 0.000000 -0.014812 0.054336 0.998413 -0.000000 0.000000 0.000000 0.000000 1.000000
0.988791 0.149171 0.006413 0.426848 -0.148586 0.987317 -0.055931 0.000000 -0.014675 0.054351 0.998414 -0.000000 0.000000 0.000000 0.000000 1.000000
0.988705 0.149730 0.006513 0.426849 -0.149138 0.987233 -0.055940 -0.000000 -0.014805 0.054337 0.998413 -0.000000 0.000000 0.000000 0.000000 1.000000
0.988463 0.151311 0.006796 0.426849 -0.150701 0.986994 -0.055966 0.000000 -0.015176 0.054296 0.998410 -0.000000 0.000000 0.000000 0.000000 1.000000
0.988140 0.153391 0.007169 0.426849 -0.152758 0.986676 -0.056002 -0.000000 -0.015663 0.054243 0.998405 -0.000000 0.000000 0.000000 0.000000 1.000000
0.987671 0.156353 0.007699 0.426848 -0.155685 0.986215 -0.056054 0.000000 -0.016357 0.054165 0.998398 -0.000000 0.000000 0.000000 0.000000 1.000000
0.987013 0.160417 0.008427 0.426849 -0.159703 0.985568 -0.056127 -0.000000 -0.017309 0.054053 0.998388 -0.000000 0.000000 0.000000 0.000000 1.000000
0.986421 0.163985 0.009066 0.426848 -0.163230 0.984986 -0.056196 0.000000 -0.018146 0.053953 0.998379 -0.000000 0.000000 0.000000 0.000000 1.000000
0.985598 0.168814 0.009932 0.426849 -0.168004 0.984178 -0.056290 -0.000000 -0.019278 0.053811 0.998365 -0.000000 0.000000 0.000000 0.000000 1.000000
0.984781 0.173464 0.010765 0.426848 -0.172600 0.983377 -0.056385 0.000000 -0.020367 0.053669 0.998351 -0.000000 0.000000 0.000000 0.000000 1.000000
0.984005 0.177769 0.011537 0.426848 -0.176856 0.982615 -0.056478 0.000000 -0.021377 0.053534 0.998337 -0.000000 0.000000 0.000000 0.000000 1.000000
0.983089 0.182708 0.012423 0.426848 -0.181738 0.981718 -0.056586 0.000000 -0.022535 0.053372 0.998320 -0.000000 0.000000 0.000000 0.000000 1.000000
0.982319 0.186750 0.013149 0.426848 -0.185734 0.980964 -0.056680 0.000000 -0.023483 0.053236 0.998306 -0.000000 0.000000 0.000000 0.000000 1.000000
0.981586 0.190520 0.013825 0.426848 -0.189460 0.980246 -0.056770 0.000000 -0.024368 0.053105 0.998292 0.000000 0.000000 0.000000 0.000000 1.000000
0.980893 0.194009 0.014451 0.426849 -0.192910 0.979568 -0.056855 0.000000 -0.025187 0.052981 0.998278 0.000000 0.000000 0.000000 0.000000 1.000000
0.980240 0.197241 0.015031 0.426848 -0.196104 0.978929 -0.056940 0.000000 -0.025945 0.052867 0.998264 0.000000 0.000000 0.000000 0.000000 1.000000
0.980240 0.197241 0.015031 0.426848 -0.196104 0.978929 -0.056940 0.000000 -0.025945 0.052867 0.998264 0.000000 0.000000 0.000000 0.000000 1.000000</float_array><technique_common><accessor source="#jnt_spine2-Matrix-animation-output-transform-array" count="31" stride="16"><param type="float4x4"/></accessor></technique_common></source><source id="jnt_spine2-Interpolations"><Name_array id="jnt_spine2-Interpolations-array" count="31">
 LINEAR LINEAR LINEAR LINEAR LINEAR LINEAR LINEAR LINEAR LINEAR LINEAR LINEAR
LINEAR LINEAR LINEAR LINEAR LINEAR LINEAR LINEAR LINEAR LINEAR LINEAR LINEAR LINEAR
LINEAR LINEAR LINEAR LINEAR LINEAR LINEAR LINEAR LINEAR</Name_array><technique_common><accessor source="#jnt_spine2-Interpolations-array" count="31"><param type="name"/></accessor></technique_common></source><sampler id="jnt_spine2-Matrix-animation-transform"><input semantic="INPUT" source="#jnt_spine2-Matrix-animation-input"/><input semantic="OUTPUT" source="#jnt_spine2-Matrix-animation-output-transform"/><input semantic="INTERPOLATION" source="#jnt_spine2-Interpolations"/></sampler><channel source="#jnt_spine2-Matrix-animation-transform" target="jnt_spine2/matrix"/></animation></animation>
    <animation id="jnt_spine3-anim" name="jnt_spine3"><animation><source id="jnt_spine3-Matrix-animation-input"><float_array id="jnt_spine3-Matrix-animation-input-array" count="31">

0.000000 0.033333 0.066667 0.100000 0.133333 0.166667 0.200000 0.233333 0.266667 0.300000 0.333333 0.366667 0.400000 0.433333 0.466667 0.500000
0.533333 0.566667 0.600000 0.633333 0.666667 0.700000 0.733333 0.766667 0.800000 0.833333 0.866667 0.900000 0.933333 0.966667 1.000000</float_array><technique_common><accessor source="#jnt_spine3-Matrix-animation-input-array" count="31"><param name="TIME" type="float"/></accessor></technique_common></source><source id="jnt_spine3-Matrix-animation-output-transform"><float_array id="jnt_spine3-Matrix-animation-output-transform-array" count="496">

0.977712 0.209672 0.010813 0.555067 -0.208792 0.976429 -0.054709 -0.000000 -0.022030 0.051232 0.998444 -0.000000 0.000000 0.000000 0.000000 1.000000
0.977712 0.209672 0.010813 0.555067 -0.208792 0.976429 -0.054709 -0.000000 -0.022030 0.051232 0.998444 -0.000000 0.000000 0.000000 0.000000 1.000000
0.978425 0.206341 0.010399 0.555067 -0.205486 0.977130 -0.054704 -0.000000 -0.021449 0.051387 0.998448 0.000000 0.000000 0.000000 0.000000 1.000000
0.979135 0.202967 0.009981 0.555067 -0.202138 0.977828 -0.054704 -0.000000 -0.020862 0.051545 0.998453 -0.000000 0.000000 0.000000 0.000000 1.000000
0.979923 0.199148 0.009507 0.555067 -0.198349 0.978604 -0.054705 -0.000000 -0.020198 0.051721 0.998457 0.000000 0.000000 0.000000 0.000000 1.000000
0.980749 0.195067 0.009001 0.555067 -0.194300 0.979415 -0.054708 -0.000000 -0.019487 0.051906 0.998462 -0.000000 0.000000 0.000000 0.000000 1.000000
0.981641 0.190553 0.008442 0.555067 -0.189821 0.980293 -0.054715 -0.000000 -0.018701 0.052108 0.998466 -0.000000 0.000000 0.000000 0.000000 1.000000
0.982587 0.185637 0.007833 0.555067 -0.184943 0.981224 -0.054726 -0.000000 -0.017845 0.052324 0.998471 0.000000 0.000000 0.000000 0.000000 1.000000
0.983413 0.181233 0.007289 0.555067 -0.180574 0.982037 -0.054737 -0.000000 -0.017078 0.052513 0.998474 -0.000000 0.000000 0.000000 0.000000 1.000000
0.984333 0.176193 0.006666 0.555067 -0.175573 0.982943 -0.054754 -0.000000 -0.016199 0.052726 0.998478 -0.000000 0.000000 0.000000 0.000000 1.000000
0.984982 0.172546 0.006215 0.555067 -0.171955 0.983581 -0.054767 -0.000000 -0.015563 0.052876 0.998480 -0.000000 0.000000 0.000000 0.000000 1.000000
0.985700 0.168411 0.005705 0.555067 -0.167853 0.984289 -0.054786 -0.000000 -0.014842 0.053044 0.998482 -0.000000 0.000000 0.000000 0.000000 1.000000
0.986186 0.165556 0.005353 0.555067 -0.165020 0.984767 -0.054798 -0.000000 -0.014344 0.053158 0.998483 -0.000000 0.000000 0.000000 0.000000 1.000000
0.986584 0.163173 0.005060 0.555067 -0.162656 0.985159 -0.054810 -0.000000 -0.013928 0.053252 0.998484 -0.000000 0.000000 0.000000 0.000000 1.000000
0.986793 0.161912 0.004904 0.555067 -0.161405 0.985365 -0.054816 -0.000000 -0.013708 0.053301 0.998484 -0.000000 0.000000 0.000000 0.000000 1.000000
0.986891 0.161319 0.004831 0.555067 -0.160816 0.985461 -0.054819 -0.000000 -0.013604 0.053324 0.998485 -0.000000 0.000000 0.000000 0.000000 1.000000
0.986798 0.161882 0.004901 0.555067 -0.161375 0.985370 -0.054816 -0.000000 -0.013703 0.053302 0.998484 -0.000000 0.000000 0.000000 0.000000 1.000000
0.986535 0.163472 0.005096 0.555067 -0.162953 0.985110 -0.054808 -0.000000 -0.013980 0.053239 0.998484 -0.000000 0.000000 0.000000 0.000000 1.000000
0.986184 0.165566 0.005354 0.555067 -0.165030 0.984765 -0.054798 -0.000000 -0.014346 0.053158 0.998483 -0.000000 0.000000 0.000000 0.000000 1.000000
0.985677 0.168545 0.005722 0.555067 -0.167986 0.984266 -0.054785 -0.000000 -0.014866 0.053039 0.998482 -0.000000 0.000000 0.000000 0.000000 1.000000
0.984966 0.172633 0.006226 0.555067 -0.172042 0.983566 -0.054766 -0.000000 -0.015578 0.052872 0.998480 -0.000000 0.000000 0.000000 0.000000 1.000000
0.984327 0.176224 0.006670 0.555067 -0.175604 0.982937 -0.054754 -0.000000 -0.016205 0.052725 0.998478 -0.000000 0.000000 0.000000 0.000000 1.000000
0.983441 0.181083 0.007270 0.555067 -0.180425 0.982065 -0.054737 -0.000000 -0.017051 0.052519 0.998474 -0.000000 0.000000 0.000000 0.000000 1.000000
0.982564 0.185757 0.007848 0.555067 -0.185063 0.981202 -0.054725 -0.000000 -0.017866 0.052318 0.998471 -0.000000 0.000000 0.000000 0.000000 1.000000
0.981731 0.190088 0.008384 0.555067 -0.189360 0.980382 -0.054717 -0.000000 -0.018621 0.052129 0.998467 -0.000000 0.000000 0.000000 0.000000 1.000000
0.980751 0.195057 0.009000 0.555067 -0.194289 0.979417 -0.054708 -0.000000 -0.019486 0.051907 0.998462 -0.000000 0.000000 0.000000 0.000000 1.000000
0.979929 0.199122 0.009504 0.555067 -0.198324 0.978609 -0.054705 -0.000000 -0.020193 0.051722 0.998457 -0.000000 0.000000 0.000000 0.000000 1.000000
0.979146 0.202913 0.009974 0.555067 -0.202085 0.977839 -0.054704 -0.000000 -0.020853 0.051548 0.998453 -0.000000 0.000000 0.000000 0.000000 1.000000
0.978408 0.206421 0.010410 0.555067 -0.205566 0.977113 -0.054704 -0.000000 -0.021464 0.051383 0.998448 -0.000000 0.000000 0.000000 0.000000 1.000000
0.977712 0.209672 0.010814 0.555067 -0.208791 0.976429 -0.054709 -0.000000 -0.022030 0.051232 0.998444 -0.000000 0.000000 0.000000 0.000000 1.000000
0.977712 0.209672 0.010814 0.555067 -0.208791 0.976429 -0.054709 -0.000000 -0.022030 0.051232 0.998444 -0.000000 0.000000 0.000000 0.000000 1.000000</float_array><technique_common><accessor source="#jnt_spine3-Matrix-animation-output-transform-array" count="31" stride="16"><param type="float4x4"/></accessor></technique_common></source><source id="jnt_spine3-Interpolations"><Name_array id="jnt_spine3-Interpolations-array" count="31">
 LINEAR LINEAR LINEAR LINEAR LINEAR LINEAR LINEAR LINEAR LINEAR LINEAR LINEAR
LINEAR LINEAR LINEAR LINEAR LINEAR LINEAR LINEAR LINEAR LINEAR LINEAR LINEAR LINEAR
LINEAR LINEAR LINEAR LINEAR LINEAR LINEAR LINEAR LINEAR</Name_array><technique_common><accessor source="#jnt_spine3-Interpolations-array" count="31"><param type="name"/></accessor></technique_common></source><sampler id="jnt_spine3-Matrix-animation-transform"><input semantic="INPUT" source="#jnt_spine3-Matrix-animation-input"/><input semantic="OUTPUT" source="#jnt_spine3-Matrix-animation-output-transform"/><input semantic="INTERPOLATION" source="#jnt_spine3-Interpolations"/></sampler><channel source="#jnt_spine3-Matrix-animation-transform" target="jnt_spine3/matrix"/></animation></animation>
    <animation id="jnt_neck-anim" name="jnt_neck"><animation><source id="jnt_neck-Matrix-animation-input"><float_array id="jnt_neck-Matrix-animation-input-array" count="31">

0.000000 0.033333 0.066667 0.100000 0.133333 0.166667 0.200000 0.233333 0.266667 0.300000 0.333333 0.366667 0.400000 0.433333 0.466667 0.500000
0.533333 0.566667 0.600000 0.633333 0.666667 0.700000 0.733333 0.766667 0.800000 0.833333 0.866667 0.900000 0.933333 0.966667 1.000000</float_array><technique_common><accessor source="#jnt_neck-Matrix-animation-input-array" count="31"><param name="TIME" type="float"/></accessor></technique_common></source><source id="jnt_neck-Matrix-animation-output-transform"><float_array id="jnt_neck-Matrix-animation-output-transform-array" count="496">

0.998339 0.055981 0.013636 0.867450 -0.055091 0.996757 -0.058663 0.171570 -0.016876 0.057815 0.998185 -0.000000 0.000000 0.000000 0.000000 1.000000
0.998355 0.055729 0.013472 0.867450 -0.054853 0.996784 -0.058418 0.171570 -0.016684 0.057583 0.998201 -0.000000 0.000000 0.000000 0.000000 1.000000
0.998401 0.055008 0.013008 0.867456 -0.054171 0.996862 -0.057727 0.171565 -0.016143 0.056930 0.998248 -0.000001 0.000000 0.000000 0.000000 1.000000
0.998468 0.053942 0.012291 0.867454 -0.053164 0.996977 -0.056661 0.171572 -0.015310 0.055920 0.998318 -0.000000 0.000000 0.000000 0.000000 1.000000
0.998554 0.052535 0.011362 0.867450 -0.051831 0.997124 -0.055288 0.171570 -0.014234 0.054619 0.998406 -0.000000 0.000000 0.000000 0.000000 1.000000
0.998651 0.050893 0.010268 0.867450 -0.050272 0.997292 -0.053680 0.171570 -0.012972 0.053092 0.998505 0.000000 0.000000 0.000000 0.000000 1.000000
0.998754 0.049086 0.009050 0.867453 -0.048553 0.997471 -0.051905 0.171571 -0.011575 0.051401 0.998611 -0.000000 0.000000 0.000000 0.000000 1.000000
0.998857 0.047161 0.007755 0.867454 -0.046715 0.997654 -0.050033 0.171567 -0.010096 0.049614 0.998717 -0.000001 0.000000 0.000000 0.000000 1.000000
0.998955 0.045248 0.006430 0.867454 -0.044887 0.997832 -0.048132 0.171576 -0.008594 0.047793 0.998820 0.000000 0.000000 0.000000 0.000000 1.000000
0.999047 0.043336 0.005121 0.867458 -0.043054 0.998001 -0.046269 0.171572 -0.007116 0.046005 0.998916 -0.000000 0.000000 0.000000 0.000000 1.000000
0.999129 0.041555 0.003877 0.867452 -0.041342 0.998153 -0.044513 0.171577 -0.005720 0.044314 0.999001 0.000000 0.000000 0.000000 0.000000 1.000000
0.999199 0.039921 0.002746 0.867459 -0.039766 0.998286 -0.042928 0.171573 -0.004455 0.042784 0.999074 -0.000000 0.000000 0.000000 0.000000 1.000000
0.999255 0.038540 0.001780 0.867453 -0.038433 0.998396 -0.041581 0.171571 -0.003380 0.041482 0.999134 -0.000000 0.000000 0.000000 0.000000 1.000000
0.999297 0.037471 0.001028 0.867450 -0.037398 0.998478 -0.040538 0.171570 -0.002546 0.040471 0.999177 -0.000000 0.000000 0.000000 0.000000 1.000000
0.999323 0.036794 0.000540 0.867455 -0.036743 0.998529 -0.039864 0.171573 -0.002006 0.039817 0.999205 -0.000000 0.000000 0.000000 0.000000 1.000000
0.999332 0.036536 0.000366 0.867450 -0.036493 0.998548 -0.039624 0.171570 -0.001814 0.039584 0.999215 -0.000000 0.000000 0.000000 0.000000 1.000000
0.999323 0.036782 0.000539 0.867450 -0.036731 0.998530 -0.039864 0.171571 -0.002005 0.039817 0.999205 -0.000000 0.000000 0.000000 0.000000 1.000000
0.999297 0.037488 0.001027 0.867457 -0.037415 0.998477 -0.040538 0.171574 -0.002546 0.040471 0.999177 -0.000000 0.000000 0.000000 0.000000 1.000000
0.999256 0.038536 0.001781 0.867450 -0.038429 0.998396 -0.041581 0.171570 -0.003380 0.041482 0.999134 -0.000000 0.000000 0.000000 0.000000 1.000000
0.999199 0.039915 0.002746 0.867455 -0.039761 0.998287 -0.042928 0.171571 -0.004455 0.042784 0.999074 -0.000000 0.000000 0.000000 0.000000 1.000000
0.999130 0.041529 0.003877 0.867450 -0.041316 0.998154 -0.044513 0.171571 -0.005718 0.044314 0.999001 -0.000000 0.000000 0.000000 0.000000 1.000000
0.999048 0.043334 0.005121 0.867455 -0.043051 0.998001 -0.046270 0.171573 -0.007116 0.046005 0.998916 -0.000000 0.000000 0.000000 0.000000 1.000000
0.998956 0.045226 0.006430 0.867450 -0.044865 0.997833 -0.048132 0.171570 -0.008593 0.047793 0.998820 -0.000000 0.000000 0.000000 0.000000 1.000000
0.998857 0.047164 0.007755 0.867450 -0.046719 0.997654 -0.050033 0.171571 -0.010096 0.049614 0.998717 -0.000000 0.000000 0.000000 0.000000 1.000000
0.998754 0.049086 0.009049 0.867459 -0.048553 0.997471 -0.051905 0.171573 -0.011574 0.051401 0.998611 -0.000000 0.000000 0.000000 0.000000 1.000000
0.998652 0.050886 0.010268 0.867450 -0.050265 0.997292 -0.053680 0.171570 -0.012972 0.053092 0.998505 0.000000 0.000000 0.000000 0.000000 1.000000
0.998554 0.052537 0.011363 0.867453 -0.051832 0.997124 -0.055288 0.171572 -0.014235 0.054620 0.998406 -0.000000 0.000000 0.000000 0.000000 1.000000
0.998469 0.053929 0.012291 0.867450 -0.053151 0.996978 -0.056660 0.171571 -0.015310 0.055920 0.998318 -0.000000 0.000000 0.000000 0.000000 1.000000
0.998401 0.055018 0.013009 0.867451 -0.054181 0.996861 -0.057727 0.171571 -0.016144 0.056930 0.998248 0.000000 0.000000 0.000000 0.000000 1.000000
0.998355 0.055730 0.013472 0.867454 -0.054854 0.996784 -0.058418 0.171573 -0.016684 0.057583 0.998201 -0.000000 0.000000 0.000000 0.000000 1.000000
0.998339 0.055980 0.013637 0.867454 -0.055090 0.996757 -0.058663 0.171573 -0.016876 0.057815 0.998185 -0.000000 0.000000 0.000000 0.000000 1.000000</float_array><technique_common><accessor source="#jnt_neck-Matrix-animation-output-transform-array" count="31" stride="16"><param type="float4x4"/></accessor></technique_common></source><source id="jnt_neck-Interpolations"><Name_array id="jnt_neck-Interpolations-array" count="31">
 LINEAR LINEAR LINEAR LINEAR LINEAR LINEAR LINEAR LINEAR LINEAR LINEAR LINEAR
LINEAR LINEAR LINEAR LINEAR LINEAR LINEAR LINEAR LINEAR LINEAR LINEAR LINEAR LINEAR
LINEAR LINEAR LINEAR LINEAR LINEAR LINEAR LINEAR LINEAR</Name_array><technique_common><accessor source="#jnt_neck-Interpolations-array" count="31"><param type="name"/></accessor></technique_common></source><sampler id="jnt_neck-Matrix-animation-transform"><input semantic="INPUT" source="#jnt_neck-Matrix-animation-input"/><input semantic="OUTPUT" source="#jnt_neck-Matrix-animation-output-transform"/><input semantic="INTERPOLATION" source="#jnt_neck-Interpolations"/></sampler><channel source="#jnt_neck-Matrix-animation-transform" target="jnt_neck/matrix"/></animation></animation>
    <animation id="jnt_head-anim" name="jnt_head"><animation><source id="jnt_head-Matrix-animation-input"><float_array id="jnt_head-Matrix-animation-input-array" count="31">

0.000000 0.033333 0.066667 0.100000 0.133333 0.166667 0.200000 0.233333 0.266667 0.300000 0.333333 0.366667 0.400000 0.433333 0.466667 0.500000
0.533333 0.566667 0.600000 0.633333 0.666667 0.700000 0.733333 0.766667 0.800000 0.833333 0.866667 0.900000 0.933333 0.966667 1.000000</float_array><technique_common><accessor source="#jnt_head-Matrix-animation-input-array" count="31"><param name="TIME" type="float"/></accessor></technique_common></source><source id="jnt_head-Matrix-animation-output-transform"><float_array id="jnt_head-Matrix-animation-output-transform-array" count="496">

0.857140 0.514190 -0.030316 0.273591 -0.515074 0.855986 -0.044574 0.000001 0.003030 0.053821 0.998546 -0.000000 0.000000 0.000000 0.000000 1.000000
0.857268 0.513968 -0.030473 0.273591 -0.514860 0.856127 -0.044339 -0.000000 0.003300 0.053700 0.998552 -0.000000 0.000000 0.000000 0.000000 1.000000
0.857625 0.513345 -0.030918 0.273591 -0.514259 0.856522 -0.043680 0.000001 0.004059 0.053361 0.998567 0.000000 0.000000 0.000000 0.000000 1.000000
