<?xml version="1.0" encoding="utf-8"?>
<COLLADA xmlns="http://www.collada.org/2005/11/COLLADASchema" version="1.4.1">
  <asset><contributor><author></author><authoring_tool>FBX COLLADA exporter</authoring_tool><comments></comments></contributor><created>2020-02-12T09:56:02Z</created><keywords></keywords><modified>2020-02-12T09:56:02Z</modified><revision></revision><subject></subject><title></title><unit meter="0.010000" name="centimeter"></unit><up_axis>Y_UP</up_axis></asset>
  <library_animations>
    <animation id="root_jnt-anim" name="root_jnt"><animation><source id="root_jnt-Matrix-animation-input"><float_array id="root_jnt-Matrix-animation-input-array" count="21">

0.000000 0.033333 0.066667 0.100000 0.133333 0.166667 0.200000 0.233333 0.266667 0.300000 0.333333 0.366667 0.400000 0.433333 0.466667 0.500000
0.533333 0.566667 0.600000 0.633333 0.666667</float_array><technique_common><accessor source="#root_jnt-Matrix-animation-input-array" count="21"><param name="TIME" type="float"/></accessor></technique_common></source><source id="root_jnt-Matrix-animation-output-transform"><float_array id="root_jnt-Matrix-animation-output-transform-array" count="336">

1.000000 0.000000 0.000000 0.000000 0.000000 1.000000 0.000000 0.000000 0.000000 0.000000 1.000000 0.000000 0.000000 0.000000 0.000000 1.000000
1.000000 0.000000 0.000000 0.000000 0.000000 1.000000 0.000000 0.000000 0.000000 0.000000 1.000000 0.000000 0.000000 0.000000 0.000000 1.000000
1.000000 0.000000 0.000000 0.000000 0.000000 1.000000 0.000000 0.000000 0.000000 0.000000 1.000000 0.000000 0.000000 0.000000 0.000000 1.000000
1.000000 0.000000 0.000000 0.000000 0.000000 1.000000 0.000000 0.000000 0.000000 0.000000 1.000000 0.000000 0.000000 0.000000 0.000000 1.000000
1.000000 0.000000 0.000000 0.000000 0.000000 1.000000 0.000000 0.000000 0.000000 0.000000 1.000000 0.000000 0.000000 0.000000 0.000000 1.000000
1.000000 0.000000 0.000000 0.000000 0.000000 1.000000 0.000000 0.000000 0.000000 0.000000 1.000000 0.000000 0.000000 0.000000 0.000000 1.000000
1.000000 0.000000 0.000000 0.000000 0.000000 1.000000 0.000000 0.000000 0.000000 0.000000 1.000000 0.000000 0.000000 0.000000 0.000000 1.000000
1.000000 0.000000 0.000000 0.000000 0.000000 1.000000 0.000000 0.000000 0.000000 0.000000 1.000000 0.000000 0.000000 0.000000 0.000000 1.000000
1.000000 0.000000 0.000000 0.000000 0.000000 1.000000 0.000000 0.000000 0.000000 0.000000 1.000000 0.000000 0.000000 0.000000 0.000000 1.000000
1.000000 0.000000 0.000000 0.000000 0.000000 1.000000 0.000000 0.000000 0.000000 0.000000 1.000000 0.000000 0.000000 0.000000 0.000000 1.000000
1.000000 0.000000 0.000000 0.000000 0.000000 1.000000 0.000000 0.000000 0.000000 0.000000 1.000000 0.000000 0.000000 0.000000 0.000000 1.000000
1.000000 0.000000 0.000000 0.000000 0.000000 1.000000 0.000000 0.000000 0.000000 0.000000 1.000000 0.000000 0.000000 0.000000 0.000000 1.000000
1.000000 0.000000 0.000000 0.000000 0.000000 1.000000 0.000000 0.000000 0.000000 0.000000 1.000000 0.000000 0.000000 0.000000 0.000000 1.000000
1.000000 0.000000 0.000000 0.000000 0.000000 1.000000 0.000000 0.000000 0.000000 0.000000 1.000000 0.000000 0.000000 0.000000 0.000000 1.000000
1.000000 0.000000 0.000000 0.000000 0.000000 1.000000 0.000000 0.000000 0.000000 0.000000 1.000000 0.000000 0.000000 0.000000 0.000000 1.000000
1.000000 0.000000 0.000000 0.000000 0.000000 1.000000 0.000000 0.000000 0.000000 0.000000 1.000000 0.000000 0.000000 0.000000 0.000000 1.000000
1.000000 0.000000 0.000000 0.000000 0.000000 1.000000 0.000000 0.000000 0.000000 0.000000 1.000000 0.000000 0.000000 0.000000 0.000000 1.000000
1.000000 0.000000 0.000000 0.000000 0.000000 1.000000 0.000000 0.000000 0.000000 0.000000 1.000000 0.000000 0.000000 0.000000 0.000000 1.000000
1.000000 0.000000 0.000000 0.000000 0.000000 1.000000 0.000000 0.000000 0.000000 0.000000 1.000000 0.000000 0.000000 0.000000 0.000000 1.000000
1.000000 0.000000 0.000000 0.000000 0.000000 1.000000 0.000000 0.000000 0.000000 0.000000 1.000000 0.000000 0.000000 0.000000 0.000000 1.000000
1.000000 0.000000 0.000000 0.000000 0.000000 1.000000 0.000000 0.000000 0.000000 0.000000 1.000000 0.000000 0.000000 0.000000 0.000000 1.000000</float_array><technique_common><accessor source="#root_jnt-Matrix-animation-output-transform-array" count="21" stride="16"><param type="float4x4"/></accessor></technique_common></source><source id="root_jnt-Interpolations"><Name_array id="root_jnt-Interpolations-array" count="21">
 LINEAR LINEAR LINEAR LINEAR LINEAR LINEAR LINEAR LINEAR LINEAR LINEAR LINEAR
LINEAR LINEAR LINEAR LINEAR LINEAR LINEAR LINEAR LINEAR LINEAR LINEAR</Name_array><technique_common><accessor source="#root_jnt-Interpolations-array" count="21"><param type="name"/></accessor></technique_common></source><sampler id="root_jnt-Matrix-animation-transform"><input semantic="INPUT" source="#root_jnt-Matrix-animation-input"/><input semantic="OUTPUT" source="#root_jnt-Matrix-animation-output-transform"/><input semantic="INTERPOLATION" source="#root_jnt-Interpolations"/></sampler><channel source="#root_jnt-Matrix-animation-transform" target="root_jnt/matrix"/></animation></animation>
    <animation id="jnt_hips-anim" name="jnt_hips"><animation><source id="jnt_hips-Matrix-animation-input"><float_array id="jnt_hips-Matrix-animation-input-array" count="21">

0.000000 0.033333 0.066667 0.100000 0.133333 0.166667 0.200000 0.233333 0.266667 0.300000 0.333333 0.366667 0.400000 0.433333 0.466667 0.500000
0.533333 0.566667 0.600000 0.633333 0.666667</float_array><technique_common><accessor source="#jnt_hips-Matrix-animation-input-array" count="21"><param name="TIME" type="float"/></accessor></technique_common></source><source id="jnt_hips-Matrix-animation-output-transform"><float_array id="jnt_hips-Matrix-animation-output-transform-array" count="336">

0.961460 -0.010974 -0.274724 0.004960 -0.002571 0.998800 -0.048898 1.940860 0.274931 0.047720 0.960279 -0.242203 0.000000 0.000000 0.000000 1.000000
0.961460 -0.010974 -0.274724 0.004965 -0.002571 0.998800 -0.048898 1.940858 0.274931 0.047720 0.960279 -0.242235 0.000000 0.000000 0.000000 1.000000
0.961460 -0.010974 -0.274724 0.004981 -0.002571 0.998800 -0.048898 1.940855 0.274931 0.047720 0.960279 -0.242324 0.000000 0.000000 0.000000 1.000000
0.961460 -0.010974 -0.274724 0.005003 -0.002571 0.998800 -0.048898 1.940850 0.274931 0.047720 0.960279 -0.242457 0.000000 0.000000 0.000000 1.000000
0.961460 -0.010974 -0.274724 0.005032 -0.002571 0.998800 -0.048898 1.940843 0.274931 0.047720 0.960279 -0.242624 0.000000 0.000000 0.000000 1.000000
0.961460 -0.010974 -0.274724 0.005070 -0.002571 0.998800 -0.048898 1.940834 0.274931 0.047720 0.960279 -0.242843 0.000000 0.000000 0.000000 1.000000
0.961460 -0.010974 -0.274724 0.005116 -0.002571 0.998800 -0.048898 1.940824 0.274931 0.047720 0.960279 -0.243112 0.000000 0.000000 0.000000 1.000000
0.961460 -0.010974 -0.274724 0.005164 -0.002571 0.998800 -0.048898 1.940812 0.274931 0.047720 0.960279 -0.243392 0.000000 0.000000 0.000000 1.000000
0.961460 -0.010974 -0.274724 0.005207 -0.002571 0.998800 -0.048898 1.940802 0.274931 0.047720 0.960279 -0.243646 0.000000 0.000000 0.000000 1.000000
0.961460 -0.010974 -0.274724 0.005248 -0.002571 0.998800 -0.048898 1.940793 0.274931 0.047720 0.960279 -0.243887 0.000000 0.000000 0.000000 1.000000
0.961460 -0.010974 -0.274724 0.005294 -0.002571 0.998800 -0.048898 1.940782 0.274931 0.047720 0.960279 -0.244153 0.000000 0.000000 0.000000 1.000000
0.961460 -0.010974 -0.274724 0.005342 -0.002571 0.998800 -0.048898 1.940771 0.274931 0.047720 0.960279 -0.244435 0.000000 0.000000 0.000000 1.000000
0.961460 -0.010974 -0.274724 0.005391 -0.002571 0.998800 -0.048898 1.940760 0.274931 0.047720 0.960279 -0.244723 0.000000 0.000000 0.000000 1.000000
0.961460 -0.010974 -0.274724 0.005440 -0.002571 0.998800 -0.048898 1.940748 0.274931 0.047720 0.960279 -0.245010 0.000000 0.000000 0.000000 1.000000
0.961460 -0.010974 -0.274724 0.005488 -0.002571 0.998800 -0.048898 1.940737 0.274931 0.047720 0.960279 -0.245287 0.000000 0.000000 0.000000 1.000000
0.961460 -0.010974 -0.274724 0.005532 -0.002571 0.998800 -0.048898 1.940727 0.274931 0.047720 0.960279 -0.245545 0.000000 0.000000 0.000000 1.000000
0.961460 -0.010974 -0.274724 0.005571 -0.002571 0.998800 -0.048898 1.940718 0.274931 0.047720 0.960279 -0.245776 0.000000 0.000000 0.000000 1.000000
0.961460 -0.010974 -0.274724 0.005605 -0.002571 0.998800 -0.048898 1.940711 0.274931 0.047720 0.960279 -0.245970 0.000000 0.000000 0.000000 1.000000
0.961460 -0.010974 -0.274724 0.005630 -0.002571 0.998800 -0.048898 1.940705 0.274931 0.047720 0.960279 -0.246119 0.000000 0.000000 0.000000 1.000000
0.961460 -0.010974 -0.274724 0.005647 -0.002571 0.998800 -0.048898 1.940701 0.274931 0.047720 0.960279 -0.246215 0.000000 0.000000 0.000000 1.000000
0.961460 -0.010974 -0.274724 0.005652 -0.002571 0.998800 -0.048898 1.940700 0.274931 0.047720 0.960279 -0.246249 0.000000 0.000000 0.000000 1.000000</float_array><technique_common><accessor source="#jnt_hips-Matrix-animation-output-transform-array" count="21" stride="16"><param type="float4x4"/></accessor></technique_common></source><source id="jnt_hips-Interpolations"><Name_array id="jnt_hips-Interpolations-array" count="21">
 LINEAR LINEAR LINEAR LINEAR LINEAR LINEAR LINEAR LINEAR LINEAR LINEAR LINEAR
LINEAR LINEAR LINEAR LINEAR LINEAR LINEAR LINEAR LINEAR LINEAR LINEAR</Name_array><technique_common><accessor source="#jnt_hips-Interpolations-array" count="21"><param type="name"/></accessor></technique_common></source><sampler id="jnt_hips-Matrix-animation-transform"><input semantic="INPUT" source="#jnt_hips-Matrix-animation-input"/><input semantic="OUTPUT" source="#jnt_hips-Matrix-animation-output-transform"/><input semantic="INTERPOLATION" source="#jnt_hips-Interpolations"/></sampler><channel source="#jnt_hips-Matrix-animation-transform" target="jnt_hips/matrix"/></animation></animation>
    <animation id="jnt_spine1-anim" name="jnt_spine1"><animation><source id="jnt_spine1-Matrix-animation-input"><float_array id="jnt_spine1-Matrix-animation-input-array" count="21">

0.000000 0.033333 0.066667 0.100000 0.133333 0.166667 0.200000 0.233333 0.266667 0.300000 0.333333 0.366667 0.400000 0.433333 0.466667 0.500000
0.533333 0.566667 0.600000 0.633333 0.666667</float_array><technique_common><accessor source="#jnt_spine1-Matrix-animation-input-array" count="21"><param name="TIME" type="float"/></accessor></technique_common></source><source id="jnt_spine1-Matrix-animation-output-transform"><float_array id="jnt_spine1-Matrix-animation-output-transform-array" count="336">

-0.007631 0.048909 0.998774 0.000000 0.999080 -0.041772 0.009678 0.212132 0.042194 0.997929 -0.048545 0.023482 0.000000 0.000000 0.000000 1.000000
-0.007694 0.048903 0.998774 -0.000000 0.999129 -0.040584 0.009684 0.212132 0.041008 0.997979 -0.048548 0.023482 0.000000 0.000000 0.000000 1.000000
-0.007868 0.048888 0.998773 0.000000 0.999255 -0.037362 0.009701 0.212132 0.037790 0.998105 -0.048558 0.023482 0.000000 0.000000 0.000000 1.000000
-0.008125 0.048866 0.998772 0.000000 0.999421 -0.032613 0.009725 0.212132 0.033049 0.998273 -0.048572 0.023482 0.000000 0.000000 0.000000 1.000000
-0.008436 0.048838 0.998771 0.000000 0.999592 -0.026848 0.009756 0.212132 0.027292 0.998446 -0.048592 0.023482 0.000000 0.000000 0.000000 1.000000
-0.008773 0.048807 0.998770 -0.000000 0.999740 -0.020594 0.009788 0.212132 0.021047 0.998596 -0.048613 0.023482 0.000000 0.000000 0.000000 1.000000
-0.009108 0.048775 0.998768 -0.000000 0.999849 -0.014368 0.009820 0.212132 0.014830 0.998706 -0.048637 0.023482 0.000000 0.000000 0.000000 1.000000
-0.009415 0.048745 0.998767 0.000000 0.999914 -0.008666 0.009848 0.212132 0.009135 0.998774 -0.048659 0.023482 0.000000 0.000000 0.000000 1.000000
-0.009666 0.048720 0.998766 0.000000 0.999943 -0.003982 0.009871 0.212132 0.004458 0.998805 -0.048679 0.023482 0.000000 0.000000 0.000000 1.000000
-0.009832 0.048704 0.998765 -0.000000 0.999951 -0.000845 0.009885 0.212132 0.001326 0.998813 -0.048693 0.023482 0.000000 0.000000 0.000000 1.000000
-0.009881 0.048699 0.998765 -0.000000 0.999951 0.000202 0.009883 0.212132 0.000280 0.998813 -0.048699 0.023482 0.000000 0.000000 0.000000 1.000000
-0.008727 0.048767 0.998772 0.000000 0.999951 -0.004194 0.008942 0.212132 0.004625 0.998801 -0.048728 0.023482 0.000000 0.000000 0.000000 1.000000
-0.006003 0.048926 0.998784 -0.000000 0.999873 -0.014437 0.006717 0.212132 0.014748 0.998698 -0.048833 0.023482 0.000000 0.000000 0.000000 1.000000
-0.002761 0.049111 0.998790 -0.000000 0.999637 -0.026619 0.004072 0.212132 0.026787 0.998439 -0.049020 0.023482 0.000000 0.000000 0.000000 1.000000
-0.000045 0.049264 0.998786 0.000000 0.999319 -0.036839 0.001862 0.212132 0.036886 0.998106 -0.049229 0.023482 0.000000 0.000000 0.000000 1.000000
0.001103 0.049327 0.998782 -0.000000 0.999150 -0.041210 0.000932 0.212132 0.041206 0.997932 -0.049331 0.023482 0.000000 0.000000 0.000000 1.000000
0.001119 0.049327 0.998782 0.000000 0.999144 -0.041351 0.000923 0.212132 0.041347 0.997926 -0.049331 0.023482 0.000000 0.000000 0.000000 1.000000
0.001132 0.049327 0.998782 -0.000000 0.999139 -0.041471 0.000916 0.212132 0.041465 0.997921 -0.049331 0.023482 0.000000 0.000000 0.000000 1.000000
0.001142 0.049327 0.998782 0.000000 0.999135 -0.041562 0.000910 0.212132 0.041557 0.997918 -0.049331 0.023482 0.000000 0.000000 0.000000 1.000000
0.001148 0.049326 0.998782 0.000000 0.999133 -0.041621 0.000907 0.212132 0.041616 0.997915 -0.049331 0.023482 0.000000 0.000000 0.000000 1.000000
0.001151 0.049326 0.998782 -0.000000 0.999132 -0.041642 0.000905 0.212132 0.041636 0.997914 -0.049332 0.023482 0.000000 0.000000 0.000000 1.000000</float_array><technique_common><accessor source="#jnt_spine1-Matrix-animation-output-transform-array" count="21" stride="16"><param type="float4x4"/></accessor></technique_common></source><source id="jnt_spine1-Interpolations"><Name_array id="jnt_spine1-Interpolations-array" count="21">
 LINEAR LINEAR LINEAR LINEAR LINEAR LINEAR LINEAR LINEAR LINEAR LINEAR LINEAR
LINEAR LINEAR LINEAR LINEAR LINEAR LINEAR LINEAR LINEAR LINEAR LINEAR</Name_array><technique_common><accessor source="#jnt_spine1-Interpolations-array" count="21"><param type="name"/></accessor></technique_common></source><sampler id="jnt_spine1-Matrix-animation-transform"><input semantic="INPUT" source="#jnt_spine1-Matrix-animation-input"/><input semantic="OUTPUT" source="#jnt_spine1-Matrix-animation-output-transform"/><input semantic="INTERPOLATION" source="#jnt_spine1-Interpolations"/></sampler><channel source="#jnt_spine1-Matrix-animation-transform" target="jnt_spine1/matrix"/></animation></animation>
    <animation id="jnt_spine2-anim" name="jnt_spine2"><animation><source id="jnt_spine2-Matrix-animation-input"><float_array id="jnt_spine2-Matrix-animation-input-array" count="21">

0.000000 0.033333 0.066667 0.100000 0.133333 0.166667 0.200000 0.233333 0.266667 0.300000 0.333333 0.366667 0.400000 0.433333 0.466667 0.500000
0.533333 0.566667 0.600000 0.633333 0.666667</float_array><technique_common><accessor source="#jnt_spine2-Matrix-animation-input-array" count="21"><param name="TIME" type="float"/></accessor></technique_common></source><source id="jnt_spine2-Matrix-animation-output-transform"><float_array id="jnt_spine2-Matrix-animation-output-transform-array" count="336">

0.999718 0.023455 -0.003692 0.426849 -0.023622 0.998217 -0.054812 -0.000000 0.002400 0.054884 0.998490 0.000000 0.000000 0.000000 0.000000 1.000000
0.999784 0.020464 -0.003546 0.426849 -0.020628 0.998284 -0.054808 0.000000 0.002418 0.054869 0.998491 -0.000000 0.000000 0.000000 0.000000 1.000000
0.999919 0.012348 -0.003150 0.426849 -0.012502 0.998419 -0.054794 -0.000000 0.002469 0.054829 0.998493 -0.000000 0.000000 0.000000 0.000000 1.000000
0.999997 0.000385 -0.002568 0.426848 -0.000525 0.998499 -0.054769 -0.000000 0.002543 0.054770 0.998496 -0.000000 0.000000 0.000000 0.000000 1.000000
0.999898 -0.014142 -0.001862 0.426849 0.014019 0.998403 -0.054730 -0.000000 0.002633 0.054698 0.998499 -0.000000 0.000000 0.000000 0.000000 1.000000
0.999551 -0.029947 -0.001096 0.426848 0.029842 0.998058 -0.054677 0.000000 0.002731 0.054620 0.998503 -0.000000 0.000000 0.000000 0.000000 1.000000
0.998953 -0.045744 -0.000332 0.426849 0.045658 0.997463 -0.054615 -0.000000 0.002829 0.054542 0.998507 -0.000000 0.000000 0.000000 0.000000 1.000000
0.998183 -0.060251 0.000368 0.426849 0.060181 0.996696 -0.054548 -0.000000 0.002920 0.054471 0.998511 -0.000000 0.000000 0.000000 0.000000 1.000000
0.997391 -0.072188 0.000943 0.426849 0.072132 0.995906 -0.054486 -0.000000 0.002994 0.054412 0.998514 -0.000000 0.000000 0.000000 0.000000 1.000000
0.996771 -0.080283 0.001332 0.426849 0.080236 0.995288 -0.054440 -0.000000 0.003045 0.054371 0.998516 0.000000 0.000000 0.000000 0.000000 1.000000
0.996526 -0.083264 0.001476 0.426849 0.083220 0.995044 -0.054423 -0.000000 0.003063 0.054357 0.998517 -0.000000 0.000000 0.000000 0.000000 1.000000
0.997391 -0.072178 0.001314 0.426849 0.072142 0.995908 -0.054434 -0.000000 0.002620 0.054387 0.998517 -0.000000 0.000000 0.000000 0.000000 1.000000
0.998954 -0.045709 0.000927 0.426848 0.045691 0.997469 -0.054473 -0.000000 0.001565 0.054459 0.998515 -0.000000 0.000000 0.000000 0.000000 1.000000
0.999901 -0.014076 0.000463 0.426849 0.014080 0.998412 -0.054543 0.000000 0.000306 0.054544 0.998511 -0.000000 0.000000 0.000000 0.000000 1.000000
0.999923 0.012440 0.000070 0.426849 -0.012417 0.998430 -0.054621 0.000000 -0.000750 0.054616 0.998507 -0.000000 0.000000 0.000000 0.000000 1.000000
0.999722 0.023557 -0.000096 0.426849 -0.023527 0.998228 -0.054659 -0.000000 -0.001192 0.054646 0.998505 0.000000 0.000000 0.000000 0.000000 1.000000
0.999722 0.023557 -0.000096 0.426849 -0.023527 0.998228 -0.054659 0.000000 -0.001192 0.054646 0.998505 -0.000000 0.000000 0.000000 0.000000 1.000000
0.999722 0.023557 -0.000096 0.426849 -0.023527 0.998228 -0.054659 0.000000 -0.001192 0.054646 0.998505 -0.000000 0.000000 0.000000 0.000000 1.000000
0.999722 0.023557 -0.000096 0.426848 -0.023527 0.998228 -0.054659 0.000000 -0.001192 0.054646 0.998505 -0.000000 0.000000 0.000000 0.000000 1.000000
0.999722 0.023557 -0.000096 0.426849 -0.023527 0.998228 -0.054659 -0.000000 -0.001192 0.054646 0.998505 -0.000000 0.000000 0.000000 0.000000 1.000000
0.999722 0.023557 -0.000096 0.426849 -0.023527 0.998228 -0.054659 0.000000 -0.001192 0.054646 0.998505 -0.000000 0.000000 0.000000 0.000000 1.000000</float_array><technique_common><accessor source="#jnt_spine2-Matrix-animation-output-transform-array" count="21" stride="16"><param type="float4x4"/></accessor></technique_common></source><source id="jnt_spine2-Interpolations"><Name_array id="jnt_spine2-Interpolations-array" count="21">
 LINEAR LINEAR LINEAR LINEAR LINEAR LINEAR LINEAR LINEAR LINEAR LINEAR LINEAR
LINEAR LINEAR LINEAR LINEAR LINEAR LINEAR LINEAR LINEAR LINEAR LINEAR</Name_array><technique_common><accessor source="#jnt_spine2-Interpolations-array" count="21"><param type="name"/></accessor></technique_common></source><sampler id="jnt_spine2-Matrix-animation-transform"><input semantic="INPUT" source="#jnt_spine2-Matrix-animation-input"/><input semantic="OUTPUT" source="#jnt_spine2-Matrix-animation-output-transform"/><input semantic="INTERPOLATION" source="#jnt_spine2-Interpolations"/></sampler><channel source="#jnt_spine2-Matrix-animation-transform" target="jnt_spine2/matrix"/></animation></animation>
    <animation id="jnt_spine3-anim" name="jnt_spine3"><animation><source id="jnt_spine3-Matrix-animation-input"><float_array id="jnt_spine3-Matrix-animation-input-array" count="21">

0.000000 0.033333 0.066667 0.100000 0.133333 0.166667 0.200000 0.233333 0.266667 0.300000 0.333333 0.366667 0.400000 0.433333 0.466667 0.500000
0.533333 0.566667 0.600000 0.633333 0.666667</float_array><technique_common><accessor source="#jnt_spine3-Matrix-animation-input-array" count="21"><param name="TIME" type="float"/></accessor></technique_common></source><source id="jnt_spine3-Matrix-animation-output-transform"><float_array id="jnt_spine3-Matrix-animation-output-transform-array" count="336">

0.999375 0.035276 -0.002197 0.555067 -0.035344 0.997869 -0.054850 -0.000000 0.000257 0.054894 0.998492 -0.000000 0.000000 0.000000 0.000000 1.000000
0.999312 0.037013 -0.002146 0.555067 -0.037075 0.997807 -0.054840 -0.000000 0.000111 0.054882 0.998493 -0.000000 0.000000 0.000000 0.000000 1.000000
0.999127 0.041726 -0.002006 0.555067 -0.041773 0.997622 -0.054816 0.000000 -0.000286 0.054851 0.998494 -0.000000 0.000000 0.000000 0.000000 1.000000
0.998813 0.048669 -0.001799 0.555067 -0.048695 0.997310 -0.054783 0.000000 -0.000872 0.054806 0.998497 -0.000000 0.000000 0.000000 0.000000 1.000000
0.998367 0.057098 -0.001549 0.555067 -0.057097 0.996866 -0.054752 -0.000000 -0.001582 0.054751 0.998499 -0.000000 0.000000 0.000000 0.000000 1.000000
0.997801 0.066266 -0.001276 0.555067 -0.066236 0.996302 -0.054727 -0.000000 -0.002356 0.054691 0.998501 -0.000000 0.000000 0.000000 0.000000 1.000000
0.997151 0.075428 -0.001002 0.555067 -0.075370 0.995654 -0.054711 -0.000000 -0.003129 0.054631 0.998502 -0.000000 0.000000 0.000000 0.000000 1.000000
0.996479 0.083842 -0.000751 0.555067 -0.083757 0.994983 -0.054705 0.000000 -0.003840 0.054575 0.998502 -0.000000 0.000000 0.000000 0.000000 1.000000
0.995872 0.090767 -0.000543 0.555067 -0.090660 0.994378 -0.054706 -0.000000 -0.004425 0.054530 0.998502 -0.000000 0.000000 0.000000 0.000000 1.000000
0.995433 0.095463 -0.000403 0.555067 -0.095342 0.993940 -0.054710 -0.000000 -0.004822 0.054499 0.998502 -0.000000 0.000000 0.000000 0.000000 1.000000
0.995265 0.097193 -0.000351 0.555067 -0.097067 0.993773 -0.054712 -0.000000 -0.004969 0.054488 0.998502 -0.000000 0.000000 0.000000 0.000000 1.000000
0.995869 0.090801 -0.000158 0.555067 -0.090674 0.994377 -0.054702 -0.000000 -0.004809 0.054491 0.998503 -0.000000 0.000000 0.000000 0.000000 1.000000
0.997142 0.075544 0.000300 0.555067 -0.075414 0.995652 -0.054678 -0.000000 -0.004430 0.054499 0.998504 -0.000000 0.000000 0.000000 0.000000 1.000000
0.998356 0.057311 0.000847 0.555067 -0.057179 0.996867 -0.054647 -0.000000 -0.003976 0.054508 0.998505 0.000000 0.000000 0.000000 0.000000 1.000000
0.999116 0.042020 0.001305 0.555067 -0.041886 0.997628 -0.054619 0.000000 -0.003597 0.054516 0.998506 -0.000000 0.000000 0.000000 0.000000 1.000000
0.999365 0.035604 0.001496 0.555067 -0.035469 0.997878 -0.054607 -0.000000 -0.003438 0.054520 0.998507 -0.000000 0.000000 0.000000 0.000000 1.000000
0.999365 0.035604 0.001497 0.555067 -0.035469 0.997878 -0.054607 0.000000 -0.003438 0.054520 0.998507 -0.000000 0.000000 0.000000 0.000000 1.000000
0.999365 0.035604 0.001497 0.555067 -0.035469 0.997878 -0.054607 -0.000000 -0.003438 0.054520 0.998507 -0.000000 0.000000 0.000000 0.000000 1.000000
0.999365 0.035604 0.001497 0.555067 -0.035469 0.997878 -0.054607 -0.000000 -0.003438 0.054519 0.998507 -0.000000 0.000000 0.000000 0.000000 1.000000
0.999365 0.035604 0.001497 0.555067 -0.035469 0.997878 -0.054607 -0.000000 -0.003438 0.054520 0.998507 -0.000000 0.000000 0.000000 0.000000 1.000000
0.999365 0.035604 0.001496 0.555067 -0.035469 0.997878 -0.054607 0.000000 -0.003438 0.054519 0.998507 -0.000000 0.000000 0.000000 0.000000 1.000000</float_array><technique_common><accessor source="#jnt_spine3-Matrix-animation-output-transform-array" count="21" stride="16"><param type="float4x4"/></accessor></technique_common></source><source id="jnt_spine3-Interpolations"><Name_array id="jnt_spine3-Interpolations-array" count="21">
 LINEAR LINEAR LINEAR LINEAR LINEAR LINEAR LINEAR LINEAR LINEAR LINEAR LINEAR
LINEAR LINEAR LINEAR LINEAR LINEAR LINEAR LINEAR LINEAR LINEAR LINEAR</Name_array><technique_common><accessor source="#jnt_spine3-Interpolations-array" count="21"><param type="name"/></accessor></technique_common></source><sampler id="jnt_spine3-Matrix-animation-transform"><input semantic="INPUT" source="#jnt_spine3-Matrix-animation-input"/><input semantic="OUTPUT" source="#jnt_spine3-Matrix-animation-output-transform"/><input semantic="INTERPOLATION" source="#jnt_spine3-Interpolations"/></sampler><channel source="#jnt_spine3-Matrix-animation-transform" target="jnt_spine3/matrix"/></animation></animation>
    <animation id="jnt_neck-anim" name="jnt_neck"><animation><source id="jnt_neck-Matrix-animation-input"><float_array id="jnt_neck-Matrix-animation-input-array" count="21">

0.000000 0.033333 0.066667 0.100000 0.133333 0.166667 0.200000 0.233333 0.266667 0.300000 0.333333 0.366667 0.400000 0.433333 0.466667 0.500000
0.533333 0.566667 0.600000 0.633333 0.666667</float_array><technique_common><accessor source="#jnt_neck-Matrix-animation-input-array" count="21"><param name="TIME" type="float"/></accessor></technique_common></source><source id="jnt_neck-Matrix-animation-output-transform"><float_array id="jnt_neck-Matrix-animation-output-transform-array" count="336">

0.939495 -0.342456 -0.008487 0.867453 0.341104 0.937494 -0.068941 0.171571 0.031566 0.061874 0.997585 -0.000000 0.000000 0.000000 0.000000 1.000000
0.939495 -0.342459 -0.008487 0.867451 0.341106 0.937493 -0.068940 0.171571 0.031565 0.061874 0.997585 0.000000 0.000000 0.000000 0.000000 1.000000
0.939493 -0.342463 -0.008488 0.867457 0.341110 0.937492 -0.068941 0.171571 0.031567 0.061874 0.997585 -0.000000 0.000000 0.000000 0.000000 1.000000
0.939491 -0.342468 -0.008489 0.867459 0.341116 0.937490 -0.068941 0.171571 0.031569 0.061874 0.997585 0.000000 0.000000 0.000000 0.000000 1.000000
0.939493 -0.342464 -0.008490 0.867450 0.341111 0.937491 -0.068941 0.171571 0.031569 0.061874 0.997585 -0.000000 0.000000 0.000000 0.000000 1.000000
0.939490 -0.342472 -0.008491 0.867453 0.341119 0.937489 -0.068942 0.171571 0.031570 0.061874 0.997585 -0.000000 0.000000 0.000000 0.000000 1.000000
0.939489 -0.342475 -0.008491 0.867450 0.341122 0.937487 -0.068942 0.171570 0.031571 0.061874 0.997585 -0.000000 0.000000 0.000000 0.000000 1.000000
0.939487 -0.342480 -0.008492 0.867454 0.341127 0.937486 -0.068942 0.171571 0.031572 0.061874 0.997585 -0.000000 0.000000 0.000000 0.000000 1.000000
0.939487 -0.342480 -0.008493 0.867451 0.341128 0.937485 -0.068943 0.171572 0.031573 0.061874 0.997584 -0.000000 0.000000 0.000000 0.000000 1.000000
0.939485 -0.342486 -0.008491 0.867450 0.341133 0.937483 -0.068943 0.171569 0.031572 0.061874 0.997584 -0.000000 0.000000 0.000000 0.000000 1.000000
0.939484 -0.342487 -0.008492 0.867449 0.341134 0.937483 -0.068943 0.171570 0.031573 0.061874 0.997584 -0.000000 0.000000 0.000000 0.000000 1.000000
0.939484 -0.342487 -0.008492 0.867450 0.341134 0.937483 -0.068943 0.171571 0.031574 0.061873 0.997584 0.000000 0.000000 0.000000 0.000000 1.000000
0.939485 -0.342486 -0.008494 0.867450 0.341133 0.937484 -0.068943 0.171571 0.031575 0.061873 0.997584 -0.000000 0.000000 0.000000 0.000000 1.000000
0.939481 -0.342495 -0.008495 0.867457 0.341142 0.937480 -0.068943 0.171572 0.031576 0.061873 0.997584 -0.000000 0.000000 0.000000 0.000000 1.000000
0.939482 -0.342493 -0.008495 0.867450 0.341140 0.937481 -0.068944 0.171570 0.031577 0.061873 0.997584 -0.000000 0.000000 0.000000 0.000000 1.000000
0.939482 -0.342493 -0.008496 0.867450 0.341140 0.937481 -0.068944 0.171570 0.031577 0.061873 0.997584 -0.000000 0.000000 0.000000 0.000000 1.000000
0.939480 -0.342500 -0.008496 0.867454 0.341147 0.937478 -0.068944 0.171570 0.031578 0.061873 0.997584 -0.000000 0.000000 0.000000 0.000000 1.000000
0.939482 -0.342492 -0.008497 0.867451 0.341139 0.937481 -0.068944 0.171572 0.031579 0.061873 0.997584 -0.000000 0.000000 0.000000 0.000000 1.000000
0.939479 -0.342502 -0.008498 0.867463 0.341148 0.937478 -0.068944 0.171573 0.031580 0.061873 0.997584 -0.000000 0.000000 0.000000 0.000000 1.000000
0.939479 -0.342500 -0.008497 0.867458 0.341147 0.937478 -0.068944 0.171571 0.031579 0.061872 0.997584 -0.000000 0.000000 0.000000 0.000000 1.000000
0.939481 -0.342496 -0.008497 0.867450 0.341143 0.937480 -0.068944 0.171570 0.031579 0.061873 0.997584 -0.000000 0.000000 0.000000 0.000000 1.000000</float_array><technique_common><accessor source="#jnt_neck-Matrix-animation-output-transform-array" count="21" stride="16"><param type="float4x4"/></accessor></technique_common></source><source id="jnt_neck-Interpolations"><Name_array id="jnt_neck-Interpolations-array" count="21">
 LINEAR LINEAR LINEAR LINEAR LINEAR LINEAR LINEAR LINEAR LINEAR LINEAR LINEAR
LINEAR LINEAR LINEAR LINEAR LINEAR LINEAR LINEAR LINEAR LINEAR LINEAR</Name_array><technique_common><accessor source="#jnt_neck-Interpolations-array" count="21"><param type="name"/></accessor></technique_common></source><sampler id="jnt_neck-Matrix-animation-transform"><input semantic="INPUT" source="#jnt_neck-Matrix-animation-input"/><input semantic="OUTPUT" source="#jnt_neck-Matrix-animation-output-transform"/><input semantic="INTERPOLATION" source="#jnt_neck-Interpolations"/></sampler><channel source="#jnt_neck-Matrix-animation-transform" target="jnt_neck/matrix"/></animation></animation>
    <animation id="jnt_head-anim" name="jnt_head"><animation><source id="jnt_head-Matrix-animation-input"><float_array id="jnt_head-Matrix-animation-input-array" count="21">

0.000000 0.033333 0.066667 0.100000 0.133333 0.166667 0.200000 0.233333 0.266667 0.300000 0.333333 0.366667 0.400000 0.433333 0.466667 0.500000
0.533333 0.566667 0.600000 0.633333 0.666667</float_array><technique_common><accessor source="#jnt_head-Matrix-animation-input-array" count="21"><param name="TIME" type="float"/></accessor></technique_common></source><source id="jnt_head-Matrix-animation-output-transform"><float_array id="jnt_head-Matrix-animation-output-transform-array" count="336">

0.991331 0.127133 -0.033154 0.273590 -0.128998 0.989704 -0.062006 0.000001 0.024930 0.065745 0.997525 -0.000000 0.000000 0.000000 0.000000 1.000000
0.991331 0.127133 -0.033154 0.273591 -0.128998 0.989704 -0.062006 0.000001 0.024929 0.065745 0.997525 -0.000000 0.000000 0.000000 0.000000 1.000000
0.991331 0.127135 -0.033153 0.273592 -0.129000 0.989704 -0.062006 0.000001 0.024929 0.065745 0.997525 -0.000000 0.000000 0.000000 0.000000 1.000000
0.991331 0.127136 -0.033153 0.273593 -0.129001 0.989704 -0.062005 0.000000 0.024929 0.065744 0.997525 0.000000 0.000000 0.000000 0.000000 1.000000
0.991331 0.127138 -0.033152 0.273590 -0.129003 0.989704 -0.062005 0.000001 0.024928 0.065744 0.997525 0.000000 0.000000 0.000000 0.000000 1.000000
0.991331 0.127139 -0.033152 0.273593 -0.129004 0.989704 -0.062005 0.000000 0.024927 0.065744 0.997525 -0.000000 0.000000 0.000000 0.000000 1.000000
0.991331 0.127140 -0.033152 0.273591 -0.129005 0.989704 -0.062005 0.000001 0.024927 0.065744 0.997525 -0.000000 0.000000 0.000000 0.000000 1.000000
0.991330 0.127141 -0.033151 0.273590 -0.129006 0.989703 -0.062005 0.000000 0.024927 0.065744 0.997525 -0.000000 0.000000 0.000000 0.000000 1.000000
0.991330 0.127142 -0.033151 0.273591 -0.129007 0.989703 -0.062005 0.000000 0.024926 0.065744 0.997525 -0.000000 0.000000 0.000000 0.000000 1.000000
0.991330 0.127143 -0.033150 0.273591 -0.129007 0.989703 -0.062005 0.000000 0.024926 0.065744 0.997525 -0.000000 0.000000 0.000000 0.000000 1.000000
0.991330 0.127143 -0.033150 0.273590 -0.129008 0.989703 -0.062005 0.000000 0.024925 0.065744 0.997525 -0.000000 0.000000 0.000000 0.000000 1.000000
0.991330 0.127144 -0.033149 0.273591 -0.129009 0.989703 -0.062005 0.000000 0.024924 0.065744 0.997525 -0.000000 0.000000 0.000000 0.000000 1.000000
0.991330 0.127144 -0.033149 0.273590 -0.129009 0.989703 -0.062005 0.000001 0.024924 0.065744 0.997525 -0.000000 0.000000 0.000000 0.000000 1.000000
0.991330 0.127145 -0.033148 0.273592 -0.129010 0.989703 -0.062004 0.000000 0.024923 0.065743 0.997525 -0.000000 0.000000 0.000000 0.000000 1.000000
0.991330 0.127146 -0.033147 0.273591 -0.129010 0.989703 -0.062004 0.000001 0.024922 0.065743 0.997525 -0.000000 0.000000 0.000000 0.000000 1.000000
0.991330 0.127146 -0.033147 0.273590 -0.129011 0.989703 -0.062004 -0.000000 0.024922 0.065743 0.997525 -0.000000 0.000000 0.000000 0.000000 1.000000
0.991330 0.127147 -0.033146 0.273593 -0.129011 0.989703 -0.062004 0.000000 0.024921 0.065743 0.997525 -0.000000 0.000000 0.000000 0.000000 1.000000
0.991330 0.127147 -0.033146 0.273591 -0.129012 0.989703 -0.062004 0.000001 0.024921 0.065743 0.997525 -0.000000 0.000000 0.000000 0.000000 1.000000
0.991330 0.127147 -0.033146 0.273592 -0.129012 0.989703 -0.062004 0.000000 0.024921 0.065742 0.997525 -0.000000 0.000000 0.000000 0.000000 1.000000
0.991330 0.127148 -0.033146 0.273591 -0.129012 0.989703 -0.062004 0.000001 0.024921 0.065742 0.997525 -0.000000 0.000000 0.000000 0.000000 1.000000
0.991330 0.127148 -0.033145 0.273591 -0.129012 0.989703 -0.062004 0.000001 0.024920 0.065742 0.997525 -0.000000 0.000000 0.000000 0.000000 1.000000</float_array><technique_common><accessor source="#jnt_head-Matrix-animation-output-transform-array" count="21" stride="16"><param type="float4x4"/></accessor></technique_common></source><source id="jnt_head-Interpolations"><Name_array id="jnt_head-Interpolations-array" count="21">
 LINEAR LINEAR LINEAR LINEAR LINEAR LINEAR LINEAR LINEAR LINEAR LINEAR LINEAR
LINEAR LINEAR LINEAR LINEAR LINEAR LINEAR LINEAR LINEAR LINEAR LINEAR</Name_array><technique_common><accessor source="#jnt_head-Interpolations-array" count="21"><param type="name"/></accessor></technique_common></source><sampler id="jnt_head-Matrix-animation-transform"><input semantic="INPUT" source="#jnt_head-Matrix-animation-input"/><input semantic="OUTPUT" source="#jnt_head-Matrix-animation-output-transform"/><input semantic="INTERPOLATION" source="#jnt_head-Interpolations"/></sampler><channel source="#jnt_head-Matrix-animation-transform" target="jnt_head/matrix"/></animation></animation>
    <animation id="jnt_left_shoulder-anim" name="jnt_left_shoulder"><animation><source id="jnt_left_shoulder-Matrix-animation-input"><float_array id="jnt_left_shoulder-Matrix-animation-input-array" count="21">

0.000000 0.033333 0.066667 0.100000 0.133333 0.166667 0.200000 0.233333 0.266667 0.300000 0.333333 0.366667 0.400000 0.433333 0.466667 0.500000
0.533333 0.566667 0.600000 0.633333 0.666667</float_array><technique_common><accessor source="#jnt_left_shoulder-Matrix-animation-input-array" count="21"><param name="TIME" type="float"/></accessor></technique_common></source><source id="jnt_left_shoulder-Matrix-animation-output-transform"><float_array id="jnt_left_shoulder-Matrix-animation-output-transform-array" count="336">

-0.006219 0.134217 -0.990933 0.635987 0.229370 -0.964340 -0.132054 0.114391 -0.973319 -0.228111 -0.024788 0.266187 0.000000 0.000000 0.000000 1.000000
-0.006219 0.134217 -0.990933 0.635987 0.229370 -0.964340 -0.132054 0.114392 -0.973319 -0.228111 -0.024788 0.266187 0.000000 0.000000 0.000000 1.000000
-0.006219 0.134216 -0.990933 0.635987 0.229370 -0.964340 -0.132054 0.114392 -0.973319 -0.228111 -0.024788 0.266187 0.000000 0.000000 0.000000 1.000000
-0.006219 0.134217 -0.990932 0.635987 0.229370 -0.964340 -0.132054 0.114391 -0.973319 -0.228111 -0.024788 0.266187 0.000000 0.000000 0.000000 1.000000
-0.006219 0.134217 -0.990933 0.635987 0.229370 -0.964340 -0.132054 0.114392 -0.973319 -0.228111 -0.024788 0.266187 0.000000 0.000000 0.000000 1.000000
-0.006219 0.134217 -0.990933 0.635987 0.229370 -0.964340 -0.132054 0.114392 -0.973319 -0.228111 -0.024788 0.266187 0.000000 0.000000 0.000000 1.000000
-0.006219 0.134217 -0.990933 0.635987 0.229370 -0.964340 -0.132054 0.114392 -0.973319 -0.228111 -0.024788 0.266187 0.000000 0.000000 0.000000 1.000000
-0.006219 0.134216 -0.990933 0.635987 0.229370 -0.964340 -0.132054 0.114391 -0.973319 -0.228111 -0.024788 0.266187 0.000000 0.000000 0.000000 1.000000
-0.006219 0.134217 -0.990932 0.635987 0.229370 -0.964340 -0.132054 0.114392 -0.973319 -0.228111 -0.024788 0.266187 0.000000 0.000000 0.000000 1.000000
-0.006219 0.134217 -0.990932 0.635987 0.229370 -0.964340 -0.132055 0.114392 -0.973320 -0.228111 -0.024788 0.266187 0.000000 0.000000 0.000000 1.000000
-0.006219 0.134217 -0.990933 0.635987 0.229369 -0.964340 -0.132054 0.114392 -0.973320 -0.228111 -0.024788 0.266187 0.000000 0.000000 0.000000 1.000000
-0.006219 0.134217 -0.990933 0.635987 0.229369 -0.964340 -0.132054 0.114392 -0.973320 -0.228111 -0.024788 0.266187 0.000000 0.000000 0.000000 1.000000
-0.006219 0.134217 -0.990933 0.635987 0.229369 -0.964340 -0.132054 0.114392 -0.973320 -0.228111 -0.024788 0.266187 0.000000 0.000000 0.000000 1.000000
-0.006219 0.134217 -0.990933 0.635987 0.229369 -0.964340 -0.132054 0.114392 -0.973320 -0.228111 -0.024788 0.266187 0.000000 0.000000 0.000000 1.000000
-0.006219 0.134217 -0.990933 0.635987 0.229369 -0.964340 -0.132054 0.114392 -0.973320 -0.228111 -0.024788 0.266187 0.000000 0.000000 0.000000 1.000000
-0.006219 0.134216 -0.990933 0.635987 0.229369 -0.964340 -0.132054 0.114392 -0.973320 -0.228110 -0.024788 0.266187 0.000000 0.000000 0.000000 1.000000
-0.006219 0.134217 -0.990933 0.635987 0.229369 -0.964340 -0.132054 0.114392 -0.973320 -0.228110 -0.024788 0.266187 0.000000 0.000000 0.000000 1.000000
-0.006218 0.134217 -0.990933 0.635987 0.229369 -0.964340 -0.132054 0.114392 -0.973320 -0.228110 -0.024788 0.266187 0.000000 0.000000 0.000000 1.000000
-0.006218 0.134217 -0.990932 0.635987 0.229369 -0.964340 -0.132054 0.114392 -0.973320 -0.228110 -0.024788 0.266187 0.000000 0.000000 0.000000 1.000000
-0.006219 0.134217 -0.990932 0.635987 0.229369 -0.964340 -0.132054 0.114392 -0.973320 -0.228110 -0.024788 0.266187 0.000000 0.000000 0.000000 1.000000
-0.006219 0.134217 -0.990932 0.635987 0.229369 -0.964340 -0.132054 0.114392 -0.973320 -0.228110 -0.024788 0.266187 0.000000 0.000000 0.000000 1.000000</float_array><technique_common><accessor source="#jnt_left_shoulder-Matrix-animation-output-transform-array" count="21" stride="16"><param type="float4x4"/></accessor></technique_common></source><source id="jnt_left_shoulder-Interpolations"><Name_array id="jnt_left_shoulder-Interpolations-array" count="21">
 LINEAR LINEAR LINEAR LINEAR LINEAR LINEAR LINEAR LINEAR LINEAR LINEAR LINEAR
LINEAR LINEAR LINEAR LINEAR LINEAR LINEAR LINEAR LINEAR LINEAR LINEAR</Name_array><technique_common><accessor source="#jnt_left_shoulder-Interpolations-array" count="21"><param type="name"/></accessor></technique_common></source><sampler id="jnt_left_shoulder-Matrix-animation-transform"><input semantic="INPUT" source="#jnt_left_shoulder-Matrix-animation-input"/><input semantic="OUTPUT" source="#jnt_left_shoulder-Matrix-animation-output-transform"/><input semantic="INTERPOLATION" source="#jnt_left_shoulder-Interpolations"/></sampler><channel source="#jnt_left_shoulder-Matrix-animation-transform" target="jnt_left_shoulder/matrix"/></animation></animation>
    <animation id="jnt_left_arm-anim" name="jnt_left_arm"><animation><source id="jnt_left_arm-Matrix-animation-input"><float_array id="jnt_left_arm-Matrix-animation-input-array" count="21">

0.000000 0.033333 0.066667 0.100000 0.133333 0.166667 0.200000 0.233333 0.266667 0.300000 0.333333 0.366667 0.400000 0.433333 0.466667 0.500000
0.533333 0.566667 0.600000 0.633333 0.666667</float_array><technique_common><accessor source="#jnt_left_arm-Matrix-animation-input-array" count="21"><param name="TIME" type="float"/></accessor></technique_common></source><source id="jnt_left_arm-Matrix-animation-output-transform"><float_array id="jnt_left_arm-Matrix-animation-output-transform-array" count="336">

0.389217 -0.647612 0.655064 -0.525417 0.322645 0.761936 0.561564 -0.032447 -0.862792 -0.007217 0.505507 0.009491 0.000000 0.000000 0.000000 1.000000
0.350248 -0.670774 0.653750 -0.525417 0.391203 0.738929 0.548584 -0.032448 -0.851050 0.063608 0.521217 0.009491 0.000000 0.000000 0.000000 1.000000
0.264358 -0.716071 0.646032 -0.525417 0.527437 0.668156 0.524765 -0.032448 -0.807419 0.202015 0.554315 0.009491 0.000000 0.000000 0.000000 1.000000
0.181237 -0.752897 0.632692 -0.525416 0.640449 0.578580 0.505045 -0.032447 -0.746309 0.313674 0.587052 0.009491 0.000000 0.000000 0.000000 1.000000
