<?xml version="1.0" encoding="utf-8"?>
<COLLADA xmlns="http://www.collada.org/2005/11/COLLADASchema" version="1.4.1">
  <asset><contributor><author></author><authoring_tool>FBX COLLADA exporter</authoring_tool><comments></comments></contributor><created>2020-02-12T09:59:33Z</created><keywords></keywords><modified>2020-02-12T09:59:33Z</modified><revision></revision><subject></subject><title></title><unit meter="0.010000" name="centimeter"></unit><up_axis>Y_UP</up_axis></asset>
  <library_animations>
    <animation id="root_jnt-anim" name="root_jnt"><animation><source id="root_jnt-Matrix-animation-input"><float_array id="root_jnt-Matrix-animation-input-array" count="61">

0.000000 0.033333 0.066667 0.100000 0.133333 0.166667 0.200000 0.233333 0.266667 0.300000 0.333333 0.366667 0.400000 0.433333 0.466667 0.500000
0.533333 0.566667 0.600000 0.633333 0.666667 0.700000 0.733333 0.766667 0.800000 0.833333 0.866667 0.900000 0.933333 0.966667 1.000000 1.033333
1.066667 1.100000 1.133333 1.166667 1.200000 1.233333 1.266667 1.300000 1.333333 1.366667 1.400000 1.433333 1.466667 1.500000 1.533333 1.566667
1.600000 1.633333 1.666667 1.700000 1.733333 1.766667 1.800000 1.833333 1.866667 1.900000 1.933333 1.966667 2.000000</float_array><technique_common><accessor source="#root_jnt-Matrix-animation-input-array" count="61"><param name="TIME" type="float"/></accessor></technique_common></source><source id="root_jnt-Matrix-animation-output-transform"><float_array id="root_jnt-Matrix-animation-output-transform-array" count="976">

1.000000 0.000000 0.000000 0.000000 0.000000 1.000000 0.000000 0.000000 0.000000 0.000000 1.000000 0.000000 0.000000 0.000000 0.000000 1.000000
1.000000 0.000000 0.000000 0.000000 0.000000 1.000000 0.000000 0.000000 0.000000 0.000000 1.000000 0.000000 0.000000 0.000000 0.000000 1.000000
1.000000 0.000000 0.000000 0.000000 0.000000 1.000000 0.000000 0.000000 0.000000 0.000000 1.000000 0.000000 0.000000 0.000000 0.000000 1.000000
1.000000 0.000000 0.000000 0.000000 0.000000 1.000000 0.000000 0.000000 0.000000 0.000000 1.000000 0.000000 0.000000 0.000000 0.000000 1.000000
1.000000 0.000000 0.000000 0.000000 0.000000 1.000000 0.000000 0.000000 0.000000 0.000000 1.000000 0.000000 0.000000 0.000000 0.000000 1.000000
1.000000 0.000000 0.000000 0.000000 0.000000 1.000000 0.000000 0.000000 0.000000 0.000000 1.000000 0.000000 0.000000 0.000000 0.000000 1.000000
1.000000 0.000000 0.000000 0.000000 0.000000 1.000000 0.000000 0.000000 0.000000 0.000000 1.000000 0.000000 0.000000 0.000000 0.000000 1.000000
1.000000 0.000000 0.000000 0.000000 0.000000 1.000000 0.000000 0.000000 0.000000 0.000000 1.000000 0.000000 0.000000 0.000000 0.000000 1.000000
1.000000 0.000000 0.000000 0.000000 0.000000 1.000000 0.000000 0.000000 0.000000 0.000000 1.000000 0.000000 0.000000 0.000000 0.000000 1.000000
1.000000 0.000000 0.000000 0.000000 0.000000 1.000000 0.000000 0.000000 0.000000 0.000000 1.000000 0.000000 0.000000 0.000000 0.000000 1.000000
1.000000 0.000000 0.000000 0.000000 0.000000 1.000000 0.000000 0.000000 0.000000 0.000000 1.000000 0.000000 0.000000 0.000000 0.000000 1.000000
1.000000 0.000000 0.000000 0.000000 0.000000 1.000000 0.000000 0.000000 0.000000 0.000000 1.000000 0.000000 0.000000 0.000000 0.000000 1.000000
1.000000 0.000000 0.000000 0.000000 0.000000 1.000000 0.000000 0.000000 0.000000 0.000000 1.000000 0.000000 0.000000 0.000000 0.000000 1.000000
1.000000 0.000000 0.000000 0.000000 0.000000 1.000000 0.000000 0.000000 0.000000 0.000000 1.000000 0.000000 0.000000 0.000000 0.000000 1.000000
1.000000 0.000000 0.000000 0.000000 0.000000 1.000000 0.000000 0.000000 0.000000 0.000000 1.000000 0.000000 0.000000 0.000000 0.000000 1.000000
1.000000 0.000000 0.000000 0.000000 0.000000 1.000000 0.000000 0.000000 0.000000 0.000000 1.000000 0.000000 0.000000 0.000000 0.000000 1.000000
1.000000 0.000000 0.000000 0.000000 0.000000 1.000000 0.000000 0.000000 0.000000 0.000000 1.000000 0.000000 0.000000 0.000000 0.000000 1.000000
1.000000 0.000000 0.000000 0.000000 0.000000 1.000000 0.000000 0.000000 0.000000 0.000000 1.000000 0.000000 0.000000 0.000000 0.000000 1.000000
1.000000 0.000000 0.000000 0.000000 0.000000 1.000000 0.000000 0.000000 0.000000 0.000000 1.000000 0.000000 0.000000 0.000000 0.000000 1.000000
1.000000 0.000000 0.000000 0.000000 0.000000 1.000000 0.000000 0.000000 0.000000 0.000000 1.000000 0.000000 0.000000 0.000000 0.000000 1.000000
1.000000 0.000000 0.000000 0.000000 0.000000 1.000000 0.000000 0.000000 0.000000 0.000000 1.000000 0.000000 0.000000 0.000000 0.000000 1.000000
1.000000 0.000000 0.000000 0.000000 0.000000 1.000000 0.000000 0.000000 0.000000 0.000000 1.000000 0.000000 0.000000 0.000000 0.000000 1.000000
1.000000 0.000000 0.000000 0.000000 0.000000 1.000000 0.000000 0.000000 0.000000 0.000000 1.000000 0.000000 0.000000 0.000000 0.000000 1.000000
1.000000 0.000000 0.000000 0.000000 0.000000 1.000000 0.000000 0.000000 0.000000 0.000000 1.000000 0.000000 0.000000 0.000000 0.000000 1.000000
1.000000 0.000000 0.000000 0.000000 0.000000 1.000000 0.000000 0.000000 0.000000 0.000000 1.000000 0.000000 0.000000 0.000000 0.000000 1.000000
1.000000 0.000000 0.000000 0.000000 0.000000 1.000000 0.000000 0.000000 0.000000 0.000000 1.000000 0.000000 0.000000 0.000000 0.000000 1.000000
1.000000 0.000000 0.000000 0.000000 0.000000 1.000000 0.000000 0.000000 0.000000 0.000000 1.000000 0.000000 0.000000 0.000000 0.000000 1.000000
1.000000 0.000000 0.000000 0.000000 0.000000 1.000000 0.000000 0.000000 0.000000 0.000000 1.000000 0.000000 0.000000 0.000000 0.000000 1.000000
1.000000 0.000000 0.000000 0.000000 0.000000 1.000000 0.000000 0.000000 0.000000 0.000000 1.000000 0.000000 0.000000 0.000000 0.000000 1.000000
1.000000 0.000000 0.000000 0.000000 0.000000 1.000000 0.000000 0.000000 0.000000 0.000000 1.000000 0.000000 0.000000 0.000000 0.000000 1.000000
1.000000 0.000000 0.000000 0.000000 0.000000 1.000000 0.000000 0.000000 0.000000 0.000000 1.000000 0.000000 0.000000 0.000000 0.000000 1.000000
1.000000 0.000000 0.000000 0.000000 0.000000 1.000000 0.000000 0.000000 0.000000 0.000000 1.000000 0.000000 0.000000 0.000000 0.000000 1.000000
1.000000 0.000000 0.000000 0.000000 0.000000 1.000000 0.000000 0.000000 0.000000 0.000000 1.000000 0.000000 0.000000 0.000000 0.000000 1.000000
1.000000 0.000000 0.000000 0.000000 0.000000 1.000000 0.000000 0.000000 0.000000 0.000000 1.000000 0.000000 0.000000 0.000000 0.000000 1.000000
1.000000 0.000000 0.000000 0.000000 0.000000 1.000000 0.000000 0.000000 0.000000 0.000000 1.000000 0.000000 0.000000 0.000000 0.000000 1.000000
1.000000 0.000000 0.000000 0.000000 0.000000 1.000000 0.000000 0.000000 0.000000 0.000000 1.000000 0.000000 0.000000 0.000000 0.000000 1.000000
1.000000 0.000000 0.000000 0.000000 0.000000 1.000000 0.000000 0.000000 0.000000 0.000000 1.000000 0.000000 0.000000 0.000000 0.000000 1.000000
1.000000 0.000000 0.000000 0.000000 0.000000 1.000000 0.000000 0.000000 0.000000 0.000000 1.000000 0.000000 0.000000 0.000000 0.000000 1.000000
1.000000 0.000000 0.000000 0.000000 0.000000 1.000000 0.000000 0.000000 0.000000 0.000000 1.000000 0.000000 0.000000 0.000000 0.000000 1.000000
1.000000 0.000000 0.000000 0.000000 0.000000 1.000000 0.000000 0.000000 0.000000 0.000000 1.000000 0.000000 0.000000 0.000000 0.000000 1.000000
1.000000 0.000000 0.000000 0.000000 0.000000 1.000000 0.000000 0.000000 0.000000 0.000000 1.000000 0.000000 0.000000 0.000000 0.000000 1.000000
1.000000 0.000000 0.000000 0.000000 0.000000 1.000000 0.000000 0.000000 0.000000 0.000000 1.000000 0.000000 0.000000 0.000000 0.000000 1.000000
1.000000 0.000000 0.000000 0.000000 0.000000 1.000000 0.000000 0.000000 0.000000 0.000000 1.000000 0.000000 0.000000 0.000000 0.000000 1.000000
1.000000 0.000000 0.000000 0.000000 0.000000 1.000000 0.000000 0.000000 0.000000 0.000000 1.000000 0.000000 0.000000 0.000000 0.000000 1.000000
1.000000 0.000000 0.000000 0.000000 0.000000 1.000000 0.000000 0.000000 0.000000 0.000000 1.000000 0.000000 0.000000 0.000000 0.000000 1.000000
1.000000 0.000000 0.000000 0.000000 0.000000 1.000000 0.000000 0.000000 0.000000 0.000000 1.000000 0.000000 0.000000 0.000000 0.000000 1.000000
1.000000 0.000000 0.000000 0.000000 0.000000 1.000000 0.000000 0.000000 0.000000 0.000000 1.000000 0.000000 0.000000 0.000000 0.000000 1.000000
1.000000 0.000000 0.000000 0.000000 0.000000 1.000000 0.000000 0.000000 0.000000 0.000000 1.000000 0.000000 0.000000 0.000000 0.000000 1.000000
1.000000 0.000000 0.000000 0.000000 0.000000 1.000000 0.000000 0.000000 0.000000 0.000000 1.000000 0.000000 0.000000 0.000000 0.000000 1.000000
1.000000 0.000000 0.000000 0.000000 0.000000 1.000000 0.000000 0.000000 0.000000 0.000000 1.000000 0.000000 0.000000 0.000000 0.000000 1.000000
1.000000 0.000000 0.000000 0.000000 0.000000 1.000000 0.000000 0.000000 0.000000 0.000000 1.000000 0.000000 0.000000 0.000000 0.000000 1.000000
1.000000 0.000000 0.000000 0.000000 0.000000 1.000000 0.000000 0.000000 0.000000 0.000000 1.000000 0.000000 0.000000 0.000000 0.000000 1.000000
1.000000 0.000000 0.000000 0.000000 0.000000 1.000000 0.000000 0.000000 0.000000 0.000000 1.000000 0.000000 0.000000 0.000000 0.000000 1.000000
1.000000 0.000000 0.000000 0.000000 0.000000 1.000000 0.000000 0.000000 0.000000 0.000000 1.000000 0.000000 0.000000 0.000000 0.000000 1.000000
1.000000 0.000000 0.000000 0.000000 0.000000 1.000000 0.000000 0.000000 0.000000 0.000000 1.000000 0.000000 0.000000 0.000000 0.000000 1.000000
1.000000 0.000000 0.000000 0.000000 0.000000 1.000000 0.000000 0.000000 0.000000 0.000000 1.000000 0.000000 0.000000 0.000000 0.000000 1.000000
1.000000 0.000000 0.000000 0.000000 0.000000 1.000000 0.000000 0.000000 0.000000 0.000000 1.000000 0.000000 0.000000 0.000000 0.000000 1.000000
1.000000 0.000000 0.000000 0.000000 0.000000 1.000000 0.000000 0.000000 0.000000 0.000000 1.000000 0.000000 0.000000 0.000000 0.000000 1.000000
1.000000 0.000000 0.000000 0.000000 0.000000 1.000000 0.000000 0.000000 0.000000 0.000000 1.000000 0.000000 0.000000 0.000000 0.000000 1.000000
1.000000 0.000000 0.000000 0.000000 0.000000 1.000000 0.000000 0.000000 0.000000 0.000000 1.000000 0.000000 0.000000 0.000000 0.000000 1.000000
1.000000 0.000000 0.000000 0.000000 0.000000 1.000000 0.000000 0.000000 0.000000 0.000000 1.000000 0.000000 0.000000 0.000000 0.000000 1.000000</float_array><technique_common><accessor source="#root_jnt-Matrix-animation-output-transform-array" count="61" stride="16"><param type="float4x4"/></accessor></technique_common></source><source id="root_jnt-Interpolations"><Name_array id="root_jnt-Interpolations-array" count="61">
 LINEAR LINEAR LINEAR LINEAR LINEAR LINEAR LINEAR LINEAR LINEAR LINEAR LINEAR
LINEAR LINEAR LINEAR LINEAR LINEAR LINEAR LINEAR LINEAR LINEAR LINEAR LINEAR LINEAR
LINEAR LINEAR LINEAR LINEAR LINEAR LINEAR LINEAR LINEAR LINEAR LINEAR LINEAR LINEAR
LINEAR LINEAR LINEAR LINEAR LINEAR LINEAR LINEAR LINEAR LINEAR LINEAR LINEAR LINEAR
LINEAR LINEAR LINEAR LINEAR LINEAR LINEAR LINEAR LINEAR LINEAR LINEAR LINEAR LINEAR
LINEAR LINEAR</Name_array><technique_common><accessor source="#root_jnt-Interpolations-array" count="61"><param type="name"/></accessor></technique_common></source><sampler id="root_jnt-Matrix-animation-transform"><input semantic="INPUT" source="#root_jnt-Matrix-animation-input"/><input semantic="OUTPUT" source="#root_jnt-Matrix-animation-output-transform"/><input semantic="INTERPOLATION" source="#root_jnt-Interpolations"/></sampler><channel source="#root_jnt-Matrix-animation-transform" target="root_jnt/matrix"/></animation></animation>
    <animation id="jnt_hips-anim" name="jnt_hips"><animation><source id="jnt_hips-Matrix-animation-input"><float_array id="jnt_hips-Matrix-animation-input-array" count="61">

0.000000 0.033333 0.066667 0.100000 0.133333 0.166667 0.200000 0.233333 0.266667 0.300000 0.333333 0.366667 0.400000 0.433333 0.466667 0.500000
0.533333 0.566667 0.600000 0.633333 0.666667 0.700000 0.733333 0.766667 0.800000 0.833333 0.866667 0.900000 0.933333 0.966667 1.000000 1.033333
1.066667 1.100000 1.133333 1.166667 1.200000 1.233333 1.266667 1.300000 1.333333 1.366667 1.400000 1.433333 1.466667 1.500000 1.533333 1.566667
1.600000 1.633333 1.666667 1.700000 1.733333 1.766667 1.800000 1.833333 1.866667 1.900000 1.933333 1.966667 2.000000</float_array><technique_common><accessor source="#jnt_hips-Matrix-animation-input-array" count="61"><param name="TIME" type="float"/></accessor></technique_common></source><source id="jnt_hips-Matrix-animation-output-transform"><float_array id="jnt_hips-Matrix-animation-output-transform-array" count="976">

0.961460 -0.010974 -0.274724 0.004959 0.071274 0.974994 0.210492 1.927053 0.265544 -0.221960 0.938200 -0.271246 0.000000 0.000000 0.000000 1.000000
0.961460 -0.010974 -0.274724 0.004959 0.071274 0.974994 0.210492 1.926718 0.265544 -0.221960 0.938200 -0.271246 0.000000 0.000000 0.000000 1.000000
0.961460 -0.010974 -0.274724 0.004959 0.071274 0.974994 0.210492 1.925745 0.265544 -0.221960 0.938200 -0.271246 0.000000 0.000000 0.000000 1.000000
0.961460 -0.010974 -0.274724 0.004959 0.071274 0.974994 0.210492 1.924179 0.265544 -0.221960 0.938200 -0.271246 0.000000 0.000000 0.000000 1.000000
0.961460 -0.010974 -0.274724 0.004959 0.071274 0.974994 0.210492 1.922065 0.265544 -0.221960 0.938200 -0.271246 0.000000 0.000000 0.000000 1.000000
0.961460 -0.010974 -0.274724 0.004959 0.071274 0.974994 0.210492 1.919449 0.265544 -0.221961 0.938200 -0.271246 0.000000 0.000000 0.000000 1.000000
0.961460 -0.010974 -0.274724 0.004959 0.071274 0.974994 0.210492 1.916377 0.265544 -0.221960 0.938200 -0.271246 0.000000 0.000000 0.000000 1.000000
0.961460 -0.010974 -0.274724 0.004959 0.071274 0.974994 0.210492 1.912894 0.265544 -0.221960 0.938200 -0.271246 0.000000 0.000000 0.000000 1.000000
0.961460 -0.010974 -0.274724 0.004959 0.071274 0.974994 0.210492 1.909046 0.265544 -0.221960 0.938200 -0.271246 0.000000 0.000000 0.000000 1.000000
0.961460 -0.010974 -0.274724 0.004959 0.071274 0.974994 0.210492 1.904879 0.265544 -0.221960 0.938200 -0.271246 0.000000 0.000000 0.000000 1.000000
0.961460 -0.010974 -0.274724 0.004959 0.071274 0.974994 0.210492 1.900438 0.265544 -0.221960 0.938200 -0.271246 0.000000 0.000000 0.000000 1.000000
0.961460 -0.010974 -0.274724 0.004959 0.071274 0.974994 0.210492 1.895769 0.265544 -0.221960 0.938200 -0.271246 0.000000 0.000000 0.000000 1.000000
0.961460 -0.010974 -0.274724 0.004959 0.071274 0.974994 0.210492 1.890917 0.265544 -0.221961 0.938200 -0.271246 0.000000 0.000000 0.000000 1.000000
0.961460 -0.010974 -0.274724 0.004959 0.071274 0.974994 0.210492 1.885929 0.265544 -0.221961 0.938200 -0.271246 0.000000 0.000000 0.000000 1.000000
0.961460 -0.010974 -0.274724 0.004959 0.071274 0.974994 0.210492 1.880849 0.265544 -0.221961 0.938200 -0.271246 0.000000 0.000000 0.000000 1.000000
0.961460 -0.010974 -0.274724 0.004959 0.071274 0.974994 0.210492 1.875724 0.265544 -0.221961 0.938200 -0.271246 0.000000 0.000000 0.000000 1.000000
0.961460 -0.010974 -0.274724 0.004959 0.071274 0.974994 0.210492 1.870598 0.265544 -0.221961 0.938200 -0.271246 0.000000 0.000000 0.000000 1.000000
0.961460 -0.010974 -0.274724 0.004959 0.071274 0.974994 0.210492 1.865519 0.265544 -0.221961 0.938200 -0.271246 0.000000 0.000000 0.000000 1.000000
0.961460 -0.010974 -0.274724 0.004959 0.071274 0.974994 0.210492 1.860530 0.265544 -0.221961 0.938200 -0.271246 0.000000 0.000000 0.000000 1.000000
0.961460 -0.010974 -0.274724 0.004959 0.071274 0.974994 0.210492 1.855679 0.265544 -0.221961 0.938200 -0.271246 0.000000 0.000000 0.000000 1.000000
0.961460 -0.010974 -0.274724 0.004959 0.071274 0.974994 0.210492 1.851010 0.265544 -0.221961 0.938200 -0.271246 0.000000 0.000000 0.000000 1.000000
0.961460 -0.010974 -0.274724 0.004959 0.071274 0.974994 0.210492 1.846569 0.265544 -0.221961 0.938200 -0.271246 0.000000 0.000000 0.000000 1.000000
0.961460 -0.010974 -0.274724 0.004959 0.071274 0.974994 0.210492 1.842402 0.265544 -0.221961 0.938200 -0.271246 0.000000 0.000000 0.000000 1.000000
0.961460 -0.010974 -0.274724 0.004959 0.071274 0.974994 0.210492 1.838554 0.265544 -0.221961 0.938200 -0.271246 0.000000 0.000000 0.000000 1.000000
0.961460 -0.010974 -0.274724 0.004959 0.071274 0.974994 0.210492 1.835071 0.265544 -0.221961 0.938200 -0.271246 0.000000 0.000000 0.000000 1.000000
0.961460 -0.010974 -0.274724 0.004959 0.071274 0.974994 0.210492 1.831999 0.265544 -0.221961 0.938200 -0.271246 0.000000 0.000000 0.000000 1.000000
0.961460 -0.010974 -0.274724 0.004959 0.071274 0.974994 0.210492 1.829383 0.265544 -0.221961 0.938200 -0.271246 0.000000 0.000000 0.000000 1.000000
0.961460 -0.010974 -0.274724 0.004959 0.071274 0.974994 0.210492 1.827269 0.265544 -0.221961 0.938200 -0.271246 0.000000 0.000000 0.000000 1.000000
0.961460 -0.010974 -0.274724 0.004959 0.071274 0.974994 0.210492 1.825702 0.265544 -0.221961 0.938200 -0.271246 0.000000 0.000000 0.000000 1.000000
0.961460 -0.010974 -0.274724 0.004959 0.071274 0.974994 0.210492 1.824729 0.265544 -0.221961 0.938200 -0.271246 0.000000 0.000000 0.000000 1.000000
0.961460 -0.010974 -0.274724 0.004959 0.071274 0.974994 0.210492 1.824394 0.265544 -0.221961 0.938200 -0.271246 0.000000 0.000000 0.000000 1.000000
0.961460 -0.010974 -0.274724 0.004959 0.071274 0.974994 0.210492 1.824729 0.265544 -0.221961 0.938200 -0.271246 0.000000 0.000000 0.000000 1.000000
0.961460 -0.010974 -0.274724 0.004959 0.071274 0.974994 0.210492 1.825702 0.265544 -0.221961 0.938200 -0.271246 0.000000 0.000000 0.000000 1.000000
0.961460 -0.010974 -0.274724 0.004959 0.071274 0.974994 0.210492 1.827269 0.265544 -0.221961 0.938200 -0.271246 0.000000 0.000000 0.000000 1.000000
0.961460 -0.010974 -0.274724 0.004959 0.071274 0.974994 0.210492 1.829383 0.265544 -0.221961 0.938200 -0.271246 0.000000 0.000000 0.000000 1.000000
0.961460 -0.010974 -0.274724 0.004959 0.071274 0.974994 0.210492 1.831999 0.265544 -0.221961 0.938200 -0.271246 0.000000 0.000000 0.000000 1.000000
0.961460 -0.010974 -0.274724 0.004959 0.071274 0.974994 0.210492 1.835071 0.265544 -0.221961 0.938200 -0.271246 0.000000 0.000000 0.000000 1.000000
0.961460 -0.010974 -0.274724 0.004959 0.071274 0.974994 0.210492 1.838554 0.265544 -0.221961 0.938200 -0.271246 0.000000 0.000000 0.000000 1.000000
0.961460 -0.010974 -0.274724 0.004959 0.071274 0.974994 0.210492 1.842402 0.265544 -0.221961 0.938200 -0.271246 0.000000 0.000000 0.000000 1.000000
0.961460 -0.010974 -0.274724 0.004959 0.071274 0.974994 0.210492 1.846569 0.265544 -0.221961 0.938200 -0.271246 0.000000 0.000000 0.000000 1.000000
0.961460 -0.010974 -0.274724 0.004959 0.071274 0.974994 0.210492 1.851010 0.265544 -0.221961 0.938200 -0.271246 0.000000 0.000000 0.000000 1.000000
0.961460 -0.010974 -0.274724 0.004959 0.071274 0.974994 0.210492 1.855679 0.265544 -0.221961 0.938200 -0.271246 0.000000 0.000000 0.000000 1.000000
0.961460 -0.010974 -0.274724 0.004959 0.071274 0.974994 0.210492 1.860530 0.265544 -0.221961 0.938200 -0.271246 0.000000 0.000000 0.000000 1.000000
0.961460 -0.010974 -0.274724 0.004959 0.071274 0.974994 0.210492 1.865519 0.265544 -0.221961 0.938200 -0.271246 0.000000 0.000000 0.000000 1.000000
0.961460 -0.010974 -0.274724 0.004959 0.071274 0.974994 0.210492 1.870598 0.265544 -0.221961 0.938200 -0.271246 0.000000 0.000000 0.000000 1.000000
0.961460 -0.010974 -0.274724 0.004959 0.071274 0.974994 0.210492 1.875724 0.265544 -0.221961 0.938200 -0.271246 0.000000 0.000000 0.000000 1.000000
0.961460 -0.010974 -0.274724 0.004959 0.071274 0.974994 0.210492 1.880849 0.265544 -0.221961 0.938200 -0.271246 0.000000 0.000000 0.000000 1.000000
0.961460 -0.010974 -0.274724 0.004959 0.071274 0.974994 0.210492 1.885929 0.265544 -0.221961 0.938200 -0.271246 0.000000 0.000000 0.000000 1.000000
0.961460 -0.010974 -0.274724 0.004959 0.071274 0.974994 0.210492 1.890917 0.265544 -0.221960 0.938200 -0.271246 0.000000 0.000000 0.000000 1.000000
0.961460 -0.010974 -0.274724 0.004959 0.071274 0.974994 0.210492 1.895769 0.265544 -0.221960 0.938200 -0.271246 0.000000 0.000000 0.000000 1.000000
0.961460 -0.010974 -0.274724 0.004959 0.071274 0.974994 0.210492 1.900438 0.265544 -0.221960 0.938200 -0.271246 0.000000 0.000000 0.000000 1.000000
0.961460 -0.010974 -0.274724 0.004959 0.071274 0.974994 0.210492 1.904879 0.265544 -0.221960 0.938200 -0.271246 0.000000 0.000000 0.000000 1.000000
0.961460 -0.010974 -0.274724 0.004959 0.071274 0.974994 0.210492 1.909046 0.265544 -0.221960 0.938200 -0.271246 0.000000 0.000000 0.000000 1.000000
0.961460 -0.010974 -0.274724 0.004959 0.071274 0.974994 0.210492 1.912894 0.265544 -0.221960 0.938200 -0.271246 0.000000 0.000000 0.000000 1.000000
0.961460 -0.010974 -0.274724 0.004959 0.071274 0.974994 0.210492 1.916377 0.265544 -0.221960 0.938200 -0.271246 0.000000 0.000000 0.000000 1.000000
0.961460 -0.010974 -0.274724 0.004959 0.071274 0.974994 0.210492 1.919449 0.265544 -0.221960 0.938200 -0.271246 0.000000 0.000000 0.000000 1.000000
0.961460 -0.010974 -0.274724 0.004959 0.071274 0.974994 0.210492 1.922065 0.265544 -0.221960 0.938200 -0.271246 0.000000 0.000000 0.000000 1.000000
0.961460 -0.010974 -0.274724 0.004959 0.071274 0.974994 0.210492 1.924179 0.265544 -0.221960 0.938200 -0.271246 0.000000 0.000000 0.000000 1.000000
0.961460 -0.010974 -0.274724 0.004959 0.071274 0.974994 0.210492 1.925745 0.265544 -0.221960 0.938200 -0.271246 0.000000 0.000000 0.000000 1.000000
0.961460 -0.010974 -0.274724 0.004959 0.071274 0.974994 0.210492 1.926718 0.265544 -0.221960 0.938200 -0.271246 0.000000 0.000000 0.000000 1.000000
0.961460 -0.010974 -0.274724 0.004959 0.071274 0.974994 0.210492 1.927053 0.265544 -0.221960 0.938200 -0.271246 0.000000 0.000000 0.000000 1.000000</float_array><technique_common><accessor source="#jnt_hips-Matrix-animation-output-transform-array" count="61" stride="16"><param type="float4x4"/></accessor></technique_common></source><source id="jnt_hips-Interpolations"><Name_array id="jnt_hips-Interpolations-array" count="61">
 LINEAR LINEAR LINEAR LINEAR LINEAR LINEAR LINEAR LINEAR LINEAR LINEAR LINEAR
LINEAR LINEAR LINEAR LINEAR LINEAR LINEAR LINEAR LINEAR LINEAR LINEAR LINEAR LINEAR
LINEAR LINEAR LINEAR LINEAR LINEAR LINEAR LINEAR LINEAR LINEAR LINEAR LINEAR LINEAR
LINEAR LINEAR LINEAR LINEAR LINEAR LINEAR LINEAR LINEAR LINEAR LINEAR LINEAR LINEAR
LINEAR LINEAR LINEAR LINEAR LINEAR LINEAR LINEAR LINEAR LINEAR LINEAR LINEAR LINEAR
LINEAR LINEAR</Name_array><technique_common><accessor source="#jnt_hips-Interpolations-array" count="61"><param type="name"/></accessor></technique_common></source><sampler id="jnt_hips-Matrix-animation-transform"><input semantic="INPUT" source="#jnt_hips-Matrix-animation-input"/><input semantic="OUTPUT" source="#jnt_hips-Matrix-animation-output-transform"/><input semantic="INTERPOLATION" source="#jnt_hips-Interpolations"/></sampler><channel source="#jnt_hips-Matrix-animation-transform" target="jnt_hips/matrix"/></animation></animation>
    <animation id="jnt_spine1-anim" name="jnt_spine1"><animation><source id="jnt_spine1-Matrix-animation-input"><float_array id="jnt_spine1-Matrix-animation-input-array" count="61">

0.000000 0.033333 0.066667 0.100000 0.133333 0.166667 0.200000 0.233333 0.266667 0.300000 0.333333 0.366667 0.400000 0.433333 0.466667 0.500000
0.533333 0.566667 0.600000 0.633333 0.666667 0.700000 0.733333 0.766667 0.800000 0.833333 0.866667 0.900000 0.933333 0.966667 1.000000 1.033333
1.066667 1.100000 1.133333 1.166667 1.200000 1.233333 1.266667 1.300000 1.333333 1.366667 1.400000 1.433333 1.466667 1.500000 1.533333 1.566667
1.600000 1.633333 1.666667 1.700000 1.733333 1.766667 1.800000 1.833333 1.866667 1.900000 1.933333 1.966667 2.000000</float_array><technique_common><accessor source="#jnt_spine1-Matrix-animation-input-array" count="61"><param name="TIME" type="float"/></accessor></technique_common></source><source id="jnt_spine1-Matrix-animation-output-transform"><float_array id="jnt_spine1-Matrix-animation-output-transform-array" count="976">

0.026285 0.045317 0.998627 -0.000000 0.994228 -0.105129 -0.021398 0.212132 0.104015 0.993425 -0.047819 0.023482 0.000000 0.000000 0.000000 1.000000
0.026288 0.045316 0.998627 0.000000 0.994226 -0.105146 -0.021400 0.212132 0.104032 0.993424 -0.047818 0.023482 0.000000 0.000000 0.000000 1.000000
0.026296 0.045312 0.998627 0.000000 0.994221 -0.105197 -0.021407 0.212132 0.104082 0.993419 -0.047816 0.023482 0.000000 0.000000 0.000000 1.000000
0.026309 0.045305 0.998627 -0.000000 0.994212 -0.105278 -0.021416 0.212132 0.104163 0.993410 -0.047813 0.023482 0.000000 0.000000 0.000000 1.000000
0.026326 0.045296 0.998627 0.000000 0.994200 -0.105386 -0.021429 0.212132 0.104271 0.993399 -0.047808 0.023482 0.000000 0.000000 0.000000 1.000000
0.026348 0.045286 0.998627 -0.000000 0.994186 -0.105521 -0.021446 0.212132 0.104405 0.993385 -0.047803 0.023482 0.000000 0.000000 0.000000 1.000000
0.026374 0.045273 0.998626 0.000000 0.994168 -0.105680 -0.021465 0.212132 0.104563 0.993369 -0.047796 0.023482 0.000000 0.000000 0.000000 1.000000
0.026403 0.045258 0.998626 0.000000 0.994149 -0.105860 -0.021487 0.212132 0.104742 0.993351 -0.047788 0.023482 0.000000 0.000000 0.000000 1.000000
0.026435 0.045242 0.998626 0.000000 0.994127 -0.106058 -0.021511 0.212132 0.104939 0.993330 -0.047780 0.023482 0.000000 0.000000 0.000000 1.000000
0.026470 0.045225 0.998626 0.000000 0.994104 -0.106274 -0.021538 0.212132 0.105154 0.993308 -0.047772 0.023482 0.000000 0.000000 0.000000 1.000000
0.026507 0.045207 0.998626 0.000000 0.994078 -0.106503 -0.021565 0.212132 0.105382 0.993284 -0.047762 0.023482 0.000000 0.000000 0.000000 1.000000
0.026547 0.045188 0.998626 0.000000 0.994052 -0.106744 -0.021595 0.212132 0.105622 0.993259 -0.047752 0.023482 0.000000 0.000000 0.000000 1.000000
0.026587 0.045167 0.998626 0.000000 0.994024 -0.106995 -0.021626 0.212132 0.105872 0.993233 -0.047742 0.023482 0.000000 0.000000 0.000000 1.000000
0.026629 0.045146 0.998625 -0.000000 0.993996 -0.107253 -0.021657 0.212132 0.106128 0.993206 -0.047731 0.023482 0.000000 0.000000 0.000000 1.000000
0.026672 0.045125 0.998625 -0.000000 0.993967 -0.107516 -0.021689 0.212132 0.106390 0.993179 -0.047721 0.023482 0.000000 0.000000 0.000000 1.000000
0.026715 0.045104 0.998625 0.000000 0.993937 -0.107782 -0.021721 0.212132 0.106654 0.993151 -0.047710 0.023482 0.000000 0.000000 0.000000 1.000000
0.026758 0.045083 0.998625 0.000000 0.993908 -0.108047 -0.021754 0.212132 0.106918 0.993123 -0.047699 0.023482 0.000000 0.000000 0.000000 1.000000
0.026801 0.045062 0.998625 0.000000 0.993878 -0.108310 -0.021786 0.212132 0.107179 0.993095 -0.047689 0.023482 0.000000 0.000000 0.000000 1.000000
0.026843 0.045041 0.998624 -0.000000 0.993849 -0.108569 -0.021818 0.212132 0.107437 0.993068 -0.047678 0.023482 0.000000 0.000000 0.000000 1.000000
0.026884 0.045021 0.998624 0.000000 0.993821 -0.108820 -0.021848 0.212132 0.107687 0.993041 -0.047668 0.023482 0.000000 0.000000 0.000000 1.000000
0.026923 0.045001 0.998624 0.000000 0.993794 -0.109062 -0.021878 0.212132 0.107928 0.993016 -0.047658 0.023482 0.000000 0.000000 0.000000 1.000000
0.026960 0.044983 0.998624 -0.000000 0.993768 -0.109293 -0.021906 0.212132 0.108157 0.992991 -0.047649 0.023482 0.000000 0.000000 0.000000 1.000000
0.026995 0.044965 0.998624 0.000000 0.993744 -0.109509 -0.021933 0.212132 0.108372 0.992968 -0.047640 0.023482 0.000000 0.000000 0.000000 1.000000
0.027028 0.044949 0.998624 -0.000000 0.993721 -0.109709 -0.021957 0.212132 0.108571 0.992947 -0.047632 0.023482 0.000000 0.000000 0.000000 1.000000
0.027057 0.044935 0.998623 0.000000 0.993701 -0.109890 -0.021979 0.212132 0.108751 0.992928 -0.047625 0.023482 0.000000 0.000000 0.000000 1.000000
0.027083 0.044922 0.998623 0.000000 0.993683 -0.110050 -0.021998 0.212132 0.108910 0.992910 -0.047619 0.023482 0.000000 0.000000 0.000000 1.000000
0.027105 0.044911 0.998623 -0.000000 0.993667 -0.110185 -0.022015 0.212132 0.109045 0.992896 -0.047613 0.023482 0.000000 0.000000 0.000000 1.000000
0.027123 0.044902 0.998623 0.000000 0.993655 -0.110295 -0.022029 0.212132 0.109154 0.992884 -0.047609 0.023482 0.000000 0.000000 0.000000 1.000000
0.027136 0.044896 0.998623 0.000000 0.993645 -0.110377 -0.022039 0.212132 0.109235 0.992875 -0.047606 0.023482 0.000000 0.000000 0.000000 1.000000
0.027144 0.044892 0.998623 0.000000 0.993640 -0.110427 -0.022045 0.212132 0.109286 0.992870 -0.047604 0.023482 0.000000 0.000000 0.000000 1.000000
0.027147 0.044890 0.998623 -0.000000 0.993638 -0.110445 -0.022047 0.212132 0.109303 0.992868 -0.047603 0.023482 0.000000 0.000000 0.000000 1.000000
0.027144 0.044892 0.998623 0.000000 0.993640 -0.110427 -0.022045 0.212132 0.109286 0.992870 -0.047604 0.023482 0.000000 0.000000 0.000000 1.000000
0.027136 0.044896 0.998623 -0.000000 0.993645 -0.110377 -0.022039 0.212132 0.109235 0.992875 -0.047605 0.023482 0.000000 0.000000 0.000000 1.000000
0.027123 0.044902 0.998623 -0.000000 0.993655 -0.110295 -0.022029 0.212132 0.109154 0.992884 -0.047609 0.023482 0.000000 0.000000 0.000000 1.000000
0.027105 0.044911 0.998623 0.000000 0.993667 -0.110186 -0.022015 0.212132 0.109045 0.992896 -0.047613 0.023482 0.000000 0.000000 0.000000 1.000000
0.027083 0.044922 0.998623 0.000000 0.993683 -0.110050 -0.021998 0.212132 0.108910 0.992910 -0.047619 0.023482 0.000000 0.000000 0.000000 1.000000
0.027057 0.044935 0.998623 0.000000 0.993701 -0.109890 -0.021979 0.212132 0.108751 0.992928 -0.047625 0.023482 0.000000 0.000000 0.000000 1.000000
0.027028 0.044949 0.998624 -0.000000 0.993721 -0.109709 -0.021957 0.212132 0.108571 0.992947 -0.047632 0.023482 0.000000 0.000000 0.000000 1.000000
0.026996 0.044965 0.998624 0.000000 0.993744 -0.109509 -0.021933 0.212132 0.108372 0.992968 -0.047640 0.023482 0.000000 0.000000 0.000000 1.000000
0.026960 0.044983 0.998624 0.000000 0.993768 -0.109293 -0.021906 0.212132 0.108157 0.992991 -0.047649 0.023482 0.000000 0.000000 0.000000 1.000000
0.026923 0.045001 0.998624 0.000000 0.993794 -0.109062 -0.021878 0.212132 0.107928 0.993016 -0.047658 0.023482 0.000000 0.000000 0.000000 1.000000
0.026883 0.045021 0.998624 -0.000000 0.993821 -0.108820 -0.021848 0.212132 0.107687 0.993041 -0.047668 0.023482 0.000000 0.000000 0.000000 1.000000
0.026843 0.045041 0.998624 -0.000000 0.993849 -0.108569 -0.021818 0.212132 0.107437 0.993068 -0.047678 0.023482 0.000000 0.000000 0.000000 1.000000
0.026801 0.045062 0.998625 0.000000 0.993878 -0.108310 -0.021786 0.212132 0.107180 0.993095 -0.047689 0.023482 0.000000 0.000000 0.000000 1.000000
0.026758 0.045082 0.998625 -0.000000 0.993908 -0.108047 -0.021754 0.212132 0.106918 0.993123 -0.047699 0.023482 0.000000 0.000000 0.000000 1.000000
0.026715 0.045104 0.998625 -0.000000 0.993937 -0.107781 -0.021721 0.212132 0.106654 0.993151 -0.047710 0.023482 0.000000 0.000000 0.000000 1.000000
0.026672 0.045125 0.998625 -0.000000 0.993967 -0.107516 -0.021689 0.212132 0.106390 0.993179 -0.047721 0.023482 0.000000 0.000000 0.000000 1.000000
0.026629 0.045146 0.998625 -0.000000 0.993996 -0.107253 -0.021657 0.212132 0.106128 0.993206 -0.047732 0.023482 0.000000 0.000000 0.000000 1.000000
0.026587 0.045167 0.998626 -0.000000 0.994024 -0.106995 -0.021626 0.212132 0.105872 0.993233 -0.047742 0.023482 0.000000 0.000000 0.000000 1.000000
0.026547 0.045187 0.998626 0.000000 0.994052 -0.106744 -0.021595 0.212132 0.105622 0.993259 -0.047752 0.023482 0.000000 0.000000 0.000000 1.000000
0.026508 0.045207 0.998626 -0.000000 0.994078 -0.106503 -0.021566 0.212132 0.105382 0.993284 -0.047762 0.023482 0.000000 0.000000 0.000000 1.000000
0.026470 0.045225 0.998626 0.000000 0.994104 -0.106274 -0.021538 0.212132 0.105154 0.993308 -0.047772 0.023482 0.000000 0.000000 0.000000 1.000000
0.026435 0.045242 0.998626 -0.000000 0.994127 -0.106058 -0.021511 0.212132 0.104939 0.993330 -0.047780 0.023482 0.000000 0.000000 0.000000 1.000000
0.026403 0.045258 0.998626 0.000000 0.994149 -0.105860 -0.021487 0.212132 0.104742 0.993351 -0.047788 0.023482 0.000000 0.000000 0.000000 1.000000
0.026374 0.045273 0.998626 0.000000 0.994168 -0.105680 -0.021465 0.212132 0.104563 0.993369 -0.047796 0.023482 0.000000 0.000000 0.000000 1.000000
0.026348 0.045286 0.998627 -0.000000 0.994186 -0.105522 -0.021446 0.212132 0.104405 0.993385 -0.047803 0.023482 0.000000 0.000000 0.000000 1.000000
0.026326 0.045297 0.998627 0.000000 0.994200 -0.105387 -0.021429 0.212132 0.104271 0.993399 -0.047808 0.023482 0.000000 0.000000 0.000000 1.000000
0.026309 0.045305 0.998627 0.000000 0.994212 -0.105278 -0.021416 0.212132 0.104163 0.993410 -0.047813 0.023482 0.000000 0.000000 0.000000 1.000000
0.026295 0.045312 0.998627 -0.000000 0.994221 -0.105197 -0.021406 0.212132 0.104082 0.993419 -0.047816 0.023482 0.000000 0.000000 0.000000 1.000000
0.026287 0.045316 0.998627 0.000000 0.994226 -0.105147 -0.021400 0.212132 0.104033 0.993424 -0.047818 0.023482 0.000000 0.000000 0.000000 1.000000
0.026285 0.045317 0.998627 -0.000000 0.994228 -0.105129 -0.021398 0.212132 0.104015 0.993426 -0.047819 0.023482 0.000000 0.000000 0.000000 1.000000</float_array><technique_common><accessor source="#jnt_spine1-Matrix-animation-output-transform-array" count="61" stride="16"><param type="float4x4"/></accessor></technique_common></source><source id="jnt_spine1-Interpolations"><Name_array id="jnt_spine1-Interpolations-array" count="61">
 LINEAR LINEAR LINEAR LINEAR LINEAR LINEAR LINEAR LINEAR LINEAR LINEAR LINEAR
LINEAR LINEAR LINEAR LINEAR LINEAR LINEAR LINEAR LINEAR LINEAR LINEAR LINEAR LINEAR
LINEAR LINEAR LINEAR LINEAR LINEAR LINEAR LINEAR LINEAR LINEAR LINEAR LINEAR LINEAR
LINEAR LINEAR LINEAR LINEAR LINEAR LINEAR LINEAR LINEAR LINEAR LINEAR LINEAR LINEAR
LINEAR LINEAR LINEAR LINEAR LINEAR LINEAR LINEAR LINEAR LINEAR LINEAR LINEAR LINEAR
LINEAR LINEAR</Name_array><technique_common><accessor source="#jnt_spine1-Interpolations-array" count="61"><param type="name"/></accessor></technique_common></source><sampler id="jnt_spine1-Matrix-animation-transform"><input semantic="INPUT" source="#jnt_spine1-Matrix-animation-input"/><input semantic="OUTPUT" source="#jnt_spine1-Matrix-animation-output-transform"/><input semantic="INTERPOLATION" source="#jnt_spine1-Interpolations"/></sampler><channel source="#jnt_spine1-Matrix-animation-transform" target="jnt_spine1/matrix"/></animation></animation>
    <animation id="jnt_spine2-anim" name="jnt_spine2"><animation><source id="jnt_spine2-Matrix-animation-input"><float_array id="jnt_spine2-Matrix-animation-input-array" count="61">

0.000000 0.033333 0.066667 0.100000 0.133333 0.166667 0.200000 0.233333 0.266667 0.300000 0.333333 0.366667 0.400000 0.433333 0.466667 0.500000
0.533333 0.566667 0.600000 0.633333 0.666667 0.700000 0.733333 0.766667 0.800000 0.833333 0.866667 0.900000 0.933333 0.966667 1.000000 1.033333
1.066667 1.100000 1.133333 1.166667 1.200000 1.233333 1.266667 1.300000 1.333333 1.366667 1.400000 1.433333 1.466667 1.500000 1.533333 1.566667
1.600000 1.633333 1.666667 1.700000 1.733333 1.766667 1.800000 1.833333 1.866667 1.900000 1.933333 1.966667 2.000000</float_array><technique_common><accessor source="#jnt_spine2-Matrix-animation-input-array" count="61"><param name="TIME" type="float"/></accessor></technique_common></source><source id="jnt_spine2-Matrix-animation-output-transform"><float_array id="jnt_spine2-Matrix-animation-output-transform-array" count="976">

0.995773 -0.084873 -0.035119 0.426849 0.082845 0.995007 -0.055662 0.000000 0.039668 0.052517 0.997832 -0.000000 0.000000 0.000000 0.000000 1.000000
0.995770 -0.084907 -0.035121 0.426848 0.082878 0.995004 -0.055661 0.000000 0.039672 0.052515 0.997832 -0.000000 0.000000 0.000000 0.000000 1.000000
0.995761 -0.085005 -0.035127 0.426848 0.082976 0.994996 -0.055659 0.000000 0.039683 0.052508 0.997832 -0.000000 0.000000 0.000000 0.000000 1.000000
0.995747 -0.085162 -0.035137 0.426848 0.083133 0.994983 -0.055656 0.000000 0.039700 0.052498 0.997832 -0.000000 0.000000 0.000000 0.000000 1.000000
0.995729 -0.085375 -0.035150 0.426848 0.083345 0.994966 -0.055652 0.000000 0.039724 0.052484 0.997831 0.000000 0.000000 0.000000 0.000000 1.000000
0.995706 -0.085638 -0.035165 0.426848 0.083607 0.994944 -0.055647 0.000000 0.039753 0.052468 0.997831 -0.000000 0.000000 0.000000 0.000000 1.000000
0.995678 -0.085947 -0.035184 0.426849 0.083915 0.994918 -0.055641 0.000000 0.039787 0.052448 0.997831 -0.000000 0.000000 0.000000 0.000000 1.000000
0.995647 -0.086297 -0.035205 0.426849 0.084264 0.994889 -0.055634 0.000000 0.039826 0.052425 0.997830 -0.000000 0.000000 0.000000 0.000000 1.000000
0.995613 -0.086684 -0.035228 0.426848 0.084650 0.994857 -0.055627 -0.000000 0.039869 0.052401 0.997830 -0.000000 0.000000 0.000000 0.000000 1.000000
0.995575 -0.087103 -0.035254 0.426848 0.085068 0.994822 -0.055619 0.000000 0.039916 0.052373 0.997830 -0.000000 0.000000 0.000000 0.000000 1.000000
0.995535 -0.087549 -0.035281 0.426848 0.085512 0.994784 -0.055610 -0.000000 0.039965 0.052345 0.997829 0.000000 0.000000 0.000000 0.000000 1.000000
0.995493 -0.088019 -0.035309 0.426848 0.085980 0.994744 -0.055601 -0.000000 0.040017 0.052315 0.997829 -0.000000 0.000000 0.000000 0.000000 1.000000
0.995449 -0.088507 -0.035338 0.426849 0.086467 0.994702 -0.055592 -0.000000 0.040071 0.052283 0.997828 0.000000 0.000000 0.000000 0.000000 1.000000
0.995403 -0.089008 -0.035368 0.426849 0.086967 0.994659 -0.055583 -0.000000 0.040127 0.052251 0.997827 -0.000000 0.000000 0.000000 0.000000 1.000000
0.995356 -0.089519 -0.035399 0.426848 0.087476 0.994615 -0.055573 0.000000 0.040183 0.052219 0.997827 -0.000000 0.000000 0.000000 0.000000 1.000000
0.995308 -0.090034 -0.035430 0.426849 0.087989 0.994571 -0.055564 0.000000 0.040241 0.052185 0.997826 -0.000000 0.000000 0.000000 0.000000 1.000000
0.995260 -0.090549 -0.035461 0.426848 0.088503 0.994526 -0.055554 0.000000 0.040298 0.052152 0.997826 -0.000000 0.000000 0.000000 0.000000 1.000000
0.995213 -0.091059 -0.035492 0.426849 0.089012 0.994481 -0.055545 -0.000000 0.040354 0.052120 0.997825 -0.000000 0.000000 0.000000 0.000000 1.000000
0.995166 -0.091561 -0.035523 0.426848 0.089511 0.994436 -0.055536 -0.000000 0.040410 0.052087 0.997825 0.000000 0.000000 0.000000 0.000000 1.000000
0.995120 -0.092049 -0.035552 0.426848 0.089998 0.994393 -0.055527 0.000000 0.040464 0.052056 0.997824 -0.000000 0.000000 0.000000 0.000000 1.000000
0.995075 -0.092518 -0.035581 0.426848 0.090465 0.994351 -0.055518 -0.000000 0.040516 0.052026 0.997824 -0.000000 0.000000 0.000000 0.000000 1.000000
0.995033 -0.092964 -0.035608 0.426848 0.090910 0.994311 -0.055510 -0.000000 0.040566 0.051997 0.997823 -0.000000 0.000000 0.000000 0.000000 1.000000
0.994992 -0.093383 -0.035633 0.426849 0.091328 0.994273 -0.055503 0.000000 0.040612 0.051970 0.997822 -0.000000 0.000000 0.000000 0.000000 1.000000
0.994955 -0.093769 -0.035657 0.426849 0.091713 0.994238 -0.055496 0.000000 0.040655 0.051945 0.997822 -0.000000 0.000000 0.000000 0.000000 1.000000
0.994921 -0.094119 -0.035678 0.426849 0.092062 0.994206 -0.055489 0.000000 0.040694 0.051923 0.997822 -0.000000 0.000000 0.000000 0.000000 1.000000
0.994892 -0.094428 -0.035697 0.426848 0.092369 0.994178 -0.055484 -0.000000 0.040728 0.051903 0.997821 0.000000 0.000000 0.000000 0.000000 1.000000
0.994866 -0.094691 -0.035713 0.426849 0.092631 0.994154 -0.055479 0.000000 0.040757 0.051886 0.997821 -0.000000 0.000000 0.000000 0.000000 1.000000
0.994845 -0.094903 -0.035726 0.426849 0.092843 0.994134 -0.055476 -0.000000 0.040781 0.051873 0.997821 -0.000000 0.000000 0.000000 0.000000 1.000000
0.994830 -0.095060 -0.035735 0.426849 0.093000 0.994120 -0.055473 0.000000 0.040798 0.051863 0.997821 0.000000 0.000000 0.000000 0.000000 1.000000
0.994820 -0.095158 -0.035741 0.426849 0.093097 0.994111 -0.055471 -0.000000 0.040809 0.051856 0.997820 -0.000000 0.000000 0.000000 0.000000 1.000000
0.994817 -0.095192 -0.035743 0.426848 0.093131 0.994107 -0.055470 0.000000 0.040813 0.051854 0.997820 -0.000000 0.000000 0.000000 0.000000 1.000000
0.994820 -0.095158 -0.035741 0.426849 0.093097 0.994111 -0.055471 -0.000000 0.040809 0.051856 0.997820 0.000000 0.000000 0.000000 0.000000 1.000000
