<?xml version="1.0" encoding="utf-8"?>
<COLLADA xmlns="http://www.collada.org/2005/11/COLLADASchema" version="1.4.1">
  <asset><contributor><author></author><authoring_tool>FBX COLLADA exporter</authoring_tool><comments></comments></contributor><created>2020-02-12T09:58:28Z</created><keywords></keywords><modified>2020-02-12T09:58:28Z</modified><revision></revision><subject></subject><title></title><unit meter="0.010000" name="centimeter"></unit><up_axis>Y_UP</up_axis></asset>
  <library_animations>
    <animation id="root_jnt-anim" name="root_jnt"><animation><source id="root_jnt-Matrix-animation-input"><float_array id="root_jnt-Matrix-animation-input-array" count="13">

0.000000 0.033333 0.066667 0.100000 0.133333 0.166667 0.200000 0.233333 0.266667 0.300000 0.333333 0.366667 0.400000</float_array><technique_common><accessor source="#root_jnt-Matrix-animation-input-array" count="13"><param name="TIME" type="float"/></accessor></technique_common></source><source id="root_jnt-Matrix-animation-output-transform"><float_array id="root_jnt-Matrix-animation-output-transform-array" count="208">

1.000000 0.000000 0.000000 0.000000 0.000000 1.000000 0.000000 0.000000 0.000000 0.000000 1.000000 0.000000 0.000000 0.000000 0.000000 1.000000
1.000000 0.000000 0.000000 0.000000 0.000000 1.000000 0.000000 0.000000 0.000000 0.000000 1.000000 0.000000 0.000000 0.000000 0.000000 1.000000
1.000000 0.000000 0.000000 0.000000 0.000000 1.000000 0.000000 0.000000 0.000000 0.000000 1.000000 0.000000 0.000000 0.000000 0.000000 1.000000
1.000000 0.000000 0.000000 0.000000 0.000000 1.000000 0.000000 0.000000 0.000000 0.000000 1.000000 0.000000 0.000000 0.000000 0.000000 1.000000
1.000000 0.000000 0.000000 0.000000 0.000000 1.000000 0.000000 0.000000 0.000000 0.000000 1.000000 0.000000 0.000000 0.000000 0.000000 1.000000
1.000000 0.000000 0.000000 0.000000 0.000000 1.000000 0.000000 0.000000 0.000000 0.000000 1.000000 0.000000 0.000000 0.000000 0.000000 1.000000
1.000000 0.000000 0.000000 0.000000 0.000000 1.000000 0.000000 0.000000 0.000000 0.000000 1.000000 0.000000 0.000000 0.000000 0.000000 1.000000
1.000000 0.000000 0.000000 0.000000 0.000000 1.000000 0.000000 0.000000 0.000000 0.000000 1.000000 0.000000 0.000000 0.000000 0.000000 1.000000
1.000000 0.000000 0.000000 0.000000 0.000000 1.000000 0.000000 0.000000 0.000000 0.000000 1.000000 0.000000 0.000000 0.000000 0.000000 1.000000
1.000000 0.000000 0.000000 0.000000 0.000000 1.000000 0.000000 0.000000 0.000000 0.000000 1.000000 0.000000 0.000000 0.000000 0.000000 1.000000
1.000000 0.000000 0.000000 0.000000 0.000000 1.000000 0.000000 0.000000 0.000000 0.000000 1.000000 0.000000 0.000000 0.000000 0.000000 1.000000
1.000000 0.000000 0.000000 0.000000 0.000000 1.000000 0.000000 0.000000 0.000000 0.000000 1.000000 0.000000 0.000000 0.000000 0.000000 1.000000
1.000000 0.000000 0.000000 0.000000 0.000000 1.000000 0.000000 0.000000 0.000000 0.000000 1.000000 0.000000 0.000000 0.000000 0.000000 1.000000</float_array><technique_common><accessor source="#root_jnt-Matrix-animation-output-transform-array" count="13" stride="16"><param type="float4x4"/></accessor></technique_common></source><source id="root_jnt-Interpolations"><Name_array id="root_jnt-Interpolations-array" count="13">
 LINEAR LINEAR LINEAR LINEAR LINEAR LINEAR LINEAR LINEAR LINEAR LINEAR LINEAR
LINEAR LINEAR</Name_array><technique_common><accessor source="#root_jnt-Interpolations-array" count="13"><param type="name"/></accessor></technique_common></source><sampler id="root_jnt-Matrix-animation-transform"><input semantic="INPUT" source="#root_jnt-Matrix-animation-input"/><input semantic="OUTPUT" source="#root_jnt-Matrix-animation-output-transform"/><input semantic="INTERPOLATION" source="#root_jnt-Interpolations"/></sampler><channel source="#root_jnt-Matrix-animation-transform" target="root_jnt/matrix"/></animation></animation>
    <animation id="jnt_hips-anim" name="jnt_hips"><animation><source id="jnt_hips-Matrix-animation-input"><float_array id="jnt_hips-Matrix-animation-input-array" count="13">

0.000000 0.033333 0.066667 0.100000 0.133333 0.166667 0.200000 0.233333 0.266667 0.300000 0.333333 0.366667 0.400000</float_array><technique_common><accessor source="#jnt_hips-Matrix-animation-input-array" count="13"><param name="TIME" type="float"/></accessor></technique_common></source><source id="jnt_hips-Matrix-animation-output-transform"><float_array id="jnt_hips-Matrix-animation-output-transform-array" count="208">

0.843587 0.154482 -0.514293 0.052634 -0.167018 0.985706 0.022128 1.209160 0.510359 0.067229 0.857329 -0.239401 0.000000 0.000000 0.000000 1.000000
0.843587 0.154483 -0.514292 0.092360 -0.167437 0.985650 0.021424 1.238696 0.510222 0.068038 0.857347 -0.238617 0.000000 0.000000 0.000000 1.000000
0.843587 0.154482 -0.514292 0.122997 -0.167880 0.985591 0.020679 1.270352 0.510076 0.068895 0.857366 -0.237101 0.000000 0.000000 0.000000 1.000000
0.843586 0.154482 -0.514293 0.141673 -0.168272 0.985537 0.020020 1.275935 0.509948 0.069652 0.857381 -0.235479 0.000000 0.000000 0.000000 1.000000
0.843587 0.154482 -0.514292 0.140654 -0.168506 0.985505 0.019627 1.249065 0.509870 0.070105 0.857390 -0.234855 0.000000 0.000000 0.000000 1.000000
0.843587 0.154482 -0.514292 0.107351 -0.168471 0.985510 0.019685 1.215029 0.509881 0.070037 0.857389 -0.236473 0.000000 0.000000 0.000000 1.000000
0.843587 0.154483 -0.514293 0.061207 -0.168175 0.985551 0.020184 1.209844 0.509979 0.069464 0.857377 -0.239127 0.000000 0.000000 0.000000 1.000000
0.843587 0.154482 -0.514292 0.028291 -0.167672 0.985619 0.021029 1.236343 0.510145 0.068492 0.857357 -0.241476 0.000000 0.000000 0.000000 1.000000
0.843586 0.154483 -0.514293 0.009448 -0.167055 0.985701 0.022067 1.265720 0.510348 0.067300 0.857331 -0.243809 0.000000 0.000000 0.000000 1.000000
0.843587 0.154482 -0.514292 -0.000838 -0.166524 0.985770 0.022957 1.271060 0.510520 0.066275 0.857308 -0.245932 0.000000 0.000000 0.000000 1.000000
0.843587 0.154483 -0.514292 0.002661 -0.166316 0.985797 0.023307 1.244773 0.510588 0.065874 0.857298 -0.246463 0.000000 0.000000 0.000000 1.000000
0.843586 0.154483 -0.514293 0.023025 -0.166578 0.985763 0.022868 1.215484 0.510504 0.066379 0.857310 -0.243139 0.000000 0.000000 0.000000 1.000000
0.843587 0.154482 -0.514293 0.052634 -0.167018 0.985706 0.022128 1.209165 0.510359 0.067229 0.857329 -0.239406 0.000000 0.000000 0.000000 1.000000</float_array><technique_common><accessor source="#jnt_hips-Matrix-animation-output-transform-array" count="13" stride="16"><param type="float4x4"/></accessor></technique_common></source><source id="jnt_hips-Interpolations"><Name_array id="jnt_hips-Interpolations-array" count="13">
 LINEAR LINEAR LINEAR LINEAR LINEAR LINEAR LINEAR LINEAR LINEAR LINEAR LINEAR
LINEAR LINEAR</Name_array><technique_common><accessor source="#jnt_hips-Interpolations-array" count="13"><param type="name"/></accessor></technique_common></source><sampler id="jnt_hips-Matrix-animation-transform"><input semantic="INPUT" source="#jnt_hips-Matrix-animation-input"/><input semantic="OUTPUT" source="#jnt_hips-Matrix-animation-output-transform"/><input semantic="INTERPOLATION" source="#jnt_hips-Interpolations"/></sampler><channel source="#jnt_hips-Matrix-animation-transform" target="jnt_hips/matrix"/></animation></animation>
    <animation id="jnt_spine1-anim" name="jnt_spine1"><animation><source id="jnt_spine1-Matrix-animation-input"><float_array id="jnt_spine1-Matrix-animation-input-array" count="13">

0.000000 0.033333 0.066667 0.100000 0.133333 0.166667 0.200000 0.233333 0.266667 0.300000 0.333333 0.366667 0.400000</float_array><technique_common><accessor source="#jnt_spine1-Matrix-animation-input-array" count="13"><param name="TIME" type="float"/></accessor></technique_common></source><source id="jnt_spine1-Matrix-animation-output-transform"><float_array id="jnt_spine1-Matrix-animation-output-transform-array" count="208">

0.065504 -0.035849 0.997208 -0.000000 0.997639 -0.018329 -0.066191 0.212132 0.020651 0.999189 0.034564 0.023482 0.000000 0.000000 0.000000 1.000000
0.009838 -0.055524 0.998409 0.000000 0.998753 -0.048332 -0.012529 0.212132 0.048950 0.997287 0.054979 0.023482 0.000000 0.000000 0.000000 1.000000
0.006347 -0.053912 0.998526 -0.000000 0.997247 -0.073428 -0.010303 0.212132 0.073875 0.995842 0.053297 0.023482 0.000000 0.000000 0.000000 1.000000
0.024099 -0.045350 0.998680 -0.000000 0.994922 -0.096563 -0.028393 0.212132 0.097723 0.994293 0.042793 0.023482 0.000000 0.000000 0.000000 1.000000
0.036190 -0.039982 0.998545 -0.000000 0.993253 -0.108720 -0.040351 0.212132 0.110175 0.993268 0.035778 0.023482 0.000000 0.000000 0.000000 1.000000
0.055051 -0.028016 0.998090 -0.000000 0.995001 -0.081879 -0.057178 0.212132 0.083324 0.996248 0.023368 0.023482 0.000000 0.000000 0.000000 1.000000
0.089403 -0.010091 0.995944 0.000000 0.995055 -0.042532 -0.089754 0.212132 0.043265 0.999044 0.006239 0.023482 0.000000 0.000000 0.000000 1.000000
0.111977 -0.001788 0.993709 0.000000 0.992761 -0.043515 -0.111949 0.212132 0.043442 0.999051 -0.003097 0.023482 0.000000 0.000000 0.000000 1.000000
0.111609 -0.003553 0.993746 0.000000 0.991045 -0.073362 -0.111568 0.212132 0.073299 0.997299 -0.004666 0.023482 0.000000 0.000000 0.000000 1.000000
0.098137 -0.010105 0.995122 -0.000000 0.990155 -0.099302 -0.098655 0.212132 0.099814 0.995006 0.000260 0.023482 0.000000 0.000000 0.000000 1.000000
0.089172 -0.016874 0.995873 -0.000000 0.990508 -0.103506 -0.090446 0.212132 0.104605 0.994486 0.007484 0.023482 0.000000 0.000000 0.000000 1.000000
0.089927 -0.021666 0.995713 0.000000 0.993954 -0.061285 -0.091102 0.212132 0.062996 0.997885 0.016024 0.023482 0.000000 0.000000 0.000000 1.000000
0.065503 -0.035850 0.997208 -0.000000 0.997639 -0.018293 -0.066189 0.212132 0.020615 0.999190 0.034568 0.023482 0.000000 0.000000 0.000000 1.000000</float_array><technique_common><accessor source="#jnt_spine1-Matrix-animation-output-transform-array" count="13" stride="16"><param type="float4x4"/></accessor></technique_common></source><source id="jnt_spine1-Interpolations"><Name_array id="jnt_spine1-Interpolations-array" count="13">
 LINEAR LINEAR LINEAR LINEAR LINEAR LINEAR LINEAR LINEAR LINEAR LINEAR LINEAR
LINEAR LINEAR</Name_array><technique_common><accessor source="#jnt_spine1-Interpolations-array" count="13"><param type="name"/></accessor></technique_common></source><sampler id="jnt_spine1-Matrix-animation-transform"><input semantic="INPUT" source="#jnt_spine1-Matrix-animation-input"/><input semantic="OUTPUT" source="#jnt_spine1-Matrix-animation-output-transform"/><input semantic="INTERPOLATION" source="#jnt_spine1-Interpolations"/></sampler><channel source="#jnt_spine1-Matrix-animation-transform" target="jnt_spine1/matrix"/></animation></animation>
    <animation id="jnt_spine2-anim" name="jnt_spine2"><animation><source id="jnt_spine2-Matrix-animation-input"><float_array id="jnt_spine2-Matrix-animation-input-array" count="13">

0.000000 0.033333 0.066667 0.100000 0.133333 0.166667 0.200000 0.233333 0.266667 0.300000 0.333333 0.366667 0.400000</float_array><technique_common><accessor source="#jnt_spine2-Matrix-animation-input-array" count="13"><param name="TIME" type="float"/></accessor></technique_common></source><source id="jnt_spine2-Matrix-animation-output-transform"><float_array id="jnt_spine2-Matrix-animation-output-transform-array" count="208">

0.883562 -0.468199 -0.010438 0.426848 0.467780 0.881268 0.067437 0.000000 -0.022375 -0.064468 0.997669 -0.000000 0.000000 0.000000 0.000000 1.000000
0.890385 -0.454012 -0.032979 0.426848 0.455086 0.889485 0.041386 -0.000000 0.010544 -0.051858 0.998599 -0.000000 0.000000 0.000000 0.000000 1.000000
0.895078 -0.445003 -0.028412 0.426848 0.445637 0.894941 0.022113 0.000000 0.015587 -0.032455 0.999352 -0.000000 0.000000 0.000000 0.000000 1.000000
0.899522 -0.436629 -0.014682 0.426848 0.436744 0.899568 0.005694 -0.000000 0.010722 -0.011534 0.999876 -0.000000 0.000000 0.000000 0.000000 1.000000
0.903370 -0.428671 -0.012789 0.426848 0.428604 0.903459 -0.007749 0.000000 0.014876 0.001519 0.999888 -0.000000 0.000000 0.000000 0.000000 1.000000
0.904357 -0.426632 -0.011143 0.426848 0.426577 0.904424 -0.007011 -0.000000 0.013069 0.001587 0.999913 -0.000000 0.000000 0.000000 0.000000 1.000000
0.901186 -0.433405 -0.004944 0.426849 0.433432 0.901156 0.007452 0.000000 0.001226 -0.008859 0.999960 -0.000000 0.000000 0.000000 0.000000 1.000000
0.898896 -0.438085 -0.008217 0.426849 0.438143 0.898524 0.026176 -0.000000 -0.004084 -0.027130 0.999624 0.000000 0.000000 0.000000 0.000000 1.000000
0.901431 -0.432387 -0.021523 0.426849 0.432922 0.900286 0.045426 0.000000 -0.000265 -0.050266 0.998736 -0.000000 0.000000 0.000000 0.000000 1.000000
0.902991 -0.428047 -0.037201 0.426849 0.429609 0.900833 0.062733 -0.000000 0.006659 -0.072629 0.997337 -0.000000 0.000000 0.000000 0.000000 1.000000
0.901196 -0.431643 -0.039125 0.426849 0.433402 0.898120 0.074457 0.000000 0.003000 -0.084058 0.996456 -0.000000 0.000000 0.000000 0.000000 1.000000
0.891803 -0.451892 -0.021924 0.426849 0.452167 0.888616 0.076861 0.000000 -0.015251 -0.078458 0.996801 -0.000000 0.000000 0.000000 0.000000 1.000000
0.883551 -0.468218 -0.010441 0.426849 0.467800 0.881258 0.067435 -0.000000 -0.022373 -0.064467 0.997669 0.000000 0.000000 0.000000 0.000000 1.000000</float_array><technique_common><accessor source="#jnt_spine2-Matrix-animation-output-transform-array" count="13" stride="16"><param type="float4x4"/></accessor></technique_common></source><source id="jnt_spine2-Interpolations"><Name_array id="jnt_spine2-Interpolations-array" count="13">
 LINEAR LINEAR LINEAR LINEAR LINEAR LINEAR LINEAR LINEAR LINEAR LINEAR LINEAR
LINEAR LINEAR</Name_array><technique_common><accessor source="#jnt_spine2-Interpolations-array" count="13"><param type="name"/></accessor></technique_common></source><sampler id="jnt_spine2-Matrix-animation-transform"><input semantic="INPUT" source="#jnt_spine2-Matrix-animation-input"/><input semantic="OUTPUT" source="#jnt_spine2-Matrix-animation-output-transform"/><input semantic="INTERPOLATION" source="#jnt_spine2-Interpolations"/></sampler><channel source="#jnt_spine2-Matrix-animation-transform" target="jnt_spine2/matrix"/></animation></animation>
    <animation id="jnt_spine3-anim" name="jnt_spine3"><animation><source id="jnt_spine3-Matrix-animation-input"><float_array id="jnt_spine3-Matrix-animation-input-array" count="13">

0.000000 0.033333 0.066667 0.100000 0.133333 0.166667 0.200000 0.233333 0.266667 0.300000 0.333333 0.366667 0.400000</float_array><technique_common><accessor source="#jnt_spine3-Matrix-animation-input-array" count="13"><param name="TIME" type="float"/></accessor></technique_common></source><source id="jnt_spine3-Matrix-animation-output-transform"><float_array id="jnt_spine3-Matrix-animation-output-transform-array" count="208">

0.893586 -0.445772 -0.052836 0.555067 0.448581 0.891141 0.068131 -0.000000 0.016714 -0.084582 0.996276 -0.000000 0.000000 0.000000 0.000000 1.000000
0.898188 -0.433024 -0.075814 0.555067 0.436964 0.898299 0.046049 -0.000000 0.048163 -0.074488 0.996058 -0.000000 0.000000 0.000000 0.000000 1.000000
0.902179 -0.425957 -0.068068 0.555067 0.428132 0.903479 0.020695 0.000000 0.052683 -0.047812 0.997466 -0.000000 0.000000 0.000000 0.000000 1.000000
0.906497 -0.418701 -0.054336 0.555067 0.419223 0.907881 -0.001968 0.000000 0.050154 -0.020995 0.998521 0.000000 0.000000 0.000000 0.000000 1.000000
0.909886 -0.411328 -0.054013 0.555067 0.411114 0.911452 -0.015523 0.000000 0.055616 -0.008081 0.998420 -0.000000 0.000000 0.000000 0.000000 1.000000
0.911388 -0.408686 -0.048459 0.555067 0.408387 0.912662 -0.016373 0.000000 0.050918 -0.004868 0.998691 -0.000000 0.000000 0.000000 0.000000 1.000000
0.909617 -0.413982 -0.034860 0.555067 0.414009 0.910248 -0.006777 0.000000 0.034537 -0.008268 0.999369 -0.000000 0.000000 0.000000 0.000000 1.000000
0.907652 -0.418421 -0.033035 0.555067 0.418947 0.907948 0.010683 -0.000000 0.025524 -0.023537 0.999397 -0.000000 0.000000 0.000000 0.000000 1.000000
0.909663 -0.412960 -0.044479 0.555067 0.414478 0.909464 0.032899 0.000000 0.026866 -0.048362 0.998468 0.000000 0.000000 0.000000 0.000000 1.000000
0.911075 -0.408005 -0.058944 0.555067 0.411121 0.909796 0.057014 0.000000 0.030365 -0.076177 0.996632 -0.000000 0.000000 0.000000 0.000000 1.000000
0.909635 -0.410672 -0.062560 0.555067 0.414599 0.906908 0.075003 0.000000 0.025935 -0.094163 0.995219 -0.000000 0.000000 0.000000 0.000000 1.000000
0.901237 -0.429976 -0.053778 0.555067 0.433057 0.898089 0.076801 -0.000000 0.015275 -0.092505 0.995595 -0.000000 0.000000 0.000000 0.000000 1.000000
0.893575 -0.445793 -0.052842 0.555067 0.448602 0.891131 0.068129 0.000000 0.016717 -0.084583 0.996276 -0.000000 0.000000 0.000000 0.000000 1.000000</float_array><technique_common><accessor source="#jnt_spine3-Matrix-animation-output-transform-array" count="13" stride="16"><param type="float4x4"/></accessor></technique_common></source><source id="jnt_spine3-Interpolations"><Name_array id="jnt_spine3-Interpolations-array" count="13">
 LINEAR LINEAR LINEAR LINEAR LINEAR LINEAR LINEAR LINEAR LINEAR LINEAR LINEAR
LINEAR LINEAR</Name_array><technique_common><accessor source="#jnt_spine3-Interpolations-array" count="13"><param type="name"/></accessor></technique_common></source><sampler id="jnt_spine3-Matrix-animation-transform"><input semantic="INPUT" source="#jnt_spine3-Matrix-animation-input"/><input semantic="OUTPUT" source="#jnt_spine3-Matrix-animation-output-transform"/><input semantic="INTERPOLATION" source="#jnt_spine3-Interpolations"/></sampler><channel source="#jnt_spine3-Matrix-animation-transform" target="jnt_spine3/matrix"/></animation></animation>
    <animation id="jnt_neck-anim" name="jnt_neck"><animation><source id="jnt_neck-Matrix-animation-input"><float_array id="jnt_neck-Matrix-animation-input-array" count="13">

0.000000 0.033333 0.066667 0.100000 0.133333 0.166667 0.200000 0.233333 0.266667 0.300000 0.333333 0.366667 0.400000</float_array><technique_common><accessor source="#jnt_neck-Matrix-animation-input-array" count="13"><param name="TIME" type="float"/></accessor></technique_common></source><source id="jnt_neck-Matrix-animation-output-transform"><float_array id="jnt_neck-Matrix-animation-output-transform-array" count="208">

0.995732 0.067728 -0.062690 0.867450 -0.086699 0.919287 -0.383919 0.171570 0.031628 0.387716 0.921236 -0.000000 0.000000 0.000000 0.000000 1.000000
0.995876 0.069351 -0.058496 0.867456 -0.086559 0.919448 -0.383566 0.171572 0.027183 0.387048 0.921659 -0.000001 0.000000 0.000000 0.000000 1.000000
0.996150 0.073368 -0.047975 0.867450 -0.086178 0.919854 -0.382678 0.171570 0.016054 0.385340 0.922635 -0.000000 0.000000 0.000000 0.000000 1.000000
0.996323 0.078532 -0.034266 0.867454 -0.085668 0.920385 -0.381513 0.171572 0.001576 0.383045 0.923728 -0.000001 0.000000 0.000000 0.000000 1.000000
0.996286 0.083618 -0.020533 0.867451 -0.085131 0.920923 -0.380333 0.171571 -0.012893 0.380668 0.924622 -0.000001 0.000000 0.000000 0.000000 1.000000
0.996118 0.087464 -0.009931 0.867452 -0.084681 0.921342 -0.379418 0.171566 -0.024035 0.378786 0.925172 0.000001 0.000000 0.000000 0.000000 1.000000
0.996013 0.089024 -0.005709 0.867452 -0.084537 0.921508 -0.379046 0.171572 -0.028483 0.378018 0.925360 -0.000001 0.000000 0.000000 0.000000 1.000000
0.995635 0.092864 -0.009376 0.867450 -0.089408 0.920066 -0.381424 0.171570 -0.026794 0.380597 0.924353 -0.000000 0.000000 0.000000 0.000000 1.000000
0.994900 0.099248 -0.018018 0.867454 -0.098500 0.917398 -0.385588 0.171571 -0.021739 0.385396 0.922495 -0.000001 0.000000 0.000000 0.000000 1.000000
0.994550 0.100465 -0.027878 0.867454 -0.103401 0.916164 -0.387235 0.171572 -0.013363 0.388008 0.921559 -0.000002 0.000000 0.000000 0.000000 1.000000
0.995076 0.090256 -0.040970 0.867453 -0.099081 0.917226 -0.385848 0.171568 0.002753 0.388008 0.921652 0.000000 0.000000 0.000000 0.000000 1.000000
0.995600 0.075354 -0.055697 0.867455 -0.091038 0.918637 -0.384472 0.171572 0.022193 0.387851 0.921455 -0.000001 0.000000 0.000000 0.000000 1.000000
0.995731 0.067738 -0.062694 0.867453 -0.086711 0.919287 -0.383918 0.171572 0.031628 0.387716 0.921236 -0.000001 0.000000 0.000000 0.000000 1.000000</float_array><technique_common><accessor source="#jnt_neck-Matrix-animation-output-transform-array" count="13" stride="16"><param type="float4x4"/></accessor></technique_common></source><source id="jnt_neck-Interpolations"><Name_array id="jnt_neck-Interpolations-array" count="13">
 LINEAR LINEAR LINEAR LINEAR LINEAR LINEAR LINEAR LINEAR LINEAR LINEAR LINEAR
LINEAR LINEAR</Name_array><technique_common><accessor source="#jnt_neck-Interpolations-array" count="13"><param type="name"/></accessor></technique_common></source><sampler id="jnt_neck-Matrix-animation-transform"><input semantic="INPUT" source="#jnt_neck-Matrix-animation-input"/><input semantic="OUTPUT" source="#jnt_neck-Matrix-animation-output-transform"/><input semantic="INTERPOLATION" source="#jnt_neck-Interpolations"/></sampler><channel source="#jnt_neck-Matrix-animation-transform" target="jnt_neck/matrix"/></animation></animation>
    <animation id="jnt_head-anim" name="jnt_head"><animation><source id="jnt_head-Matrix-animation-input"><float_array id="jnt_head-Matrix-animation-input-array" count="13">

0.000000 0.033333 0.066667 0.100000 0.133333 0.166667 0.200000 0.233333 0.266667 0.300000 0.333333 0.366667 0.400000</float_array><technique_common><accessor source="#jnt_head-Matrix-animation-input-array" count="13"><param name="TIME" type="float"/></accessor></technique_common></source><source id="jnt_head-Matrix-animation-output-transform"><float_array id="jnt_head-Matrix-animation-output-transform-array" count="208">

0.828158 0.482297 -0.285558 0.273591 -0.545793 0.809847 -0.215074 0.000000 0.127529 0.333971 0.933916 -0.000000 0.000000 0.000000 0.000000 1.000000
0.828061 0.484606 -0.281907 0.273591 -0.546635 0.809565 -0.213995 0.000001 0.124519 0.331302 0.935272 -0.000000 0.000000 0.000000 0.000000 1.000000
0.827705 0.490412 -0.272765 0.273591 -0.548834 0.808787 -0.211296 0.000000 0.116987 0.324593 0.938591 -0.000000 0.000000 0.000000 0.000000 1.000000
0.826991 0.498038 -0.260854 0.273592 -0.551904 0.807607 -0.207780 0.000001 0.107185 0.315798 0.942753 -0.000000 0.000000 0.000000 0.000000 1.000000
0.825870 0.505924 -0.248957 0.273591 -0.555389 0.806126 -0.204215 -0.000000 0.097374 0.306923 0.946740 -0.000000 0.000000 0.000000 0.000000 1.000000
0.824372 0.512678 -0.239942 0.273591 -0.558877 0.804447 -0.201299 0.000001 0.089819 0.300044 0.949687 -0.000000 0.000000 0.000000 0.000000 1.000000
0.822578 0.517030 -0.236738 0.273592 -0.561989 0.802686 -0.199660 0.000001 0.086796 0.297280 0.950837 -0.000000 0.000000 0.000000 0.000000 1.000000
0.819578 0.519834 -0.240966 0.273591 -0.566124 0.799500 -0.200755 0.000000 0.088293 0.300951 0.949543 -0.000000 0.000000 0.000000 0.000000 1.000000
0.815886 0.521468 -0.249802 0.273591 -0.570787 0.795383 -0.203884 0.000001 0.092369 0.308930 0.946589 -0.000000 0.000000 0.000000 0.000000 1.000000
0.813778 0.520052 -0.259445 0.273591 -0.572786 0.793258 -0.206537 0.000000 0.098396 0.316682 0.943414 -0.000000 0.000000 0.000000 0.000000 1.000000
0.817390 0.508810 -0.270159 0.273591 -0.565684 0.797612 -0.209324 0.000000 0.108976 0.323924 0.939786 -0.000000 0.000000 0.000000 0.000000 1.000000
0.824431 0.491404 -0.280778 0.273592 -0.552769 0.805631 -0.213086 0.000000 0.121492 0.330880 0.935820 -0.000000 0.000000 0.000000 0.000000 1.000000
0.828158 0.482297 -0.285558 0.273592 -0.545794 0.809847 -0.215074 0.000001 0.127529 0.333971 0.933916 -0.000000 0.000000 0.000000 0.000000 1.000000</float_array><technique_common><accessor source="#jnt_head-Matrix-animation-output-transform-array" count="13" stride="16"><param type="float4x4"/></accessor></technique_common></source><source id="jnt_head-Interpolations"><Name_array id="jnt_head-Interpolations-array" count="13">
 LINEAR LINEAR LINEAR LINEAR LINEAR LINEAR LINEAR LINEAR LINEAR LINEAR LINEAR
LINEAR LINEAR</Name_array><technique_common><accessor source="#jnt_head-Interpolations-array" count="13"><param type="name"/></accessor></technique_common></source><sampler id="jnt_head-Matrix-animation-transform"><input semantic="INPUT" source="#jnt_head-Matrix-animation-input"/><input semantic="OUTPUT" source="#jnt_head-Matrix-animation-output-transform"/><input semantic="INTERPOLATION" source="#jnt_head-Interpolations"/></sampler><channel source="#jnt_head-Matrix-animation-transform" target="jnt_head/matrix"/></animation></animation>
    <animation id="jnt_left_shoulder-anim" name="jnt_left_shoulder"><animation><source id="jnt_left_shoulder-Matrix-animation-input"><float_array id="jnt_left_shoulder-Matrix-animation-input-array" count="13">

0.000000 0.033333 0.066667 0.100000 0.133333 0.166667 0.200000 0.233333 0.266667 0.300000 0.333333 0.366667 0.400000</float_array><technique_common><accessor source="#jnt_left_shoulder-Matrix-animation-input-array" count="13"><param name="TIME" type="float"/></accessor></technique_common></source><source id="jnt_left_shoulder-Matrix-animation-output-transform"><float_array id="jnt_left_shoulder-Matrix-animation-output-transform-array" count="208">

0.151195 0.026021 -0.988161 0.635987 0.167168 -0.985928 -0.000385 0.114392 -0.974266 -0.165131 -0.153418 0.266187 0.000000 0.000000 0.000000 1.000000
0.152007 0.025192 -0.988058 0.635987 0.170422 -0.985371 0.001095 0.114392 -0.973576 -0.168553 -0.154076 0.266187 0.000000 0.000000 0.000000 1.000000
0.154328 0.025783 -0.987683 0.635987 0.167861 -0.985811 0.000495 0.114391 -0.973656 -0.165870 -0.156466 0.266187 0.000000 0.000000 0.000000 1.000000
0.158817 0.025672 -0.986974 0.635987 0.168650 -0.985675 0.001500 0.114391 -0.972797 -0.166692 -0.160872 0.266187 0.000000 0.000000 0.000000 1.000000
0.166544 0.024848 -0.985721 0.635987 0.174481 -0.984650 0.004658 0.114392 -0.970474 -0.172765 -0.168323 0.266187 0.000000 0.000000 0.000000 1.000000
0.160523 0.026266 -0.986683 0.635987 0.168420 -0.985715 0.001160 0.114391 -0.972557 -0.166364 -0.162653 0.266187 0.000000 0.000000 0.000000 1.000000
0.141319 0.024925 -0.989650 0.635987 0.171436 -0.985195 -0.000333 0.114392 -0.975007 -0.169615 -0.143499 0.266187 0.000000 0.000000 0.000000 1.000000
0.131495 0.016122 -0.991186 0.635987 0.200029 -0.979733 0.010601 0.114392 -0.970926 -0.199660 -0.132054 0.266187 0.000000 0.000000 0.000000 1.000000
0.128824 0.010274 -0.991614 0.635987 0.216077 -0.976211 0.017957 0.114391 -0.967840 -0.216578 -0.127980 0.266187 0.000000 0.000000 0.000000 1.000000
0.131850 0.008527 -0.991233 0.635987 0.220275 -0.975214 0.020911 0.114392 -0.966486 -0.221101 -0.130460 0.266187 0.000000 0.000000 0.000000 1.000000
0.138235 0.008829 -0.990360 0.635987 0.221754 -0.974848 0.022262 0.114391 -0.965254 -0.222694 -0.136716 0.266187 0.000000 0.000000 0.000000 1.000000
0.135761 0.015465 -0.990621 0.635987 0.195706 -0.980595 0.011512 0.114392 -0.971220 -0.195433 -0.136153 0.266187 0.000000 0.000000 0.000000 1.000000
0.151166 0.026048 -0.988165 0.635987 0.167161 -0.985930 -0.000417 0.114391 -0.974272 -0.165119 -0.153393 0.266187 0.000000 0.000000 0.000000 1.000000</float_array><technique_common><accessor source="#jnt_left_shoulder-Matrix-animation-output-transform-array" count="13" stride="16"><param type="float4x4"/></accessor></technique_common></source><source id="jnt_left_shoulder-Interpolations"><Name_array id="jnt_left_shoulder-Interpolations-array" count="13">
 LINEAR LINEAR LINEAR LINEAR LINEAR LINEAR LINEAR LINEAR LINEAR LINEAR LINEAR
LINEAR LINEAR</Name_array><technique_common><accessor source="#jnt_left_shoulder-Interpolations-array" count="13"><param type="name"/></accessor></technique_common></source><sampler id="jnt_left_shoulder-Matrix-animation-transform"><input semantic="INPUT" source="#jnt_left_shoulder-Matrix-animation-input"/><input semantic="OUTPUT" source="#jnt_left_shoulder-Matrix-animation-output-transform"/><input semantic="INTERPOLATION" source="#jnt_left_shoulder-Interpolations"/></sampler><channel source="#jnt_left_shoulder-Matrix-animation-transform" target="jnt_left_shoulder/matrix"/></animation></animation>
    <animation id="jnt_left_arm-anim" name="jnt_left_arm"><animation><source id="jnt_left_arm-Matrix-animation-input"><float_array id="jnt_left_arm-Matrix-animation-input-array" count="13">

0.000000 0.033333 0.066667 0.100000 0.133333 0.166667 0.200000 0.233333 0.266667 0.300000 0.333333 0.366667 0.400000</float_array><technique_common><accessor source="#jnt_left_arm-Matrix-animation-input-array" count="13"><param name="TIME" type="float"/></accessor></technique_common></source><source id="jnt_left_arm-Matrix-animation-output-transform"><float_array id="jnt_left_arm-Matrix-animation-output-transform-array" count="208">

0.483806 -0.627642 0.609915 -0.525417 0.794957 0.606633 -0.006323 -0.032448 -0.366026 0.487916 0.792441 0.009492 0.000000 0.000000 0.000000 1.000000
0.474009 -0.623968 0.621272 -0.525417 0.807428 0.589478 -0.024003 -0.032448 -0.351249 0.513010 0.783227 0.009492 0.000000 0.000000 0.000000 1.000000
0.455494 -0.626807 0.632169 -0.525417 0.829546 0.556550 -0.045880 -0.032447 -0.323076 0.545312 0.773471 0.009492 0.000000 0.000000 0.000000 1.000000
0.420456 -0.637303 0.645803 -0.525417 0.857877 0.510980 -0.054274 -0.032448 -0.295403 0.576839 0.761573 0.009491 0.000000 0.000000 0.000000 1.000000
0.378077 -0.655312 0.653929 -0.525417 0.884112 0.465096 -0.045080 -0.032447 -0.274598 0.595190 0.755211 0.009492 0.000000 0.000000 0.000000 1.000000
0.366943 -0.657491 0.658072 -0.525417 0.889117 0.455905 -0.040272 -0.032447 -0.273539 0.599880 0.751878 0.009491 0.000000 0.000000 0.000000 1.000000
0.369485 -0.646281 0.667683 -0.525416 0.883036 0.467945 -0.035713 -0.032447 -0.289358 0.602784 0.743588 0.009491 0.000000 0.000000 0.000000 1.000000
0.355303 -0.659209 0.662724 -0.525417 0.884096 0.467214 -0.009250 -0.032447 -0.303536 0.589198 0.748807 0.009491 0.000000 0.000000 0.000000 1.000000
0.365822 -0.680528 0.634867 -0.525417 0.875915 0.482309 0.012278 -0.032447 -0.314558 0.551598 0.772524 0.009492 0.000000 0.000000 0.000000 1.000000
0.394185 -0.699686 0.595868 -0.525417 0.862363 0.505750 0.023387 -0.032447 -0.317724 0.504635 0.802742 0.009491 0.000000 0.000000 0.000000 1.000000
0.413753 -0.709553 0.570388 -0.525417 0.847087 0.529601 0.044347 -0.032448 -0.333545 0.464820 0.820177 0.009492 0.000000 0.000000 0.000000 1.000000
0.448692 -0.672222 0.588891 -0.525418 0.816814 0.575840 0.034971 -0.032447 -0.362616 0.465323 0.807455 0.009492 0.000000 0.000000 0.000000 1.000000
0.483837 -0.627775 0.609755 -0.525416 0.794959 0.606631 -0.006237 -0.032447 -0.365981 0.487747 0.792566 0.009491 0.000000 0.000000 0.000000 1.000000</float_array><technique_common><accessor source="#jnt_left_arm-Matrix-animation-output-transform-array" count="13" stride="16"><param type="float4x4"/></accessor></technique_common></source><source id="jnt_left_arm-Interpolations"><Name_array id="jnt_left_arm-Interpolations-array" count="13">
 LINEAR LINEAR LINEAR LINEAR LINEAR LINEAR LINEAR LINEAR LINEAR LINEAR LINEAR
LINEAR LINEAR</Name_array><technique_common><accessor source="#jnt_left_arm-Interpolations-array" count="13"><param type="name"/></accessor></technique_common></source><sampler id="jnt_left_arm-Matrix-animation-transform"><input semantic="INPUT" source="#jnt_left_arm-Matrix-animation-input"/><input semantic="OUTPUT" source="#jnt_left_arm-Matrix-animation-output-transform"/><input semantic="INTERPOLATION" source="#jnt_left_arm-Interpolations"/></sampler><channel source="#jnt_left_arm-Matrix-animation-transform" target="jnt_left_arm/matrix"/></animation></animation>
    <animation id="jnt_left_armroll-anim" name="jnt_left_armroll"><animation><source id="jnt_left_armroll-Matrix-animation-input"><float_array id="jnt_left_armroll-Matrix-animation-input-array" count="13">

0.000000 0.033333 0.066667 0.100000 0.133333 0.166667 0.200000 0.233333 0.266667 0.300000 0.333333 0.366667 0.400000</float_array><technique_common><accessor source="#jnt_left_armroll-Matrix-animation-input-array" count="13"><param name="TIME" type="float"/></accessor></technique_common></source><source id="jnt_left_armroll-Matrix-animation-output-transform"><float_array id="jnt_left_armroll-Matrix-animation-output-transform-array" count="208">

1.000000 0.000013 -0.000003 -0.421995 -0.000011 0.638445 -0.769668 0.000001 -0.000008 0.769668 0.638445 -0.000004 0.000000 0.000000 0.000000 1.000000
1.000000 0.000013 -0.000003 -0.421995 -0.000011 0.655387 -0.755294 0.000002 -0.000008 0.755294 0.655387 -0.000004 0.000000 0.000000 0.000000 1.000000
1.000000 0.000013 -0.000003 -0.421995 -0.000011 0.679108 -0.734038 0.000001 -0.000007 0.734038 0.679108 -0.000004 0.000000 0.000000 0.000000 1.000000
1.000000 0.000012 -0.000003 -0.421995 -0.000010 0.697535 -0.716551 0.000001 -0.000007 0.716551 0.697535 -0.000004 0.000000 0.000000 0.000000 1.000000
1.000000 0.000012 -0.000003 -0.421995 -0.000010 0.699855 -0.714285 0.000001 -0.000007 0.714285 0.699855 -0.000004 0.000000 0.000000 0.000000 1.000000
1.000000 0.000012 -0.000003 -0.421995 -0.000010 0.697698 -0.716392 0.000001 -0.000007 0.716392 0.697698 -0.000004 0.000000 0.000000 0.000000 1.000000
1.000000 0.000012 -0.000003 -0.421995 -0.000010 0.700224 -0.713923 0.000001 -0.000007 0.713923 0.700224 -0.000004 0.000000 0.000000 0.000000 1.000000
1.000000 0.000012 -0.000003 -0.421995 -0.000011 0.687622 -0.726069 0.000001 -0.000007 0.726069 0.687622 -0.000004 0.000000 0.000000 0.000000 1.000000
1.000000 0.000013 -0.000003 -0.421995 -0.000011 0.666282 -0.745700 0.000001 -0.000008 0.745700 0.666282 -0.000004 0.000000 0.000000 0.000000 1.000000
1.000000 0.000013 -0.000003 -0.421995 -0.000011 0.647093 -0.762411 0.000001 -0.000008 0.762411 0.647093 -0.000004 0.000000 0.000000 0.000000 1.000000
1.000000 0.000013 -0.000004 -0.421995 -0.000011 0.629455 -0.777037 0.000002 -0.000008 0.777037 0.629455 -0.000004 0.000000 0.000000 0.000000 1.000000
1.000000 0.000013 -0.000003 -0.421995 -0.000011 0.632985 -0.774164 0.000002 -0.000008 0.774164 0.632985 -0.000004 0.000000 0.000000 0.000000 1.000000
1.000000 0.000013 -0.000003 -0.421995 -0.000011 0.638398 -0.769706 0.000001 -0.000008 0.769706 0.638398 -0.000004 0.000000 0.000000 0.000000 1.000000</float_array><technique_common><accessor source="#jnt_left_armroll-Matrix-animation-output-transform-array" count="13" stride="16"><param type="float4x4"/></accessor></technique_common></source><source id="jnt_left_armroll-Interpolations"><Name_array id="jnt_left_armroll-Interpolations-array" count="13">
 LINEAR LINEAR LINEAR LINEAR LINEAR LINEAR LINEAR LINEAR LINEAR LINEAR LINEAR
LINEAR LINEAR</Name_array><technique_common><accessor source="#jnt_left_armroll-Interpolations-array" count="13"><param type="name"/></accessor></technique_common></source><sampler id="jnt_left_armroll-Matrix-animation-transform"><input semantic="INPUT" source="#jnt_left_armroll-Matrix-animation-input"/><input semantic="OUTPUT" source="#jnt_left_armroll-Matrix-animation-output-transform"/><input semantic="INTERPOLATION" source="#jnt_left_armroll-Interpolations"/></sampler><channel source="#jnt_left_armroll-Matrix-animation-transform" target="jnt_left_armroll/matrix"/></animation></animation>
    <animation id="jnt_left_forearm-anim" name="jnt_left_forearm"><animation><source id="jnt_left_forearm-Matrix-animation-input"><float_array id="jnt_left_forearm-Matrix-animation-input-array" count="13">

0.000000 0.033333 0.066667 0.100000 0.133333 0.166667 0.200000 0.233333 0.266667 0.300000 0.333333 0.366667 0.400000</float_array><technique_common><accessor source="#jnt_left_forearm-Matrix-animation-input-array" count="13"><param name="TIME" type="float"/></accessor></technique_common></source><source id="jnt_left_forearm-Matrix-animation-output-transform"><float_array id="jnt_left_forearm-Matrix-animation-output-transform-array" count="208">

0.330150 -0.943547 -0.026831 -0.843982 0.942157 0.327657 0.070572 0.000001 -0.057797 -0.048578 0.997146 0.000003 0.000000 0.000000 0.000000 1.000000
0.336735 -0.941062 -0.031819 -0.843981 0.938404 0.332619 0.093607 0.000001 -0.077506 -0.061379 0.995101 0.000003 0.000000 0.000000 0.000000 1.000000
0.343308 -0.938743 -0.030012 -0.843982 0.935730 0.339104 0.097046 0.000000 -0.080924 -0.061400 0.994827 0.000004 0.000000 0.000000 0.000000 1.000000
0.356125 -0.934239 -0.019270 -0.843982 0.931877 0.353548 0.081296 0.000001 -0.069137 -0.046909 0.996504 0.000003 0.000000 0.000000 0.000000 1.000000
0.373121 -0.927781 -0.002024 -0.843982 0.926676 0.372568 0.049644 0.000001 -0.045304 -0.020398 0.998765 0.000004 0.000000 0.000000 0.000000 1.000000
0.371098 -0.928564 0.007412 -0.843981 0.928279 0.371168 0.023085 0.000000 -0.024187 -0.001686 0.999706 0.000003 0.000000 0.000000 0.000000 1.000000
0.368990 -0.929424 0.004195 -0.843982 0.928869 0.368919 0.033191 -0.000360 -0.032396 -0.008350 0.999440 0.000022 0.000000 0.000000 0.000000 1.000000
0.390529 -0.920590 -0.000437 -0.843981 0.919352 0.389979 0.052042 0.000043 -0.047739 -0.020726 0.998645 -0.000001 0.000000 0.000000 0.000000 1.000000
0.398735 -0.917057 -0.004124 -0.843982 0.915670 0.397876 0.056948 0.000111 -0.050584 -0.026483 0.998369 -0.000005 0.000000 0.000000 0.000000 1.000000
0.396392 -0.918021 -0.010510 -0.843981 0.916527 0.395029 0.062688 0.001164 -0.053397 -0.034482 0.997978 0.000038 0.000000 0.000000 0.000000 1.000000
0.389881 -0.920810 -0.010111 -0.843981 0.920008 0.389021 0.047415 0.000001 -0.039727 -0.027788 0.998824 0.000004 0.000000 0.000000 0.000000 1.000000
0.359634 -0.932956 -0.015989 -0.843982 0.932315 0.358582 0.046995 0.000001 -0.038111 -0.031808 0.998767 0.000004 0.000000 0.000000 0.000000 1.000000
0.330143 -0.943551 -0.026761 -0.843981 0.942170 0.327664 0.070372 0.000001 -0.057631 -0.048447 0.997162 0.000003 0.000000 0.000000 0.000000 1.000000</float_array><technique_common><accessor source="#jnt_left_forearm-Matrix-animation-output-transform-array" count="13" stride="16"><param type="float4x4"/></accessor></technique_common></source><source id="jnt_left_forearm-Interpolations"><Name_array id="jnt_left_forearm-Interpolations-array" count="13">
 LINEAR LINEAR LINEAR LINEAR LINEAR LINEAR LINEAR LINEAR LINEAR LINEAR LINEAR
LINEAR LINEAR</Name_array><technique_common><accessor source="#jnt_left_forearm-Interpolations-array" count="13"><param type="name"/></accessor></technique_common></source><sampler id="jnt_left_forearm-Matrix-animation-transform"><input semantic="INPUT" source="#jnt_left_forearm-Matrix-animation-input"/><input semantic="OUTPUT" source="#jnt_left_forearm-Matrix-animation-output-transform"/><input semantic="INTERPOLATION" source="#jnt_left_forearm-Interpolations"/></sampler><channel source="#jnt_left_forearm-Matrix-animation-transform" target="jnt_left_forearm/matrix"/></animation></animation>
    <animation id="jnt_left_forearmroll-anim" name="jnt_left_forearmroll"><animation><source id="jnt_left_forearmroll-Matrix-animation-input"><float_array id="jnt_left_forearmroll-Matrix-animation-input-array" count="13">

0.000000 0.033333 0.066667 0.100000 0.133333 0.166667 0.200000 0.233333 0.266667 0.300000 0.333333 0.366667 0.400000</float_array><technique_common><accessor source="#jnt_left_forearmroll-Matrix-animation-input-array" count="13"><param name="TIME" type="float"/></accessor></technique_common></source><source id="jnt_left_forearmroll-Matrix-animation-output-transform"><float_array id="jnt_left_forearmroll-Matrix-animation-output-transform-array" count="208">

1.000000 -0.000005 -0.000000 -0.487001 0.000004 0.893580 0.448904 0.000000 -0.000002 -0.448904 0.893580 -0.000004 0.000000 0.000000 0.000000 1.000000
1.000000 -0.000005 -0.000000 -0.487001 0.000005 0.889268 0.457386 0.000000 -0.000002 -0.457386 0.889268 -0.000004 0.000000 0.000000 0.000000 1.000000
1.000000 -0.000005 -0.000000 -0.487001 0.000005 0.876141 0.482054 0.000000 -0.000002 -0.482054 0.876141 -0.000004 0.000000 0.000000 0.000000 1.000000
