<?xml version="1.0" encoding="utf-8"?>
<COLLADA xmlns="http://www.collada.org/2005/11/COLLADASchema" version="1.4.1">
  <asset><contributor><author></author><authoring_tool>FBX COLLADA exporter</authoring_tool><comments></comments></contributor><created>2020-02-12T09:58:08Z</created><keywords></keywords><modified>2020-02-12T09:58:08Z</modified><revision></revision><subject></subject><title></title><unit meter="0.010000" name="centimeter"></unit><up_axis>Y_UP</up_axis></asset>
  <library_animations>
    <animation id="root_jnt-anim" name="root_jnt"><animation><source id="root_jnt-Matrix-animation-input"><float_array id="root_jnt-Matrix-animation-input-array" count="13">

0.000000 0.033333 0.066667 0.100000 0.133333 0.166667 0.200000 0.233333 0.266667 0.300000 0.333333 0.366667 0.400000</float_array><technique_common><accessor source="#root_jnt-Matrix-animation-input-array" count="13"><param name="TIME" type="float"/></accessor></technique_common></source><source id="root_jnt-Matrix-animation-output-transform"><float_array id="root_jnt-Matrix-animation-output-transform-array" count="208">

1.000000 0.000000 0.000000 0.000000 0.000000 1.000000 0.000000 0.000000 0.000000 0.000000 1.000000 0.000000 0.000000 0.000000 0.000000 1.000000
1.000000 0.000000 0.000000 0.000000 0.000000 1.000000 0.000000 0.000000 0.000000 0.000000 1.000000 0.000000 0.000000 0.000000 0.000000 1.000000
1.000000 0.000000 0.000000 0.000000 0.000000 1.000000 0.000000 0.000000 0.000000 0.000000 1.000000 0.000000 0.000000 0.000000 0.000000 1.000000
1.000000 0.000000 0.000000 0.000000 0.000000 1.000000 0.000000 0.000000 0.000000 0.000000 1.000000 0.000000 0.000000 0.000000 0.000000 1.000000
1.000000 0.000000 0.000000 0.000000 0.000000 1.000000 0.000000 0.000000 0.000000 0.000000 1.000000 0.000000 0.000000 0.000000 0.000000 1.000000
1.000000 0.000000 0.000000 0.000000 0.000000 1.000000 0.000000 0.000000 0.000000 0.000000 1.000000 0.000000 0.000000 0.000000 0.000000 1.000000
1.000000 0.000000 0.000000 0.000000 0.000000 1.000000 0.000000 0.000000 0.000000 0.000000 1.000000 0.000000 0.000000 0.000000 0.000000 1.000000
1.000000 0.000000 0.000000 0.000000 0.000000 1.000000 0.000000 0.000000 0.000000 0.000000 1.000000 0.000000 0.000000 0.000000 0.000000 1.000000
1.000000 0.000000 0.000000 0.000000 0.000000 1.000000 0.000000 0.000000 0.000000 0.000000 1.000000 0.000000 0.000000 0.000000 0.000000 1.000000
1.000000 0.000000 0.000000 0.000000 0.000000 1.000000 0.000000 0.000000 0.000000 0.000000 1.000000 0.000000 0.000000 0.000000 0.000000 1.000000
1.000000 0.000000 0.000000 0.000000 0.000000 1.000000 0.000000 0.000000 0.000000 0.000000 1.000000 0.000000 0.000000 0.000000 0.000000 1.000000
1.000000 0.000000 0.000000 0.000000 0.000000 1.000000 0.000000 0.000000 0.000000 0.000000 1.000000 0.000000 0.000000 0.000000 0.000000 1.000000
1.000000 0.000000 0.000000 0.000000 0.000000 1.000000 0.000000 0.000000 0.000000 0.000000 1.000000 0.000000 0.000000 0.000000 0.000000 1.000000</float_array><technique_common><accessor source="#root_jnt-Matrix-animation-output-transform-array" count="13" stride="16"><param type="float4x4"/></accessor></technique_common></source><source id="root_jnt-Interpolations"><Name_array id="root_jnt-Interpolations-array" count="13">
 LINEAR LINEAR LINEAR LINEAR LINEAR LINEAR LINEAR LINEAR LINEAR LINEAR LINEAR
LINEAR LINEAR</Name_array><technique_common><accessor source="#root_jnt-Interpolations-array" count="13"><param type="name"/></accessor></technique_common></source><sampler id="root_jnt-Matrix-animation-transform"><input semantic="INPUT" source="#root_jnt-Matrix-animation-input"/><input semantic="OUTPUT" source="#root_jnt-Matrix-animation-output-transform"/><input semantic="INTERPOLATION" source="#root_jnt-Interpolations"/></sampler><channel source="#root_jnt-Matrix-animation-transform" target="root_jnt/matrix"/></animation></animation>
    <animation id="jnt_hips-anim" name="jnt_hips"><animation><source id="jnt_hips-Matrix-animation-input"><float_array id="jnt_hips-Matrix-animation-input-array" count="13">

0.000000 0.033333 0.066667 0.100000 0.133333 0.166667 0.200000 0.233333 0.266667 0.300000 0.333333 0.366667 0.400000</float_array><technique_common><accessor source="#jnt_hips-Matrix-animation-input-array" count="13"><param name="TIME" type="float"/></accessor></technique_common></source><source id="jnt_hips-Matrix-animation-output-transform"><float_array id="jnt_hips-Matrix-animation-output-transform-array" count="208">

0.919777 0.000001 -0.392442 0.029704 -0.037480 0.995429 -0.087842 1.214980 0.390648 0.095504 0.915573 -0.238767 0.000000 0.000000 0.000000 1.000000
0.919777 0.000001 -0.392442 0.004101 -0.036872 0.995577 -0.086416 1.226385 0.390706 0.093954 0.915708 -0.245513 0.000000 0.000000 0.000000 1.000000
0.919777 0.000001 -0.392442 -0.013509 -0.036510 0.995663 -0.085569 1.279268 0.390740 0.093032 0.915788 -0.251523 0.000000 0.000000 0.000000 1.000000
0.919777 0.000001 -0.392441 -0.016535 -0.036798 0.995594 -0.086242 1.326729 0.390712 0.093765 0.915725 -0.250563 0.000000 0.000000 0.000000 1.000000
0.919777 0.000001 -0.392442 -0.007632 -0.037531 0.995417 -0.087961 1.317046 0.390643 0.095633 0.915561 -0.246724 0.000000 0.000000 0.000000 1.000000
0.919777 0.000001 -0.392442 0.008655 -0.038384 0.995205 -0.089961 1.264036 0.390560 0.097807 0.915367 -0.242500 0.000000 0.000000 0.000000 1.000000
0.919777 0.000001 -0.392442 0.037117 -0.039079 0.995030 -0.091590 1.216209 0.390491 0.099578 0.915205 -0.238238 0.000000 0.000000 0.000000 1.000000
0.919777 0.000001 -0.392442 0.077021 -0.039489 0.994925 -0.092551 1.225577 0.390450 0.100623 0.915109 -0.233434 0.000000 0.000000 0.000000 1.000000
0.919777 0.000001 -0.392442 0.105822 -0.039538 0.994912 -0.092664 1.287035 0.390445 0.100746 0.915097 -0.230515 0.000000 0.000000 0.000000 1.000000
0.919777 0.000001 -0.392442 0.106703 -0.039214 0.994995 -0.091905 1.335544 0.390477 0.099921 0.915174 -0.231655 0.000000 0.000000 0.000000 1.000000
0.919777 0.000001 -0.392441 0.090552 -0.038673 0.995133 -0.090636 1.325463 0.390531 0.098542 0.915300 -0.234595 0.000000 0.000000 0.000000 1.000000
0.919777 0.000001 -0.392441 0.064059 -0.038059 0.995286 -0.089198 1.268300 0.390592 0.096979 0.915442 -0.237337 0.000000 0.000000 0.000000 1.000000
0.919777 0.000001 -0.392442 0.029734 -0.037480 0.995429 -0.087842 1.214789 0.390648 0.095504 0.915573 -0.238577 0.000000 0.000000 0.000000 1.000000</float_array><technique_common><accessor source="#jnt_hips-Matrix-animation-output-transform-array" count="13" stride="16"><param type="float4x4"/></accessor></technique_common></source><source id="jnt_hips-Interpolations"><Name_array id="jnt_hips-Interpolations-array" count="13">
 LINEAR LINEAR LINEAR LINEAR LINEAR LINEAR LINEAR LINEAR LINEAR LINEAR LINEAR
LINEAR LINEAR</Name_array><technique_common><accessor source="#jnt_hips-Interpolations-array" count="13"><param type="name"/></accessor></technique_common></source><sampler id="jnt_hips-Matrix-animation-transform"><input semantic="INPUT" source="#jnt_hips-Matrix-animation-input"/><input semantic="OUTPUT" source="#jnt_hips-Matrix-animation-output-transform"/><input semantic="INTERPOLATION" source="#jnt_hips-Interpolations"/></sampler><channel source="#jnt_hips-Matrix-animation-transform" target="jnt_hips/matrix"/></animation></animation>
    <animation id="jnt_spine1-anim" name="jnt_spine1"><animation><source id="jnt_spine1-Matrix-animation-input"><float_array id="jnt_spine1-Matrix-animation-input-array" count="13">

0.000000 0.033333 0.066667 0.100000 0.133333 0.166667 0.200000 0.233333 0.266667 0.300000 0.333333 0.366667 0.400000</float_array><technique_common><accessor source="#jnt_spine1-Matrix-animation-input-array" count="13"><param name="TIME" type="float"/></accessor></technique_common></source><source id="jnt_spine1-Matrix-animation-output-transform"><float_array id="jnt_spine1-Matrix-animation-output-transform-array" count="208">

0.046818 0.004299 0.998894 -0.000000 0.998744 -0.018078 -0.046733 0.212132 0.017857 0.999827 -0.005140 0.023482 0.000000 0.000000 0.000000 1.000000
0.082180 0.026542 0.996264 -0.000000 0.992368 -0.094399 -0.079344 0.212132 0.091941 0.995181 -0.034097 0.023482 0.000000 0.000000 0.000000 1.000000
0.074679 0.029149 0.996782 0.000000 0.983118 -0.169590 -0.068696 0.212132 0.167041 0.985084 -0.041322 0.023482 0.000000 0.000000 0.000000 1.000000
0.090340 0.033380 0.995351 -0.000000 0.982269 -0.167841 -0.083524 0.212132 0.164272 0.985249 -0.047951 0.023482 0.000000 0.000000 0.000000 1.000000
0.118878 0.038010 0.992181 -0.000000 0.985484 -0.126489 -0.113230 0.212132 0.121196 0.991240 -0.052495 0.023482 0.000000 0.000000 0.000000 1.000000
0.125315 0.036366 0.991450 0.000000 0.989407 -0.078391 -0.122181 0.212132 0.073278 0.996259 -0.045804 0.023482 0.000000 0.000000 0.000000 1.000000
0.090083 0.018080 0.995770 -0.000000 0.992996 -0.078370 -0.088409 0.212132 0.076440 0.996760 -0.025013 0.023482 0.000000 0.000000 0.000000 1.000000
0.029409 -0.014450 0.999463 -0.000000 0.989583 -0.140556 -0.031150 0.212132 0.140930 0.989967 0.010165 0.023482 0.000000 0.000000 0.000000 1.000000
-0.004341 -0.031529 0.999493 -0.000000 0.984049 -0.177892 -0.001337 0.212132 0.177844 0.983545 0.031798 0.023482 0.000000 0.000000 0.000000 1.000000
-0.023728 -0.033571 0.999155 -0.000000 0.987832 -0.154447 0.018270 0.212132 0.153703 0.987431 0.036828 0.023482 0.000000 0.000000 0.000000 1.000000
-0.057024 -0.041111 0.997526 -0.000000 0.992215 -0.113132 0.052058 0.212132 0.110712 0.992729 0.047242 0.023482 0.000000 0.000000 0.000000 1.000000
-0.052522 -0.037537 0.997914 -0.000000 0.996399 -0.068581 0.049863 0.212132 0.066566 0.996939 0.041004 0.023482 0.000000 0.000000 0.000000 1.000000
0.046784 0.004268 0.998896 -0.000000 0.998746 -0.018024 -0.046700 0.212132 0.017805 0.999828 -0.005106 0.023482 0.000000 0.000000 0.000000 1.000000</float_array><technique_common><accessor source="#jnt_spine1-Matrix-animation-output-transform-array" count="13" stride="16"><param type="float4x4"/></accessor></technique_common></source><source id="jnt_spine1-Interpolations"><Name_array id="jnt_spine1-Interpolations-array" count="13">
 LINEAR LINEAR LINEAR LINEAR LINEAR LINEAR LINEAR LINEAR LINEAR LINEAR LINEAR
LINEAR LINEAR</Name_array><technique_common><accessor source="#jnt_spine1-Interpolations-array" count="13"><param type="name"/></accessor></technique_common></source><sampler id="jnt_spine1-Matrix-animation-transform"><input semantic="INPUT" source="#jnt_spine1-Matrix-animation-input"/><input semantic="OUTPUT" source="#jnt_spine1-Matrix-animation-output-transform"/><input semantic="INTERPOLATION" source="#jnt_spine1-Interpolations"/></sampler><channel source="#jnt_spine1-Matrix-animation-transform" target="jnt_spine1/matrix"/></animation></animation>
    <animation id="jnt_spine2-anim" name="jnt_spine2"><animation><source id="jnt_spine2-Matrix-animation-input"><float_array id="jnt_spine2-Matrix-animation-input-array" count="13">

0.000000 0.033333 0.066667 0.100000 0.133333 0.166667 0.200000 0.233333 0.266667 0.300000 0.333333 0.366667 0.400000</float_array><technique_common><accessor source="#jnt_spine2-Matrix-animation-input-array" count="13"><param name="TIME" type="float"/></accessor></technique_common></source><source id="jnt_spine2-Matrix-animation-output-transform"><float_array id="jnt_spine2-Matrix-animation-output-transform-array" count="208">

0.882573 -0.468271 0.042270 0.426849 0.468686 0.883365 0.000091 0.000000 -0.037383 0.019732 0.999106 0.000000 0.000000 0.000000 0.000000 1.000000
0.898379 -0.437884 0.034228 0.426849 0.437548 0.899031 0.017171 -0.000000 -0.038291 -0.000449 0.999267 -0.000000 0.000000 0.000000 0.000000 1.000000
0.914196 -0.405161 0.009495 0.426848 0.404961 0.914161 0.017788 0.000000 -0.015887 -0.012416 0.999797 -0.000000 0.000000 0.000000 0.000000 1.000000
0.915425 -0.402341 0.010887 0.426848 0.402281 0.915487 0.007373 0.000000 -0.012933 -0.002370 0.999914 -0.000000 0.000000 0.000000 0.000000 1.000000
0.908820 -0.416175 0.029064 0.426849 0.416641 0.908990 -0.012158 -0.000000 -0.021359 0.023159 0.999504 0.000000 0.000000 0.000000 0.000000 1.000000
0.900827 -0.432252 0.040848 0.426849 0.433676 0.900318 -0.036774 -0.000000 -0.020880 0.050841 0.998488 -0.000000 0.000000 0.000000 0.000000 1.000000
0.902985 -0.428331 0.033910 0.426849 0.429657 0.900791 -0.063020 -0.000000 -0.003553 0.071476 0.997436 0.000000 0.000000 0.000000 0.000000 1.000000
0.913924 -0.405593 0.015417 0.426849 0.405366 0.910171 -0.085247 -0.000000 0.020544 0.084159 0.996241 -0.000000 0.000000 0.000000 0.000000 1.000000
0.917878 -0.396710 0.011055 0.426849 0.396024 0.913769 -0.090511 -0.000000 0.025805 0.087456 0.995834 0.000000 0.000000 0.000000 0.000000 1.000000
0.912305 -0.409437 0.007887 0.426849 0.408791 0.909386 -0.076856 0.000000 0.024295 0.073340 0.997011 -0.000000 0.000000 0.000000 0.000000 1.000000
0.903394 -0.428723 -0.008728 0.426848 0.427508 0.902048 -0.059555 -0.000000 0.033406 0.050071 0.998187 0.000000 0.000000 0.000000 0.000000 1.000000
0.894075 -0.447861 -0.007032 0.426849 0.447349 0.893623 -0.036286 0.000000 0.022535 0.029296 0.999317 -0.000000 0.000000 0.000000 0.000000 1.000000
0.882545 -0.468322 0.042298 0.426849 0.468738 0.883337 0.000106 0.000000 -0.037413 0.019734 0.999105 0.000000 0.000000 0.000000 0.000000 1.000000</float_array><technique_common><accessor source="#jnt_spine2-Matrix-animation-output-transform-array" count="13" stride="16"><param type="float4x4"/></accessor></technique_common></source><source id="jnt_spine2-Interpolations"><Name_array id="jnt_spine2-Interpolations-array" count="13">
 LINEAR LINEAR LINEAR LINEAR LINEAR LINEAR LINEAR LINEAR LINEAR LINEAR LINEAR
LINEAR LINEAR</Name_array><technique_common><accessor source="#jnt_spine2-Interpolations-array" count="13"><param type="name"/></accessor></technique_common></source><sampler id="jnt_spine2-Matrix-animation-transform"><input semantic="INPUT" source="#jnt_spine2-Matrix-animation-input"/><input semantic="OUTPUT" source="#jnt_spine2-Matrix-animation-output-transform"/><input semantic="INTERPOLATION" source="#jnt_spine2-Interpolations"/></sampler><channel source="#jnt_spine2-Matrix-animation-transform" target="jnt_spine2/matrix"/></animation></animation>
    <animation id="jnt_spine3-anim" name="jnt_spine3"><animation><source id="jnt_spine3-Matrix-animation-input"><float_array id="jnt_spine3-Matrix-animation-input-array" count="13">

0.000000 0.033333 0.066667 0.100000 0.133333 0.166667 0.200000 0.233333 0.266667 0.300000 0.333333 0.366667 0.400000</float_array><technique_common><accessor source="#jnt_spine3-Matrix-animation-input-array" count="13"><param name="TIME" type="float"/></accessor></technique_common></source><source id="jnt_spine3-Matrix-animation-output-transform"><float_array id="jnt_spine3-Matrix-animation-output-transform-array" count="208">

0.892626 -0.449482 -0.034418 0.555067 0.449217 0.893288 -0.015510 -0.000000 0.037717 -0.001617 0.999287 0.000000 0.000000 0.000000 0.000000 1.000000
0.907530 -0.419271 -0.024516 0.555067 0.419292 0.907840 -0.004544 -0.000000 0.024162 -0.006155 0.999689 -0.000000 0.000000 0.000000 0.000000 1.000000
0.921423 -0.387179 -0.032731 0.555067 0.387237 0.921968 -0.004819 0.000000 0.032043 -0.008235 0.999453 -0.000000 0.000000 0.000000 0.000000 1.000000
0.922788 -0.384541 -0.024312 0.555067 0.383917 0.922981 -0.026723 0.000000 0.032716 0.015326 0.999347 -0.000000 0.000000 0.000000 0.000000 1.000000
0.917664 -0.397349 -0.002486 0.555067 0.396592 0.916270 -0.056256 0.000000 0.024631 0.050638 0.998413 0.000000 0.000000 0.000000 0.000000 1.000000
0.911437 -0.411255 0.012339 0.555067 0.410808 0.907966 -0.082669 -0.000000 0.022795 0.080417 0.996501 -0.000000 0.000000 0.000000 0.000000 1.000000
0.912883 -0.408220 0.001103 0.555067 0.406165 0.908009 -0.102706 0.000000 0.040925 0.094207 0.994711 -0.000000 0.000000 0.000000 0.000000 1.000000
0.920111 -0.390461 -0.030578 0.555067 0.384921 0.915944 -0.113496 -0.000000 0.072323 0.092659 0.993068 -0.000000 0.000000 0.000000 0.000000 1.000000
0.922202 -0.384063 -0.045161 0.555067 0.377192 0.919101 -0.113932 0.000000 0.085265 0.088034 0.992462 -0.000000 0.000000 0.000000 0.000000 1.000000
0.916812 -0.396316 -0.048876 0.555067 0.390363 0.915289 -0.099315 -0.000000 0.084096 0.071974 0.993855 -0.000000 0.000000 0.000000 0.000000 1.000000
0.907403 -0.414414 -0.069867 0.555067 0.409652 0.909305 -0.073138 -0.000000 0.093840 0.037745 0.994872 -0.000000 0.000000 0.000000 0.000000 1.000000
0.899034 -0.430683 -0.079051 0.555067 0.428635 0.902494 -0.042148 0.000000 0.089495 0.004009 0.995979 -0.000000 0.000000 0.000000 0.000000 1.000000
0.892602 -0.449533 -0.034386 0.555067 0.449268 0.893262 -0.015498 -0.000000 0.037683 -0.001615 0.999288 0.000000 0.000000 0.000000 0.000000 1.000000</float_array><technique_common><accessor source="#jnt_spine3-Matrix-animation-output-transform-array" count="13" stride="16"><param type="float4x4"/></accessor></technique_common></source><source id="jnt_spine3-Interpolations"><Name_array id="jnt_spine3-Interpolations-array" count="13">
 LINEAR LINEAR LINEAR LINEAR LINEAR LINEAR LINEAR LINEAR LINEAR LINEAR LINEAR
LINEAR LINEAR</Name_array><technique_common><accessor source="#jnt_spine3-Interpolations-array" count="13"><param type="name"/></accessor></technique_common></source><sampler id="jnt_spine3-Matrix-animation-transform"><input semantic="INPUT" source="#jnt_spine3-Matrix-animation-input"/><input semantic="OUTPUT" source="#jnt_spine3-Matrix-animation-output-transform"/><input semantic="INTERPOLATION" source="#jnt_spine3-Interpolations"/></sampler><channel source="#jnt_spine3-Matrix-animation-transform" target="jnt_spine3/matrix"/></animation></animation>
    <animation id="jnt_neck-anim" name="jnt_neck"><animation><source id="jnt_neck-Matrix-animation-input"><float_array id="jnt_neck-Matrix-animation-input-array" count="13">

0.000000 0.033333 0.066667 0.100000 0.133333 0.166667 0.200000 0.233333 0.266667 0.300000 0.333333 0.366667 0.400000</float_array><technique_common><accessor source="#jnt_neck-Matrix-animation-input-array" count="13"><param name="TIME" type="float"/></accessor></technique_common></source><source id="jnt_neck-Matrix-animation-output-transform"><float_array id="jnt_neck-Matrix-animation-output-transform-array" count="208">

0.991230 0.130754 0.019160 0.867451 -0.120999 0.956285 -0.266230 0.171571 -0.053133 0.261576 0.963719 -0.000000 0.000000 0.000000 0.000000 1.000000
0.990122 0.138331 0.022887 0.867454 -0.127370 0.955620 -0.265644 0.171566 -0.058618 0.260105 0.963799 -0.000000 0.000000 0.000000 0.000000 1.000000
0.987781 0.152706 0.031142 0.867450 -0.139228 0.954428 -0.263976 0.171571 -0.070034 0.256415 0.964026 -0.000000 0.000000 0.000000 0.000000 1.000000
0.986119 0.161254 0.039574 0.867450 -0.145575 0.954292 -0.261025 0.171576 -0.079857 0.251641 0.964521 -0.000001 0.000000 0.000000 0.000000 1.000000
0.986478 0.156642 0.048213 0.867456 -0.139510 0.956938 -0.254570 0.171572 -0.086014 0.244401 0.965852 -0.000001 0.000000 0.000000 0.000000 1.000000
0.987597 0.146392 0.056750 0.867451 -0.128236 0.960640 -0.246429 0.171571 -0.090592 0.236095 0.967498 -0.000000 0.000000 0.000000 0.000000 1.000000
0.988242 0.140357 0.060645 0.867455 -0.121829 0.962507 -0.242361 0.171571 -0.092388 0.232123 0.968289 0.000000 0.000000 0.000000 0.000000 1.000000
0.988567 0.139321 0.057656 0.867451 -0.121358 0.962125 -0.244107 0.171569 -0.089481 0.234319 0.968033 -0.000000 0.000000 0.000000 0.000000 1.000000
0.989227 0.137596 0.049971 0.867448 -0.121118 0.961023 -0.248527 0.171570 -0.082220 0.239797 0.967335 -0.000000 0.000000 0.000000 0.000000 1.000000
0.989985 0.135397 0.039968 0.867448 -0.120966 0.959534 -0.254287 0.171569 -0.072780 0.246905 0.966303 0.000000 0.000000 0.000000 0.000000 1.000000
0.990634 0.133218 0.029936 0.867449 -0.120970 0.957990 -0.260040 0.171576 -0.063320 0.253983 0.965134 -0.000001 0.000000 0.000000 0.000000 1.000000
0.991072 0.131459 0.022243 0.867450 -0.120975 0.956778 -0.264463 0.171570 -0.056048 0.259411 0.964139 -0.000000 0.000000 0.000000 0.000000 1.000000
0.991229 0.130756 0.019164 0.867455 -0.120999 0.956285 -0.266231 0.171572 -0.053138 0.261577 0.963719 -0.000000 0.000000 0.000000 0.000000 1.000000</float_array><technique_common><accessor source="#jnt_neck-Matrix-animation-output-transform-array" count="13" stride="16"><param type="float4x4"/></accessor></technique_common></source><source id="jnt_neck-Interpolations"><Name_array id="jnt_neck-Interpolations-array" count="13">
 LINEAR LINEAR LINEAR LINEAR LINEAR LINEAR LINEAR LINEAR LINEAR LINEAR LINEAR
LINEAR LINEAR</Name_array><technique_common><accessor source="#jnt_neck-Interpolations-array" count="13"><param type="name"/></accessor></technique_common></source><sampler id="jnt_neck-Matrix-animation-transform"><input semantic="INPUT" source="#jnt_neck-Matrix-animation-input"/><input semantic="OUTPUT" source="#jnt_neck-Matrix-animation-output-transform"/><input semantic="INTERPOLATION" source="#jnt_neck-Interpolations"/></sampler><channel source="#jnt_neck-Matrix-animation-transform" target="jnt_neck/matrix"/></animation></animation>
    <animation id="jnt_head-anim" name="jnt_head"><animation><source id="jnt_head-Matrix-animation-input"><float_array id="jnt_head-Matrix-animation-input-array" count="13">

0.000000 0.033333 0.066667 0.100000 0.133333 0.166667 0.200000 0.233333 0.266667 0.300000 0.333333 0.366667 0.400000</float_array><technique_common><accessor source="#jnt_head-Matrix-animation-input-array" count="13"><param name="TIME" type="float"/></accessor></technique_common></source><source id="jnt_head-Matrix-animation-output-transform"><float_array id="jnt_head-Matrix-animation-output-transform-array" count="208">

0.803867 0.549674 -0.227281 0.273590 -0.577315 0.813010 -0.075650 0.000000 0.143199 0.192025 0.970887 -0.000000 0.000000 0.000000 0.000000 1.000000
0.799897 0.556697 -0.224173 0.273593 -0.583415 0.808885 -0.073016 0.000000 0.140683 0.189191 0.971810 -0.000000 0.000000 0.000000 0.000000 1.000000
0.792427 0.569988 -0.217196 0.273591 -0.594692 0.801133 -0.067285 0.000001 0.135651 0.182483 0.973806 -0.000000 0.000000 0.000000 0.000000 1.000000
0.788443 0.578143 -0.210020 0.273591 -0.600804 0.797033 -0.061424 0.000000 0.131880 0.174610 0.975766 0.000000 0.000000 0.000000 0.000000 1.000000
0.791972 0.576032 -0.202402 0.273592 -0.596435 0.800794 -0.054728 0.000001 0.130557 0.164063 0.977772 -0.000000 0.000000 0.000000 0.000000 1.000000
0.798506 0.569665 -0.194601 0.273591 -0.587767 0.807631 -0.047564 0.000001 0.130070 0.152360 0.979729 -0.000000 0.000000 0.000000 0.000000 1.000000
0.802710 0.564952 -0.191012 0.273591 -0.582027 0.811955 -0.044416 0.000001 0.130000 0.146827 0.980582 -0.000000 0.000000 0.000000 0.000000 1.000000
0.803718 0.562614 -0.193655 0.273591 -0.580415 0.812962 -0.047023 0.000000 0.130979 0.150194 0.979942 -0.000000 0.000000 0.000000 0.000000 1.000000
0.804197 0.559561 -0.200396 0.273592 -0.579194 0.813473 -0.052885 0.000000 0.133424 0.158598 0.978287 -0.000000 0.000000 0.000000 0.000000 1.000000
0.804296 0.556202 -0.209159 0.273592 -0.578315 0.813579 -0.060347 0.000000 0.136602 0.169497 0.976018 -0.000000 0.000000 0.000000 0.000000 1.000000
0.804166 0.553025 -0.217899 0.273592 -0.577736 0.813408 -0.067740 0.000000 0.139779 0.180362 0.973618 -0.000000 0.000000 0.000000 0.000000 1.000000
0.803969 0.550625 -0.224603 0.273591 -0.577414 0.813146 -0.073396 0.000001 0.142222 0.188697 0.971682 -0.000000 0.000000 0.000000 0.000000 1.000000
0.803867 0.549675 -0.227281 0.273592 -0.577315 0.813009 -0.075650 0.000001 0.143198 0.192025 0.970887 -0.000000 0.000000 0.000000 0.000000 1.000000</float_array><technique_common><accessor source="#jnt_head-Matrix-animation-output-transform-array" count="13" stride="16"><param type="float4x4"/></accessor></technique_common></source><source id="jnt_head-Interpolations"><Name_array id="jnt_head-Interpolations-array" count="13">
 LINEAR LINEAR LINEAR LINEAR LINEAR LINEAR LINEAR LINEAR LINEAR LINEAR LINEAR
LINEAR LINEAR</Name_array><technique_common><accessor source="#jnt_head-Interpolations-array" count="13"><param type="name"/></accessor></technique_common></source><sampler id="jnt_head-Matrix-animation-transform"><input semantic="INPUT" source="#jnt_head-Matrix-animation-input"/><input semantic="OUTPUT" source="#jnt_head-Matrix-animation-output-transform"/><input semantic="INTERPOLATION" source="#jnt_head-Interpolations"/></sampler><channel source="#jnt_head-Matrix-animation-transform" target="jnt_head/matrix"/></animation></animation>
    <animation id="jnt_left_shoulder-anim" name="jnt_left_shoulder"><animation><source id="jnt_left_shoulder-Matrix-animation-input"><float_array id="jnt_left_shoulder-Matrix-animation-input-array" count="13">

0.000000 0.033333 0.066667 0.100000 0.133333 0.166667 0.200000 0.233333 0.266667 0.300000 0.333333 0.366667 0.400000</float_array><technique_common><accessor source="#jnt_left_shoulder-Matrix-animation-input-array" count="13"><param name="TIME" type="float"/></accessor></technique_common></source><source id="jnt_left_shoulder-Matrix-animation-output-transform"><float_array id="jnt_left_shoulder-Matrix-animation-output-transform-array" count="208">

0.143203 0.023341 -0.989418 0.635987 0.164151 -0.986435 0.000488 0.114391 -0.975985 -0.162484 -0.145092 0.266187 0.000000 0.000000 0.000000 1.000000
0.129448 0.015456 -0.991466 0.635987 0.191006 -0.981541 0.009636 0.114392 -0.973016 -0.190624 -0.130011 0.266187 0.000000 0.000000 0.000000 1.000000
0.133272 0.009455 -0.991034 0.635987 0.215144 -0.976385 0.019616 0.114392 -0.967446 -0.215829 -0.132159 0.266187 0.000000 0.000000 0.000000 1.000000
0.128319 0.009069 -0.991691 0.635987 0.213213 -0.976828 0.018655 0.114392 -0.968542 -0.213835 -0.127280 0.266187 0.000000 0.000000 0.000000 1.000000
0.124696 0.010724 -0.992137 0.635987 0.209243 -0.977737 0.015730 0.114392 -0.969881 -0.209559 -0.124164 0.266187 0.000000 0.000000 0.000000 1.000000
0.126719 0.015986 -0.991810 0.635987 0.194243 -0.980912 0.009007 0.114392 -0.972734 -0.193793 -0.127405 0.266187 0.000000 0.000000 0.000000 1.000000
0.135774 0.023828 -0.990453 0.635987 0.167841 -0.985814 -0.000708 0.114392 -0.976419 -0.166143 -0.137847 0.266187 0.000000 0.000000 0.000000 1.000000
0.154163 0.024970 -0.987730 0.635987 0.165340 -0.986236 0.000874 0.114391 -0.974113 -0.163446 -0.156170 0.266187 0.000000 0.000000 0.000000 1.000000
0.160149 0.023753 -0.986807 0.635987 0.171502 -0.985175 0.004120 0.114391 -0.972080 -0.169899 -0.161848 0.266187 0.000000 0.000000 0.000000 1.000000
0.152331 0.024529 -0.988025 0.635987 0.166134 -0.986102 0.001133 0.114392 -0.974266 -0.164318 -0.154289 0.266187 0.000000 0.000000 0.000000 1.000000
0.147206 0.024611 -0.988800 0.635987 0.165084 -0.986279 0.000029 0.114392 -0.975232 -0.163239 -0.149249 0.266187 0.000000 0.000000 0.000000 1.000000
0.144198 0.024097 -0.989255 0.635987 0.167337 -0.985900 0.000376 0.114392 -0.975298 -0.165593 -0.146197 0.266187 0.000000 0.000000 0.000000 1.000000
0.142578 0.024904 -0.989470 0.635987 0.164292 -0.986411 -0.001153 0.114392 -0.976053 -0.162398 -0.144732 0.266187 0.000000 0.000000 0.000000 1.000000</float_array><technique_common><accessor source="#jnt_left_shoulder-Matrix-animation-output-transform-array" count="13" stride="16"><param type="float4x4"/></accessor></technique_common></source><source id="jnt_left_shoulder-Interpolations"><Name_array id="jnt_left_shoulder-Interpolations-array" count="13">
 LINEAR LINEAR LINEAR LINEAR LINEAR LINEAR LINEAR LINEAR LINEAR LINEAR LINEAR
LINEAR LINEAR</Name_array><technique_common><accessor source="#jnt_left_shoulder-Interpolations-array" count="13"><param type="name"/></accessor></technique_common></source><sampler id="jnt_left_shoulder-Matrix-animation-transform"><input semantic="INPUT" source="#jnt_left_shoulder-Matrix-animation-input"/><input semantic="OUTPUT" source="#jnt_left_shoulder-Matrix-animation-output-transform"/><input semantic="INTERPOLATION" source="#jnt_left_shoulder-Interpolations"/></sampler><channel source="#jnt_left_shoulder-Matrix-animation-transform" target="jnt_left_shoulder/matrix"/></animation></animation>
    <animation id="jnt_left_arm-anim" name="jnt_left_arm"><animation><source id="jnt_left_arm-Matrix-animation-input"><float_array id="jnt_left_arm-Matrix-animation-input-array" count="13">

0.000000 0.033333 0.066667 0.100000 0.133333 0.166667 0.200000 0.233333 0.266667 0.300000 0.333333 0.366667 0.400000</float_array><technique_common><accessor source="#jnt_left_arm-Matrix-animation-input-array" count="13"><param name="TIME" type="float"/></accessor></technique_common></source><source id="jnt_left_arm-Matrix-animation-output-transform"><float_array id="jnt_left_arm-Matrix-animation-output-transform-array" count="208">

0.509063 -0.714122 0.480504 -0.525418 0.792181 0.607035 0.062907 -0.032447 -0.336606 0.348623 0.874733 0.009491 0.000000 0.000000 0.000000 1.000000
0.493505 -0.735654 0.463968 -0.525417 0.800986 0.592304 0.087162 -0.032447 -0.338931 0.328617 0.881554 0.009491 0.000000 0.000000 0.000000 1.000000
0.501180 -0.740703 0.447413 -0.525416 0.798583 0.595035 0.090544 -0.032447 -0.333293 0.311918 0.889732 0.009491 0.000000 0.000000 0.000000 1.000000
0.538020 -0.710044 0.454281 -0.525417 0.772647 0.630857 0.070961 -0.032447 -0.336972 0.312821 0.888028 0.009492 0.000000 0.000000 0.000000 1.000000
0.561833 -0.677823 0.474236 -0.525417 0.751005 0.658309 0.051195 -0.032448 -0.346895 0.327391 0.878908 0.009492 0.000000 0.000000 0.000000 1.000000
0.586499 -0.654002 0.477808 -0.525417 0.732989 0.679560 0.030421 -0.032447 -0.344594 0.332386 0.877938 0.009492 0.000000 0.000000 0.000000 1.000000
0.614900 -0.640426 0.460165 -0.525417 0.716986 0.696985 0.011936 -0.032447 -0.328372 0.322592 0.887753 0.009491 0.000000 0.000000 0.000000 1.000000
0.607875 -0.656524 0.446613 -0.525417 0.728280 0.685097 0.015852 -0.032447 -0.316380 0.315624 0.894587 0.009491 0.000000 0.000000 0.000000 1.000000
0.584922 -0.681875 0.439218 -0.525417 0.749227 0.661659 0.029436 -0.032448 -0.310684 0.311857 0.897898 0.009492 0.000000 0.000000 0.000000 1.000000
0.569010 -0.694707 0.440012 -0.525417 0.761305 0.647309 0.037498 -0.032447 -0.310874 0.313646 0.897209 0.009492 0.000000 0.000000 0.000000 1.000000
0.542940 -0.706028 0.454688 -0.525417 0.776737 0.628018 0.047674 -0.032447 -0.319212 0.327289 0.889374 0.009492 0.000000 0.000000 0.000000 1.000000
0.515869 -0.714966 0.471913 -0.525417 0.790271 0.609812 0.060008 -0.032448 -0.330682 0.341983 0.879600 0.009492 0.000000 0.000000 0.000000 1.000000
0.508834 -0.714180 0.480662 -0.525417 0.792744 0.606412 0.061816 -0.032447 -0.335627 0.349588 0.874725 0.009491 0.000000 0.000000 0.000000 1.000000</float_array><technique_common><accessor source="#jnt_left_arm-Matrix-animation-output-transform-array" count="13" stride="16"><param type="float4x4"/></accessor></technique_common></source><source id="jnt_left_arm-Interpolations"><Name_array id="jnt_left_arm-Interpolations-array" count="13">
 LINEAR LINEAR LINEAR LINEAR LINEAR LINEAR LINEAR LINEAR LINEAR LINEAR LINEAR
LINEAR LINEAR</Name_array><technique_common><accessor source="#jnt_left_arm-Interpolations-array" count="13"><param type="name"/></accessor></technique_common></source><sampler id="jnt_left_arm-Matrix-animation-transform"><input semantic="INPUT" source="#jnt_left_arm-Matrix-animation-input"/><input semantic="OUTPUT" source="#jnt_left_arm-Matrix-animation-output-transform"/><input semantic="INTERPOLATION" source="#jnt_left_arm-Interpolations"/></sampler><channel source="#jnt_left_arm-Matrix-animation-transform" target="jnt_left_arm/matrix"/></animation></animation>
    <animation id="jnt_left_armroll-anim" name="jnt_left_armroll"><animation><source id="jnt_left_armroll-Matrix-animation-input"><float_array id="jnt_left_armroll-Matrix-animation-input-array" count="13">

0.000000 0.033333 0.066667 0.100000 0.133333 0.166667 0.200000 0.233333 0.266667 0.300000 0.333333 0.366667 0.400000</float_array><technique_common><accessor source="#jnt_left_armroll-Matrix-animation-input-array" count="13"><param name="TIME" type="float"/></accessor></technique_common></source><source id="jnt_left_armroll-Matrix-animation-output-transform"><float_array id="jnt_left_armroll-Matrix-animation-output-transform-array" count="208">

1.000000 0.000011 -0.000002 -0.421995 -0.000009 0.740934 -0.671578 0.000001 -0.000006 0.671578 0.740934 -0.000004 0.000000 0.000000 0.000000 1.000000
1.000000 0.000011 -0.000002 -0.421995 -0.000010 0.741342 -0.671127 0.000002 -0.000006 0.671127 0.741342 -0.000004 0.000000 0.000000 0.000000 1.000000
1.000000 0.000011 -0.000002 -0.421995 -0.000010 0.746757 -0.665097 0.000001 -0.000006 0.665097 0.746757 -0.000004 0.000000 0.000000 0.000000 1.000000
1.000000 0.000011 -0.000001 -0.421995 -0.000009 0.772780 -0.634674 0.000001 -0.000006 0.634674 0.772780 -0.000004 0.000000 0.000000 0.000000 1.000000
1.000000 0.000010 -0.000001 -0.421995 -0.000009 0.806200 -0.591643 0.000001 -0.000005 0.591643 0.806200 -0.000004 0.000000 0.000000 0.000000 1.000000
1.000000 0.000009 -0.000001 -0.421995 -0.000008 0.832976 -0.553309 0.000001 -0.000005 0.553309 0.832976 -0.000004 0.000000 0.000000 0.000000 1.000000
1.000000 0.000009 -0.000000 -0.421995 -0.000007 0.845135 -0.534553 0.000001 -0.000004 0.534553 0.845135 -0.000004 0.000000 0.000000 0.000000 1.000000
1.000000 0.000009 -0.000000 -0.421995 -0.000008 0.838104 -0.545510 0.000001 -0.000004 0.545510 0.838104 -0.000004 0.000000 0.000000 0.000000 1.000000
1.000000 0.000009 -0.000001 -0.421995 -0.000008 0.822656 -0.568539 0.000002 -0.000005 0.568539 0.822656 -0.000004 0.000000 0.000000 0.000000 1.000000
1.000000 0.000010 -0.000001 -0.421995 -0.000009 0.802091 -0.597202 0.000001 -0.000005 0.597202 0.802091 -0.000004 0.000000 0.000000 0.000000 1.000000
1.000000 0.000010 -0.000001 -0.421995 -0.000009 0.775827 -0.630946 0.000001 -0.000005 0.630946 0.775827 -0.000004 0.000000 0.000000 0.000000 1.000000
1.000000 0.000011 -0.000002 -0.421995 -0.000009 0.751628 -0.659588 0.000002 -0.000006 0.659588 0.751628 -0.000004 0.000000 0.000000 0.000000 1.000000
1.000000 0.000011 -0.000002 -0.421995 -0.000010 0.740854 -0.671666 0.000001 -0.000006 0.671666 0.740854 -0.000004 0.000000 0.000000 0.000000 1.000000</float_array><technique_common><accessor source="#jnt_left_armroll-Matrix-animation-output-transform-array" count="13" stride="16"><param type="float4x4"/></accessor></technique_common></source><source id="jnt_left_armroll-Interpolations"><Name_array id="jnt_left_armroll-Interpolations-array" count="13">
 LINEAR LINEAR LINEAR LINEAR LINEAR LINEAR LINEAR LINEAR LINEAR LINEAR LINEAR
LINEAR LINEAR</Name_array><technique_common><accessor source="#jnt_left_armroll-Interpolations-array" count="13"><param type="name"/></accessor></technique_common></source><sampler id="jnt_left_armroll-Matrix-animation-transform"><input semantic="INPUT" source="#jnt_left_armroll-Matrix-animation-input"/><input semantic="OUTPUT" source="#jnt_left_armroll-Matrix-animation-output-transform"/><input semantic="INTERPOLATION" source="#jnt_left_armroll-Interpolations"/></sampler><channel source="#jnt_left_armroll-Matrix-animation-transform" target="jnt_left_armroll/matrix"/></animation></animation>
    <animation id="jnt_left_forearm-anim" name="jnt_left_forearm"><animation><source id="jnt_left_forearm-Matrix-animation-input"><float_array id="jnt_left_forearm-Matrix-animation-input-array" count="13">

0.000000 0.033333 0.066667 0.100000 0.133333 0.166667 0.200000 0.233333 0.266667 0.300000 0.333333 0.366667 0.400000</float_array><technique_common><accessor source="#jnt_left_forearm-Matrix-animation-input-array" count="13"><param name="TIME" type="float"/></accessor></technique_common></source><source id="jnt_left_forearm-Matrix-animation-output-transform"><float_array id="jnt_left_forearm-Matrix-animation-output-transform-array" count="208">

0.327550 -0.937634 -0.116422 -0.843981 0.943640 0.330835 -0.009556 0.000169 0.047476 -0.106730 0.993154 0.000143 0.000000 0.000000 0.000000 1.000000
0.322642 -0.940414 -0.107351 -0.843981 0.945023 0.326431 -0.019348 0.000001 0.053238 -0.095207 0.994033 0.000003 0.000000 0.000000 0.000000 1.000000
0.272960 -0.954765 -0.117970 -0.843981 0.960400 0.277568 -0.024254 0.000355 0.055901 -0.106678 0.992721 0.000288 0.000000 0.000000 0.000000 1.000000
0.185077 -0.973249 -0.136132 -0.843982 0.981128 0.190886 -0.030818 -0.000094 0.055980 -0.127859 0.990211 -0.000156 0.000000 0.000000 0.000000 1.000000
0.112237 -0.984151 -0.137294 -0.843981 0.991988 0.119034 -0.042318 0.000000 0.057990 -0.131444 0.989626 0.000003 0.000000 0.000000 0.000000 1.000000
0.071051 -0.988254 -0.135302 -0.843982 0.995610 0.078550 -0.050906 0.000001 0.060936 -0.131091 0.989496 0.000004 0.000000 0.000000 0.000000 1.000000
0.063619 -0.990758 -0.119796 -0.843981 0.995814 0.070915 -0.057661 0.000000 0.065624 -0.115626 0.991123 0.000003 0.000000 0.000000 0.000000 1.000000
0.100706 -0.988524 -0.112597 -0.843982 0.992678 0.107420 -0.055234 0.000001 0.066695 -0.106210 0.992104 0.000003 0.000000 0.000000 0.000000 1.000000
0.160068 -0.978311 -0.131472 -0.843982 0.985256 0.166496 -0.039376 -0.000002 0.060411 -0.123231 0.990537 -0.000032 0.000000 0.000000 0.000000 1.000000
0.215161 -0.965743 -0.145069 -0.843982 0.975189 0.220394 -0.020823 0.000054 0.052082 -0.136990 0.989202 0.000219 0.000000 0.000000 0.000000 1.000000
0.270507 -0.951593 -0.145935 -0.843981 0.961612 0.274337 -0.006398 0.000156 0.046124 -0.138602 0.989273 0.000286 0.000000 0.000000 0.000000 1.000000
0.314082 -0.939184 -0.138874 -0.843982 0.948252 0.317506 -0.002648 -0.000049 0.046580 -0.130856 0.990307 -0.000045 0.000000 0.000000 0.000000 1.000000
0.327655 -0.937587 -0.116507 -0.843982 0.943603 0.330942 -0.009534 0.000112 0.047496 -0.106812 0.993144 0.000095 0.000000 0.000000 0.000000 1.000000</float_array><technique_common><accessor source="#jnt_left_forearm-Matrix-animation-output-transform-array" count="13" stride="16"><param type="float4x4"/></accessor></technique_common></source><source id="jnt_left_forearm-Interpolations"><Name_array id="jnt_left_forearm-Interpolations-array" count="13">
 LINEAR LINEAR LINEAR LINEAR LINEAR LINEAR LINEAR LINEAR LINEAR LINEAR LINEAR
LINEAR LINEAR</Name_array><technique_common><accessor source="#jnt_left_forearm-Interpolations-array" count="13"><param type="name"/></accessor></technique_common></source><sampler id="jnt_left_forearm-Matrix-animation-transform"><input semantic="INPUT" source="#jnt_left_forearm-Matrix-animation-input"/><input semantic="OUTPUT" source="#jnt_left_forearm-Matrix-animation-output-transform"/><input semantic="INTERPOLATION" source="#jnt_left_forearm-Interpolations"/></sampler><channel source="#jnt_left_forearm-Matrix-animation-transform" target="jnt_left_forearm/matrix"/></animation></animation>
    <animation id="jnt_left_forearmroll-anim" name="jnt_left_forearmroll"><animation><source id="jnt_left_forearmroll-Matrix-animation-input"><float_array id="jnt_left_forearmroll-Matrix-animation-input-array" count="13">

0.000000 0.033333 0.066667 0.100000 0.133333 0.166667 0.200000 0.233333 0.266667 0.300000 0.333333 0.366667 0.400000</float_array><technique_common><accessor source="#jnt_left_forearmroll-Matrix-animation-input-array" count="13"><param name="TIME" type="float"/></accessor></technique_common></source><source id="jnt_left_forearmroll-Matrix-animation-output-transform"><float_array id="jnt_left_forearmroll-Matrix-animation-output-transform-array" count="208">

1.000000 -0.000005 0.000000 -0.487002 0.000004 0.911538 0.411216 0.000000 -0.000002 -0.411216 0.911538 -0.000004 0.000000 0.000000 0.000000 1.000000
1.000000 -0.000005 0.000000 -0.487002 0.000004 0.911461 0.411386 -0.000000 -0.000002 -0.411386 0.911461 -0.000004 0.000000 0.000000 0.000000 1.000000
1.000000 -0.000005 0.000000 -0.487001 0.000004 0.912896 0.408192 0.000000 -0.000002 -0.408192 0.912896 -0.000004 0.000000 0.000000 0.000000 1.000000
