<?xml version="1.0" encoding="utf-8"?>
<COLLADA xmlns="http://www.collada.org/2005/11/COLLADASchema" version="1.4.1">
  <asset><contributor><author></author><authoring_tool>FBX COLLADA exporter</authoring_tool><comments></comments></contributor><created>2020-03-03T11:18:23Z</created><keywords></keywords><modified>2020-03-03T11:18:23Z</modified><revision></revision><subject></subject><title></title><unit meter="0.010000" name="centimeter"></unit><up_axis>Y_UP</up_axis></asset>
  <library_animations>
    <animation id="root_jnt-anim" name="root_jnt"><animation><source id="root_jnt-Matrix-animation-input"><float_array id="root_jnt-Matrix-animation-input-array" count="61">

0.000000 0.033333 0.066667 0.100000 0.133333 0.166667 0.200000 0.233333 0.266667 0.300000 0.333333 0.366667 0.400000 0.433333 0.466667 0.500000
0.533333 0.566667 0.600000 0.633333 0.666667 0.700000 0.733333 0.766667 0.800000 0.833333 0.866667 0.900000 0.933333 0.966667 1.000000 1.033333
1.066667 1.100000 1.133333 1.166667 1.200000 1.233333 1.266667 1.300000 1.333333 1.366667 1.400000 1.433333 1.466667 1.500000 1.533333 1.566667
1.600000 1.633333 1.666667 1.700000 1.733333 1.766667 1.800000 1.833333 1.866667 1.900000 1.933333 1.966667 2.000000</float_array><technique_common><accessor source="#root_jnt-Matrix-animation-input-array" count="61"><param name="TIME" type="float"/></accessor></technique_common></source><source id="root_jnt-Matrix-animation-output-transform"><float_array id="root_jnt-Matrix-animation-output-transform-array" count="976">

1.000000 0.000000 0.000000 0.000000 0.000000 1.000000 0.000000 0.000000 0.000000 0.000000 1.000000 0.000000 0.000000 0.000000 0.000000 1.000000
1.000000 0.000000 0.000000 0.000000 0.000000 1.000000 0.000000 0.000000 0.000000 0.000000 1.000000 0.000000 0.000000 0.000000 0.000000 1.000000
1.000000 0.000000 0.000000 0.000000 0.000000 1.000000 0.000000 0.000000 0.000000 0.000000 1.000000 0.000000 0.000000 0.000000 0.000000 1.000000
1.000000 0.000000 0.000000 0.000000 0.000000 1.000000 0.000000 0.000000 0.000000 0.000000 1.000000 0.000000 0.000000 0.000000 0.000000 1.000000
1.000000 0.000000 0.000000 0.000000 0.000000 1.000000 0.000000 0.000000 0.000000 0.000000 1.000000 0.000000 0.000000 0.000000 0.000000 1.000000
1.000000 0.000000 0.000000 0.000000 0.000000 1.000000 0.000000 0.000000 0.000000 0.000000 1.000000 0.000000 0.000000 0.000000 0.000000 1.000000
1.000000 0.000000 0.000000 0.000000 0.000000 1.000000 0.000000 0.000000 0.000000 0.000000 1.000000 0.000000 0.000000 0.000000 0.000000 1.000000
1.000000 0.000000 0.000000 0.000000 0.000000 1.000000 0.000000 0.000000 0.000000 0.000000 1.000000 0.000000 0.000000 0.000000 0.000000 1.000000
1.000000 0.000000 0.000000 0.000000 0.000000 1.000000 0.000000 0.000000 0.000000 0.000000 1.000000 0.000000 0.000000 0.000000 0.000000 1.000000
1.000000 0.000000 0.000000 0.000000 0.000000 1.000000 0.000000 0.000000 0.000000 0.000000 1.000000 0.000000 0.000000 0.000000 0.000000 1.000000
1.000000 0.000000 0.000000 0.000000 0.000000 1.000000 0.000000 0.000000 0.000000 0.000000 1.000000 0.000000 0.000000 0.000000 0.000000 1.000000
1.000000 0.000000 0.000000 0.000000 0.000000 1.000000 0.000000 0.000000 0.000000 0.000000 1.000000 0.000000 0.000000 0.000000 0.000000 1.000000
1.000000 0.000000 0.000000 0.000000 0.000000 1.000000 0.000000 0.000000 0.000000 0.000000 1.000000 0.000000 0.000000 0.000000 0.000000 1.000000
1.000000 0.000000 0.000000 0.000000 0.000000 1.000000 0.000000 0.000000 0.000000 0.000000 1.000000 0.000000 0.000000 0.000000 0.000000 1.000000
1.000000 0.000000 0.000000 0.000000 0.000000 1.000000 0.000000 0.000000 0.000000 0.000000 1.000000 0.000000 0.000000 0.000000 0.000000 1.000000
1.000000 0.000000 0.000000 0.000000 0.000000 1.000000 0.000000 0.000000 0.000000 0.000000 1.000000 0.000000 0.000000 0.000000 0.000000 1.000000
1.000000 0.000000 0.000000 0.000000 0.000000 1.000000 0.000000 0.000000 0.000000 0.000000 1.000000 0.000000 0.000000 0.000000 0.000000 1.000000
1.000000 0.000000 0.000000 0.000000 0.000000 1.000000 0.000000 0.000000 0.000000 0.000000 1.000000 0.000000 0.000000 0.000000 0.000000 1.000000
1.000000 0.000000 0.000000 0.000000 0.000000 1.000000 0.000000 0.000000 0.000000 0.000000 1.000000 0.000000 0.000000 0.000000 0.000000 1.000000
1.000000 0.000000 0.000000 0.000000 0.000000 1.000000 0.000000 0.000000 0.000000 0.000000 1.000000 0.000000 0.000000 0.000000 0.000000 1.000000
1.000000 0.000000 0.000000 0.000000 0.000000 1.000000 0.000000 0.000000 0.000000 0.000000 1.000000 0.000000 0.000000 0.000000 0.000000 1.000000
1.000000 0.000000 0.000000 0.000000 0.000000 1.000000 0.000000 0.000000 0.000000 0.000000 1.000000 0.000000 0.000000 0.000000 0.000000 1.000000
1.000000 0.000000 0.000000 0.000000 0.000000 1.000000 0.000000 0.000000 0.000000 0.000000 1.000000 0.000000 0.000000 0.000000 0.000000 1.000000
1.000000 0.000000 0.000000 0.000000 0.000000 1.000000 0.000000 0.000000 0.000000 0.000000 1.000000 0.000000 0.000000 0.000000 0.000000 1.000000
1.000000 0.000000 0.000000 0.000000 0.000000 1.000000 0.000000 0.000000 0.000000 0.000000 1.000000 0.000000 0.000000 0.000000 0.000000 1.000000
1.000000 0.000000 0.000000 0.000000 0.000000 1.000000 0.000000 0.000000 0.000000 0.000000 1.000000 0.000000 0.000000 0.000000 0.000000 1.000000
1.000000 0.000000 0.000000 0.000000 0.000000 1.000000 0.000000 0.000000 0.000000 0.000000 1.000000 0.000000 0.000000 0.000000 0.000000 1.000000
1.000000 0.000000 0.000000 0.000000 0.000000 1.000000 0.000000 0.000000 0.000000 0.000000 1.000000 0.000000 0.000000 0.000000 0.000000 1.000000
1.000000 0.000000 0.000000 0.000000 0.000000 1.000000 0.000000 0.000000 0.000000 0.000000 1.000000 0.000000 0.000000 0.000000 0.000000 1.000000
1.000000 0.000000 0.000000 0.000000 0.000000 1.000000 0.000000 0.000000 0.000000 0.000000 1.000000 0.000000 0.000000 0.000000 0.000000 1.000000
1.000000 0.000000 0.000000 0.000000 0.000000 1.000000 0.000000 0.000000 0.000000 0.000000 1.000000 0.000000 0.000000 0.000000 0.000000 1.000000
1.000000 0.000000 0.000000 0.000000 0.000000 1.000000 0.000000 0.000000 0.000000 0.000000 1.000000 0.000000 0.000000 0.000000 0.000000 1.000000
1.000000 0.000000 0.000000 0.000000 0.000000 1.000000 0.000000 0.000000 0.000000 0.000000 1.000000 0.000000 0.000000 0.000000 0.000000 1.000000
1.000000 0.000000 0.000000 0.000000 0.000000 1.000000 0.000000 0.000000 0.000000 0.000000 1.000000 0.000000 0.000000 0.000000 0.000000 1.000000
1.000000 0.000000 0.000000 0.000000 0.000000 1.000000 0.000000 0.000000 0.000000 0.000000 1.000000 0.000000 0.000000 0.000000 0.000000 1.000000
1.000000 0.000000 0.000000 0.000000 0.000000 1.000000 0.000000 0.000000 0.000000 0.000000 1.000000 0.000000 0.000000 0.000000 0.000000 1.000000
1.000000 0.000000 0.000000 0.000000 0.000000 1.000000 0.000000 0.000000 0.000000 0.000000 1.000000 0.000000 0.000000 0.000000 0.000000 1.000000
1.000000 0.000000 0.000000 0.000000 0.000000 1.000000 0.000000 0.000000 0.000000 0.000000 1.000000 0.000000 0.000000 0.000000 0.000000 1.000000
1.000000 0.000000 0.000000 0.000000 0.000000 1.000000 0.000000 0.000000 0.000000 0.000000 1.000000 0.000000 0.000000 0.000000 0.000000 1.000000
1.000000 0.000000 0.000000 0.000000 0.000000 1.000000 0.000000 0.000000 0.000000 0.000000 1.000000 0.000000 0.000000 0.000000 0.000000 1.000000
1.000000 0.000000 0.000000 0.000000 0.000000 1.000000 0.000000 0.000000 0.000000 0.000000 1.000000 0.000000 0.000000 0.000000 0.000000 1.000000
1.000000 0.000000 0.000000 0.000000 0.000000 1.000000 0.000000 0.000000 0.000000 0.000000 1.000000 0.000000 0.000000 0.000000 0.000000 1.000000
1.000000 0.000000 0.000000 0.000000 0.000000 1.000000 0.000000 0.000000 0.000000 0.000000 1.000000 0.000000 0.000000 0.000000 0.000000 1.000000
1.000000 0.000000 0.000000 0.000000 0.000000 1.000000 0.000000 0.000000 0.000000 0.000000 1.000000 0.000000 0.000000 0.000000 0.000000 1.000000
1.000000 0.000000 0.000000 0.000000 0.000000 1.000000 0.000000 0.000000 0.000000 0.000000 1.000000 0.000000 0.000000 0.000000 0.000000 1.000000
1.000000 0.000000 0.000000 0.000000 0.000000 1.000000 0.000000 0.000000 0.000000 0.000000 1.000000 0.000000 0.000000 0.000000 0.000000 1.000000
1.000000 0.000000 0.000000 0.000000 0.000000 1.000000 0.000000 0.000000 0.000000 0.000000 1.000000 0.000000 0.000000 0.000000 0.000000 1.000000
1.000000 0.000000 0.000000 0.000000 0.000000 1.000000 0.000000 0.000000 0.000000 0.000000 1.000000 0.000000 0.000000 0.000000 0.000000 1.000000
1.000000 0.000000 0.000000 0.000000 0.000000 1.000000 0.000000 0.000000 0.000000 0.000000 1.000000 0.000000 0.000000 0.000000 0.000000 1.000000
1.000000 0.000000 0.000000 0.000000 0.000000 1.000000 0.000000 0.000000 0.000000 0.000000 1.000000 0.000000 0.000000 0.000000 0.000000 1.000000
1.000000 0.000000 0.000000 0.000000 0.000000 1.000000 0.000000 0.000000 0.000000 0.000000 1.000000 0.000000 0.000000 0.000000 0.000000 1.000000
1.000000 0.000000 0.000000 0.000000 0.000000 1.000000 0.000000 0.000000 0.000000 0.000000 1.000000 0.000000 0.000000 0.000000 0.000000 1.000000
1.000000 0.000000 0.000000 0.000000 0.000000 1.000000 0.000000 0.000000 0.000000 0.000000 1.000000 0.000000 0.000000 0.000000 0.000000 1.000000
1.000000 0.000000 0.000000 0.000000 0.000000 1.000000 0.000000 0.000000 0.000000 0.000000 1.000000 0.000000 0.000000 0.000000 0.000000 1.000000
1.000000 0.000000 0.000000 0.000000 0.000000 1.000000 0.000000 0.000000 0.000000 0.000000 1.000000 0.000000 0.000000 0.000000 0.000000 1.000000
1.000000 0.000000 0.000000 0.000000 0.000000 1.000000 0.000000 0.000000 0.000000 0.000000 1.000000 0.000000 0.000000 0.000000 0.000000 1.000000
1.000000 0.000000 0.000000 0.000000 0.000000 1.000000 0.000000 0.000000 0.000000 0.000000 1.000000 0.000000 0.000000 0.000000 0.000000 1.000000
1.000000 0.000000 0.000000 0.000000 0.000000 1.000000 0.000000 0.000000 0.000000 0.000000 1.000000 0.000000 0.000000 0.000000 0.000000 1.000000
1.000000 0.000000 0.000000 0.000000 0.000000 1.000000 0.000000 0.000000 0.000000 0.000000 1.000000 0.000000 0.000000 0.000000 0.000000 1.000000
1.000000 0.000000 0.000000 0.000000 0.000000 1.000000 0.000000 0.000000 0.000000 0.000000 1.000000 0.000000 0.000000 0.000000 0.000000 1.000000
1.000000 0.000000 0.000000 0.000000 0.000000 1.000000 0.000000 0.000000 0.000000 0.000000 1.000000 0.000000 0.000000 0.000000 0.000000 1.000000</float_array><technique_common><accessor source="#root_jnt-Matrix-animation-output-transform-array" count="61" stride="16"><param type="float4x4"/></accessor></technique_common></source><source id="root_jnt-Interpolations"><Name_array id="root_jnt-Interpolations-array" count="61">
 LINEAR LINEAR LINEAR LINEAR LINEAR LINEAR LINEAR LINEAR LINEAR LINEAR LINEAR
LINEAR LINEAR LINEAR LINEAR LINEAR LINEAR LINEAR LINEAR LINEAR LINEAR LINEAR LINEAR
LINEAR LINEAR LINEAR LINEAR LINEAR LINEAR LINEAR LINEAR LINEAR LINEAR LINEAR LINEAR
LINEAR LINEAR LINEAR LINEAR LINEAR LINEAR LINEAR LINEAR LINEAR LINEAR LINEAR LINEAR
LINEAR LINEAR LINEAR LINEAR LINEAR LINEAR LINEAR LINEAR LINEAR LINEAR LINEAR LINEAR
LINEAR LINEAR</Name_array><technique_common><accessor source="#root_jnt-Interpolations-array" count="61"><param type="name"/></accessor></technique_common></source><sampler id="root_jnt-Matrix-animation-transform"><input semantic="INPUT" source="#root_jnt-Matrix-animation-input"/><input semantic="OUTPUT" source="#root_jnt-Matrix-animation-output-transform"/><input semantic="INTERPOLATION" source="#root_jnt-Interpolations"/></sampler><channel source="#root_jnt-Matrix-animation-transform" target="root_jnt/matrix"/></animation></animation>
    <animation id="spline1_jnt-anim" name="spline1_jnt"><animation><source id="spline1_jnt-Matrix-animation-input"><float_array id="spline1_jnt-Matrix-animation-input-array" count="61">

0.000000 0.033333 0.066667 0.100000 0.133333 0.166667 0.200000 0.233333 0.266667 0.300000 0.333333 0.366667 0.400000 0.433333 0.466667 0.500000
0.533333 0.566667 0.600000 0.633333 0.666667 0.700000 0.733333 0.766667 0.800000 0.833333 0.866667 0.900000 0.933333 0.966667 1.000000 1.033333
1.066667 1.100000 1.133333 1.166667 1.200000 1.233333 1.266667 1.300000 1.333333 1.366667 1.400000 1.433333 1.466667 1.500000 1.533333 1.566667
1.600000 1.633333 1.666667 1.700000 1.733333 1.766667 1.800000 1.833333 1.866667 1.900000 1.933333 1.966667 2.000000</float_array><technique_common><accessor source="#spline1_jnt-Matrix-animation-input-array" count="61"><param name="TIME" type="float"/></accessor></technique_common></source><source id="spline1_jnt-Matrix-animation-output-transform"><float_array id="spline1_jnt-Matrix-animation-output-transform-array" count="976">

0.997619 -0.068916 -0.002727 2.255646 0.068714 0.989723 0.125410 -24.847126 -0.005944 -0.125299 0.992101 -4.342799 0.000000 0.000000 0.000000 1.000000
0.997616 -0.068968 -0.002433 2.255646 0.068754 0.990245 0.121195 -24.847128 -0.005949 -0.121073 0.992626 -4.342797 0.000000 0.000000 0.000000 1.000000
0.997608 -0.069106 -0.001604 2.255646 0.068867 0.991620 0.109301 -24.847132 -0.005962 -0.109150 0.994007 -4.342793 0.000000 0.000000 0.000000 1.000000
0.997596 -0.069298 -0.000302 2.255646 0.069040 0.993489 0.090625 -24.847139 -0.005980 -0.090428 0.995885 -4.342786 0.000000 0.000000 0.000000 1.000000
0.997580 -0.069507 0.001416 2.255647 0.069262 0.995413 0.065994 -24.847147 -0.005997 -0.065737 0.997819 -4.342778 0.000000 0.000000 0.000000 1.000000
0.997562 -0.069692 0.003481 2.255647 0.069520 0.996915 0.036433 -24.847157 -0.006010 -0.036103 0.999330 -4.342769 0.000000 0.000000 0.000000 1.000000
0.997543 -0.069815 0.005792 2.255648 0.069796 0.997556 0.003387 -24.847164 -0.006014 -0.002974 0.999977 -4.342760 0.000000 0.000000 0.000000 1.000000
0.997524 -0.069847 0.008207 2.255649 0.070070 0.997056 -0.031129 -24.847174 -0.006008 0.031627 0.999482 -4.342750 0.000000 0.000000 0.000000 1.000000
0.997507 -0.069782 0.010542 2.255649 0.070319 0.995437 -0.064499 -24.847181 -0.005993 0.065079 0.997862 -4.342741 0.000000 0.000000 0.000000 1.000000
0.997493 -0.069644 0.012580 2.255650 0.070518 0.993107 -0.093626 -24.847189 -0.005972 0.094278 0.995528 -4.342734 0.000000 0.000000 0.000000 1.000000
0.997484 -0.069483 0.014086 2.255650 0.070646 0.990829 -0.115181 -24.847193 -0.005953 0.115886 0.993245 -4.342729 0.000000 0.000000 0.000000 1.000000
0.997478 -0.069337 0.015141 2.255650 0.070722 0.988948 -0.130306 -24.847195 -0.005938 0.131048 0.991358 -4.342725 0.000000 0.000000 0.000000 1.000000
0.997474 -0.069208 0.015992 2.255650 0.070784 0.987258 -0.142517 -24.847197 -0.005925 0.143289 0.989663 -4.342722 0.000000 0.000000 0.000000 1.000000
0.997471 -0.069099 0.016659 2.255650 0.070832 0.985827 -0.152079 -24.847198 -0.005915 0.152875 0.988228 -4.342720 0.000000 0.000000 0.000000 1.000000
0.997468 -0.069014 0.017162 2.255651 0.070870 0.984685 -0.159287 -24.847200 -0.005906 0.160100 0.987083 -4.342718 0.000000 0.000000 0.000000 1.000000
0.997466 -0.068951 0.017522 2.255651 0.070897 0.983834 -0.164452 -24.847200 -0.005900 0.165278 0.986229 -4.342717 0.000000 0.000000 0.000000 1.000000
0.997465 -0.068909 0.017763 2.255651 0.070917 0.983250 -0.167901 -24.847200 -0.005896 0.168735 0.985644 -4.342716 0.000000 0.000000 0.000000 1.000000
0.997464 -0.068884 0.017907 2.255651 0.070930 0.982894 -0.169967 -24.847200 -0.005893 0.170806 0.985287 -4.342715 0.000000 0.000000 0.000000 1.000000
0.997463 -0.068874 0.017979 2.255651 0.070937 0.982716 -0.170989 -24.847202 -0.005892 0.171831 0.985109 -4.342715 0.000000 0.000000 0.000000 1.000000
0.997463 -0.068872 0.018002 2.255651 0.070942 0.982660 -0.171310 -24.847202 -0.005891 0.172153 0.985053 -4.342715 0.000000 0.000000 0.000000 1.000000
0.997463 -0.068876 0.018000 2.255651 0.070945 0.982666 -0.171273 -24.847202 -0.005891 0.172116 0.985059 -4.342715 0.000000 0.000000 0.000000 1.000000
0.997463 -0.068883 0.017974 2.255651 0.070945 0.982731 -0.170897 -24.847202 -0.005892 0.171739 0.985125 -4.342715 0.000000 0.000000 0.000000 1.000000
0.997463 -0.068895 0.017903 2.255651 0.070939 0.982907 -0.169888 -24.847200 -0.005893 0.170727 0.985301 -4.342715 0.000000 0.000000 0.000000 1.000000
0.997464 -0.068914 0.017780 2.255651 0.070926 0.983211 -0.168121 -24.847200 -0.005895 0.168956 0.985606 -4.342716 0.000000 0.000000 0.000000 1.000000
1.000649 -0.068941 0.017650 2.255651 0.071132 0.983662 -0.165999 -24.847200 -0.005917 0.166299 0.989205 -4.342716 0.000000 0.000000 0.000000 1.000000
1.009682 -0.068978 0.017550 2.255651 0.071746 0.984273 -0.163795 -24.847198 -0.005976 0.162633 0.998751 -4.342717 0.000000 0.000000 0.000000 1.000000
1.023782 -0.069026 0.017451 2.255650 0.072712 0.985049 -0.161177 -24.847198 -0.006065 0.157842 1.013495 -4.342718 0.000000 0.000000 0.000000 1.000000
1.042171 -0.069084 0.017325 2.255650 0.073972 0.985992 -0.157789 -24.847197 -0.006181 0.151814 1.032683 -4.342720 0.000000 0.000000 0.000000 1.000000
1.064070 -0.069153 0.017140 2.255650 0.075471 0.987093 -0.153264 -24.847195 -0.006320 0.144446 1.055555 -4.342721 0.000000 0.000000 0.000000 1.000000
1.088698 -0.069231 0.016866 2.255650 0.077150 0.988336 -0.147223 -24.847193 -0.006477 0.135641 1.081341 -4.342723 0.000000 0.000000 0.000000 1.000000
1.115276 -0.069317 0.016471 2.255650 0.078954 0.989693 -0.139295 -24.847191 -0.006646 0.125311 1.109254 -4.342726 0.000000 0.000000 0.000000 1.000000
1.143024 -0.069407 0.015927 2.255650 0.080825 0.991124 -0.129124 -24.847189 -0.006824 0.113381 1.138489 -4.342729 0.000000 0.000000 0.000000 1.000000
1.171164 -0.069499 0.015207 2.255650 0.082708 0.992578 -0.116384 -24.847185 -0.007005 0.099791 1.168220 -4.342732 0.000000 0.000000 0.000000 1.000000
1.198915 -0.069589 0.014285 2.255649 0.084546 0.993991 -0.100803 -24.847183 -0.007185 0.084496 1.197594 -4.342736 0.000000 0.000000 0.000000 1.000000
1.225499 -0.069680 0.012920 2.255649 0.086262 0.995459 -0.078963 -24.847179 -0.007359 0.064851 1.225945 -4.342741 0.000000 0.000000 0.000000 1.000000
1.250137 -0.069757 0.010971 2.255649 0.087786 0.996779 -0.048945 -24.847174 -0.007522 0.039572 1.252234 -4.342748 0.000000 0.000000 0.000000 1.000000
1.272050 -0.069789 0.008593 2.255648 0.089079 0.997505 -0.013012 -24.847168 -0.007664 0.010649 1.275093 -4.342755 0.000000 0.000000 0.000000 1.000000
1.290456 -0.069758 0.005953 2.255648 0.090101 0.997363 0.026389 -24.847160 -0.007778 -0.020029 1.293338 -4.342764 0.000000 0.000000 0.000000 1.000000
1.304574 -0.069659 0.003218 2.255647 0.090815 0.996278 0.066786 -24.847153 -0.007858 -0.050774 1.306045 -4.342773 0.000000 0.000000 0.000000 1.000000
1.313624 -0.069502 0.000547 2.255647 0.091180 0.994357 0.105841 -24.847145 -0.007900 -0.080154 1.312548 -4.342782 0.000000 0.000000 0.000000 1.000000
1.316825 -0.069303 -0.001919 2.255646 0.091158 0.991840 0.141454 -24.847137 -0.007900 -0.107005 1.312398 -4.342792 0.000000 0.000000 0.000000 1.000000
1.257096 -0.069087 -0.003882 2.255646 0.086818 0.989053 0.164428 -24.847132 -0.007520 -0.130386 1.249333 -4.342800 0.000000 0.000000 0.000000 1.000000
1.125669 -0.068879 -0.004971 2.255646 0.077589 0.986371 0.168668 -24.847126 -0.006715 -0.149427 1.115671 -4.342807 0.000000 0.000000 0.000000 1.000000
0.994238 -0.068704 -0.005382 2.255645 0.068427 0.984109 0.163196 -24.847122 -0.005916 -0.163733 0.983140 -4.342813 0.000000 0.000000 0.000000 1.000000
0.934497 -0.068586 -0.005651 2.255645 0.064254 0.982559 0.161899 -24.847118 -0.005551 -0.172840 0.922606 -4.342816 0.000000 0.000000 0.000000 1.000000
0.935208 -0.068542 -0.005867 2.255645 0.064282 0.981985 0.165061 -24.847118 -0.005552 -0.176090 0.922766 -4.342817 0.000000 0.000000 0.000000 1.000000
0.937211 -0.068548 -0.005843 2.255645 0.064421 0.982086 0.164882 -24.847118 -0.005564 -0.175521 0.924838 -4.342817 0.000000 0.000000 0.000000 1.000000
0.940324 -0.068563 -0.005750 2.255645 0.064640 0.982389 0.163823 -24.847118 -0.005583 -0.173812 0.928196 -4.342816 0.000000 0.000000 0.000000 1.000000
0.944362 -0.068587 -0.005598 2.255645 0.064924 0.982859 0.161990 -24.847118 -0.005609 -0.171126 0.932627 -4.342815 0.000000 0.000000 0.000000 1.000000
0.949139 -0.068618 -0.005394 2.255645 0.065262 0.983460 0.159487 -24.847120 -0.005639 -0.167626 0.937918 -4.342814 0.000000 0.000000 0.000000 1.000000
0.954471 -0.068653 -0.005148 2.255645 0.065640 0.984156 0.156421 -24.847120 -0.005672 -0.163475 0.943855 -4.342813 0.000000 0.000000 0.000000 1.000000
0.960173 -0.068691 -0.004868 2.255645 0.066045 0.984912 0.152905 -24.847120 -0.005708 -0.158839 0.950222 -4.342811 0.000000 0.000000 0.000000 1.000000
0.966059 -0.068729 -0.004565 2.255645 0.066463 0.985695 0.149060 -24.847122 -0.005745 -0.153888 0.956808 -4.342809 0.000000 0.000000 0.000000 1.000000
0.971946 -0.068767 -0.004248 2.255645 0.066882 0.986473 0.145022 -24.847122 -0.005782 -0.148799 0.963398 -4.342807 0.000000 0.000000 0.000000 1.000000
0.977648 -0.068802 -0.003929 2.255645 0.067288 0.987219 0.140942 -24.847124 -0.005818 -0.143755 0.969782 -4.342805 0.000000 0.000000 0.000000 1.000000
0.982979 -0.068834 -0.003621 2.255645 0.067668 0.987905 0.136983 -24.847124 -0.005852 -0.138945 0.975748 -4.342803 0.000000 0.000000 0.000000 1.000000
0.987756 -0.068862 -0.003337 2.255645 0.068009 0.988509 0.133321 -24.847124 -0.005882 -0.134563 0.981090 -4.342802 0.000000 0.000000 0.000000 1.000000
0.991794 -0.068885 -0.003091 2.255646 0.068297 0.989012 0.130141 -24.847126 -0.005908 -0.130808 0.985600 -4.342801 0.000000 0.000000 0.000000 1.000000
0.994907 -0.068902 -0.002898 2.255646 0.068520 0.989394 0.127636 -24.847126 -0.005927 -0.127879 0.989075 -4.342800 0.000000 0.000000 0.000000 1.000000
0.996910 -0.068913 -0.002772 2.255646 0.068663 0.989637 0.125996 -24.847126 -0.005940 -0.125976 0.991310 -4.342799 0.000000 0.000000 0.000000 1.000000
0.997619 -0.068916 -0.002727 2.255646 0.068714 0.989723 0.125410 -24.847126 -0.005944 -0.125299 0.992101 -4.342799 0.000000 0.000000 0.000000 1.000000</float_array><technique_common><accessor source="#spline1_jnt-Matrix-animation-output-transform-array" count="61" stride="16"><param type="float4x4"/></accessor></technique_common></source><source id="spline1_jnt-Interpolations"><Name_array id="spline1_jnt-Interpolations-array" count="61">
 LINEAR LINEAR LINEAR LINEAR LINEAR LINEAR LINEAR LINEAR LINEAR LINEAR LINEAR
LINEAR LINEAR LINEAR LINEAR LINEAR LINEAR LINEAR LINEAR LINEAR LINEAR LINEAR LINEAR
LINEAR LINEAR LINEAR LINEAR LINEAR LINEAR LINEAR LINEAR LINEAR LINEAR LINEAR LINEAR
LINEAR LINEAR LINEAR LINEAR LINEAR LINEAR LINEAR LINEAR LINEAR LINEAR LINEAR LINEAR
LINEAR LINEAR LINEAR LINEAR LINEAR LINEAR LINEAR LINEAR LINEAR LINEAR LINEAR LINEAR
LINEAR LINEAR</Name_array><technique_common><accessor source="#spline1_jnt-Interpolations-array" count="61"><param type="name"/></accessor></technique_common></source><sampler id="spline1_jnt-Matrix-animation-transform"><input semantic="INPUT" source="#spline1_jnt-Matrix-animation-input"/><input semantic="OUTPUT" source="#spline1_jnt-Matrix-animation-output-transform"/><input semantic="INTERPOLATION" source="#spline1_jnt-Interpolations"/></sampler><channel source="#spline1_jnt-Matrix-animation-transform" target="spline1_jnt/matrix"/></animation></animation>
    <animation id="spline2_jnt-anim" name="spline2_jnt"><animation><source id="spline2_jnt-Matrix-animation-input"><float_array id="spline2_jnt-Matrix-animation-input-array" count="61">

0.000000 0.033333 0.066667 0.100000 0.133333 0.166667 0.200000 0.233333 0.266667 0.300000 0.333333 0.366667 0.400000 0.433333 0.466667 0.500000
0.533333 0.566667 0.600000 0.633333 0.666667 0.700000 0.733333 0.766667 0.800000 0.833333 0.866667 0.900000 0.933333 0.966667 1.000000 1.033333
1.066667 1.100000 1.133333 1.166667 1.200000 1.233333 1.266667 1.300000 1.333333 1.366667 1.400000 1.433333 1.466667 1.500000 1.533333 1.566667
1.600000 1.633333 1.666667 1.700000 1.733333 1.766667 1.800000 1.833333 1.866667 1.900000 1.933333 1.966667 2.000000</float_array><technique_common><accessor source="#spline2_jnt-Matrix-animation-input-array" count="61"><param name="TIME" type="float"/></accessor></technique_common></source><source id="spline2_jnt-Matrix-animation-output-transform"><float_array id="spline2_jnt-Matrix-animation-output-transform-array" count="976">

0.999999 0.001369 0.000100 -0.000000 -0.001340 0.989651 -0.143492 6.392069 -0.000296 0.143492 0.989651 0.000000 0.000000 0.000000 0.000000 1.000000
0.999999 0.001385 0.000101 0.000000 -0.001357 0.989664 -0.143396 6.368302 -0.000298 0.143395 0.989665 0.000000 0.000000 0.000000 0.000000 1.000000
0.999999 0.001436 0.000101 0.000000 -0.001407 0.989691 -0.143212 6.308374 -0.000305 0.143211 0.989692 0.000000 0.000000 0.000000 0.000000 1.000000
0.999999 0.001523 0.000101 -0.000000 -0.001493 0.989697 -0.143167 6.233004 -0.000318 0.143166 0.989699 0.000000 0.000000 0.000000 0.000000 1.000000
0.999999 0.001653 0.000100 0.000000 -0.001621 0.989648 -0.143510 6.163137 -0.000337 0.143510 0.989649 0.000000 0.000000 0.000000 0.000000 1.000000
0.999998 0.001826 0.000099 0.000000 -0.001793 0.989512 -0.144437 6.115387 -0.000362 0.144437 0.989514 0.000000 0.000000 0.000000 0.000000 1.000000
0.999998 0.002042 0.000096 -0.000000 -0.002006 0.989278 -0.146028 6.098927 -0.000393 0.146028 0.989280 -0.000000 0.000000 0.000000 0.000000 1.000000
0.999997 0.002286 0.000092 0.000000 -0.002247 0.988959 -0.148174 6.113876 -0.000430 0.148173 0.988961 0.000000 0.000000 0.000000 0.000000 1.000000
0.999997 0.002534 0.000087 0.000000 -0.002492 0.988606 -0.150503 6.151283 -0.000467 0.150502 0.988610 0.000000 0.000000 0.000000 0.000000 1.000000
0.999996 0.002750 0.000082 0.000000 -0.002705 0.988326 -0.152332 6.194816 -0.000500 0.152331 0.988329 0.000000 0.000000 0.000000 0.000000 1.000000
0.999996 0.002891 0.000081 0.000000 -0.002844 0.988262 -0.152741 6.224315 -0.000521 0.152741 0.988266 0.000000 0.000000 0.000000 0.000000 1.000000
0.999996 0.002971 0.000082 0.000000 -0.002924 0.988361 -0.152100 6.238274 -0.000533 0.152100 0.988365 0.000000 0.000000 0.000000 0.000000 1.000000
0.999995 0.003034 0.000083 -0.000000 -0.002987 0.988465 -0.151418 6.248217 -0.000541 0.151417 0.988470 0.000000 0.000000 0.000000 0.000000 1.000000
0.999995 0.003081 0.000084 0.000000 -0.003033 0.988574 -0.150707 6.253965 -0.000548 0.150706 0.988578 -0.000000 0.000000 0.000000 0.000000 1.000000
0.999995 0.003114 0.000086 -0.000000 -0.003066 0.988685 -0.149977 6.255615 -0.000552 0.149976 0.988690 0.000000 0.000000 0.000000 0.000000 1.000000
0.999995 0.003135 0.000087 -0.000000 -0.003087 0.988797 -0.149238 6.253461 -0.000554 0.149237 0.988801 0.000000 0.000000 0.000000 0.000000 1.000000
0.999995 0.003145 0.000089 0.000000 -0.003097 0.988908 -0.148497 6.247941 -0.000555 0.148496 0.988913 0.000000 0.000000 0.000000 0.000000 1.000000
0.999995 0.003147 0.000091 0.000000 -0.003099 0.989018 -0.147761 6.239580 -0.000555 0.147759 0.989023 0.000000 0.000000 0.000000 0.000000 1.000000
0.999995 0.003142 0.000092 0.000000 -0.003095 0.989127 -0.147031 6.228947 -0.000553 0.147030 0.989132 -0.000000 0.000000 0.000000 0.000000 1.000000
0.999995 0.003133 0.000094 0.000000 -0.003086 0.989234 -0.146310 6.216617 -0.000551 0.146309 0.989239 -0.000000 0.000000 0.000000 0.000000 1.000000
0.999995 0.003121 0.000096 -0.000000 -0.003074 0.989340 -0.145592 6.203149 -0.000549 0.145591 0.989345 0.000000 0.000000 0.000000 0.000000 1.000000
0.999995 0.003106 0.000097 0.000000 -0.003059 0.989448 -0.144856 6.189218 -0.000546 0.144855 0.989453 -0.000000 0.000000 0.000000 0.000000 1.000000
0.999995 0.003085 0.000099 0.000000 -0.003039 0.989559 -0.144100 6.175180 -0.000543 0.144099 0.989563 0.000000 0.000000 0.000000 0.000000 1.000000
0.999995 0.003060 0.000101 -0.000000 -0.003014 0.989667 -0.143350 6.161113 -0.000538 0.143349 0.989672 0.000000 0.000000 0.000000 0.000000 1.000000
1.003361 0.003018 0.000103 0.000000 -0.003002 0.989774 -0.143547 6.146644 -0.000535 0.142155 0.993110 0.000000 0.000000 0.000000 0.000000 1.000000
1.012450 0.002953 0.000105 -0.000000 -0.003017 0.989879 -0.145406 6.131406 -0.000534 0.140163 1.002212 0.000000 0.000000 0.000000 0.000000 1.000000
1.025661 0.002868 0.000108 -0.000000 -0.003052 0.989979 -0.148631 6.115561 -0.000533 0.137558 1.015392 0.000000 0.000000 0.000000 0.000000 1.000000
1.041377 0.002767 0.000111 -0.000000 -0.003098 0.990068 -0.152934 6.099335 -0.000533 0.134529 1.031043 -0.000000 0.000000 0.000000 0.000000 1.000000
1.058056 0.002654 0.000114 -0.000000 -0.003148 0.990145 -0.158040 6.083030 -0.000532 0.131256 1.047637 -0.000000 0.000000 0.000000 0.000000 1.000000
1.074298 0.002533 0.000117 -0.000000 -0.003193 0.990205 -0.163683 6.067025 -0.000530 0.127899 1.063783 -0.000000 0.000000 0.000000 0.000000 1.000000
1.088870 0.002407 0.000119 0.000000 -0.003227 0.990245 -0.169603 6.051790 -0.000526 0.124596 1.078256 0.000000 0.000000 0.000000 0.000000 1.000000
1.100706 0.002279 0.000120 -0.000000 -0.003243 0.990264 -0.175547 6.037886 -0.000519 0.121458 1.089997 0.000000 0.000000 0.000000 0.000000 1.000000
1.108889 0.002151 0.000121 0.000000 -0.003236 0.990259 -0.181256 6.025976 -0.000509 0.118574 1.098094 0.000000 0.000000 0.000000 0.000000 1.000000
1.112621 0.002025 0.000120 0.000000 -0.003202 0.990228 -0.186466 6.016829 -0.000497 0.116012 1.101755 -0.000000 0.000000 0.000000 0.000000 1.000000
1.111181 0.001891 0.000119 -0.000000 -0.003120 0.990149 -0.191122 6.013276 -0.000479 0.113956 1.100240 -0.000000 0.000000 0.000000 0.000000 1.000000
1.103883 0.001748 0.000116 -0.000000 -0.002979 0.990014 -0.194996 6.019475 -0.000456 0.112469 1.092865 0.000000 0.000000 0.000000 0.000000 1.000000
1.090033 0.001604 0.000112 0.000000 -0.002793 0.989851 -0.197508 6.037725 -0.000428 0.111428 1.078975 0.000000 0.000000 0.000000 0.000000 1.000000
1.050274 0.001467 0.000106 0.000000 -0.002533 0.989685 -0.194629 6.069227 -0.000390 0.110736 1.039444 0.000000 0.000000 0.000000 0.000000 1.000000
0.981209 0.001344 0.000097 0.000000 -0.002213 0.989533 -0.185159 6.113778 -0.000345 0.110339 0.970942 0.000000 0.000000 0.000000 0.000000 1.000000
0.904757 0.001237 0.000089 -0.000000 -0.001903 0.989407 -0.172942 6.169691 -0.000302 0.110235 0.895176 0.000000 0.000000 0.000000 0.000000 1.000000
0.841750 0.001150 0.000082 0.000000 -0.001652 0.989308 -0.162035 6.234056 -0.000267 0.110478 0.832752 0.000000 0.000000 0.000000 0.000000 1.000000
0.822475 0.001132 0.000079 -0.000000 -0.001448 0.989219 -0.151772 6.305345 -0.000250 0.116211 0.813609 0.000000 0.000000 0.000000 0.000000 1.000000
0.848049 0.001212 0.000080 -0.000000 -0.001281 0.989057 -0.141172 6.393100 -0.000251 0.130747 0.838770 0.000000 0.000000 0.000000 0.000000 1.000000
0.896755 0.001333 0.000084 0.000000 -0.001162 0.988916 -0.132690 6.470803 -0.000260 0.148976 0.886817 0.000000 0.000000 0.000000 0.000000 1.000000
0.926589 0.001391 0.000086 0.000000 -0.001106 0.988841 -0.129296 6.520575 -0.000265 0.159030 0.916252 0.000000 0.000000 0.000000 0.000000 1.000000
0.927469 0.001378 0.000086 0.000000 -0.001099 0.988826 -0.129606 6.535913 -0.000264 0.159018 0.917107 0.000000 0.000000 0.000000 0.000000 1.000000
0.929947 0.001374 0.000087 -0.000000 -0.001103 0.988847 -0.130107 6.530508 -0.000264 0.158527 0.919577 0.000000 0.000000 0.000000 0.000000 1.000000
0.933777 0.001370 0.000087 -0.000000 -0.001112 0.988885 -0.130859 6.521962 -0.000266 0.157740 0.923399 0.000000 0.000000 0.000000 0.000000 1.000000
0.938707 0.001367 0.000088 0.000000 -0.001124 0.988935 -0.131818 6.511054 -0.000267 0.156713 0.928321 0.000000 0.000000 0.000000 0.000000 1.000000
0.944485 0.001364 0.000089 0.000000 -0.001141 0.988995 -0.132940 6.498508 -0.000270 0.155502 0.934093 -0.000000 0.000000 0.000000 0.000000 1.000000
0.950867 0.001362 0.000090 0.000000 -0.001160 0.989063 -0.134177 6.484980 -0.000272 0.154158 0.940469 0.000000 0.000000 0.000000 0.000000 1.000000
0.957613 0.001361 0.000092 -0.000000 -0.001181 0.989136 -0.135482 6.471054 -0.000275 0.152731 0.947211 0.000000 0.000000 0.000000 0.000000 1.000000
0.964494 0.001361 0.000093 0.000000 -0.001204 0.989213 -0.136808 6.457242 -0.000278 0.151264 0.954091 0.000000 0.000000 0.000000 0.000000 1.000000
0.971291 0.001361 0.000094 -0.000000 -0.001228 0.989291 -0.138109 6.443982 -0.000281 0.149803 0.960892 0.000000 0.000000 0.000000 0.000000 1.000000
0.977797 0.001362 0.000096 0.000000 -0.001252 0.989369 -0.139347 6.431645 -0.000284 0.148394 0.967404 0.000000 0.000000 0.000000 0.000000 1.000000
0.983813 0.001363 0.000097 -0.000000 -0.001275 0.989442 -0.140484 6.420544 -0.000287 0.147080 0.973428 0.000000 0.000000 0.000000 0.000000 1.000000
0.989147 0.001365 0.000098 0.000000 -0.001295 0.989509 -0.141484 6.410941 -0.000290 0.145907 0.978772 -0.000000 0.000000 0.000000 0.000000 1.000000
0.993616 0.001366 0.000099 0.000000 -0.001313 0.989566 -0.142316 6.403068 -0.000292 0.144918 0.983251 0.000000 0.000000 0.000000 0.000000 1.000000
0.997036 0.001367 0.000100 0.000000 -0.001328 0.989611 -0.142949 6.397141 -0.000294 0.144156 0.986680 0.000000 0.000000 0.000000 0.000000 1.000000
0.999226 0.001368 0.000100 0.000000 -0.001337 0.989640 -0.143351 6.393388 -0.000295 0.143666 0.988876 0.000000 0.000000 0.000000 0.000000 1.000000
0.999999 0.001369 0.000100 -0.000000 -0.001340 0.989651 -0.143492 6.392069 -0.000296 0.143492 0.989651 0.000000 0.000000 0.000000 0.000000 1.000000</float_array><technique_common><accessor source="#spline2_jnt-Matrix-animation-output-transform-array" count="61" stride="16"><param type="float4x4"/></accessor></technique_common></source><source id="spline2_jnt-Interpolations"><Name_array id="spline2_jnt-Interpolations-array" count="61">
 LINEAR LINEAR LINEAR LINEAR LINEAR LINEAR LINEAR LINEAR LINEAR LINEAR LINEAR
LINEAR LINEAR LINEAR LINEAR LINEAR LINEAR LINEAR LINEAR LINEAR LINEAR LINEAR LINEAR
LINEAR LINEAR LINEAR LINEAR LINEAR LINEAR LINEAR LINEAR LINEAR LINEAR LINEAR LINEAR
LINEAR LINEAR LINEAR LINEAR LINEAR LINEAR LINEAR LINEAR LINEAR LINEAR LINEAR LINEAR
LINEAR LINEAR LINEAR LINEAR LINEAR LINEAR LINEAR LINEAR LINEAR LINEAR LINEAR LINEAR
LINEAR LINEAR</Name_array><technique_common><accessor source="#spline2_jnt-Interpolations-array" count="61"><param type="name"/></accessor></technique_common></source><sampler id="spline2_jnt-Matrix-animation-transform"><input semantic="INPUT" source="#spline2_jnt-Matrix-animation-input"/><input semantic="OUTPUT" source="#spline2_jnt-Matrix-animation-output-transform"/><input semantic="INTERPOLATION" source="#spline2_jnt-Interpolations"/></sampler><channel source="#spline2_jnt-Matrix-animation-transform" target="spline2_jnt/matrix"/></animation></animation>
    <animation id="spline3_jnt-anim" name="spline3_jnt"><animation><source id="spline3_jnt-Matrix-animation-input"><float_array id="spline3_jnt-Matrix-animation-input-array" count="61">

0.000000 0.033333 0.066667 0.100000 0.133333 0.166667 0.200000 0.233333 0.266667 0.300000 0.333333 0.366667 0.400000 0.433333 0.466667 0.500000
0.533333 0.566667 0.600000 0.633333 0.666667 0.700000 0.733333 0.766667 0.800000 0.833333 0.866667 0.900000 0.933333 0.966667 1.000000 1.033333
1.066667 1.100000 1.133333 1.166667 1.200000 1.233333 1.266667 1.300000 1.333333 1.366667 1.400000 1.433333 1.466667 1.500000 1.533333 1.566667
1.600000 1.633333 1.666667 1.700000 1.733333 1.766667 1.800000 1.833333 1.866667 1.900000 1.933333 1.966667 2.000000</float_array><technique_common><accessor source="#spline3_jnt-Matrix-animation-input-array" count="61"><param name="TIME" type="float"/></accessor></technique_common></source><source id="spline3_jnt-Matrix-animation-output-transform"><float_array id="spline3_jnt-Matrix-animation-output-transform-array" count="976">

0.999993 0.003708 -0.000338 0.000000 -0.003705 0.981569 -0.191073 6.000069 -0.000377 0.191073 0.981576 0.000000 0.000000 0.000000 0.000000 1.000000
0.999993 0.003717 -0.000340 0.000000 -0.003713 0.981437 -0.191751 5.976302 -0.000379 0.191751 0.981444 0.000000 0.000000 0.000000 0.000000 1.000000
0.999993 0.003746 -0.000348 0.000000 -0.003742 0.981032 -0.193809 5.916374 -0.000384 0.193809 0.981039 0.000000 0.000000 0.000000 0.000000 1.000000
0.999993 0.003805 -0.000362 0.000000 -0.003801 0.980300 -0.197478 5.841003 -0.000396 0.197478 0.980307 0.000000 0.000000 0.000000 0.000000 1.000000
0.999992 0.003902 -0.000385 0.000000 -0.003899 0.979144 -0.203129 5.771137 -0.000416 0.203129 0.979152 0.000000 0.000000 0.000000 0.000000 1.000000
0.999992 0.004040 -0.000417 0.000000 -0.004037 0.977457 -0.211098 5.723387 -0.000445 0.211097 0.977465 0.000000 0.000000 0.000000 0.000000 1.000000
0.999991 0.004213 -0.000461 0.000000 -0.004210 0.975166 -0.221434 5.706926 -0.000484 0.221434 0.975175 0.000000 0.000000 0.000000 0.000000 1.000000
0.999990 0.004400 -0.000514 0.000000 -0.004399 0.972320 -0.233611 5.721877 -0.000528 0.233611 0.972330 0.000000 0.000000 0.000000 0.000000 1.000000
0.999989 0.004574 -0.000572 0.000000 -0.004574 0.969181 -0.246307 5.759283 -0.000572 0.246307 0.969192 0.000000 0.000000 0.000000 0.000000 1.000000
0.999989 0.004705 -0.000624 0.000000 -0.004707 0.966284 -0.257434 5.802816 -0.000608 0.257434 0.966296 0.000000 0.000000 0.000000 0.000000 1.000000
0.999988 0.004771 -0.000658 0.000000 -0.004775 0.964368 -0.264522 5.832314 -0.000628 0.264522 0.964379 0.000000 0.000000 0.000000 0.000000 1.000000
0.999988 0.004794 -0.000675 0.000000 -0.004800 0.963324 -0.268300 5.846274 -0.000636 0.268300 0.963335 0.000000 0.000000 0.000000 0.000000 1.000000
0.999988 0.004808 -0.000689 0.000000 -0.004815 0.962526 -0.271148 5.856216 -0.000641 0.271148 0.962537 0.000000 0.000000 0.000000 0.000000 1.000000
0.999988 0.004815 -0.000698 0.000000 -0.004822 0.961959 -0.273152 5.861965 -0.000644 0.273152 0.961971 0.000000 0.000000 0.000000 0.000000 1.000000
0.999988 0.004816 -0.000703 0.000000 -0.004824 0.961600 -0.274411 5.863615 -0.000645 0.274411 0.961612 0.000000 0.000000 0.000000 0.000000 1.000000
0.999988 0.004813 -0.000706 0.000000 -0.004821 0.961423 -0.275030 5.861462 -0.000645 0.275031 0.961435 0.000000 0.000000 0.000000 0.000000 1.000000
0.999988 0.004806 -0.000706 0.000000 -0.004815 0.961398 -0.275119 5.855942 -0.000643 0.275119 0.961410 0.000000 0.000000 0.000000 0.000000 1.000000
0.999988 0.004797 -0.000704 0.000000 -0.004806 0.961493 -0.274787 5.847580 -0.000641 0.274787 0.961505 0.000000 0.000000 0.000000 0.000000 1.000000
0.999988 0.004786 -0.000701 0.000000 -0.004794 0.961677 -0.274143 5.836946 -0.000638 0.274143 0.961689 0.000000 0.000000 0.000000 0.000000 1.000000
0.999988 0.004773 -0.000697 0.000000 -0.004781 0.961919 -0.273293 5.824617 -0.000634 0.273293 0.961931 0.000000 0.000000 0.000000 0.000000 1.000000
0.999988 0.004758 -0.000692 0.000000 -0.004767 0.962189 -0.272342 5.811149 -0.000630 0.272342 0.962200 0.000000 0.000000 0.000000 0.000000 1.000000
0.999989 0.004742 -0.000686 0.000000 -0.004751 0.962494 -0.271261 5.797218 -0.000626 0.271261 0.962506 0.000000 0.000000 0.000000 0.000000 1.000000
0.999989 0.004725 -0.000680 0.000000 -0.004733 0.962864 -0.269947 5.783180 -0.000621 0.269947 0.962875 0.000000 0.000000 0.000000 0.000000 1.000000
0.999989 0.004706 -0.000672 0.000000 -0.004714 0.963298 -0.268394 5.769114 -0.000616 0.268394 0.963309 0.000000 0.000000 0.000000 0.000000 1.000000
1.002662 0.004655 -0.000665 0.000000 -0.004737 0.963805 -0.269034 5.754644 -0.000611 0.264827 0.966393 0.000000 0.000000 0.000000 0.000000 1.000000
1.008987 0.004550 -0.000659 0.000000 -0.004829 0.964395 -0.273435 5.739407 -0.000608 0.258013 0.973084 0.000000 0.000000 0.000000 0.000000 1.000000
1.016402 0.004405 -0.000652 0.000000 -0.004968 0.965065 -0.280307 5.723561 -0.000605 0.248850 0.980915 0.000000 0.000000 0.000000 0.000000 1.000000
1.022548 0.004236 -0.000643 0.000000 -0.005134 0.965812 -0.288388 5.707335 -0.000601 0.238228 0.987610 0.000000 0.000000 0.000000 0.000000 1.000000
1.025425 0.004055 -0.000630 0.000000 -0.005303 0.966630 -0.296451 5.691030 -0.000593 0.226929 0.991228 0.000000 0.000000 0.000000 0.000000 1.000000
1.023405 0.003875 -0.000613 0.000000 -0.005456 0.967515 -0.303327 5.675025 -0.000582 0.215576 0.990181 0.000000 0.000000 0.000000 0.000000 1.000000
