<?xml version="1.0" encoding="utf-8"?>
<COLLADA xmlns="http://www.collada.org/2005/11/COLLADASchema" version="1.4.1">
  <asset><contributor><author></author><authoring_tool>FBX COLLADA exporter</authoring_tool><comments></comments></contributor><created>2019-10-23T16:24:29Z</created><keywords></keywords><modified>2019-10-23T16:24:29Z</modified><revision></revision><subject></subject><title></title><unit meter="0.010000" name="centimeter"></unit><up_axis>Y_UP</up_axis></asset>
  <library_animations>
    <animation id="roller01_jnt-anim" name="roller01_jnt"><animation><source id="roller01_jnt-Matrix-animation-input"><float_array id="roller01_jnt-Matrix-animation-input-array" count="201">

0.000000 0.033333 0.066667 0.100000 0.133333 0.166667 0.200000 0.233333 0.266667 0.300000 0.333333 0.366667 0.400000 0.433333 0.466667 0.500000
0.533333 0.566667 0.600000 0.633333 0.666667 0.700000 0.733333 0.766667 0.800000 0.833333 0.866667 0.900000 0.933333 0.966667 1.000000 1.033333
1.066667 1.100000 1.133333 1.166667 1.200000 1.233333 1.266667 1.300000 1.333333 1.366667 1.400000 1.433333 1.466667 1.500000 1.533333 1.566667
1.600000 1.633333 1.666667 1.700000 1.733333 1.766667 1.800000 1.833333 1.866667 1.900000 1.933333 1.966667 2.000000 2.033333 2.066667 2.100000
2.133333 2.166667 2.200000 2.233333 2.266667 2.300000 2.333333 2.366667 2.400000 2.433333 2.466667 2.500000 2.533333 2.566667 2.600000 2.633333
2.666667 2.700000 2.733333 2.766667 2.800000 2.833333 2.866667 2.900000 2.933333 2.966667 3.000000 3.033333 3.066667 3.100000 3.133333 3.166667
3.200000 3.233333 3.266667 3.300000 3.333333 3.366667 3.400000 3.433333 3.466667 3.500000 3.533333 3.566667 3.600000 3.633333 3.666667 3.700000
3.733333 3.766667 3.800000 3.833333 3.866667 3.900000 3.933333 3.966667 4.000000 4.033333 4.066667 4.100000 4.133333 4.166667 4.200000 4.233333
4.266667 4.300000 4.333333 4.366667 4.400000 4.433333 4.466667 4.500000 4.533333 4.566667 4.600000 4.633333 4.666667 4.700000 4.733333 4.766667
4.800000 4.833333 4.866667 4.900000 4.933333 4.966667 5.000000 5.033333 5.066667 5.100000 5.133333 5.166667 5.200000 5.233333 5.266667 5.300000
5.333333 5.366667 5.400000 5.433333 5.466667 5.500000 5.533333 5.566667 5.600000 5.633333 5.666667 5.700000 5.733333 5.766667 5.800000 5.833333
5.866667 5.900000 5.933333 5.966667 6.000000 6.033333 6.066667 6.100000 6.133333 6.166667 6.200000 6.233333 6.266667 6.300000 6.333333 6.366667
6.400000 6.433333 6.466667 6.500000 6.533333 6.566667 6.600000 6.633333 6.666667</float_array><technique_common><accessor source="#roller01_jnt-Matrix-animation-input-array" count="201"><param name="TIME" type="float"/></accessor></technique_common></source><source id="roller01_jnt-Matrix-animation-output-transform"><float_array id="roller01_jnt-Matrix-animation-output-transform-array" count="3216">

1.000000 0.000000 0.000000 -0.003760 0.000000 1.000000 0.000000 4.255502 0.000000 0.000000 1.000000 -3.354627 0.000000 0.000000 0.000000 1.000000
1.000000 0.000000 0.000000 -0.003760 0.000000 0.999980 0.006303 4.255502 0.000000 -0.006303 0.999980 -3.354627 0.000000 0.000000 0.000000 1.000000
1.000000 0.000000 0.000000 -0.003760 0.000000 0.999688 0.024968 4.255502 0.000000 -0.024968 0.999688 -3.354627 0.000000 0.000000 0.000000 1.000000
1.000000 0.000000 0.000000 -0.003760 0.000000 0.998453 0.055606 4.255502 0.000000 -0.055606 0.998453 -3.354627 0.000000 0.000000 0.000000 1.000000
1.000000 0.000000 0.000000 -0.003760 0.000000 0.995209 0.097775 4.255502 0.000000 -0.097775 0.995209 -3.354627 0.000000 0.000000 0.000000 1.000000
1.000000 0.000000 0.000000 -0.003760 0.000000 0.988547 0.150915 4.255502 0.000000 -0.150915 0.988547 -3.354627 0.000000 0.000000 0.000000 1.000000
1.000000 0.000000 0.000000 -0.003760 0.000000 0.976772 0.214283 4.255502 0.000000 -0.214283 0.976772 -3.354627 0.000000 0.000000 0.000000 1.000000
1.000000 0.000000 0.000000 -0.003760 0.000000 0.957970 0.286868 4.255502 0.000000 -0.286868 0.957970 -3.354627 0.000000 0.000000 0.000000 1.000000
1.000000 0.000000 0.000000 -0.003760 0.000000 0.930095 0.367319 4.255502 0.000000 -0.367319 0.930095 -3.354627 0.000000 0.000000 0.000000 1.000000
1.000000 0.000000 0.000000 -0.003760 0.000000 0.891071 0.453864 4.255502 0.000000 -0.453864 0.891071 -3.354627 0.000000 0.000000 0.000000 1.000000
1.000000 0.000000 0.000000 -0.003760 0.000000 0.838916 0.544260 4.255502 0.000000 -0.544260 0.838916 -3.354627 0.000000 0.000000 0.000000 1.000000
1.000000 0.000000 0.000000 -0.003760 0.000000 0.771888 0.635758 4.255502 0.000000 -0.635758 0.771888 -3.354627 0.000000 0.000000 0.000000 1.000000
1.000000 0.000000 0.000000 -0.003760 0.000000 0.688643 0.725101 4.255502 0.000000 -0.725101 0.688643 -3.354627 0.000000 0.000000 0.000000 1.000000
1.000000 0.000000 0.000000 -0.003760 0.000000 0.588404 0.808567 4.255502 0.000000 -0.808567 0.588404 -3.354627 0.000000 0.000000 0.000000 1.000000
1.000000 0.000000 0.000000 -0.003760 0.000000 0.471134 0.882062 4.255502 0.000000 -0.882062 0.471134 -3.354627 0.000000 0.000000 0.000000 1.000000
1.000000 0.000000 0.000000 -0.003760 0.000000 0.337687 0.941259 4.255502 0.000000 -0.941259 0.337687 -3.354627 0.000000 0.000000 0.000000 1.000000
1.000000 0.000000 0.000000 -0.003760 0.000000 0.189934 0.981797 4.255502 0.000000 -0.981797 0.189934 -3.354627 0.000000 0.000000 0.000000 1.000000
1.000000 0.000000 0.000000 -0.003760 0.000000 0.030849 0.999524 4.255502 0.000000 -0.999524 0.030849 -3.354627 0.000000 0.000000 0.000000 1.000000
1.000000 0.000000 0.000000 -0.003760 0.000000 -0.135483 0.990780 4.255502 0.000000 -0.990780 -0.135483 -3.354627 0.000000 0.000000 0.000000 1.000000
1.000000 0.000000 0.000000 -0.003760 0.000000 -0.303919 0.952698 4.255502 0.000000 -0.952698 -0.303919 -3.354627 0.000000 0.000000 0.000000 1.000000
1.000000 0.000000 0.000000 -0.003760 0.000000 -0.468408 0.883512 4.255502 0.000000 -0.883512 -0.468408 -3.354627 0.000000 0.000000 0.000000 1.000000
1.000000 0.000000 0.000000 -0.003760 0.000000 -0.622232 0.782833 4.255502 0.000000 -0.782833 -0.622232 -3.354627 0.000000 0.000000 0.000000 1.000000
1.000000 0.000000 0.000000 -0.003760 0.000000 -0.758327 0.651875 4.255502 0.000000 -0.651875 -0.758327 -3.354627 0.000000 0.000000 0.000000 1.000000
1.000000 0.000000 0.000000 -0.003760 0.000000 -0.869693 0.493593 4.255502 0.000000 -0.493593 -0.869693 -3.354627 0.000000 0.000000 0.000000 1.000000
1.000000 0.000000 0.000000 -0.003760 0.000000 -0.949844 0.312724 4.255502 0.000000 -0.312724 -0.949844 -3.354627 0.000000 0.000000 0.000000 1.000000
1.000000 0.000000 0.000000 -0.003760 0.000000 -0.993286 0.115688 4.255502 0.000000 -0.115688 -0.993286 -3.354627 0.000000 0.000000 0.000000 1.000000
1.000000 0.000000 0.000000 -0.003760 0.000000 -0.995975 -0.089632 4.255502 0.000000 0.089632 -0.995975 -3.354627 0.000000 0.000000 0.000000 1.000000
1.000000 0.000000 0.000000 -0.003760 0.000000 -0.955727 -0.294254 4.255502 0.000000 0.294254 -0.955727 -3.354627 0.000000 0.000000 0.000000 1.000000
1.000000 0.000000 0.000000 -0.003760 0.000000 -0.872522 -0.488574 4.255502 0.000000 0.488574 -0.872522 -3.354627 0.000000 0.000000 0.000000 1.000000
1.000000 0.000000 0.000000 -0.003760 0.000000 -0.748681 -0.662930 4.255502 0.000000 0.662930 -0.748681 -3.354627 0.000000 0.000000 0.000000 1.000000
1.000000 0.000000 0.000000 -0.003760 0.000000 -0.588880 -0.808220 4.255502 0.000000 0.808220 -0.588880 -3.354627 0.000000 0.000000 0.000000 1.000000
1.000000 0.000000 0.000000 -0.003760 0.000000 -0.399998 -0.916516 4.255502 0.000000 0.916516 -0.399998 -3.354627 0.000000 0.000000 0.000000 1.000000
1.000000 0.000000 0.000000 -0.003760 0.000000 -0.190785 -0.981632 4.255502 0.000000 0.981632 -0.190785 -3.354627 0.000000 0.000000 0.000000 1.000000
1.000000 0.000000 0.000000 -0.003760 0.000000 0.028615 -0.999590 4.255502 0.000000 0.999590 0.028615 -3.354627 0.000000 0.000000 0.000000 1.000000
1.000000 0.000000 0.000000 -0.003760 0.000000 0.247273 -0.968946 4.255502 0.000000 0.968946 0.247273 -3.354627 0.000000 0.000000 0.000000 1.000000
1.000000 0.000000 0.000000 -0.003760 0.000000 0.454141 -0.890930 4.255502 0.000000 0.890930 0.454141 -3.354627 0.000000 0.000000 0.000000 1.000000
1.000000 0.000000 0.000000 -0.003760 0.000000 0.638759 -0.769407 4.255502 0.000000 0.769407 0.638759 -3.354627 0.000000 0.000000 0.000000 1.000000
1.000000 0.000000 0.000000 -0.003760 0.000000 0.791907 -0.610642 4.255502 0.000000 0.610642 0.791907 -3.354627 0.000000 0.000000 0.000000 1.000000
1.000000 0.000000 0.000000 -0.003760 0.000000 0.906183 -0.422886 4.255502 0.000000 0.422886 0.906183 -3.354627 0.000000 0.000000 0.000000 1.000000
1.000000 0.000000 0.000000 -0.003760 0.000000 0.976430 -0.215836 4.255502 0.000000 0.215836 0.976430 -3.354627 0.000000 0.000000 0.000000 1.000000
1.000000 0.000000 0.000000 -0.003760 0.000000 1.000000 -0.000000 4.255502 0.000000 0.000000 1.000000 -3.354627 0.000000 0.000000 0.000000 1.000000
1.000000 0.000000 0.000000 -0.003760 0.000000 0.976498 0.215528 4.255502 0.000000 -0.215528 0.976498 -3.354627 0.000000 0.000000 0.000000 1.000000
1.000000 0.000000 0.000000 -0.003760 0.000000 0.906619 0.421950 4.255502 0.000000 -0.421950 0.906619 -3.354627 0.000000 0.000000 0.000000 1.000000
1.000000 0.000000 0.000000 -0.003760 0.000000 0.793008 0.609211 4.255502 0.000000 -0.609211 0.793008 -3.354627 0.000000 0.000000 0.000000 1.000000
1.000000 0.000000 0.000000 -0.003760 0.000000 0.640517 0.767944 4.255502 0.000000 -0.767944 0.640517 -3.354627 0.000000 0.000000 0.000000 1.000000
1.000000 0.000000 0.000000 -0.003760 0.000000 0.456044 0.889957 4.255502 0.000000 -0.889957 0.456044 -3.354627 0.000000 0.000000 0.000000 1.000000
1.000000 0.000000 0.000000 -0.003760 0.000000 0.248248 0.968697 4.255502 0.000000 -0.968697 0.248248 -3.354627 0.000000 0.000000 0.000000 1.000000
1.000000 0.000000 0.000000 -0.003760 0.000000 0.027167 0.999631 4.255502 0.000000 -0.999631 0.027167 -3.354627 0.000000 0.000000 0.000000 1.000000
1.000000 0.000000 0.000000 -0.003760 0.000000 -0.196253 0.980553 4.255502 0.000000 -0.980553 -0.196253 -3.354627 0.000000 0.000000 0.000000 1.000000
1.000000 0.000000 0.000000 -0.003760 0.000000 -0.410706 0.911768 4.255502 0.000000 -0.911768 -0.410706 -3.354627 0.000000 0.000000 0.000000 1.000000
1.000000 0.000000 0.000000 -0.003760 0.000000 -0.605096 0.796153 4.255502 0.000000 -0.796153 -0.605096 -3.354627 0.000000 0.000000 0.000000 1.000000
1.000000 0.000000 0.000000 -0.003760 0.000000 -0.769136 0.639086 4.255502 0.000000 -0.639086 -0.769136 -3.354627 0.000000 0.000000 0.000000 1.000000
1.000000 0.000000 0.000000 -0.003760 0.000000 -0.893919 0.448229 4.255502 0.000000 -0.448229 -0.893919 -3.354627 0.000000 0.000000 0.000000 1.000000
1.000000 0.000000 0.000000 -0.003760 0.000000 -0.972432 0.233186 4.255502 0.000000 -0.233186 -0.972432 -3.354627 0.000000 0.000000 0.000000 1.000000
1.000000 0.000000 0.000000 -0.003760 0.000000 -0.999987 0.005040 4.255502 0.000000 -0.005040 -0.999987 -3.354627 0.000000 0.000000 0.000000 1.000000
1.000000 0.000000 0.000000 -0.003760 0.000000 -0.974540 -0.224214 4.255502 0.000000 0.224214 -0.974540 -3.354627 0.000000 0.000000 0.000000 1.000000
1.000000 0.000000 0.000000 -0.003760 0.000000 -0.896870 -0.442294 4.255502 0.000000 0.442294 -0.896870 -3.354627 0.000000 0.000000 0.000000 1.000000
1.000000 0.000000 0.000000 -0.003760 0.000000 -0.770613 -0.637304 4.255502 0.000000 0.637304 -0.770613 -3.354627 0.000000 0.000000 0.000000 1.000000
1.000000 0.000000 0.000000 -0.003760 0.000000 -0.602126 -0.798401 4.255502 0.000000 0.798401 -0.602126 -3.354627 0.000000 0.000000 0.000000 1.000000
1.000000 0.000000 0.000000 -0.003760 0.000000 -0.400203 -0.916426 4.255502 0.000000 0.916426 -0.400203 -3.354627 0.000000 0.000000 0.000000 1.000000
1.000000 0.000000 0.000000 -0.003760 0.000000 -0.175641 -0.984454 4.255502 0.000000 0.984454 -0.175641 -3.354627 0.000000 0.000000 0.000000 1.000000
1.000000 0.000000 0.000000 -0.003760 0.000000 0.059330 -0.998238 4.255502 0.000000 0.998238 0.059330 -3.354627 0.000000 0.000000 0.000000 1.000000
1.000000 0.000000 0.000000 -0.003760 0.000000 0.291702 -0.956509 4.255502 0.000000 0.956509 0.291702 -3.354627 0.000000 0.000000 0.000000 1.000000
1.000000 0.000000 0.000000 -0.003760 0.000000 0.508417 -0.861111 4.255502 0.000000 0.861111 0.508417 -3.354627 0.000000 0.000000 0.000000 1.000000
1.000000 0.000000 0.000000 -0.003760 0.000000 0.697114 -0.716960 4.255502 0.000000 0.716960 0.697114 -3.354627 0.000000 0.000000 0.000000 1.000000
1.000000 0.000000 0.000000 -0.003760 0.000000 0.846853 -0.531827 4.255502 0.000000 0.531827 0.846853 -3.354627 0.000000 0.000000 0.000000 1.000000
1.000000 0.000000 0.000000 -0.003760 0.000000 0.948781 -0.315935 4.255502 0.000000 0.315935 0.948781 -3.354627 0.000000 0.000000 0.000000 1.000000
1.000000 0.000000 0.000000 -0.003760 0.000000 0.996680 -0.081423 4.255502 0.000000 0.081423 0.996680 -3.354627 0.000000 0.000000 0.000000 1.000000
1.000000 0.000000 0.000000 -0.003760 0.000000 0.987384 0.158344 4.255502 0.000000 -0.158344 0.987384 -3.354627 0.000000 0.000000 0.000000 1.000000
1.000000 0.000000 0.000000 -0.003760 0.000000 0.921016 0.389525 4.255502 0.000000 -0.389525 0.921016 -3.354627 0.000000 0.000000 0.000000 1.000000
1.000000 0.000000 0.000000 -0.003760 0.000000 0.801036 0.598616 4.255502 0.000000 -0.598616 0.801036 -3.354627 0.000000 0.000000 0.000000 1.000000
1.000000 0.000000 0.000000 -0.003760 0.000000 0.634089 0.773260 4.255502 0.000000 -0.773260 0.634089 -3.354627 0.000000 0.000000 0.000000 1.000000
1.000000 0.000000 0.000000 -0.003760 0.000000 0.429668 0.902987 4.255502 0.000000 -0.902987 0.429668 -3.354627 0.000000 0.000000 0.000000 1.000000
1.000000 0.000000 0.000000 -0.003760 0.000000 0.199576 0.979882 4.255502 0.000000 -0.979882 0.199576 -3.354627 0.000000 0.000000 0.000000 1.000000
1.000000 0.000000 0.000000 -0.003760 0.000000 -0.042737 0.999086 4.255502 0.000000 -0.999086 -0.042737 -3.354627 0.000000 0.000000 0.000000 1.000000
1.000000 0.000000 0.000000 -0.003760 0.000000 -0.282957 0.959133 4.255502 0.000000 -0.959133 -0.282957 -3.354627 0.000000 0.000000 0.000000 1.000000
1.000000 0.000000 0.000000 -0.003760 0.000000 -0.506771 0.862081 4.255502 0.000000 -0.862081 -0.506771 -3.354627 0.000000 0.000000 0.000000 1.000000
1.000000 0.000000 0.000000 -0.003760 0.000000 -0.700720 0.713436 4.255502 0.000000 -0.713436 -0.700720 -3.354627 0.000000 0.000000 0.000000 1.000000
1.000000 0.000000 0.000000 -0.003760 0.000000 -0.853032 0.521859 4.255502 0.000000 -0.521859 -0.853032 -3.354627 0.000000 0.000000 0.000000 1.000000
1.000000 0.000000 0.000000 -0.003760 0.000000 -0.954357 0.298667 4.255502 0.000000 -0.298667 -0.954357 -3.354627 0.000000 0.000000 0.000000 1.000000
1.000000 0.000000 0.000000 -0.003760 0.000000 -0.998364 0.057182 4.255502 0.000000 -0.057182 -0.998364 -3.354627 0.000000 0.000000 0.000000 1.000000
1.000000 0.000000 0.000000 -0.003760 0.000000 -0.982155 -0.188074 4.255502 0.000000 0.188074 -0.982155 -3.354627 0.000000 0.000000 0.000000 1.000000
1.000000 0.000000 0.000000 -0.003760 0.000000 -0.906481 -0.422247 4.255502 0.000000 0.422247 -0.906481 -3.354627 0.000000 0.000000 0.000000 1.000000
1.000000 0.000000 0.000000 -0.003760 0.000000 -0.775724 -0.631072 4.255502 0.000000 0.631072 -0.775724 -3.354627 0.000000 0.000000 0.000000 1.000000
1.000000 0.000000 0.000000 -0.003760 0.000000 -0.597662 -0.801748 4.255502 0.000000 0.801748 -0.597662 -3.354627 0.000000 0.000000 0.000000 1.000000
1.000000 0.000000 0.000000 -0.003760 0.000000 -0.383012 -0.923743 4.255502 0.000000 0.923743 -0.383012 -3.354627 0.000000 0.000000 0.000000 1.000000
1.000000 0.000000 0.000000 -0.003760 0.000000 -0.144789 -0.989463 4.255502 0.000000 0.989463 -0.144789 -3.354627 0.000000 0.000000 0.000000 1.000000
1.000000 0.000000 0.000000 -0.003760 0.000000 0.102482 -0.994735 4.255502 0.000000 0.994735 0.102482 -3.354627 0.000000 0.000000 0.000000 1.000000
1.000000 0.000000 0.000000 -0.003760 0.000000 0.343661 -0.939094 4.255502 0.000000 0.939094 0.343661 -3.354627 0.000000 0.000000 0.000000 1.000000
1.000000 0.000000 0.000000 -0.003760 0.000000 0.563921 -0.825829 4.255502 0.000000 0.825829 0.563921 -3.354627 0.000000 0.000000 0.000000 1.000000
1.000000 0.000000 0.000000 -0.003760 0.000000 0.749685 -0.661795 4.255502 0.000000 0.661795 0.749685 -3.354627 0.000000 0.000000 0.000000 1.000000
1.000000 0.000000 0.000000 -0.003760 0.000000 0.889464 -0.457006 4.255502 0.000000 0.457006 0.889464 -3.354627 0.000000 0.000000 0.000000 1.000000
1.000000 0.000000 0.000000 -0.003760 0.000000 0.974584 -0.224021 4.255502 0.000000 0.224021 0.974584 -3.354627 0.000000 0.000000 0.000000 1.000000
1.000000 0.000000 0.000000 -0.003760 0.000000 0.999739 0.022833 4.255502 0.000000 -0.022833 0.999739 -3.354627 0.000000 0.000000 0.000000 1.000000
1.000000 0.000000 0.000000 -0.003760 0.000000 0.963324 0.268343 4.255502 0.000000 -0.268343 0.963324 -3.354627 0.000000 0.000000 0.000000 1.000000
1.000000 0.000000 0.000000 -0.003760 0.000000 0.867545 0.497359 4.255502 0.000000 -0.497359 0.867545 -3.354627 0.000000 0.000000 0.000000 1.000000
1.000000 0.000000 0.000000 -0.003760 0.000000 0.718291 0.695743 4.255502 0.000000 -0.695743 0.718291 -3.354627 0.000000 0.000000 0.000000 1.000000
1.000000 0.000000 0.000000 -0.003760 0.000000 0.524766 0.851247 4.255502 0.000000 -0.851247 0.524766 -3.354627 0.000000 0.000000 0.000000 1.000000
1.000000 0.000000 0.000000 -0.003760 0.000000 0.298913 0.954280 4.255502 0.000000 -0.954280 0.298913 -3.354627 0.000000 0.000000 0.000000 1.000000
1.000000 0.000000 0.000000 -0.003760 0.000000 0.054680 0.998504 4.255502 0.000000 -0.998504 0.054680 -3.354627 0.000000 0.000000 0.000000 1.000000
1.000000 0.000000 0.000000 -0.003760 0.000000 -0.192862 0.981226 4.255502 0.000000 -0.981226 -0.192862 -3.354627 0.000000 0.000000 0.000000 1.000000
1.000000 0.000000 0.000000 -0.003760 0.000000 -0.428458 0.903562 4.255502 0.000000 -0.903562 -0.428458 -3.354627 0.000000 0.000000 0.000000 1.000000
1.000000 0.000000 0.000000 -0.003760 0.000000 -0.637611 0.770359 4.255502 0.000000 -0.770359 -0.637611 -3.354627 0.000000 0.000000 0.000000 1.000000
1.000000 0.000000 0.000000 -0.003760 0.000000 -0.807486 0.589886 4.255502 0.000000 -0.589886 -0.807486 -3.354627 0.000000 0.000000 0.000000 1.000000
1.000000 0.000000 0.000000 -0.003760 0.000000 -0.927707 0.373310 4.255502 0.000000 -0.373310 -0.927707 -3.354627 0.000000 0.000000 0.000000 1.000000
1.000000 0.000000 0.000000 -0.003760 0.000000 -0.990983 0.133987 4.255502 0.000000 -0.133987 -0.990983 -3.354627 0.000000 0.000000 0.000000 1.000000
1.000000 0.000000 0.000000 -0.003760 0.000000 -0.993554 -0.113362 4.255502 0.000000 0.113362 -0.993554 -3.354627 0.000000 0.000000 0.000000 1.000000
1.000000 0.000000 0.000000 -0.003760 0.000000 -0.935402 -0.353586 4.255502 0.000000 0.353586 -0.935402 -3.354627 0.000000 0.000000 0.000000 1.000000
1.000000 0.000000 0.000000 -0.003760 0.000000 -0.820236 -0.572026 4.255502 0.000000 0.572026 -0.820236 -3.354627 0.000000 0.000000 0.000000 1.000000
1.000000 0.000000 0.000000 -0.003760 0.000000 -0.655234 -0.755426 4.255502 0.000000 0.755426 -0.655234 -3.354627 0.000000 0.000000 0.000000 1.000000
1.000000 0.000000 0.000000 -0.003760 0.000000 -0.450591 -0.892730 4.255502 0.000000 0.892730 -0.450591 -3.354627 0.000000 0.000000 0.000000 1.000000
1.000000 0.000000 0.000000 -0.003760 0.000000 -0.218862 -0.975756 4.255502 0.000000 0.975756 -0.218862 -3.354627 0.000000 0.000000 0.000000 1.000000
1.000000 0.000000 0.000000 -0.003760 0.000000 0.025823 -0.999667 4.255502 0.000000 0.999667 0.025823 -3.354627 0.000000 0.000000 0.000000 1.000000
1.000000 0.000000 0.000000 -0.003760 0.000000 0.268634 -0.963242 4.255502 0.000000 0.963242 0.268634 -3.354627 0.000000 0.000000 0.000000 1.000000
1.000000 0.000000 0.000000 -0.003760 0.000000 0.494951 -0.868921 4.255502 0.000000 0.868921 0.494951 -3.354627 0.000000 0.000000 0.000000 1.000000
1.000000 0.000000 0.000000 -0.003760 0.000000 0.691245 -0.722620 4.255502 0.000000 0.722620 0.691245 -3.354627 0.000000 0.000000 0.000000 1.000000
1.000000 0.000000 0.000000 -0.003760 0.000000 0.845906 -0.533332 4.255502 0.000000 0.533332 0.845906 -3.354627 0.000000 0.000000 0.000000 1.000000
1.000000 0.000000 0.000000 -0.003760 0.000000 0.949894 -0.312571 4.255502 0.000000 0.312571 0.949894 -3.354627 0.000000 0.000000 0.000000 1.000000
1.000000 0.000000 0.000000 -0.003760 0.000000 0.997286 -0.073620 4.255502 0.000000 0.073620 0.997286 -3.354627 0.000000 0.000000 0.000000 1.000000
1.000000 0.000000 0.000000 -0.003760 0.000000 0.985572 0.169257 4.255502 0.000000 -0.169257 0.985572 -3.354627 0.000000 0.000000 0.000000 1.000000
1.000000 0.000000 0.000000 -0.003760 0.000000 0.915773 0.401695 4.255502 0.000000 -0.401695 0.915773 -3.354627 0.000000 0.000000 0.000000 1.000000
1.000000 0.000000 0.000000 -0.003760 0.000000 0.792334 0.610087 4.255502 0.000000 -0.610087 0.792334 -3.354627 0.000000 0.000000 0.000000 1.000000
1.000000 0.000000 0.000000 -0.003760 0.000000 0.622813 0.782371 4.255502 0.000000 -0.782371 0.622813 -3.354627 0.000000 0.000000 0.000000 1.000000
1.000000 0.000000 0.000000 -0.003760 0.000000 0.417390 0.908727 4.255502 0.000000 -0.908727 0.417390 -3.354627 0.000000 0.000000 0.000000 1.000000
1.000000 0.000000 0.000000 -0.003760 0.000000 0.188232 0.982125 4.255502 0.000000 -0.982125 0.188232 -3.354627 0.000000 0.000000 0.000000 1.000000
1.000000 0.000000 0.000000 -0.003760 0.000000 -0.051257 0.998685 4.255502 0.000000 -0.998685 -0.051257 -3.354627 0.000000 0.000000 0.000000 1.000000
1.000000 0.000000 0.000000 -0.003760 0.000000 -0.287221 0.957864 4.255502 0.000000 -0.957864 -0.287221 -3.354627 0.000000 0.000000 0.000000 1.000000
1.000000 0.000000 0.000000 -0.003760 0.000000 -0.506185 0.862425 4.255502 0.000000 -0.862425 -0.506185 -3.354627 0.000000 0.000000 0.000000 1.000000
1.000000 0.000000 0.000000 -0.003760 0.000000 -0.695816 0.718220 4.255502 0.000000 -0.718220 -0.695816 -3.354627 0.000000 0.000000 0.000000 1.000000
1.000000 0.000000 0.000000 -0.003760 0.000000 -0.845606 0.533807 4.255502 0.000000 -0.533807 -0.845606 -3.354627 0.000000 0.000000 0.000000 1.000000
1.000000 0.000000 0.000000 -0.003760 0.000000 -0.947451 0.319902 4.255502 0.000000 -0.319902 -0.947451 -3.354627 0.000000 0.000000 0.000000 1.000000
1.000000 0.000000 0.000000 -0.003760 0.000000 -0.996056 0.088730 4.255502 0.000000 -0.088730 -0.996056 -3.354627 0.000000 0.000000 0.000000 1.000000
1.000000 0.000000 0.000000 -0.003760 0.000000 -0.989183 -0.146684 4.255502 0.000000 0.146684 -0.989183 -3.354627 0.000000 0.000000 0.000000 1.000000
1.000000 0.000000 0.000000 -0.003760 0.000000 -0.927720 -0.373277 4.255502 0.000000 0.373277 -0.927720 -3.354627 0.000000 0.000000 0.000000 1.000000
1.000000 0.000000 0.000000 -0.003760 0.000000 -0.815556 -0.578679 4.255502 0.000000 0.578679 -0.815556 -3.354627 0.000000 0.000000 0.000000 1.000000
1.000000 0.000000 0.000000 -0.003760 0.000000 -0.659306 -0.751875 4.255502 0.000000 0.751875 -0.659306 -3.354627 0.000000 0.000000 0.000000 1.000000
1.000000 0.000000 0.000000 -0.003760 0.000000 -0.467887 -0.883788 4.255502 0.000000 0.883788 -0.467887 -3.354627 0.000000 0.000000 0.000000 1.000000
1.000000 0.000000 0.000000 -0.003760 0.000000 -0.251978 -0.967733 4.255502 0.000000 0.967733 -0.251978 -3.354627 0.000000 0.000000 0.000000 1.000000
1.000000 0.000000 0.000000 -0.003760 0.000000 -0.023380 -0.999727 4.255502 0.000000 0.999727 -0.023380 -3.354627 0.000000 0.000000 0.000000 1.000000
1.000000 0.000000 0.000000 -0.003760 0.000000 0.205621 -0.978632 4.255502 0.000000 0.978632 0.205621 -3.354627 0.000000 0.000000 0.000000 1.000000
1.000000 0.000000 0.000000 -0.003760 0.000000 0.422948 -0.906154 4.255502 0.000000 0.906154 0.422948 -3.354627 0.000000 0.000000 0.000000 1.000000
1.000000 0.000000 0.000000 -0.003760 0.000000 0.617372 -0.786671 4.255502 0.000000 0.786671 0.617372 -3.354627 0.000000 0.000000 0.000000 1.000000
1.000000 0.000000 0.000000 -0.003760 0.000000 0.779069 -0.626938 4.255502 0.000000 0.626938 0.779069 -3.354627 0.000000 0.000000 0.000000 1.000000
1.000000 0.000000 0.000000 -0.003760 0.000000 0.900109 -0.435665 4.255502 0.000000 0.435665 0.900109 -3.354627 0.000000 0.000000 0.000000 1.000000
1.000000 0.000000 0.000000 -0.003760 0.000000 0.974817 -0.223005 4.255502 0.000000 0.223005 0.974817 -3.354627 0.000000 0.000000 0.000000 1.000000
1.000000 0.000000 0.000000 -0.003760 0.000000 1.000000 -0.000000 4.255502 0.000000 0.000000 1.000000 -3.354627 0.000000 0.000000 0.000000 1.000000
1.000000 0.000000 0.000000 -0.003760 0.000000 0.974379 0.224914 4.255502 0.000000 -0.224914 0.974379 -3.354627 0.000000 0.000000 0.000000 1.000000
1.000000 0.000000 0.000000 -0.003760 0.000000 0.896860 0.442315 4.255502 0.000000 -0.442315 0.896860 -3.354627 0.000000 0.000000 0.000000 1.000000
1.000000 0.000000 0.000000 -0.003760 0.000000 0.769133 0.639088 4.255502 0.000000 -0.639088 0.769133 -3.354627 0.000000 0.000000 0.000000 1.000000
1.000000 0.000000 0.000000 -0.003760 0.000000 0.596553 0.802574 4.255502 0.000000 -0.802574 0.596553 -3.354627 0.000000 0.000000 0.000000 1.000000
1.000000 0.000000 0.000000 -0.003760 0.000000 0.387966 0.921674 4.255502 0.000000 -0.921674 0.387966 -3.354627 0.000000 0.000000 0.000000 1.000000
1.000000 0.000000 0.000000 -0.003760 0.000000 0.155186 0.987885 4.255502 0.000000 -0.987885 0.155186 -3.354627 0.000000 0.000000 0.000000 1.000000
1.000000 0.000000 0.000000 -0.003760 0.000000 -0.087852 0.996134 4.255502 0.000000 -0.996134 -0.087852 -3.354627 0.000000 0.000000 0.000000 1.000000
1.000000 0.000000 0.000000 -0.003760 0.000000 -0.326178 0.945308 4.255502 0.000000 -0.945308 -0.326178 -3.354627 0.000000 0.000000 0.000000 1.000000
1.000000 0.000000 0.000000 -0.003760 0.000000 -0.545012 0.838428 4.255502 0.000000 -0.838428 -0.545012 -3.354627 0.000000 0.000000 0.000000 1.000000
1.000000 0.000000 0.000000 -0.003760 0.000000 -0.730973 0.682406 4.255502 0.000000 -0.682406 -0.730973 -3.354627 0.000000 0.000000 0.000000 1.000000
1.000000 0.000000 0.000000 -0.003760 0.000000 -0.873147 0.487457 4.255502 0.000000 -0.487457 -0.873147 -3.354627 0.000000 0.000000 0.000000 1.000000
1.000000 0.000000 0.000000 -0.003760 0.000000 -0.963924 0.266177 4.255502 0.000000 -0.266177 -0.963924 -3.354627 0.000000 0.000000 0.000000 1.000000
1.000000 0.000000 0.000000 -0.003760 0.000000 -0.999473 0.032455 4.255502 0.000000 -0.032455 -0.999473 -3.354627 0.000000 0.000000 0.000000 1.000000
1.000000 0.000000 0.000000 -0.003760 0.000000 -0.979855 -0.199708 4.255502 0.000000 0.199708 -0.979855 -3.354627 0.000000 0.000000 0.000000 1.000000
1.000000 0.000000 0.000000 -0.003760 0.000000 -0.908764 -0.417311 4.255502 0.000000 0.417311 -0.908764 -3.354627 0.000000 0.000000 0.000000 1.000000
1.000000 0.000000 0.000000 -0.003760 0.000000 -0.792963 -0.609270 4.255502 0.000000 0.609270 -0.792963 -3.354627 0.000000 0.000000 0.000000 1.000000
1.000000 0.000000 0.000000 -0.003760 0.000000 -0.641481 -0.767139 4.255502 0.000000 0.767139 -0.641481 -3.354627 0.000000 0.000000 0.000000 1.000000
1.000000 0.000000 0.000000 -0.003760 0.000000 -0.464679 -0.885479 4.255502 0.000000 0.885479 -0.464679 -3.354627 0.000000 0.000000 0.000000 1.000000
1.000000 0.000000 0.000000 -0.003760 0.000000 -0.273339 -0.961918 4.255502 0.000000 0.961918 -0.273339 -3.354627 0.000000 0.000000 0.000000 1.000000
1.000000 0.000000 0.000000 -0.003760 0.000000 -0.077775 -0.996971 4.255502 0.000000 0.996971 -0.077775 -3.354627 0.000000 0.000000 0.000000 1.000000
1.000000 0.000000 0.000000 -0.003760 0.000000 0.112856 -0.993611 4.255502 0.000000 0.993611 0.112856 -3.354627 0.000000 0.000000 0.000000 1.000000
1.000000 0.000000 0.000000 -0.003760 0.000000 0.291055 -0.956706 4.255502 0.000000 0.956706 0.291055 -3.354627 0.000000 0.000000 0.000000 1.000000
1.000000 0.000000 0.000000 -0.003760 0.000000 0.451262 -0.892391 4.255502 0.000000 0.892391 0.451262 -3.354627 0.000000 0.000000 0.000000 1.000000
1.000000 0.000000 0.000000 -0.003760 0.000000 0.589948 -0.807441 4.255502 0.000000 0.807441 0.589948 -3.354627 0.000000 0.000000 0.000000 1.000000
1.000000 0.000000 0.000000 -0.003760 0.000000 0.705484 -0.708726 4.255502 0.000000 0.708726 0.705484 -3.354627 0.000000 0.000000 0.000000 1.000000
1.000000 0.000000 0.000000 -0.003760 0.000000 0.797937 -0.602740 4.255502 0.000000 0.602740 0.797937 -3.354627 0.000000 0.000000 0.000000 1.000000
1.000000 0.000000 0.000000 -0.003760 0.000000 0.868716 -0.495310 4.255502 0.000000 0.495310 0.868716 -3.354627 0.000000 0.000000 0.000000 1.000000
1.000000 0.000000 0.000000 -0.003760 0.000000 0.920232 -0.391374 4.255502 0.000000 0.391374 0.920232 -3.354627 0.000000 0.000000 0.000000 1.000000
1.000000 0.000000 0.000000 -0.003760 0.000000 0.955515 -0.294942 4.255502 0.000000 0.294942 0.955515 -3.354627 0.000000 0.000000 0.000000 1.000000
1.000000 0.000000 0.000000 -0.003760 0.000000 0.977893 -0.209108 4.255502 0.000000 0.209108 0.977893 -3.354627 0.000000 0.000000 0.000000 1.000000
1.000000 0.000000 0.000000 -0.003760 0.000000 0.990687 -0.136155 4.255502 0.000000 0.136155 0.990687 -3.354627 0.000000 0.000000 0.000000 1.000000
1.000000 0.000000 0.000000 -0.003760 0.000000 0.996974 -0.077737 4.255502 0.000000 0.077737 0.996974 -3.354627 0.000000 0.000000 0.000000 1.000000
1.000000 0.000000 0.000000 -0.003760 0.000000 0.999387 -0.035019 4.255502 0.000000 0.035019 0.999387 -3.354627 0.000000 0.000000 0.000000 1.000000
1.000000 0.000000 0.000000 -0.003760 0.000000 0.999961 -0.008867 4.255502 0.000000 0.008867 0.999961 -3.354627 0.000000 0.000000 0.000000 1.000000
1.000000 0.000000 0.000000 -0.003760 0.000000 1.000000 -0.000000 4.255502 0.000000 0.000000 1.000000 -3.354627 0.000000 0.000000 0.000000 1.000000
1.000000 0.000000 0.000000 -0.003760 0.000000 1.000000 -0.000000 4.255502 0.000000 0.000000 1.000000 -3.354627 0.000000 0.000000 0.000000 1.000000
1.000000 0.000000 0.000000 -0.003760 0.000000 1.000000 -0.000000 4.255502 0.000000 0.000000 1.000000 -3.354627 0.000000 0.000000 0.000000 1.000000
1.000000 0.000000 0.000000 -0.003760 0.000000 1.000000 -0.000000 4.255502 0.000000 0.000000 1.000000 -3.354627 0.000000 0.000000 0.000000 1.000000
1.000000 0.000000 0.000000 -0.003760 0.000000 1.000000 -0.000000 4.255502 0.000000 0.000000 1.000000 -3.354627 0.000000 0.000000 0.000000 1.000000
1.000000 0.000000 0.000000 -0.003760 0.000000 1.000000 -0.000000 4.255502 0.000000 0.000000 1.000000 -3.354627 0.000000 0.000000 0.000000 1.000000
1.000000 0.000000 0.000000 -0.003760 0.000000 1.000000 -0.000000 4.255502 0.000000 0.000000 1.000000 -3.354627 0.000000 0.000000 0.000000 1.000000
1.000000 0.000000 0.000000 -0.003760 0.000000 1.000000 -0.000000 4.255502 0.000000 0.000000 1.000000 -3.354627 0.000000 0.000000 0.000000 1.000000
1.000000 0.000000 0.000000 -0.003760 0.000000 1.000000 -0.000000 4.255502 0.000000 0.000000 1.000000 -3.354627 0.000000 0.000000 0.000000 1.000000
1.000000 0.000000 0.000000 -0.003760 0.000000 1.000000 -0.000000 4.255502 0.000000 0.000000 1.000000 -3.354627 0.000000 0.000000 0.000000 1.000000
1.000000 0.000000 0.000000 -0.003760 0.000000 1.000000 -0.000000 4.255502 0.000000 0.000000 1.000000 -3.354627 0.000000 0.000000 0.000000 1.000000
1.000000 0.000000 0.000000 -0.003760 0.000000 1.000000 -0.000000 4.255502 0.000000 0.000000 1.000000 -3.354627 0.000000 0.000000 0.000000 1.000000
1.000000 0.000000 0.000000 -0.003760 0.000000 1.000000 -0.000000 4.255502 0.000000 0.000000 1.000000 -3.354627 0.000000 0.000000 0.000000 1.000000
1.000000 0.000000 0.000000 -0.003760 0.000000 1.000000 -0.000000 4.255502 0.000000 0.000000 1.000000 -3.354627 0.000000 0.000000 0.000000 1.000000
1.000000 0.000000 0.000000 -0.003760 0.000000 1.000000 -0.000000 4.255502 0.000000 0.000000 1.000000 -3.354627 0.000000 0.000000 0.000000 1.000000
1.000000 0.000000 0.000000 -0.003760 0.000000 1.000000 -0.000000 4.255502 0.000000 0.000000 1.000000 -3.354627 0.000000 0.000000 0.000000 1.000000
1.000000 0.000000 0.000000 -0.003760 0.000000 1.000000 -0.000000 4.255502 0.000000 0.000000 1.000000 -3.354627 0.000000 0.000000 0.000000 1.000000
1.000000 0.000000 0.000000 -0.003760 0.000000 1.000000 -0.000000 4.255502 0.000000 0.000000 1.000000 -3.354627 0.000000 0.000000 0.000000 1.000000
1.000000 0.000000 0.000000 -0.003760 0.000000 1.000000 -0.000000 4.255502 0.000000 0.000000 1.000000 -3.354627 0.000000 0.000000 0.000000 1.000000
1.000000 0.000000 0.000000 -0.003760 0.000000 1.000000 -0.000000 4.255502 0.000000 0.000000 1.000000 -3.354627 0.000000 0.000000 0.000000 1.000000
1.000000 0.000000 0.000000 -0.003760 0.000000 1.000000 -0.000000 4.255502 0.000000 0.000000 1.000000 -3.354627 0.000000 0.000000 0.000000 1.000000</float_array><technique_common><accessor source="#roller01_jnt-Matrix-animation-output-transform-array" count="201" stride="16"><param type="float4x4"/></accessor></technique_common></source><source id="roller01_jnt-Interpolations"><Name_array id="roller01_jnt-Interpolations-array" count="201">
 LINEAR LINEAR LINEAR LINEAR LINEAR LINEAR LINEAR LINEAR LINEAR LINEAR LINEAR
LINEAR LINEAR LINEAR LINEAR LINEAR LINEAR LINEAR LINEAR LINEAR LINEAR LINEAR LINEAR
LINEAR LINEAR LINEAR LINEAR LINEAR LINEAR LINEAR LINEAR LINEAR LINEAR LINEAR LINEAR
LINEAR LINEAR LINEAR LINEAR LINEAR LINEAR LINEAR LINEAR LINEAR LINEAR LINEAR LINEAR
LINEAR LINEAR LINEAR LINEAR LINEAR LINEAR LINEAR LINEAR LINEAR LINEAR LINEAR LINEAR
LINEAR LINEAR LINEAR LINEAR LINEAR LINEAR LINEAR LINEAR LINEAR LINEAR LINEAR LINEAR
LINEAR LINEAR LINEAR LINEAR LINEAR LINEAR LINEAR LINEAR LINEAR LINEAR LINEAR LINEAR
LINEAR LINEAR LINEAR LINEAR LINEAR LINEAR LINEAR LINEAR LINEAR LINEAR LINEAR LINEAR
LINEAR LINEAR LINEAR LINEAR LINEAR LINEAR LINEAR LINEAR LINEAR LINEAR LINEAR LINEAR
LINEAR LINEAR LINEAR LINEAR LINEAR LINEAR LINEAR LINEAR LINEAR LINEAR LINEAR LINEAR
LINEAR LINEAR LINEAR LINEAR LINEAR LINEAR LINEAR LINEAR LINEAR LINEAR LINEAR LINEAR
LINEAR LINEAR LINEAR LINEAR LINEAR LINEAR LINEAR LINEAR LINEAR LINEAR LINEAR LINEAR
LINEAR LINEAR LINEAR LINEAR LINEAR LINEAR LINEAR LINEAR LINEAR LINEAR LINEAR LINEAR
LINEAR LINEAR LINEAR LINEAR LINEAR LINEAR LINEAR LINEAR LINEAR LINEAR LINEAR LINEAR
LINEAR LINEAR LINEAR LINEAR LINEAR LINEAR LINEAR LINEAR LINEAR LINEAR LINEAR LINEAR
LINEAR LINEAR LINEAR LINEAR LINEAR LINEAR LINEAR LINEAR LINEAR LINEAR LINEAR LINEAR
LINEAR LINEAR LINEAR LINEAR LINEAR LINEAR LINEAR LINEAR LINEAR LINEAR</Name_array><technique_common><accessor source="#roller01_jnt-Interpolations-array" count="201"><param type="name"/></accessor></technique_common></source><sampler id="roller01_jnt-Matrix-animation-transform"><input semantic="INPUT" source="#roller01_jnt-Matrix-animation-input"/><input semantic="OUTPUT" source="#roller01_jnt-Matrix-animation-output-transform"/><input semantic="INTERPOLATION" source="#roller01_jnt-Interpolations"/></sampler><channel source="#roller01_jnt-Matrix-animation-transform" target="roller01_jnt/matrix"/></animation></animation>
    <animation id="flap01_jnt-anim" name="flap01_jnt"><animation><source id="flap01_jnt-Matrix-animation-input"><float_array id="flap01_jnt-Matrix-animation-input-array" count="201">

0.000000 0.033333 0.066667 0.100000 0.133333 0.166667 0.200000 0.233333 0.266667 0.300000 0.333333 0.366667 0.400000 0.433333 0.466667 0.500000
0.533333 0.566667 0.600000 0.633333 0.666667 0.700000 0.733333 0.766667 0.800000 0.833333 0.866667 0.900000 0.933333 0.966667 1.000000 1.033333
1.066667 1.100000 1.133333 1.166667 1.200000 1.233333 1.266667 1.300000 1.333333 1.366667 1.400000 1.433333 1.466667 1.500000 1.533333 1.566667
1.600000 1.633333 1.666667 1.700000 1.733333 1.766667 1.800000 1.833333 1.866667 1.900000 1.933333 1.966667 2.000000 2.033333 2.066667 2.100000
2.133333 2.166667 2.200000 2.233333 2.266667 2.300000 2.333333 2.366667 2.400000 2.433333 2.466667 2.500000 2.533333 2.566667 2.600000 2.633333
2.666667 2.700000 2.733333 2.766667 2.800000 2.833333 2.866667 2.900000 2.933333 2.966667 3.000000 3.033333 3.066667 3.100000 3.133333 3.166667
3.200000 3.233333 3.266667 3.300000 3.333333 3.366667 3.400000 3.433333 3.466667 3.500000 3.533333 3.566667 3.600000 3.633333 3.666667 3.700000
3.733333 3.766667 3.800000 3.833333 3.866667 3.900000 3.933333 3.966667 4.000000 4.033333 4.066667 4.100000 4.133333 4.166667 4.200000 4.233333
4.266667 4.300000 4.333333 4.366667 4.400000 4.433333 4.466667 4.500000 4.533333 4.566667 4.600000 4.633333 4.666667 4.700000 4.733333 4.766667
4.800000 4.833333 4.866667 4.900000 4.933333 4.966667 5.000000 5.033333 5.066667 5.100000 5.133333 5.166667 5.200000 5.233333 5.266667 5.300000
5.333333 5.366667 5.400000 5.433333 5.466667 5.500000 5.533333 5.566667 5.600000 5.633333 5.666667 5.700000 5.733333 5.766667 5.800000 5.833333
5.866667 5.900000 5.933333 5.966667 6.000000 6.033333 6.066667 6.100000 6.133333 6.166667 6.200000 6.233333 6.266667 6.300000 6.333333 6.366667
6.400000 6.433333 6.466667 6.500000 6.533333 6.566667 6.600000 6.633333 6.666667</float_array><technique_common><accessor source="#flap01_jnt-Matrix-animation-input-array" count="201"><param name="TIME" type="float"/></accessor></technique_common></source><source id="flap01_jnt-Matrix-animation-output-transform"><float_array id="flap01_jnt-Matrix-animation-output-transform-array" count="3216">

1.000000 0.000000 0.000000 -0.000000 0.000000 1.000000 0.000000 -0.655647 0.000000 0.000000 1.000000 -2.054142 0.000000 0.000000 0.000000 1.000000
1.000000 0.000000 0.000000 -0.000000 0.000000 1.000000 0.000000 -0.655647 0.000000 0.000000 1.000000 -2.054142 0.000000 0.000000 0.000000 1.000000
1.000000 0.000000 0.000000 -0.000000 0.000000 1.000000 0.000000 -0.655647 0.000000 0.000000 1.000000 -2.054142 0.000000 0.000000 0.000000 1.000000
1.000000 0.000000 0.000000 -0.000000 0.000000 1.000000 0.000000 -0.655647 0.000000 0.000000 1.000000 -2.054142 0.000000 0.000000 0.000000 1.000000
1.000000 0.000000 0.000000 -0.000000 0.000000 1.000000 0.000000 -0.655647 0.000000 0.000000 1.000000 -2.054142 0.000000 0.000000 0.000000 1.000000
1.000000 0.000000 0.000000 -0.000000 0.000000 1.000000 0.000000 -0.655647 0.000000 0.000000 1.000000 -2.054142 0.000000 0.000000 0.000000 1.000000
1.000000 0.000000 0.000000 -0.000000 0.000000 1.000000 0.000000 -0.655647 0.000000 0.000000 1.000000 -2.054142 0.000000 0.000000 0.000000 1.000000
1.000000 0.000000 0.000000 -0.000000 0.000000 1.000000 0.000000 -0.655647 0.000000 0.000000 1.000000 -2.054142 0.000000 0.000000 0.000000 1.000000
1.000000 0.000000 0.000000 -0.000000 0.000000 1.000000 0.000000 -0.655647 0.000000 0.000000 1.000000 -2.054142 0.000000 0.000000 0.000000 1.000000
1.000000 0.000000 0.000000 -0.000000 0.000000 1.000000 0.000000 -0.655647 0.000000 0.000000 1.000000 -2.054142 0.000000 0.000000 0.000000 1.000000
1.000000 0.000000 0.000000 -0.000000 0.000000 1.000000 0.000000 -0.655647 0.000000 0.000000 1.000000 -2.054142 0.000000 0.000000 0.000000 1.000000
1.000000 0.000000 0.000000 -0.000000 0.000000 1.000000 0.000000 -0.655647 0.000000 0.000000 1.000000 -2.054142 0.000000 0.000000 0.000000 1.000000
1.000000 0.000000 0.000000 -0.000000 0.000000 1.000000 0.000000 -0.655647 0.000000 0.000000 1.000000 -2.054142 0.000000 0.000000 0.000000 1.000000
1.000000 0.000000 0.000000 -0.000000 0.000000 1.000000 0.000000 -0.655647 0.000000 0.000000 1.000000 -2.054142 0.000000 0.000000 0.000000 1.000000
1.000000 0.000000 0.000000 -0.000000 0.000000 1.000000 0.000000 -0.655647 0.000000 0.000000 1.000000 -2.054142 0.000000 0.000000 0.000000 1.000000
1.000000 0.000000 0.000000 -0.000000 0.000000 1.000000 0.000000 -0.655647 0.000000 0.000000 1.000000 -2.054142 0.000000 0.000000 0.000000 1.000000
1.000000 0.000000 0.000000 -0.000000 0.000000 1.000000 0.000000 -0.655647 0.000000 0.000000 1.000000 -2.054142 0.000000 0.000000 0.000000 1.000000
1.000000 0.000000 0.000000 -0.000000 0.000000 1.000000 0.000000 -0.655647 0.000000 0.000000 1.000000 -2.054142 0.000000 0.000000 0.000000 1.000000
1.000000 0.000000 0.000000 -0.000000 0.000000 1.000000 0.000000 -0.655647 0.000000 0.000000 1.000000 -2.054142 0.000000 0.000000 0.000000 1.000000
