<?xml version="1.0" encoding="utf-8"?>
<COLLADA xmlns="http://www.collada.org/2005/11/COLLADASchema" version="1.4.1">
  <asset><contributor><author></author><authoring_tool>FBX COLLADA exporter</authoring_tool><comments></comments></contributor><created>2022-02-15T14:03:08Z</created><keywords></keywords><modified>2022-02-15T14:03:08Z</modified><revision></revision><subject></subject><title></title><unit meter="0.010000" name="centimeter"></unit><up_axis>Y_UP</up_axis></asset>
  <library_animations>
    <animation id="jnt_right_lip-anim" name="jnt_right_lip"><animation><source id="jnt_right_lip-Matrix-animation-input"><float_array id="jnt_right_lip-Matrix-animation-input-array" count="121">

0.000000 0.033333 0.066667 0.100000 0.133333 0.166667 0.200000 0.233333 0.266667 0.300000 0.333333 0.366667 0.400000 0.433333 0.466667 0.500000
0.533333 0.566667 0.600000 0.633333 0.666667 0.700000 0.733333 0.766667 0.800000 0.833333 0.866667 0.900000 0.933333 0.966667 1.000000 1.033333
1.066667 1.100000 1.133333 1.166667 1.200000 1.233333 1.266667 1.300000 1.333333 1.366667 1.400000 1.433333 1.466667 1.500000 1.533333 1.566667
1.600000 1.633333 1.666667 1.700000 1.733333 1.766667 1.800000 1.833333 1.866667 1.900000 1.933333 1.966667 2.000000 2.033333 2.066667 2.100000
2.133333 2.166667 2.200000 2.233333 2.266667 2.300000 2.333333 2.366667 2.400000 2.433333 2.466667 2.500000 2.533333 2.566667 2.600000 2.633333
2.666667 2.700000 2.733333 2.766667 2.800000 2.833333 2.866667 2.900000 2.933333 2.966667 3.000000 3.033333 3.066667 3.100000 3.133333 3.166667
3.200000 3.233333 3.266667 3.300000 3.333333 3.366667 3.400000 3.433333 3.466667 3.500000 3.533333 3.566667 3.600000 3.633333 3.666667 3.700000
3.733333 3.766667 3.800000 3.833333 3.866667 3.900000 3.933333 3.966667 4.000000</float_array><technique_common><accessor source="#jnt_right_lip-Matrix-animation-input-array" count="121"><param name="TIME" type="float"/></accessor></technique_common></source><source id="jnt_right_lip-Matrix-animation-output-transform"><float_array id="jnt_right_lip-Matrix-animation-output-transform-array" count="1936">

-0.013394 0.999384 -0.032445 0.074391 0.417928 0.035073 0.907803 0.551795 0.908381 -0.001401 -0.418141 -0.287765 0.000000 0.000000 0.000000 1.000000
-0.013381 0.999385 -0.032417 0.074405 0.417929 0.035042 0.907804 0.551792 0.908381 -0.001401 -0.418141 -0.287765 0.000000 0.000000 0.000000 1.000000
-0.013342 0.999388 -0.032335 0.074446 0.417930 0.034952 0.907807 0.551785 0.908381 -0.001402 -0.418141 -0.287765 0.000000 0.000000 0.000000 1.000000
-0.013279 0.999393 -0.032201 0.074514 0.417933 0.034804 0.907811 0.551773 0.908381 -0.001403 -0.418141 -0.287766 0.000000 0.000000 0.000000 1.000000
-0.013193 0.999400 -0.032017 0.074608 0.417936 0.034600 0.907817 0.551757 0.908381 -0.001404 -0.418142 -0.287766 0.000000 0.000000 0.000000 1.000000
-0.013084 0.999409 -0.031784 0.074725 0.417940 0.034343 0.907825 0.551736 0.908381 -0.001406 -0.418142 -0.287767 0.000000 0.000000 0.000000 1.000000
-0.012953 0.999420 -0.031505 0.074867 0.417944 0.034034 0.907835 0.551712 0.908380 -0.001408 -0.418143 -0.287767 0.000000 0.000000 0.000000 1.000000
-0.012801 0.999432 -0.031181 0.075030 0.417950 0.033677 0.907846 0.551683 0.908380 -0.001411 -0.418143 -0.287768 0.000000 0.000000 0.000000 1.000000
-0.012629 0.999445 -0.030815 0.075215 0.417956 0.033273 0.907858 0.551650 0.908380 -0.001414 -0.418144 -0.287769 0.000000 0.000000 0.000000 1.000000
-0.012438 0.999460 -0.030409 0.075421 0.417962 0.032824 0.907871 0.551614 0.908379 -0.001417 -0.418145 -0.287770 0.000000 0.000000 0.000000 1.000000
-0.012230 0.999476 -0.029965 0.075646 0.417970 0.032333 0.907885 0.551573 0.908379 -0.001421 -0.418146 -0.287771 0.000000 0.000000 0.000000 1.000000
-0.012004 0.999493 -0.029483 0.075890 0.417977 0.031801 0.907901 0.551529 0.908378 -0.001425 -0.418147 -0.287772 0.000000 0.000000 0.000000 1.000000
-0.011762 0.999511 -0.028968 0.076151 0.417985 0.031232 0.907917 0.551482 0.908378 -0.001429 -0.418148 -0.287773 0.000000 0.000000 0.000000 1.000000
-0.011505 0.999530 -0.028419 0.076428 0.417993 0.030626 0.907934 0.551432 0.908377 -0.001434 -0.418149 -0.287774 0.000000 0.000000 0.000000 1.000000
-0.011233 0.999549 -0.027841 0.076721 0.418002 0.029987 0.907951 0.551378 0.908377 -0.001438 -0.418151 -0.287776 0.000000 0.000000 0.000000 1.000000
-0.010948 0.999569 -0.027233 0.077028 0.418011 0.029316 0.907969 0.551321 0.908376 -0.001443 -0.418152 -0.287777 0.000000 0.000000 0.000000 1.000000
-0.010650 0.999589 -0.026599 0.077349 0.418020 0.028616 0.907987 0.551261 0.908375 -0.001448 -0.418153 -0.287778 0.000000 0.000000 0.000000 1.000000
-0.010341 0.999610 -0.025940 0.077682 0.418029 0.027888 0.908005 0.551198 0.908375 -0.001454 -0.418155 -0.287780 0.000000 0.000000 0.000000 1.000000
-0.010022 0.999631 -0.025259 0.078027 0.418039 0.027135 0.908024 0.551133 0.908374 -0.001459 -0.418156 -0.287782 0.000000 0.000000 0.000000 1.000000
-0.009692 0.999651 -0.024557 0.078382 0.418048 0.026360 0.908042 0.551065 0.908373 -0.001465 -0.418158 -0.287783 0.000000 0.000000 0.000000 1.000000
-0.009354 0.999672 -0.023836 0.078746 0.418057 0.025563 0.908061 0.550995 0.908372 -0.001471 -0.418159 -0.287785 0.000000 0.000000 0.000000 1.000000
-0.009008 0.999693 -0.023098 0.079119 0.418067 0.024749 0.908079 0.550922 0.908372 -0.001477 -0.418161 -0.287787 0.000000 0.000000 0.000000 1.000000
-0.008655 0.999713 -0.022346 0.079500 0.418076 0.023917 0.908097 0.550847 0.908371 -0.001483 -0.418163 -0.287788 0.000000 0.000000 0.000000 1.000000
-0.008296 0.999733 -0.021581 0.079887 0.418085 0.023072 0.908115 0.550770 0.908370 -0.001489 -0.418165 -0.287790 0.000000 0.000000 0.000000 1.000000
-0.007931 0.999752 -0.020804 0.080279 0.418094 0.022215 0.908132 0.550692 0.908369 -0.001496 -0.418166 -0.287792 0.000000 0.000000 0.000000 1.000000
-0.007563 0.999771 -0.020020 0.080676 0.418102 0.021348 0.908149 0.550611 0.908368 -0.001502 -0.418168 -0.287794 0.000000 0.000000 0.000000 1.000000
-0.007191 0.999789 -0.019227 0.081076 0.418111 0.020473 0.908165 0.550530 0.908368 -0.001508 -0.418170 -0.287796 0.000000 0.000000 0.000000 1.000000
-0.006817 0.999807 -0.018431 0.081479 0.418119 0.019593 0.908181 0.550447 0.908367 -0.001515 -0.418172 -0.287798 0.000000 0.000000 0.000000 1.000000
-0.006442 0.999824 -0.017631 0.081883 0.418127 0.018709 0.908196 0.550363 0.908366 -0.001521 -0.418174 -0.287800 0.000000 0.000000 0.000000 1.000000
-0.006066 0.999840 -0.016830 0.082287 0.418134 0.017825 0.908210 0.550278 0.908365 -0.001528 -0.418175 -0.287802 0.000000 0.000000 0.000000 1.000000
-0.005691 0.999855 -0.016030 0.082691 0.418141 0.016941 0.908224 0.550192 0.908364 -0.001534 -0.418177 -0.287803 0.000000 0.000000 0.000000 1.000000
-0.005317 0.999870 -0.015233 0.083094 0.418148 0.016061 0.908237 0.550106 0.908363 -0.001541 -0.418179 -0.287805 0.000000 0.000000 0.000000 1.000000
-0.004945 0.999883 -0.014441 0.083494 0.418155 0.015186 0.908249 0.550020 0.908362 -0.001547 -0.418181 -0.287807 0.000000 0.000000 0.000000 1.000000
-0.004577 0.999896 -0.013656 0.083890 0.418161 0.014318 0.908260 0.549934 0.908362 -0.001553 -0.418183 -0.287809 0.000000 0.000000 0.000000 1.000000
-0.004213 0.999908 -0.012880 0.084282 0.418166 0.013461 0.908271 0.549848 0.908361 -0.001560 -0.418185 -0.287811 0.000000 0.000000 0.000000 1.000000
-0.003853 0.999919 -0.012114 0.084669 0.418172 0.012616 0.908280 0.549762 0.908360 -0.001566 -0.418186 -0.287813 0.000000 0.000000 0.000000 1.000000
-0.003500 0.999929 -0.011362 0.085049 0.418177 0.011784 0.908289 0.549678 0.908359 -0.001572 -0.418188 -0.287815 0.000000 0.000000 0.000000 1.000000
-0.003154 0.999939 -0.010624 0.085421 0.418181 0.010969 0.908297 0.549594 0.908358 -0.001578 -0.418190 -0.287817 0.000000 0.000000 0.000000 1.000000
-0.002816 0.999947 -0.009903 0.085785 0.418185 0.010173 0.908305 0.549511 0.908357 -0.001584 -0.418192 -0.287818 0.000000 0.000000 0.000000 1.000000
-0.002486 0.999955 -0.009200 0.086139 0.418189 0.009397 0.908311 0.549431 0.908357 -0.001590 -0.418194 -0.287820 0.000000 0.000000 0.000000 1.000000
-0.002166 0.999961 -0.008519 0.086483 0.418192 0.008644 0.908317 0.549351 0.908356 -0.001595 -0.418195 -0.287822 0.000000 0.000000 0.000000 1.000000
-0.001857 0.999967 -0.007860 0.086815 0.418196 0.007916 0.908322 0.549274 0.908355 -0.001600 -0.418197 -0.287824 0.000000 0.000000 0.000000 1.000000
-0.001559 0.999973 -0.007226 0.087135 0.418198 0.007215 0.908327 0.549200 0.908354 -0.001605 -0.418198 -0.287825 0.000000 0.000000 0.000000 1.000000
-0.001274 0.999977 -0.006618 0.087442 0.418201 0.006544 0.908331 0.549128 0.908354 -0.001610 -0.418200 -0.287827 0.000000 0.000000 0.000000 1.000000
-0.001002 0.999981 -0.006039 0.087734 0.418203 0.005905 0.908334 0.549059 0.908353 -0.001615 -0.418201 -0.287828 0.000000 0.000000 0.000000 1.000000
-0.000745 0.999985 -0.005490 0.088010 0.418205 0.005299 0.908337 0.548993 0.908352 -0.001619 -0.418202 -0.287830 0.000000 0.000000 0.000000 1.000000
-0.000503 0.999988 -0.004974 0.088270 0.418207 0.004729 0.908340 0.548931 0.908352 -0.001624 -0.418204 -0.287831 0.000000 0.000000 0.000000 1.000000
-0.000277 0.999990 -0.004493 0.088513 0.418208 0.004197 0.908342 0.548873 0.908351 -0.001628 -0.418205 -0.287832 0.000000 0.000000 0.000000 1.000000
-0.000068 0.999992 -0.004048 0.088737 0.418209 0.003706 0.908343 0.548819 0.908351 -0.001631 -0.418206 -0.287833 0.000000 0.000000 0.000000 1.000000
0.000123 0.999993 -0.003641 0.088942 0.418210 0.003256 0.908344 0.548769 0.908350 -0.001634 -0.418207 -0.287834 0.000000 0.000000 0.000000 1.000000
0.000294 0.999995 -0.003276 0.089127 0.418211 0.002852 0.908345 0.548724 0.908350 -0.001637 -0.418208 -0.287835 0.000000 0.000000 0.000000 1.000000
0.000446 0.999996 -0.002952 0.089290 0.418212 0.002495 0.908346 0.548685 0.908349 -0.001640 -0.418209 -0.287836 0.000000 0.000000 0.000000 1.000000
0.000577 0.999996 -0.002673 0.089430 0.418212 0.002186 0.908347 0.548650 0.908349 -0.001642 -0.418209 -0.287837 0.000000 0.000000 0.000000 1.000000
0.000687 0.999997 -0.002440 0.089548 0.418213 0.001929 0.908347 0.548621 0.908349 -0.001644 -0.418210 -0.287837 0.000000 0.000000 0.000000 1.000000
0.000773 0.999997 -0.002255 0.089641 0.418213 0.001725 0.908347 0.548598 0.908349 -0.001646 -0.418210 -0.287838 0.000000 0.000000 0.000000 1.000000
0.000836 0.999997 -0.002121 0.089708 0.418213 0.001577 0.908348 0.548582 0.908349 -0.001647 -0.418211 -0.287838 0.000000 0.000000 0.000000 1.000000
0.000875 0.999998 -0.002039 0.089750 0.418213 0.001486 0.908348 0.548572 0.908348 -0.001647 -0.418211 -0.287838 0.000000 0.000000 0.000000 1.000000
0.000888 0.999998 -0.002011 0.089764 0.418213 0.001455 0.908348 0.548568 0.908348 -0.001647 -0.418211 -0.287838 0.000000 0.000000 0.000000 1.000000
0.000877 0.999998 -0.002034 0.089752 0.418213 0.001481 0.908348 0.548571 0.908348 -0.001647 -0.418211 -0.287838 0.000000 0.000000 0.000000 1.000000
0.000846 0.999997 -0.002101 0.089718 0.418213 0.001555 0.908348 0.548579 0.908349 -0.001647 -0.418211 -0.287838 0.000000 0.000000 0.000000 1.000000
0.000794 0.999997 -0.002212 0.089663 0.418213 0.001677 0.908347 0.548593 0.908349 -0.001646 -0.418210 -0.287838 0.000000 0.000000 0.000000 1.000000
0.000722 0.999997 -0.002364 0.089586 0.418213 0.001845 0.908347 0.548612 0.908349 -0.001645 -0.418210 -0.287838 0.000000 0.000000 0.000000 1.000000
0.000632 0.999997 -0.002556 0.089489 0.418212 0.002057 0.908347 0.548636 0.908349 -0.001643 -0.418210 -0.287837 0.000000 0.000000 0.000000 1.000000
0.000524 0.999996 -0.002787 0.089373 0.418212 0.002312 0.908347 0.548664 0.908349 -0.001641 -0.418209 -0.287836 0.000000 0.000000 0.000000 1.000000
0.000398 0.999995 -0.003055 0.089238 0.418211 0.002609 0.908346 0.548697 0.908350 -0.001639 -0.418208 -0.287836 0.000000 0.000000 0.000000 1.000000
0.000255 0.999994 -0.003359 0.089085 0.418211 0.002944 0.908345 0.548735 0.908350 -0.001637 -0.418208 -0.287835 0.000000 0.000000 0.000000 1.000000
0.000097 0.999993 -0.003697 0.088914 0.418210 0.003318 0.908344 0.548776 0.908350 -0.001634 -0.418207 -0.287834 0.000000 0.000000 0.000000 1.000000
-0.000078 0.999992 -0.004069 0.088727 0.418209 0.003728 0.908343 0.548821 0.908351 -0.001631 -0.418206 -0.287833 0.000000 0.000000 0.000000 1.000000
-0.000267 0.999990 -0.004471 0.088524 0.418208 0.004173 0.908342 0.548870 0.908351 -0.001628 -0.418205 -0.287832 0.000000 0.000000 0.000000 1.000000
-0.000470 0.999988 -0.004903 0.088306 0.418207 0.004650 0.908340 0.548923 0.908352 -0.001624 -0.418204 -0.287831 0.000000 0.000000 0.000000 1.000000
-0.000686 0.999985 -0.005365 0.088074 0.418205 0.005160 0.908338 0.548978 0.908352 -0.001621 -0.418203 -0.287830 0.000000 0.000000 0.000000 1.000000
-0.000915 0.999982 -0.005853 0.087828 0.418204 0.005699 0.908335 0.549037 0.908353 -0.001617 -0.418202 -0.287829 0.000000 0.000000 0.000000 1.000000
-0.001156 0.999979 -0.006366 0.087569 0.418202 0.006266 0.908333 0.549098 0.908353 -0.001612 -0.418200 -0.287827 0.000000 0.000000 0.000000 1.000000
-0.001408 0.999975 -0.006904 0.087298 0.418200 0.006860 0.908329 0.549162 0.908354 -0.001608 -0.418199 -0.287826 0.000000 0.000000 0.000000 1.000000
-0.001671 0.999971 -0.007464 0.087015 0.418197 0.007479 0.908325 0.549228 0.908355 -0.001604 -0.418198 -0.287825 0.000000 0.000000 0.000000 1.000000
-0.001944 0.999966 -0.008046 0.086722 0.418195 0.008121 0.908321 0.549296 0.908355 -0.001599 -0.418196 -0.287823 0.000000 0.000000 0.000000 1.000000
-0.002226 0.999960 -0.008647 0.086418 0.418192 0.008785 0.908316 0.549366 0.908356 -0.001594 -0.418195 -0.287822 0.000000 0.000000 0.000000 1.000000
-0.002517 0.999954 -0.009267 0.086106 0.418189 0.009470 0.908311 0.549438 0.908357 -0.001589 -0.418193 -0.287820 0.000000 0.000000 0.000000 1.000000
-0.002816 0.999947 -0.009903 0.085785 0.418185 0.010173 0.908305 0.549511 0.908357 -0.001584 -0.418192 -0.287818 0.000000 0.000000 0.000000 1.000000
-0.003121 0.999939 -0.010554 0.085456 0.418181 0.010893 0.908298 0.549586 0.908358 -0.001579 -0.418190 -0.287817 0.000000 0.000000 0.000000 1.000000
-0.003434 0.999931 -0.011220 0.085120 0.418177 0.011628 0.908291 0.549662 0.908359 -0.001573 -0.418189 -0.287815 0.000000 0.000000 0.000000 1.000000
-0.003752 0.999922 -0.011898 0.084778 0.418173 0.012377 0.908283 0.549738 0.908360 -0.001568 -0.418187 -0.287814 0.000000 0.000000 0.000000 1.000000
-0.004075 0.999912 -0.012587 0.084430 0.418168 0.013138 0.908274 0.549815 0.908360 -0.001562 -0.418185 -0.287812 0.000000 0.000000 0.000000 1.000000
-0.004403 0.999902 -0.013285 0.084078 0.418163 0.013909 0.908265 0.549893 0.908361 -0.001557 -0.418184 -0.287810 0.000000 0.000000 0.000000 1.000000
-0.004734 0.999891 -0.013992 0.083721 0.418158 0.014689 0.908255 0.549971 0.908362 -0.001551 -0.418182 -0.287808 0.000000 0.000000 0.000000 1.000000
-0.005069 0.999879 -0.014704 0.083361 0.418153 0.015477 0.908245 0.550049 0.908363 -0.001545 -0.418180 -0.287807 0.000000 0.000000 0.000000 1.000000
-0.005406 0.999866 -0.015423 0.082998 0.418147 0.016270 0.908234 0.550127 0.908363 -0.001539 -0.418179 -0.287805 0.000000 0.000000 0.000000 1.000000
-0.005744 0.999853 -0.016144 0.082634 0.418140 0.017067 0.908222 0.550205 0.908364 -0.001533 -0.418177 -0.287803 0.000000 0.000000 0.000000 1.000000
-0.006084 0.999839 -0.016868 0.082268 0.418134 0.017867 0.908210 0.550282 0.908365 -0.001528 -0.418175 -0.287801 0.000000 0.000000 0.000000 1.000000
-0.006424 0.999825 -0.017593 0.081902 0.418127 0.018667 0.908197 0.550359 0.908366 -0.001522 -0.418174 -0.287800 0.000000 0.000000 0.000000 1.000000
-0.006764 0.999809 -0.018317 0.081536 0.418120 0.019467 0.908183 0.550435 0.908367 -0.001516 -0.418172 -0.287798 0.000000 0.000000 0.000000 1.000000
-0.007102 0.999794 -0.019038 0.081172 0.418113 0.020264 0.908169 0.550510 0.908367 -0.001510 -0.418170 -0.287796 0.000000 0.000000 0.000000 1.000000
-0.007439 0.999777 -0.019756 0.080809 0.418105 0.021057 0.908154 0.550584 0.908368 -0.001504 -0.418169 -0.287795 0.000000 0.000000 0.000000 1.000000
-0.007774 0.999760 -0.020469 0.080448 0.418098 0.021844 0.908139 0.550658 0.908369 -0.001498 -0.418167 -0.287793 0.000000 0.000000 0.000000 1.000000
-0.008105 0.999743 -0.021175 0.080091 0.418090 0.022624 0.908124 0.550729 0.908370 -0.001493 -0.418166 -0.287791 0.000000 0.000000 0.000000 1.000000
-0.008433 0.999725 -0.021874 0.079738 0.418081 0.023396 0.908108 0.550800 0.908370 -0.001487 -0.418164 -0.287789 0.000000 0.000000 0.000000 1.000000
-0.008756 0.999707 -0.022562 0.079390 0.418073 0.024156 0.908092 0.550869 0.908371 -0.001481 -0.418162 -0.287788 0.000000 0.000000 0.000000 1.000000
-0.009074 0.999689 -0.023240 0.079048 0.418065 0.024905 0.908076 0.550936 0.908372 -0.001476 -0.418161 -0.287786 0.000000 0.000000 0.000000 1.000000
-0.009386 0.999670 -0.023905 0.078711 0.418057 0.025640 0.908059 0.551001 0.908372 -0.001470 -0.418159 -0.287785 0.000000 0.000000 0.000000 1.000000
-0.009692 0.999651 -0.024557 0.078382 0.418048 0.026360 0.908042 0.551065 0.908373 -0.001465 -0.418158 -0.287783 0.000000 0.000000 0.000000 1.000000
-0.009991 0.999633 -0.025193 0.078060 0.418040 0.027062 0.908026 0.551127 0.908374 -0.001460 -0.418156 -0.287782 0.000000 0.000000 0.000000 1.000000
-0.010281 0.999614 -0.025812 0.077747 0.418031 0.027746 0.908009 0.551186 0.908375 -0.001455 -0.418155 -0.287780 0.000000 0.000000 0.000000 1.000000
-0.010563 0.999595 -0.026413 0.077443 0.418023 0.028410 0.907992 0.551243 0.908375 -0.001450 -0.418154 -0.287779 0.000000 0.000000 0.000000 1.000000
-0.010836 0.999577 -0.026995 0.077149 0.418014 0.029052 0.907976 0.551298 0.908376 -0.001445 -0.418152 -0.287778 0.000000 0.000000 0.000000 1.000000
-0.011099 0.999559 -0.027555 0.076865 0.418006 0.029671 0.907959 0.551351 0.908376 -0.001441 -0.418151 -0.287776 0.000000 0.000000 0.000000 1.000000
-0.011351 0.999541 -0.028092 0.076593 0.417998 0.030265 0.907943 0.551401 0.908377 -0.001436 -0.418150 -0.287775 0.000000 0.000000 0.000000 1.000000
-0.011592 0.999524 -0.028606 0.076334 0.417991 0.030832 0.907928 0.551449 0.908377 -0.001432 -0.418149 -0.287774 0.000000 0.000000 0.000000 1.000000
-0.011821 0.999507 -0.029093 0.076087 0.417983 0.031371 0.907913 0.551494 0.908378 -0.001428 -0.418148 -0.287773 0.000000 0.000000 0.000000 1.000000
-0.012037 0.999491 -0.029554 0.075854 0.417976 0.031880 0.907899 0.551536 0.908378 -0.001424 -0.418147 -0.287772 0.000000 0.000000 0.000000 1.000000
-0.012240 0.999475 -0.029986 0.075635 0.417969 0.032357 0.907885 0.551575 0.908379 -0.001421 -0.418146 -0.287771 0.000000 0.000000 0.000000 1.000000
-0.012429 0.999461 -0.030389 0.075431 0.417963 0.032802 0.907872 0.551612 0.908379 -0.001418 -0.418145 -0.287770 0.000000 0.000000 0.000000 1.000000
-0.012603 0.999447 -0.030760 0.075244 0.417957 0.033211 0.907860 0.551645 0.908380 -0.001414 -0.418144 -0.287769 0.000000 0.000000 0.000000 1.000000
-0.012762 0.999435 -0.031098 0.075072 0.417951 0.033585 0.907849 0.551675 0.908380 -0.001412 -0.418143 -0.287768 0.000000 0.000000 0.000000 1.000000
-0.012904 0.999424 -0.031402 0.074919 0.417946 0.033921 0.907838 0.551702 0.908380 -0.001409 -0.418143 -0.287768 0.000000 0.000000 0.000000 1.000000
-0.013030 0.999413 -0.031670 0.074783 0.417942 0.034217 0.907829 0.551726 0.908380 -0.001407 -0.418142 -0.287767 0.000000 0.000000 0.000000 1.000000
-0.013138 0.999405 -0.031901 0.074666 0.417938 0.034472 0.907821 0.551747 0.908381 -0.001405 -0.418142 -0.287766 0.000000 0.000000 0.000000 1.000000
-0.013229 0.999397 -0.032093 0.074569 0.417934 0.034684 0.907815 0.551764 0.908381 -0.001404 -0.418141 -0.287766 0.000000 0.000000 0.000000 1.000000
-0.013300 0.999392 -0.032245 0.074492 0.417932 0.034852 0.907810 0.551777 0.908381 -0.001402 -0.418141 -0.287766 0.000000 0.000000 0.000000 1.000000
-0.013352 0.999387 -0.032355 0.074436 0.417930 0.034974 0.907806 0.551787 0.908381 -0.001402 -0.418141 -0.287765 0.000000 0.000000 0.000000 1.000000
-0.013383 0.999385 -0.032422 0.074402 0.417929 0.035048 0.907803 0.551793 0.908381 -0.001401 -0.418141 -0.287765 0.000000 0.000000 0.000000 1.000000
-0.013394 0.999384 -0.032445 0.074391 0.417928 0.035073 0.907803 0.551795 0.908381 -0.001401 -0.418141 -0.287765 0.000000 0.000000 0.000000 1.000000</float_array><technique_common><accessor source="#jnt_right_lip-Matrix-animation-output-transform-array" count="121" stride="16"><param type="float4x4"/></accessor></technique_common></source><source id="jnt_right_lip-Interpolations"><Name_array id="jnt_right_lip-Interpolations-array" count="121">
 LINEAR LINEAR LINEAR LINEAR LINEAR LINEAR LINEAR LINEAR LINEAR LINEAR LINEAR
LINEAR LINEAR LINEAR LINEAR LINEAR LINEAR LINEAR LINEAR LINEAR LINEAR LINEAR LINEAR
LINEAR LINEAR LINEAR LINEAR LINEAR LINEAR LINEAR LINEAR LINEAR LINEAR LINEAR LINEAR
LINEAR LINEAR LINEAR LINEAR LINEAR LINEAR LINEAR LINEAR LINEAR LINEAR LINEAR LINEAR
LINEAR LINEAR LINEAR LINEAR LINEAR LINEAR LINEAR LINEAR LINEAR LINEAR LINEAR LINEAR
LINEAR LINEAR LINEAR LINEAR LINEAR LINEAR LINEAR LINEAR LINEAR LINEAR LINEAR LINEAR
LINEAR LINEAR LINEAR LINEAR LINEAR LINEAR LINEAR LINEAR LINEAR LINEAR LINEAR LINEAR
LINEAR LINEAR LINEAR LINEAR LINEAR LINEAR LINEAR LINEAR LINEAR LINEAR LINEAR LINEAR
LINEAR LINEAR LINEAR LINEAR LINEAR LINEAR LINEAR LINEAR LINEAR LINEAR LINEAR LINEAR
LINEAR LINEAR LINEAR LINEAR LINEAR LINEAR LINEAR LINEAR LINEAR LINEAR LINEAR LINEAR
LINEAR LINEAR</Name_array><technique_common><accessor source="#jnt_right_lip-Interpolations-array" count="121"><param type="name"/></accessor></technique_common></source><sampler id="jnt_right_lip-Matrix-animation-transform"><input semantic="INPUT" source="#jnt_right_lip-Matrix-animation-input"/><input semantic="OUTPUT" source="#jnt_right_lip-Matrix-animation-output-transform"/><input semantic="INTERPOLATION" source="#jnt_right_lip-Interpolations"/></sampler><channel source="#jnt_right_lip-Matrix-animation-transform" target="jnt_right_lip/matrix"/></animation></animation>
    <animation id="jnt_upper_lip-anim" name="jnt_upper_lip"><animation><source id="jnt_upper_lip-Matrix-animation-input"><float_array id="jnt_upper_lip-Matrix-animation-input-array" count="121">

0.000000 0.033333 0.066667 0.100000 0.133333 0.166667 0.200000 0.233333 0.266667 0.300000 0.333333 0.366667 0.400000 0.433333 0.466667 0.500000
0.533333 0.566667 0.600000 0.633333 0.666667 0.700000 0.733333 0.766667 0.800000 0.833333 0.866667 0.900000 0.933333 0.966667 1.000000 1.033333
1.066667 1.100000 1.133333 1.166667 1.200000 1.233333 1.266667 1.300000 1.333333 1.366667 1.400000 1.433333 1.466667 1.500000 1.533333 1.566667
1.600000 1.633333 1.666667 1.700000 1.733333 1.766667 1.800000 1.833333 1.866667 1.900000 1.933333 1.966667 2.000000 2.033333 2.066667 2.100000
2.133333 2.166667 2.200000 2.233333 2.266667 2.300000 2.333333 2.366667 2.400000 2.433333 2.466667 2.500000 2.533333 2.566667 2.600000 2.633333
2.666667 2.700000 2.733333 2.766667 2.800000 2.833333 2.866667 2.900000 2.933333 2.966667 3.000000 3.033333 3.066667 3.100000 3.133333 3.166667
3.200000 3.233333 3.266667 3.300000 3.333333 3.366667 3.400000 3.433333 3.466667 3.500000 3.533333 3.566667 3.600000 3.633333 3.666667 3.700000
3.733333 3.766667 3.800000 3.833333 3.866667 3.900000 3.933333 3.966667 4.000000</float_array><technique_common><accessor source="#jnt_upper_lip-Matrix-animation-input-array" count="121"><param name="TIME" type="float"/></accessor></technique_common></source><source id="jnt_upper_lip-Matrix-animation-output-transform"><float_array id="jnt_upper_lip-Matrix-animation-output-transform-array" count="1936">

1.000000 -0.000000 0.000000 0.005077 -0.000000 1.000000 0.000000 0.670989 -0.000000 -0.000000 1.000000 0.000000 0.000000 0.000000 0.000000 1.000000
1.000000 -0.000000 0.000000 0.005077 -0.000000 1.000000 0.000000 0.670989 -0.000000 -0.000000 1.000000 0.000000 0.000000 0.000000 0.000000 1.000000
1.000000 -0.000000 0.000000 0.005077 -0.000000 1.000000 0.000000 0.670989 -0.000000 -0.000000 1.000000 0.000000 0.000000 0.000000 0.000000 1.000000
1.000000 -0.000000 0.000000 0.005077 -0.000000 1.000000 0.000000 0.670989 -0.000000 -0.000000 1.000000 0.000000 0.000000 0.000000 0.000000 1.000000
1.000000 -0.000000 0.000000 0.005077 -0.000000 1.000000 0.000000 0.670989 -0.000000 -0.000000 1.000000 0.000000 0.000000 0.000000 0.000000 1.000000
1.000000 -0.000000 0.000000 0.005077 -0.000000 1.000000 0.000000 0.670989 -0.000000 -0.000000 1.000000 0.000000 0.000000 0.000000 0.000000 1.000000
1.000000 -0.000000 0.000000 0.005077 -0.000000 1.000000 0.000000 0.670989 -0.000000 -0.000000 1.000000 0.000000 0.000000 0.000000 0.000000 1.000000
1.000000 -0.000000 0.000000 0.005077 -0.000000 1.000000 0.000000 0.670989 -0.000000 -0.000000 1.000000 0.000000 0.000000 0.000000 0.000000 1.000000
1.000000 -0.000000 0.000000 0.005077 -0.000000 1.000000 0.000000 0.670989 -0.000000 -0.000000 1.000000 0.000000 0.000000 0.000000 0.000000 1.000000
1.000000 -0.000000 0.000000 0.005077 -0.000000 1.000000 0.000000 0.670989 -0.000000 -0.000000 1.000000 0.000000 0.000000 0.000000 0.000000 1.000000
1.000000 -0.000000 0.000000 0.005077 -0.000000 1.000000 0.000000 0.670989 -0.000000 -0.000000 1.000000 0.000000 0.000000 0.000000 0.000000 1.000000
1.000000 -0.000000 0.000000 0.005077 -0.000000 1.000000 0.000000 0.670989 -0.000000 -0.000000 1.000000 0.000000 0.000000 0.000000 0.000000 1.000000
1.000000 -0.000000 0.000000 0.005077 -0.000000 1.000000 0.000000 0.670989 -0.000000 -0.000000 1.000000 0.000000 0.000000 0.000000 0.000000 1.000000
1.000000 -0.000000 0.000000 0.005077 -0.000000 1.000000 0.000000 0.670989 -0.000000 -0.000000 1.000000 0.000000 0.000000 0.000000 0.000000 1.000000
1.000000 -0.000000 0.000000 0.005077 -0.000000 1.000000 0.000000 0.670989 -0.000000 -0.000000 1.000000 0.000000 0.000000 0.000000 0.000000 1.000000
1.000000 -0.000000 0.000000 0.005077 -0.000000 1.000000 0.000000 0.670989 -0.000000 -0.000000 1.000000 0.000000 0.000000 0.000000 0.000000 1.000000
1.000000 -0.000000 0.000000 0.005077 -0.000000 1.000000 0.000000 0.670989 -0.000000 -0.000000 1.000000 0.000000 0.000000 0.000000 0.000000 1.000000
1.000000 -0.000000 0.000000 0.005077 -0.000000 1.000000 0.000000 0.670989 -0.000000 -0.000000 1.000000 0.000000 0.000000 0.000000 0.000000 1.000000
1.000000 -0.000000 0.000000 0.005077 -0.000000 1.000000 0.000000 0.670989 -0.000000 -0.000000 1.000000 0.000000 0.000000 0.000000 0.000000 1.000000
1.000000 -0.000000 0.000000 0.005077 -0.000000 1.000000 0.000000 0.670989 -0.000000 -0.000000 1.000000 0.000000 0.000000 0.000000 0.000000 1.000000
1.000000 -0.000000 0.000000 0.005077 -0.000000 1.000000 0.000000 0.670989 -0.000000 -0.000000 1.000000 0.000000 0.000000 0.000000 0.000000 1.000000
1.000000 -0.000000 0.000000 0.005077 -0.000000 1.000000 0.000000 0.670989 -0.000000 -0.000000 1.000000 0.000000 0.000000 0.000000 0.000000 1.000000
1.000000 -0.000000 0.000000 0.005077 -0.000000 1.000000 0.000000 0.670989 -0.000000 -0.000000 1.000000 0.000000 0.000000 0.000000 0.000000 1.000000
1.000000 -0.000000 0.000000 0.005077 -0.000000 1.000000 0.000000 0.670989 -0.000000 -0.000000 1.000000 0.000000 0.000000 0.000000 0.000000 1.000000
1.000000 -0.000000 0.000000 0.005077 -0.000000 1.000000 0.000000 0.670989 -0.000000 -0.000000 1.000000 0.000000 0.000000 0.000000 0.000000 1.000000
1.000000 -0.000000 0.000000 0.005077 -0.000000 1.000000 0.000000 0.670989 -0.000000 -0.000000 1.000000 0.000000 0.000000 0.000000 0.000000 1.000000
1.000000 -0.000000 0.000000 0.005077 -0.000000 1.000000 0.000000 0.670989 -0.000000 -0.000000 1.000000 0.000000 0.000000 0.000000 0.000000 1.000000
1.000000 -0.000000 0.000000 0.005077 -0.000000 1.000000 0.000000 0.670989 -0.000000 -0.000000 1.000000 0.000000 0.000000 0.000000 0.000000 1.000000
1.000000 -0.000000 0.000000 0.005077 -0.000000 1.000000 0.000000 0.670989 -0.000000 -0.000000 1.000000 0.000000 0.000000 0.000000 0.000000 1.000000
1.000000 -0.000000 0.000000 0.005077 -0.000000 1.000000 0.000000 0.670989 -0.000000 -0.000000 1.000000 0.000000 0.000000 0.000000 0.000000 1.000000
1.000000 -0.000000 0.000000 0.005077 -0.000000 1.000000 0.000000 0.670989 -0.000000 -0.000000 1.000000 0.000000 0.000000 0.000000 0.000000 1.000000
1.000000 -0.000000 0.000000 0.005077 -0.000000 1.000000 0.000000 0.670989 -0.000000 -0.000000 1.000000 0.000000 0.000000 0.000000 0.000000 1.000000
1.000000 -0.000000 0.000000 0.005077 -0.000000 1.000000 0.000000 0.670989 -0.000000 -0.000000 1.000000 0.000000 0.000000 0.000000 0.000000 1.000000
1.000000 -0.000000 0.000000 0.005077 -0.000000 1.000000 0.000000 0.670989 -0.000000 -0.000000 1.000000 0.000000 0.000000 0.000000 0.000000 1.000000
1.000000 -0.000000 0.000000 0.005077 -0.000000 1.000000 0.000000 0.670989 -0.000000 -0.000000 1.000000 0.000000 0.000000 0.000000 0.000000 1.000000
1.000000 -0.000000 0.000000 0.005077 -0.000000 1.000000 0.000000 0.670989 -0.000000 -0.000000 1.000000 0.000000 0.000000 0.000000 0.000000 1.000000
1.000000 -0.000000 0.000000 0.005077 -0.000000 1.000000 0.000000 0.670989 -0.000000 -0.000000 1.000000 0.000000 0.000000 0.000000 0.000000 1.000000
1.000000 -0.000000 0.000000 0.005077 -0.000000 1.000000 0.000000 0.670989 -0.000000 -0.000000 1.000000 0.000000 0.000000 0.000000 0.000000 1.000000
1.000000 -0.000000 0.000000 0.005077 -0.000000 1.000000 0.000000 0.670989 -0.000000 -0.000000 1.000000 0.000000 0.000000 0.000000 0.000000 1.000000
1.000000 -0.000000 0.000000 0.005077 -0.000000 1.000000 0.000000 0.670989 -0.000000 -0.000000 1.000000 0.000000 0.000000 0.000000 0.000000 1.000000
1.000000 -0.000000 0.000000 0.005077 -0.000000 1.000000 0.000000 0.670989 -0.000000 -0.000000 1.000000 0.000000 0.000000 0.000000 0.000000 1.000000
1.000000 -0.000000 0.000000 0.005077 -0.000000 1.000000 0.000000 0.670989 -0.000000 -0.000000 1.000000 0.000000 0.000000 0.000000 0.000000 1.000000
1.000000 -0.000000 0.000000 0.005077 -0.000000 1.000000 0.000000 0.670989 -0.000000 -0.000000 1.000000 0.000000 0.000000 0.000000 0.000000 1.000000
1.000000 -0.000000 0.000000 0.005077 -0.000000 1.000000 0.000000 0.670989 -0.000000 -0.000000 1.000000 0.000000 0.000000 0.000000 0.000000 1.000000
1.000000 -0.000000 0.000000 0.005077 -0.000000 1.000000 0.000000 0.670989 -0.000000 -0.000000 1.000000 0.000000 0.000000 0.000000 0.000000 1.000000
1.000000 -0.000000 0.000000 0.005077 -0.000000 1.000000 0.000000 0.670989 -0.000000 -0.000000 1.000000 0.000000 0.000000 0.000000 0.000000 1.000000
1.000000 -0.000000 0.000000 0.005077 -0.000000 1.000000 0.000000 0.670989 -0.000000 -0.000000 1.000000 0.000000 0.000000 0.000000 0.000000 1.000000
1.000000 -0.000000 0.000000 0.005077 -0.000000 1.000000 0.000000 0.670989 -0.000000 -0.000000 1.000000 0.000000 0.000000 0.000000 0.000000 1.000000
1.000000 -0.000000 0.000000 0.005077 -0.000000 1.000000 0.000000 0.670989 -0.000000 -0.000000 1.000000 0.000000 0.000000 0.000000 0.000000 1.000000
1.000000 -0.000000 0.000000 0.005077 -0.000000 1.000000 0.000000 0.670989 -0.000000 -0.000000 1.000000 0.000000 0.000000 0.000000 0.000000 1.000000
1.000000 -0.000000 0.000000 0.005077 -0.000000 1.000000 0.000000 0.670989 -0.000000 -0.000000 1.000000 0.000000 0.000000 0.000000 0.000000 1.000000
1.000000 -0.000000 0.000000 0.005077 -0.000000 1.000000 0.000000 0.670989 -0.000000 -0.000000 1.000000 0.000000 0.000000 0.000000 0.000000 1.000000
1.000000 -0.000000 0.000000 0.005077 -0.000000 1.000000 0.000000 0.670989 -0.000000 -0.000000 1.000000 0.000000 0.000000 0.000000 0.000000 1.000000
1.000000 -0.000000 0.000000 0.005077 -0.000000 1.000000 0.000000 0.670989 -0.000000 -0.000000 1.000000 0.000000 0.000000 0.000000 0.000000 1.000000
1.000000 -0.000000 0.000000 0.005077 -0.000000 1.000000 0.000000 0.670989 -0.000000 -0.000000 1.000000 0.000000 0.000000 0.000000 0.000000 1.000000
1.000000 -0.000000 0.000000 0.005077 -0.000000 1.000000 0.000000 0.670989 -0.000000 -0.000000 1.000000 0.000000 0.000000 0.000000 0.000000 1.000000
1.000000 -0.000000 0.000000 0.005077 -0.000000 1.000000 0.000000 0.670989 -0.000000 -0.000000 1.000000 0.000000 0.000000 0.000000 0.000000 1.000000
1.000000 -0.000000 0.000000 0.005077 -0.000000 1.000000 0.000000 0.670989 -0.000000 -0.000000 1.000000 0.000000 0.000000 0.000000 0.000000 1.000000
1.000000 -0.000000 0.000000 0.005077 -0.000000 1.000000 0.000000 0.670989 -0.000000 -0.000000 1.000000 0.000000 0.000000 0.000000 0.000000 1.000000
1.000000 -0.000000 0.000000 0.005077 -0.000000 1.000000 0.000000 0.670989 -0.000000 -0.000000 1.000000 0.000000 0.000000 0.000000 0.000000 1.000000
1.000000 -0.000000 0.000000 0.005077 -0.000000 1.000000 0.000000 0.670989 -0.000000 -0.000000 1.000000 0.000000 0.000000 0.000000 0.000000 1.000000
1.000000 -0.000000 0.000000 0.005077 -0.000000 1.000000 0.000000 0.670989 -0.000000 -0.000000 1.000000 0.000000 0.000000 0.000000 0.000000 1.000000
1.000000 -0.000000 0.000000 0.005077 -0.000000 1.000000 0.000000 0.670989 -0.000000 -0.000000 1.000000 0.000000 0.000000 0.000000 0.000000 1.000000
1.000000 -0.000000 0.000000 0.005077 -0.000000 1.000000 0.000000 0.670989 -0.000000 -0.000000 1.000000 0.000000 0.000000 0.000000 0.000000 1.000000
1.000000 -0.000000 0.000000 0.005077 -0.000000 1.000000 0.000000 0.670989 -0.000000 -0.000000 1.000000 0.000000 0.000000 0.000000 0.000000 1.000000
1.000000 -0.000000 0.000000 0.005077 -0.000000 1.000000 0.000000 0.670989 -0.000000 -0.000000 1.000000 0.000000 0.000000 0.000000 0.000000 1.000000
1.000000 -0.000000 0.000000 0.005077 -0.000000 1.000000 0.000000 0.670989 -0.000000 -0.000000 1.000000 0.000000 0.000000 0.000000 0.000000 1.000000
1.000000 -0.000000 0.000000 0.005077 -0.000000 1.000000 0.000000 0.670989 -0.000000 -0.000000 1.000000 0.000000 0.000000 0.000000 0.000000 1.000000
1.000000 -0.000000 0.000000 0.005077 -0.000000 1.000000 0.000000 0.670989 -0.000000 -0.000000 1.000000 0.000000 0.000000 0.000000 0.000000 1.000000
1.000000 -0.000000 0.000000 0.005077 -0.000000 1.000000 0.000000 0.670989 -0.000000 -0.000000 1.000000 0.000000 0.000000 0.000000 0.000000 1.000000
1.000000 -0.000000 0.000000 0.005077 -0.000000 1.000000 0.000000 0.670989 -0.000000 -0.000000 1.000000 0.000000 0.000000 0.000000 0.000000 1.000000
1.000000 -0.000000 0.000000 0.005077 -0.000000 1.000000 0.000000 0.670989 -0.000000 -0.000000 1.000000 0.000000 0.000000 0.000000 0.000000 1.000000
1.000000 -0.000000 0.000000 0.005077 -0.000000 1.000000 0.000000 0.670989 -0.000000 -0.000000 1.000000 0.000000 0.000000 0.000000 0.000000 1.000000
1.000000 -0.000000 0.000000 0.005077 -0.000000 1.000000 0.000000 0.670989 -0.000000 -0.000000 1.000000 0.000000 0.000000 0.000000 0.000000 1.000000
1.000000 -0.000000 0.000000 0.005077 -0.000000 1.000000 0.000000 0.670989 -0.000000 -0.000000 1.000000 0.000000 0.000000 0.000000 0.000000 1.000000
1.000000 -0.000000 0.000000 0.005077 -0.000000 1.000000 0.000000 0.670989 -0.000000 -0.000000 1.000000 0.000000 0.000000 0.000000 0.000000 1.000000
1.000000 -0.000000 0.000000 0.005077 -0.000000 1.000000 0.000000 0.670989 -0.000000 -0.000000 1.000000 0.000000 0.000000 0.000000 0.000000 1.000000
1.000000 -0.000000 0.000000 0.005077 -0.000000 1.000000 0.000000 0.670989 -0.000000 -0.000000 1.000000 0.000000 0.000000 0.000000 0.000000 1.000000
1.000000 -0.000000 0.000000 0.005077 -0.000000 1.000000 0.000000 0.670989 -0.000000 -0.000000 1.000000 0.000000 0.000000 0.000000 0.000000 1.000000
1.000000 -0.000000 0.000000 0.005077 -0.000000 1.000000 0.000000 0.670989 -0.000000 -0.000000 1.000000 0.000000 0.000000 0.000000 0.000000 1.000000
1.000000 -0.000000 0.000000 0.005077 -0.000000 1.000000 0.000000 0.670989 -0.000000 -0.000000 1.000000 0.000000 0.000000 0.000000 0.000000 1.000000
1.000000 -0.000000 0.000000 0.005077 -0.000000 1.000000 0.000000 0.670989 -0.000000 -0.000000 1.000000 0.000000 0.000000 0.000000 0.000000 1.000000
1.000000 -0.000000 0.000000 0.005077 -0.000000 1.000000 0.000000 0.670989 -0.000000 -0.000000 1.000000 0.000000 0.000000 0.000000 0.000000 1.000000
1.000000 -0.000000 0.000000 0.005077 -0.000000 1.000000 0.000000 0.670989 -0.000000 -0.000000 1.000000 0.000000 0.000000 0.000000 0.000000 1.000000
1.000000 -0.000000 0.000000 0.005077 -0.000000 1.000000 0.000000 0.670989 -0.000000 -0.000000 1.000000 0.000000 0.000000 0.000000 0.000000 1.000000
1.000000 -0.000000 0.000000 0.005077 -0.000000 1.000000 0.000000 0.670989 -0.000000 -0.000000 1.000000 0.000000 0.000000 0.000000 0.000000 1.000000
1.000000 -0.000000 0.000000 0.005077 -0.000000 1.000000 0.000000 0.670989 -0.000000 -0.000000 1.000000 0.000000 0.000000 0.000000 0.000000 1.000000
1.000000 -0.000000 0.000000 0.005077 -0.000000 1.000000 0.000000 0.670989 -0.000000 -0.000000 1.000000 0.000000 0.000000 0.000000 0.000000 1.000000
1.000000 -0.000000 0.000000 0.005077 -0.000000 1.000000 0.000000 0.670989 -0.000000 -0.000000 1.000000 0.000000 0.000000 0.000000 0.000000 1.000000
1.000000 -0.000000 0.000000 0.005077 -0.000000 1.000000 0.000000 0.670989 -0.000000 -0.000000 1.000000 0.000000 0.000000 0.000000 0.000000 1.000000
1.000000 -0.000000 0.000000 0.005077 -0.000000 1.000000 0.000000 0.670989 -0.000000 -0.000000 1.000000 0.000000 0.000000 0.000000 0.000000 1.000000
1.000000 -0.000000 0.000000 0.005077 -0.000000 1.000000 0.000000 0.670989 -0.000000 -0.000000 1.000000 0.000000 0.000000 0.000000 0.000000 1.000000
1.000000 -0.000000 0.000000 0.005077 -0.000000 1.000000 0.000000 0.670989 -0.000000 -0.000000 1.000000 0.000000 0.000000 0.000000 0.000000 1.000000
1.000000 -0.000000 0.000000 0.005077 -0.000000 1.000000 0.000000 0.670989 -0.000000 -0.000000 1.000000 0.000000 0.000000 0.000000 0.000000 1.000000
1.000000 -0.000000 0.000000 0.005077 -0.000000 1.000000 0.000000 0.670989 -0.000000 -0.000000 1.000000 0.000000 0.000000 0.000000 0.000000 1.000000
1.000000 -0.000000 0.000000 0.005077 -0.000000 1.000000 0.000000 0.670989 -0.000000 -0.000000 1.000000 0.000000 0.000000 0.000000 0.000000 1.000000
1.000000 -0.000000 0.000000 0.005077 -0.000000 1.000000 0.000000 0.670989 -0.000000 -0.000000 1.000000 0.000000 0.000000 0.000000 0.000000 1.000000
1.000000 -0.000000 0.000000 0.005077 -0.000000 1.000000 0.000000 0.670989 -0.000000 -0.000000 1.000000 0.000000 0.000000 0.000000 0.000000 1.000000
1.000000 -0.000000 0.000000 0.005077 -0.000000 1.000000 0.000000 0.670989 -0.000000 -0.000000 1.000000 0.000000 0.000000 0.000000 0.000000 1.000000
1.000000 -0.000000 0.000000 0.005077 -0.000000 1.000000 0.000000 0.670989 -0.000000 -0.000000 1.000000 0.000000 0.000000 0.000000 0.000000 1.000000
1.000000 -0.000000 0.000000 0.005077 -0.000000 1.000000 0.000000 0.670989 -0.000000 -0.000000 1.000000 0.000000 0.000000 0.000000 0.000000 1.000000
1.000000 -0.000000 0.000000 0.005077 -0.000000 1.000000 0.000000 0.670989 -0.000000 -0.000000 1.000000 0.000000 0.000000 0.000000 0.000000 1.000000
1.000000 -0.000000 0.000000 0.005077 -0.000000 1.000000 0.000000 0.670989 -0.000000 -0.000000 1.000000 0.000000 0.000000 0.000000 0.000000 1.000000
1.000000 -0.000000 0.000000 0.005077 -0.000000 1.000000 0.000000 0.670989 -0.000000 -0.000000 1.000000 0.000000 0.000000 0.000000 0.000000 1.000000
1.000000 -0.000000 0.000000 0.005077 -0.000000 1.000000 0.000000 0.670989 -0.000000 -0.000000 1.000000 0.000000 0.000000 0.000000 0.000000 1.000000
1.000000 -0.000000 0.000000 0.005077 -0.000000 1.000000 0.000000 0.670989 -0.000000 -0.000000 1.000000 0.000000 0.000000 0.000000 0.000000 1.000000
1.000000 -0.000000 0.000000 0.005077 -0.000000 1.000000 0.000000 0.670989 -0.000000 -0.000000 1.000000 0.000000 0.000000 0.000000 0.000000 1.000000
1.000000 -0.000000 0.000000 0.005077 -0.000000 1.000000 0.000000 0.670989 -0.000000 -0.000000 1.000000 0.000000 0.000000 0.000000 0.000000 1.000000
1.000000 -0.000000 0.000000 0.005077 -0.000000 1.000000 0.000000 0.670989 -0.000000 -0.000000 1.000000 0.000000 0.000000 0.000000 0.000000 1.000000
1.000000 -0.000000 0.000000 0.005077 -0.000000 1.000000 0.000000 0.670989 -0.000000 -0.000000 1.000000 0.000000 0.000000 0.000000 0.000000 1.000000
1.000000 -0.000000 0.000000 0.005077 -0.000000 1.000000 0.000000 0.670989 -0.000000 -0.000000 1.000000 0.000000 0.000000 0.000000 0.000000 1.000000
